0 0.9725 0.3056379821958457 0.051666666666666666 0.11869436201780416
0 0.8408333333333333 0.31305637982195844 0.06833333333333333 0.10682492581602374
0 0.9158333333333334 0.314540059347181 0.07333333333333333 0.09198813056379822
0 0.7725 0.32047477744807124 0.065 0.10089020771513353
0 0.6925 0.3249258160237389 0.06166666666666667 0.11572700296735905
0 0.6308333333333334 0.33086053412462907 0.056666666666666664 0.09792284866468842
0 0.5716666666666667 0.33382789317507416 0.056666666666666664 0.10385756676557864
0 0.4525 0.34718100890207715 0.056666666666666664 0.10979228486646884
0 0.5116666666666667 0.3486646884272997 0.051666666666666666 0.11275964391691394
0 0.3883333333333333 0.3516320474777448 0.06166666666666667 0.10979228486646884
0 0.3258333333333333 0.3560830860534125 0.058333333333333334 0.10979228486646884
0 0.265 0.3664688427299703 0.058333333333333334 0.10089020771513353
0 0.20833333333333334 0.3724035608308605 0.05333333333333334 0.10682492581602374
0 0.9741666666666666 0.48516320474777447 0.04833333333333333 0.14540059347181009
0 0.8958333333333334 0.49554896142433236 0.08333333333333333 0.12759643916913946
0 0.7508333333333334 0.5029673590504451 0.07 0.11275964391691394
0 0.8241666666666667 0.5029673590504451 0.075 0.12759643916913946
0 0.6808333333333333 0.5044510385756676 0.06833333333333333 0.12759643916913946
0 0.6125 0.5074183976261127 0.058333333333333334 0.13649851632047477
0 0.5483333333333333 0.5103857566765578 0.056666666666666664 0.13649851632047477
0 0.47 0.5133531157270029 0.05333333333333334 0.12759643916913946
0 0.41 0.516320474777448 0.06166666666666667 0.12462908011869436
0 0.35 0.526706231454006 0.058333333333333334 0.11572700296735905
0 0.2866666666666667 0.5296735905044511 0.065 0.11869436201780416
0 0.22833333333333333 0.5326409495548962 0.05333333333333334 0.12166172106824925
0 0.17333333333333334 0.5445103857566765 0.058333333333333334 0.10979228486646884
0 0.6391666666666667 0.08753709198813056 0.055 0.09495548961424333
0 0.5783333333333334 0.09198813056379822 0.05 0.0830860534124629
0 0.9583333333333334 0.129080118694362 0.07333333333333333 0.10385756676557864
0 0.8883333333333333 0.13353115727002968 0.06166666666666667 0.11572700296735905
0 0.8216666666666667 0.14688427299703263 0.07166666666666667 0.11275964391691394
0 0.7525 0.1543026706231454 0.06166666666666667 0.10089020771513353
0 0.6941666666666667 0.17062314540059348 0.05333333333333334 0.09495548961424333
0 0.635 0.18100890207715134 0.05333333333333334 0.08902077151335312
0 0.5758333333333333 0.1884272997032641 0.056666666666666664 0.09198813056379822
0 0.37666666666666665 0.21068249258160238 0.05333333333333334 0.10089020771513353
0 0.32166666666666666 0.2195845697329377 0.05 0.09198813056379822
0 0.2708333333333333 0.23293768545994065 0.051666666666666666 0.08902077151335312
0 0.2225 0.2344213649851632 0.045 0.09198813056379822