0 0.018333333333333333 0.3649851632047478 0.03333333333333333 0.16023738872403562
0 0.14083333333333334 0.3649851632047478 0.075 0.1632047477744807
0 0.2841666666666667 0.3664688427299703 0.06166666666666667 0.1513353115727003
0 0.22166666666666668 0.36795252225519287 0.065 0.17210682492581603
0 0.41333333333333333 0.36795252225519287 0.06 0.1661721068249258
0 0.07 0.36795252225519287 0.065 0.1572700296735905
0 0.35083333333333333 0.37388724035608306 0.058333333333333334 0.1572700296735905
0 0.6075 0.37388724035608306 0.056666666666666664 0.1572700296735905
0 0.5416666666666666 0.37537091988130566 0.055 0.14540059347181009
0 0.815 0.37537091988130566 0.06166666666666667 0.1632047477744807
0 0.47833333333333333 0.3798219584569733 0.05333333333333334 0.1543026706231454
0 0.7358333333333333 0.38130563798219586 0.06 0.16023738872403562
0 0.6691666666666667 0.3827893175074184 0.055 0.1513353115727003
0 0.018333333333333333 0.5207715133531158 0.03166666666666667 0.1513353115727003
0 0.07083333333333333 0.5207715133531158 0.07 0.16913946587537093
0 0.2783333333333333 0.5222551928783383 0.056666666666666664 0.14540059347181009
0 0.14083333333333334 0.5237388724035609 0.06666666666666667 0.1572700296735905
0 0.41 0.526706231454006 0.06166666666666667 0.14836795252225518
0 0.3441666666666667 0.5281899109792285 0.06 0.142433234421365
0 0.5383333333333333 0.5281899109792285 0.051666666666666666 0.1513353115727003
0 0.21583333333333332 0.5296735905044511 0.06666666666666667 0.1543026706231454
0 0.47833333333333333 0.5311572700296736 0.05333333333333334 0.142433234421365
0 0.6016666666666667 0.5326409495548962 0.06166666666666667 0.14540059347181009
0 0.6658333333333334 0.5326409495548962 0.056666666666666664 0.1513353115727003
0 0.815 0.5341246290801187 0.06166666666666667 0.1513353115727003
0 0.7325 0.5356083086053413 0.06166666666666667 0.14540059347181009
0 0.4691666666666667 0.7626112759643917 0.058333333333333334 0.1513353115727003
0 0.105 0.7640949554896143 0.025 0.1543026706231454
0 0.4025 0.7655786350148368 0.06333333333333334 0.16023738872403562
0 0.6733333333333333 0.7655786350148368 0.058333333333333334 0.1572700296735905
0 0.7975 0.7655786350148368 0.065 0.1572700296735905
0 0.03609999999999999 0.7661127596439169 0.06806666666666668 0.14566765578635024
0 0.5416666666666666 0.7670623145400594 0.065 0.1572700296735905
0 0.2625 0.7685459940652819 0.065 0.1543026706231454
0 0.335 0.7685459940652819 0.065 0.16023738872403562
0 0.6066666666666667 0.7685459940652819 0.065 0.1543026706231454
0 0.8633333333333333 0.7700296735905044 0.06166666666666667 0.14836795252225518
0 0.20166666666666666 0.8041543026706232 0.04833333333333333 0.13056379821958458
0 0.735 0.9094955489614244 0.06333333333333334 0.1661721068249258
0 0.865 0.9109792284866469 0.06666666666666667 0.16023738872403562
0 0.8 0.9169139465875371 0.06333333333333334 0.14540059347181009
0 0.2625 0.9183976261127597 0.06666666666666667 0.14540059347181009
0 0.6083333333333333 0.9183976261127597 0.06333333333333334 0.1543026706231454
0 0.4658333333333333 0.9198813056379822 0.058333333333333334 0.14540059347181009
0 0.049166666666666664 0.9183976261127597 0.075 0.1572700296735905
0 0.5416666666666666 0.9213649851632048 0.065 0.14540059347181009
0 0.6725 0.9213649851632048 0.06166666666666667 0.1513353115727003
0 0.3325 0.9258160237388724 0.06 0.14540059347181009
0 0.3975 0.9258160237388724 0.06833333333333333 0.142433234421365
0 0.10166666666666667 0.9243323442136498 0.02666666666666667 0.14540059347181009
0 0.20166666666666666 0.9332344213649851 0.043333333333333335 0.12759643916913946
0 0.1425 0.20771513353115728 0.07333333333333333 0.16023738872403562
0 0.02 0.21068249258160238 0.04 0.1661721068249258
0 0.07416666666666667 0.21068249258160238 0.065 0.16023738872403562
0 0.5425 0.21216617210682492 0.056666666666666664 0.1661721068249258
0 0.6091666666666666 0.21364985163204747 0.056666666666666664 0.14540059347181009
0 0.39416666666666667 0.2166172106824926 0.06333333333333334 0.14836795252225518
0 0.675 0.2195845697329377 0.06 0.1572700296735905
0 0.7358333333333333 0.22106824925816024 0.06 0.1543026706231454