0 0.08160237388724036 0.24083333333333334 0.06231454005934718 0.06833333333333333
0 0.16468842729970326 0.25166666666666665 0.07418397626112759 0.06166666666666667
0 0.24777448071216618 0.26 0.0771513353115727 0.065
0 0.33086053412462907 0.26916666666666667 0.0771513353115727 0.06666666666666667
0 0.413946587537092 0.27666666666666667 0.06824925816023739 0.065
0 0.48516320474777447 0.2816666666666667 0.0712166172106825 0.065
0 0.5578635014836796 0.2891666666666667 0.06824925816023739 0.06166666666666667
0 0.08456973293768547 0.31166666666666665 0.06528189910979229 0.07166666666666667
0 0.1632047477744807 0.31916666666666665 0.0830860534124629 0.06666666666666667
0 0.2507418397626113 0.3258333333333333 0.0771513353115727 0.06
0 0.33382789317507416 0.3333333333333333 0.0771513353115727 0.06333333333333334
0 0.4094955489614243 0.3383333333333333 0.0771513353115727 0.058333333333333334
0 0.48813056379821956 0.3433333333333333 0.07418397626112759 0.058333333333333334
0 0.5593471810089021 0.35 0.06231454005934718 0.056666666666666664
0 0.08456973293768547 0.3825 0.06231454005934718 0.06666666666666667
0 0.16172106824925817 0.38666666666666666 0.08605341246290801 0.065
0 0.24925816023738873 0.39 0.08605341246290801 0.06333333333333334
0 0.33086053412462907 0.395 0.0771513353115727 0.06333333333333334
0 0.41097922848664686 0.4 0.0771513353115727 0.06
0 0.48516320474777447 0.40166666666666667 0.06528189910979229 0.06
0 0.5608308605341247 0.405 0.06824925816023739 0.05333333333333334
0 0.0830860534124629 0.4525 0.07418397626112759 0.075
0 0.16468842729970326 0.4558333333333333 0.08605341246290801 0.07166666666666667
0 0.25370919881305637 0.4583333333333333 0.0830860534124629 0.07
0 0.3353115727002967 0.45916666666666667 0.07418397626112759 0.06333333333333334
0 0.41543026706231456 0.4625 0.08011869436201781 0.06
0 0.5667655786350149 0.465 0.05934718100890208 0.06166666666666667
0 0.8130563798219584 0.5716666666666667 0.06231454005934718 0.065
0 0.9792284866468842 0.5733333333333334 0.03560830860534125 0.06
0 0.9362017804154302 0.5733333333333334 0.04747774480712166 0.05333333333333334
0 0.6869436201780416 0.5741666666666667 0.03857566765578635 0.06
0 0.8768545994065282 0.5741666666666667 0.05934718100890208 0.06
0 0.599406528189911 0.575 0.05934718100890208 0.06666666666666667
0 0.7492581602373887 0.575 0.06824925816023739 0.06
0 0.5252225519287834 0.5766666666666667 0.0771513353115727 0.06666666666666667
0 0.443620178041543 0.5783333333333334 0.06824925816023739 0.06333333333333334
0 0.3649851632047478 0.58 0.0830860534124629 0.06666666666666667
0 0.2774480712166172 0.5825 0.07418397626112759 0.06833333333333333
0 0.08753709198813056 0.5841666666666666 0.0771513353115727 0.075
0 0.18991097922848665 0.5925 0.08902077151335312 0.05333333333333334
0 0.7373887240356083 0.6625 0.05637982195845697 0.056666666666666664
0 0.685459940652819 0.665 0.03857566765578635 0.06166666666666667
0 0.9718100890207715 0.6691666666666667 0.05341246290801187 0.058333333333333334
0 0.8130563798219584 0.67 0.05934718100890208 0.05333333333333334
0 0.5771513353115727 0.6708333333333333 0.0771513353115727 0.06333333333333334
0 0.9198813056379822 0.6741666666666667 0.07418397626112759 0.051666666666666666
0 0.5 0.6741666666666667 0.07418397626112759 0.06333333333333334
0 0.4228486646884273 0.6758333333333333 0.0712166172106825 0.06666666666666667
0 0.26112759643916916 0.6833333333333333 0.0771513353115727 0.06666666666666667
0 0.17507418397626112 0.6866666666666666 0.0830860534124629 0.07
0 0.08753709198813056 0.6908333333333333 0.08011869436201781 0.075
0 0.8056379821958457 0.7183333333333334 0.0712166172106825 0.03833333333333333
0 0.9243323442136498 0.72 0.08011869436201781 0.04
0 0.7373887240356083 0.7225 0.05934718100890208 0.06166666666666667
0 0.6899109792284867 0.7275 0.032640949554896145 0.056666666666666664
0 0.5801186943620178 0.7333333333333333 0.0771513353115727 0.06
0 0.5014836795252225 0.7383333333333333 0.06824925816023739 0.06333333333333334
0 0.4287833827893175 0.7433333333333333 0.0712166172106825 0.07
0 0.3456973293768546 0.7508333333333334 0.08605341246290801 0.07166666666666667
0 0.26409495548961426 0.755 0.08605341246290801 0.075
0 0.17062314540059348 0.7608333333333334 0.08902077151335312 0.07333333333333333
0 0.08753709198813056 0.7683333333333333 0.0830860534124629 0.075
0 0.6943620178041543 0.79 0.03857566765578635 0.058333333333333334
0 0.5816023738872403 0.7958333333333333 0.0771513353115727 0.06666666666666667
0 0.5059347181008902 0.8041666666666667 0.0712166172106825 0.06166666666666667
0 0.4332344213649852 0.8133333333333334 0.0712166172106825 0.065
0 0.35311572700296734 0.8191666666666667 0.08011869436201781 0.06166666666666667
0 0.2655786350148368 0.8275 0.0830860534124629 0.06833333333333333
0 0.17359050445103857 0.8333333333333334 0.09198813056379822 0.07333333333333333
0 0.08456973293768547 0.845 0.08011869436201781 0.07666666666666666