0 0.021666666666666667 0.3086053412462908 0.03833333333333333 0.13649851632047477
0 0.2866666666666667 0.3189910979228487 0.05 0.12462908011869436
0 0.3416666666666667 0.3189910979228487 0.045 0.11572700296735905
0 0.39 0.32047477744807124 0.045 0.11869436201780416
0 0.43916666666666665 0.32344213649851633 0.041666666666666664 0.11572700296735905
0 0.485 0.32344213649851633 0.041666666666666664 0.10385756676557864
0 0.535 0.32344213649851633 0.041666666666666664 0.10385756676557864
0 0.7125 0.33086053412462907 0.03166666666666667 0.10682492581602374
0 0.58 0.33382789317507416 0.041666666666666664 0.10682492581602374
0 0.625 0.33382789317507416 0.03833333333333333 0.10385756676557864
0 0.6708333333333333 0.3353115727002967 0.043333333333333335 0.10979228486646884
0 0.7516666666666667 0.3353115727002967 0.03666666666666667 0.09792284866468842
0 0.7958333333333333 0.3397626112759644 0.041666666666666664 0.10385756676557864
0 0.8366666666666667 0.3427299703264095 0.03833333333333333 0.09495548961424333
0 0.875 0.34421364985163205 0.03333333333333333 0.09495548961424333
0 0.065 0.4317507418397626 0.05333333333333334 0.12462908011869436
0 0.016666666666666666 0.4362017804154303 0.03333333333333333 0.11572700296735905
0 0.2325 0.4362017804154303 0.05333333333333334 0.13056379821958458
0 0.49 0.4391691394658754 0.043333333333333335 0.11572700296735905
0 0.3908333333333333 0.4406528189910979 0.045 0.12166172106824925
0 0.5383333333333333 0.4421364985163205 0.043333333333333335 0.11869436201780416
0 0.29 0.443620178041543 0.045 0.12462908011869436
0 0.625 0.443620178041543 0.04 0.10979228486646884
0 0.43916666666666665 0.44510385756676557 0.05 0.12166172106824925
0 0.3416666666666667 0.4465875370919881 0.045 0.11869436201780416
0 0.5825 0.4465875370919881 0.043333333333333335 0.11869436201780416
0 0.7141666666666666 0.4465875370919881 0.03833333333333333 0.10979228486646884
0 0.8791666666666667 0.44807121661721067 0.035 0.10682492581602374
0 0.6725 0.4495548961424332 0.043333333333333335 0.11572700296735905
0 0.7983333333333333 0.4495548961424332 0.041666666666666664 0.10385756676557864
0 0.8408333333333333 0.4495548961424332 0.03666666666666667 0.10682492581602374
0 0.755 0.45103857566765576 0.041666666666666664 0.12166172106824925
0 0.6283333333333333 0.5504451038575667 0.041666666666666664 0.03857566765578635
0 0.7166666666666667 0.5504451038575667 0.03833333333333333 0.04154302670623145
0 0.9008333333333334 0.5727002967359051 0.04 0.08605341246290801
0 0.7741666666666667 0.5741839762611276 0.041666666666666664 0.0771513353115727
0 0.8125 0.5756676557863502 0.03333333333333333 0.07418397626112759
0 0.8441666666666666 0.5756676557863502 0.03 0.07418397626112759
0 0.10916666666666666 0.6068249258160238 0.06166666666666667 0.12166172106824925
0 0.7075 0.6246290801186943 0.05 0.10682492581602374
0 0.6233333333333333 0.6261127596439169 0.04666666666666667 0.10979228486646884
0 0.5791666666666667 0.6261127596439169 0.043333333333333335 0.11572700296735905
0 0.5316666666666666 0.6261127596439169 0.045 0.11572700296735905
0 0.4825 0.629080118694362 0.04666666666666667 0.11869436201780416
0 0.3308333333333333 0.6305637982195845 0.051666666666666666 0.11869436201780416
0 0.43333333333333335 0.6320474777448071 0.051666666666666666 0.11275964391691394
0 0.22416666666666665 0.6335311572700296 0.056666666666666664 0.11869436201780416
0 0.27666666666666667 0.6350148367952523 0.05333333333333334 0.12166172106824925
0 0.16833333333333333 0.642433234421365 0.055 0.12166172106824925
0 0.0425 0.6513353115727003 0.058333333333333334 0.13056379821958458
0 0.9091666666666667 0.6543026706231454 0.028333333333333332 0.08011869436201781
0 0.8441666666666666 0.6572700296735905 0.035 0.09495548961424333
0 0.8783333333333333 0.6572700296735905 0.035 0.08605341246290801
0 0.8141666666666667 0.6602373887240356 0.03 0.08902077151335312
0 0.75 0.6602373887240356 0.03333333333333333 0.09495548961424333
0 0.7833333333333333 0.6617210682492581 0.035 0.08902077151335312
0 0.7141666666666666 0.7344213649851632 0.043333333333333335 0.10979228486646884
0 0.67 0.7344213649851632 0.045 0.11869436201780416
0 0.625 0.7344213649851632 0.045 0.11572700296735905
0 0.58 0.7403560830860534 0.045 0.11869436201780416
0 0.9125 0.7403560830860534 0.03166666666666667 0.08902077151335312
0 0.5316666666666666 0.7418397626112759 0.04833333333333333 0.11275964391691394
0 0.105 0.7418397626112759 0.07166666666666667 0.16023738872403562
0 0.485 0.7433234421364985 0.04833333333333333 0.10979228486646884
0 0.8816666666666667 0.744807121661721 0.03666666666666667 0.08902077151335312
0 0.38166666666666665 0.7462908011869436 0.051666666666666666 0.11869436201780416
0 0.43416666666666665 0.7462908011869436 0.051666666666666666 0.12166172106824925
0 0.8158333333333333 0.7477744807121661 0.035 0.08605341246290801
0 0.85 0.7492581602373887 0.03333333333333333 0.0830860534124629
0 0.7516666666666667 0.7507418397626113 0.035 0.09198813056379822
0 0.785 0.7507418397626113 0.03333333333333333 0.08605341246290801
0 0.3308333333333333 0.7537091988130564 0.05 0.12166172106824925
0 0.27666666666666667 0.755192878338279 0.055 0.12166172106824925
0 0.2225 0.7581602373887241 0.055 0.11869436201780416
0 0.16583333333333333 0.7611275964391692 0.056666666666666664 0.13056379821958458
0 0.04 0.7759643916913946 0.056666666666666664 0.11572700296735905
0 0.9158333333333334 0.8308605341246291 0.035 0.09198813056379822
0 0.8841666666666667 0.8323442136498517 0.035 0.08902077151335312
0 0.8183333333333334 0.8367952522255193 0.03666666666666667 0.10089020771513353
0 0.8516666666666667 0.8367952522255193 0.03333333333333333 0.09495548961424333
0 0.755 0.8427299703264095 0.035 0.10385756676557864
0 0.7875 0.8427299703264095 0.03166666666666667 0.10089020771513353
0 0.7166666666666667 0.844213649851632 0.043333333333333335 0.11275964391691394
0 0.6716666666666666 0.8471810089020771 0.04666666666666667 0.11572700296735905
0 0.6258333333333334 0.8501483679525222 0.043333333333333335 0.11869436201780416
0 0.5808333333333333 0.8560830860534124 0.04833333333333333 0.11869436201780416
0 0.5325 0.8590504451038575 0.04833333333333333 0.12166172106824925
0 0.48333333333333334 0.8635014836795252 0.04666666666666667 0.12166172106824925
0 0.43333333333333335 0.870919881305638 0.05 0.12462908011869436
0 0.38166666666666665 0.8724035608308606 0.051666666666666666 0.12462908011869436
0 0.3283333333333333 0.8768545994065282 0.05333333333333334 0.12462908011869436
0 0.275 0.8813056379821959 0.05333333333333334 0.12759643916913946
0 0.22166666666666668 0.8827893175074184 0.05333333333333334 0.12759643916913946
0 0.165 0.887240356083086 0.055 0.13056379821958458
0 0.1 0.8902077151335311 0.06833333333333333 0.1394658753709199
0 0.035833333333333335 0.8976261127596439 0.06 0.12759643916913946
0 0.2875 0.19732937685459942 0.05 0.11572700296735905
0 0.3416666666666667 0.19881305637982197 0.045 0.12166172106824925
0 0.3933333333333333 0.2062314540059347 0.041666666666666664 0.10682492581602374
0 0.43916666666666665 0.20771513353115728 0.041666666666666664 0.11572700296735905
0 0.4841666666666667 0.20771513353115728 0.041666666666666664 0.11572700296735905
0 0.5325 0.21068249258160238 0.045 0.11275964391691394
0 0.5775 0.22255192878338279 0.04 0.10979228486646884
0 0.6233333333333333 0.22255192878338279 0.041666666666666664 0.11869436201780416
0 0.6666666666666666 0.22403560830860533 0.043333333333333335 0.10979228486646884
0 0.71 0.228486646884273 0.04 0.09792284866468842
0 0.75 0.2314540059347181 0.03833333333333333 0.10089020771513353
0 0.7933333333333333 0.23293768545994065 0.041666666666666664 0.10682492581602374
0 0.835 0.2403560830860534 0.03333333333333333 0.10089020771513353
0 0.8708333333333333 0.2403560830860534 0.03833333333333333 0.10385756676557864