0 0.32166666666666666 0.3188888888888889 0.05333333333333334 0.1
0 0.165 0.3244444444444444 0.065 0.11333333333333333
0 0.385 0.32555555555555554 0.06166666666666667 0.11333333333333333
0 0.23083333333333333 0.32555555555555554 0.07166666666666667 0.1111111111111111
0 0.0975 0.3288888888888889 0.06166666666666667 0.11555555555555555
0 0.45 0.33444444444444443 0.06 0.11333333333333333
0 0.5141666666666667 0.33444444444444443 0.06166666666666667 0.10888888888888888
0 0.58 0.33666666666666667 0.06166666666666667 0.11333333333333333
0 0.6416666666666667 0.3422222222222222 0.05333333333333334 0.11333333333333333
0 0.71 0.3433333333333333 0.06 0.09777777777777778
0 0.31833333333333336 0.43666666666666665 0.05333333333333334 0.12222222222222222
0 0.025 0.44 0.05 0.13555555555555557
0 0.15416666666666667 0.4411111111111111 0.07 0.12
0 0.3775 0.4411111111111111 0.06 0.1
0 0.2225 0.44222222222222224 0.06666666666666667 0.12666666666666668
0 0.0825 0.44555555555555554 0.06333333333333334 0.12
0 0.44916666666666666 0.45 0.056666666666666664 0.11333333333333333
0 0.7125 0.45222222222222225 0.06166666666666667 0.11333333333333333
0 0.5825 0.4533333333333333 0.06 0.10888888888888888
0 0.5158333333333334 0.45555555555555555 0.055 0.11777777777777777
0 0.6491666666666667 0.4588888888888889 0.06166666666666667 0.11333333333333333
0 0.31583333333333335 0.5633333333333334 0.06166666666666667 0.12222222222222222
0 0.21583333333333332 0.5644444444444444 0.06833333333333333 0.12
0 0.37583333333333335 0.5644444444444444 0.065 0.13333333333333333
0 0.145 0.5655555555555556 0.07 0.12222222222222222
0 0.655 0.5711111111111111 0.056666666666666664 0.11333333333333333
0 0.07166666666666667 0.5722222222222222 0.07166666666666667 0.12222222222222222
0 0.45 0.5722222222222222 0.06166666666666667 0.12222222222222222
0 0.5858333333333333 0.5722222222222222 0.07333333333333333 0.12
0 0.015833333333333335 0.5722222222222222 0.03166666666666667 0.12444444444444444
0 0.7166666666666667 0.5733333333333334 0.065 0.11777777777777777
0 0.515 0.5777777777777777 0.058333333333333334 0.12
0 0.30583333333333335 0.6911111111111111 0.06166666666666667 0.12666666666666668
0 0.13 0.6922222222222222 0.07166666666666667 0.13111111111111112
0 0.013333333333333334 0.6922222222222222 0.023333333333333334 0.12222222222222222
0 0.44666666666666666 0.6933333333333334 0.06166666666666667 0.12222222222222222
0 0.20583333333333334 0.6933333333333334 0.075 0.12444444444444444
0 0.3775 0.6955555555555556 0.065 0.12666666666666668
0 0.5891666666666666 0.6955555555555556 0.06166666666666667 0.12
0 0.7291666666666666 0.6955555555555556 0.06166666666666667 0.11333333333333333
0 0.06 0.6966666666666667 0.065 0.12
0 0.5141666666666667 0.6966666666666667 0.06166666666666667 0.12
0 0.035833333333333335 0.8455555555555555 0.056666666666666664 0.11555555555555555
0 0.2125 0.8488888888888889 0.07 0.12
0 0.09333333333333334 0.8488888888888889 0.05333333333333334 0.11777777777777777
0 0.14833333333333334 0.85 0.06333333333333334 0.11555555555555555
0 0.7041666666666667 0.93 0.07333333333333333 0.13555555555555557
0 0.7725 0.93 0.05 0.12666666666666668
0 0.9891666666666666 0.9311111111111111 0.018333333333333333 0.12
0 0.3 0.9322222222222222 0.07 0.12444444444444444
0 0.865 0.9322222222222222 0.06 0.1288888888888889
0 0.6183333333333333 0.9322222222222222 0.06666666666666667 0.13111111111111112
0 0.465 0.9344444444444444 0.06166666666666667 0.1288888888888889
0 0.9375 0.9333333333333333 0.075 0.1288888888888889
0 0.5458333333333333 0.9344444444444444 0.058333333333333334 0.12666666666666668
0 0.085 0.9511111111111111 0.05333333333333334 0.09333333333333334
0 0.1425 0.9522222222222222 0.06166666666666667 0.09111111111111111
0 0.38916666666666666 0.9533333333333334 0.07166666666666667 0.08888888888888889
0 0.03 0.9544444444444444 0.06 0.08666666666666667
0 0.205 0.9566666666666667 0.06666666666666667 0.08444444444444445