0 0.3925 0.3086053412462908 0.17333333333333334 0.42136498516320475
0 0.5316666666666666 0.36795252225519287 0.11166666666666666 0.33827893175074186
0 0.8433333333333334 0.612759643916914 0.08666666666666667 0.1661721068249258
0 0.9266666666666666 0.6824925816023739 0.065 0.142433234421365
0 0.3883333333333333 0.701780415430267 0.18333333333333332 0.4391691394658754
0 0.08083333333333333 0.701780415430267 0.16 0.4421364985163205
0 0.5358333333333334 0.7433234421364985 0.12166666666666667 0.41543026706231456
0 0.8683333333333333 0.7818991097922848 0.09833333333333333 0.18397626112759644
0 0.9283333333333333 0.8100890207715133 0.041666666666666664 0.16913946587537093
0 0.8025 0.884272997032641 0.10833333333333334 0.22551928783382788
0 0.9033333333333333 0.9347181008902077 0.06333333333333334 0.12462908011869436
0 0.525 0.10089020771513353 0.09666666666666666 0.18100890207715134