0 0.52 0.2633333333333333 0.03833333333333333 0.08
0 0.3541666666666667 0.2677777777777778 0.035 0.07111111111111111
0 0.56 0.2677777777777778 0.03333333333333333 0.07777777777777778
0 0.3958333333333333 0.2688888888888889 0.03666666666666667 0.07555555555555556
0 0.43916666666666665 0.27111111111111114 0.03333333333333333 0.07111111111111111
0 0.4816666666666667 0.27444444444444444 0.03666666666666667 0.07333333333333333
0 0.6033333333333334 0.2833333333333333 0.04 0.08222222222222222
0 0.6466666666666666 0.2866666666666667 0.04 0.07555555555555556
0 0.6916666666666667 0.2922222222222222 0.03833333333333333 0.07555555555555556
0 0.7341666666666666 0.2922222222222222 0.03833333333333333 0.07111111111111111
0 0.7733333333333333 0.2966666666666667 0.035 0.06888888888888889
0 0.8141666666666667 0.32666666666666666 0.04 0.07777777777777778
0 0.855 0.3333333333333333 0.03166666666666667 0.06666666666666667
0 0.8958333333333334 0.33555555555555555 0.041666666666666664 0.06444444444444444
0 0.9383333333333334 0.3377777777777778 0.041666666666666664 0.06888888888888889
0 0.35333333333333333 0.3422222222222222 0.03333333333333333 0.07333333333333333
0 0.52 0.3422222222222222 0.043333333333333335 0.07777777777777778
0 0.5633333333333334 0.3433333333333333 0.03333333333333333 0.07333333333333333
0 0.4375 0.34555555555555556 0.03 0.07111111111111111
0 0.39416666666666667 0.3466666666666667 0.04 0.06666666666666667
0 0.48083333333333333 0.3466666666666667 0.03333333333333333 0.07333333333333333
0 0.6483333333333333 0.3611111111111111 0.03333333333333333 0.07555555555555556
0 0.6033333333333334 0.36333333333333334 0.041666666666666664 0.07555555555555556
0 0.7333333333333333 0.3655555555555556 0.03833333333333333 0.07555555555555556
0 0.6908333333333333 0.36777777777777776 0.04 0.06888888888888889
0 0.98 0.37444444444444447 0.03666666666666667 0.18
0 0.7725 0.37444444444444447 0.03833333333333333 0.07111111111111111
0 0.8158333333333333 0.39222222222222225 0.041666666666666664 0.06222222222222222
0 0.8575 0.4 0.043333333333333335 0.06
0 0.9 0.4011111111111111 0.04 0.06222222222222222
0 0.9408333333333333 0.4033333333333333 0.043333333333333335 0.06444444444444444
0 0.3541666666666667 0.4211111111111111 0.04 0.08
0 0.4825 0.4211111111111111 0.041666666666666664 0.08
0 0.5616666666666666 0.4211111111111111 0.041666666666666664 0.08888888888888889
0 0.43916666666666665 0.4222222222222222 0.03833333333333333 0.07777777777777778
0 0.5225 0.4222222222222222 0.03333333333333333 0.08666666666666667
0 0.39666666666666667 0.42333333333333334 0.04 0.08222222222222222
0 0.6925 0.4388888888888889 0.03666666666666667 0.07111111111111111
0 0.6041666666666666 0.44 0.041666666666666664 0.07555555555555556
0 0.6466666666666666 0.44 0.03333333333333333 0.07777777777777778
0 0.73 0.4411111111111111 0.03333333333333333 0.06888888888888889
0 0.7716666666666666 0.4411111111111111 0.03666666666666667 0.06888888888888889
0 0.8175 0.45666666666666667 0.045 0.07777777777777778
0 0.8575 0.4622222222222222 0.03833333333333333 0.07111111111111111
0 0.8983333333333333 0.46444444444444444 0.045 0.07333333333333333
0 0.94 0.4666666666666667 0.03666666666666667 0.06222222222222222
0 0.395 0.48 0.03833333333333333 0.03777777777777778
0 0.6933333333333334 0.4911111111111111 0.03833333333333333 0.028888888888888888
0 0.3525 0.49333333333333335 0.03666666666666667 0.06666666666666667
0 0.435 0.49333333333333335 0.041666666666666664 0.06666666666666667
0 0.6433333333333333 0.51 0.028333333333333332 0.06666666666666667
0 0.605 0.5133333333333333 0.045 0.06222222222222222
0 0.7733333333333333 0.5177777777777778 0.035 0.06888888888888889
0 0.28 0.5255555555555556 0.03833333333333333 0.08222222222222222
0 0.3233333333333333 0.5255555555555556 0.041666666666666664 0.08666666666666667
0 0.8141666666666667 0.5277777777777778 0.041666666666666664 0.051111111111111114
0 0.49083333333333334 0.5288888888888889 0.04833333333333333 0.07777777777777778
0 0.5366666666666666 0.5288888888888889 0.041666666666666664 0.08222222222222222
0 0.40166666666666667 0.5344444444444445 0.035 0.07333333333333333
0 0.58 0.5433333333333333 0.041666666666666664 0.08
0 0.7125 0.5466666666666666 0.04833333333333333 0.08
0 0.6675 0.5488888888888889 0.045 0.07555555555555556
0 0.7558333333333334 0.5522222222222222 0.03833333333333333 0.08222222222222222
0 0.9825 0.5577777777777778 0.03166666666666667 0.18666666666666668
0 0.8775 0.5922222222222222 0.08 0.13777777777777778
0 0.9433333333333334 0.5944444444444444 0.04666666666666667 0.14222222222222222
0 0.225 0.6066666666666667 0.03833333333333333 0.07555555555555556
0 0.27666666666666667 0.6077777777777778 0.035 0.08
0 0.31833333333333336 0.6111111111111112 0.043333333333333335 0.07777777777777778
0 0.4 0.6122222222222222 0.03333333333333333 0.08
0 0.4891666666666667 0.6122222222222222 0.041666666666666664 0.08888888888888889
0 0.5341666666666667 0.6122222222222222 0.04666666666666667 0.08666666666666667
0 0.44166666666666665 0.6166666666666667 0.043333333333333335 0.08444444444444445
0 0.5791666666666667 0.6222222222222222 0.045 0.08222222222222222
0 0.6241666666666666 0.6222222222222222 0.041666666666666664 0.08222222222222222
0 0.6675 0.6277777777777778 0.041666666666666664 0.08
0 0.7125 0.63 0.04666666666666667 0.08222222222222222
0 0.7958333333333333 0.6311111111111111 0.03833333333333333 0.08
0 0.7583333333333333 0.6322222222222222 0.041666666666666664 0.08222222222222222
0 0.36 0.6388888888888888 0.04 0.07111111111111111
0 0.22666666666666666 0.6866666666666666 0.043333333333333335 0.08444444444444445
0 0.2725 0.6877777777777778 0.041666666666666664 0.07111111111111111
0 0.31583333333333335 0.6911111111111111 0.04666666666666667 0.07111111111111111
0 0.5783333333333334 0.6922222222222222 0.045 0.051111111111111114
0 0.3933333333333333 0.6933333333333334 0.028333333333333332 0.07777777777777778
0 0.445 0.6977777777777778 0.03166666666666667 0.07555555555555556
0 0.4866666666666667 0.6977777777777778 0.043333333333333335 0.08444444444444445
0 0.625 0.6988888888888889 0.041666666666666664 0.06666666666666667
0 0.5316666666666666 0.7 0.03833333333333333 0.08
0 0.36 0.7022222222222222 0.03333333333333333 0.06222222222222222
0 0.7575 0.7066666666666667 0.045 0.08222222222222222
0 0.6691666666666667 0.7077777777777777 0.041666666666666664 0.07555555555555556
0 0.7133333333333334 0.7122222222222222 0.045 0.07333333333333333
0 0.7958333333333333 0.7122222222222222 0.03333333333333333 0.08222222222222222
0 0.8566666666666667 0.7266666666666667 0.043333333333333335 0.12444444444444444
0 0.945 0.7311111111111112 0.055 0.16666666666666666
0 0.9 0.7422222222222222 0.03666666666666667 0.11555555555555555
0 0.8575 0.8577777777777778 0.03666666666666667 0.13333333333333333
0 0.8958333333333334 0.8766666666666667 0.04 0.1511111111111111
0 0.9458333333333333 0.8933333333333333 0.04833333333333333 0.18666666666666668