0 0.3433333333333333 0.3026706231454006 0.04666666666666667 0.09198813056379822
0 0.5916666666666667 0.03412462908011869 0.06 0.06824925816023739
0 0.7016666666666667 0.03560830860534125 0.055 0.0712166172106825
0 0.6491666666666667 0.037091988130563795 0.05333333333333334 0.07418397626112759
0 0.895 0.3649851632047478 0.056666666666666664 0.1513353115727003
0 0.7833333333333333 0.36795252225519287 0.06666666666666667 0.1394658753709199
0 0.7216666666666667 0.38130563798219586 0.058333333333333334 0.142433234421365
0 0.2841666666666667 0.3827893175074184 0.065 0.14836795252225518
0 0.4125 0.38427299703264095 0.058333333333333334 0.142433234421365
0 0.475 0.38427299703264095 0.06 0.14540059347181009
0 0.5375 0.38427299703264095 0.05333333333333334 0.1513353115727003
0 0.6591666666666667 0.3857566765578635 0.058333333333333334 0.1394658753709199
0 0.5991666666666666 0.38724035608308605 0.05333333333333334 0.14836795252225518
0 0.8408333333333333 0.3887240356083086 0.04833333333333333 0.10089020771513353
0 0.14583333333333334 0.3887240356083086 0.06 0.142433234421365
0 0.0275 0.3916913946587537 0.05 0.13649851632047477
0 0.21166666666666667 0.39317507418397624 0.06 0.12462908011869436
0 0.08083333333333333 0.39317507418397624 0.06166666666666667 0.13056379821958458
0 0.3416666666666667 0.4094955489614243 0.04833333333333333 0.09792284866468842
0 0.9675 0.04302670623145401 0.06166666666666667 0.08011869436201781
0 0.78 0.5548961424332344 0.056666666666666664 0.13056379821958458
0 0.7191666666666666 0.5578635014836796 0.05333333333333334 0.13649851632047477
0 0.5383333333333333 0.5608308605341247 0.06 0.14836795252225518
0 0.66 0.5608308605341247 0.055 0.13649851632047477
0 0.9133333333333333 0.05637982195845697 0.04 0.11275964391691394
0 0.4766666666666667 0.5637982195845698 0.056666666666666664 0.14836795252225518
0 0.5991666666666666 0.5667655786350149 0.056666666666666664 0.1513353115727003
0 0.2875 0.5682492581602374 0.056666666666666664 0.142433234421365
0 0.3525 0.5682492581602374 0.06 0.14836795252225518
0 0.415 0.5682492581602374 0.051666666666666666 0.14836795252225518
0 0.14166666666666666 0.5786350148367952 0.056666666666666664 0.13353115727002968
0 0.215 0.5801186943620178 0.05333333333333334 0.11275964391691394
0 0.7833333333333333 0.7002967359050445 0.056666666666666664 0.142433234421365
0 0.7216666666666667 0.7047477744807121 0.058333333333333334 0.1394658753709199
0 0.6591666666666667 0.7062314540059347 0.058333333333333334 0.142433234421365
0 0.5991666666666666 0.7136498516320475 0.058333333333333334 0.1513353115727003
0 0.215 0.7210682492581603 0.06666666666666667 0.16023738872403562
0 0.3516666666666667 0.7210682492581603 0.06333333333333334 0.14836795252225518
0 0.54 0.7210682492581603 0.056666666666666664 0.1572700296735905
0 0.1425 0.7210682492581603 0.065 0.1572700296735905
0 0.415 0.7225519287833828 0.055 0.142433234421365
0 0.285 0.7240356083086054 0.06 0.1543026706231454
0 0.47583333333333333 0.7255192878338279 0.06333333333333334 0.14540059347181009
0 0.1475 0.08011869436201781 0.05333333333333334 0.142433234421365
0 0.2825 0.08456973293768547 0.058333333333333334 0.16023738872403562
0 0.215 0.8456973293768546 0.06166666666666667 0.07418397626112759
0 0.7866666666666666 0.8560830860534124 0.056666666666666664 0.1513353115727003
0 0.6641666666666667 0.8605341246290801 0.058333333333333334 0.1513353115727003
0 0.7266666666666667 0.8605341246290801 0.06166666666666667 0.14836795252225518
0 0.6008333333333333 0.8694362017804155 0.06833333333333333 0.1513353115727003
0 0.5366666666666666 0.8738872403560831 0.06166666666666667 0.1513353115727003
0 0.41583333333333333 0.8753709198813057 0.058333333333333334 0.14836795252225518
0 0.35083333333333333 0.8768545994065282 0.06 0.1543026706231454
0 0.47833333333333333 0.8768545994065282 0.058333333333333334 0.14540059347181009
0 0.28583333333333333 0.8827893175074184 0.06333333333333334 0.1543026706231454
0 0.21 0.09050445103857567 0.06 0.1513353115727003
0 0.14333333333333334 0.8902077151335311 0.06833333333333333 0.1543026706231454
0 0.08833333333333333 0.09643916913946587 0.056666666666666664 0.12166172106824925
0 0.7608333333333334 0.09792284866468842 0.056666666666666664 0.08605341246290801
0 0.36333333333333334 0.10534124629080119 0.05333333333333334 0.12166172106824925
0 0.42083333333333334 0.10534124629080119 0.055 0.12166172106824925
0 0.47833333333333333 0.11127596439169139 0.05333333333333334 0.14540059347181009
0 0.03166666666666667 0.1142433234421365 0.05 0.13353115727002968
0 0.5916666666666667 0.1142433234421365 0.05333333333333334 0.08605341246290801
0 0.6483333333333333 0.1142433234421365 0.05333333333333334 0.0830860534124629
0 0.535 0.1172106824925816 0.051666666666666666 0.13353115727002968
0 0.7033333333333334 0.12462908011869436 0.05 0.10385756676557864
0 0.9675 0.14985163204747776 0.06333333333333334 0.14540059347181009
0 0.4791666666666667 0.019287833827893175 0.058333333333333334 0.03857566765578635
0 0.9158333333333334 0.1795252225519288 0.041666666666666664 0.13649851632047477
0 0.36583333333333334 0.020771513353115726 0.05333333333333334 0.04154302670623145
0 0.4191666666666667 0.02225519287833828 0.056666666666666664 0.04451038575667656
0 0.7825 0.21810089020771514 0.06166666666666667 0.13649851632047477
0 0.36333333333333334 0.22551928783382788 0.055 0.11275964391691394
0 0.5958333333333333 0.2344213649851632 0.056666666666666664 0.14540059347181009
0 0.6583333333333333 0.2344213649851632 0.056666666666666664 0.14540059347181009
0 0.5341666666666667 0.02373887240356083 0.055 0.04747774480712166
0 0.08166666666666667 0.23887240356083086 0.056666666666666664 0.1661721068249258
0 0.7158333333333333 0.2403560830860534 0.05 0.13056379821958458
0 0.14666666666666667 0.2403560830860534 0.058333333333333334 0.1632047477744807
0 0.42011666666666664 0.24142433234421365 0.05430000000000002 0.13756676557863498
0 0.2808333333333333 0.24183976261127596 0.06 0.1394658753709199
0 0.535 0.24629080118694363 0.055 0.10979228486646884
0 0.21166666666666667 0.24777448071216618 0.06166666666666667 0.14540059347181009
0 0.4766666666666667 0.24777448071216618 0.05333333333333334 0.10682492581602374
0 0.025833333333333333 0.25667655786350146 0.04833333333333333 0.12759643916913946
0 0.8416666666666667 0.28486646884273 0.04666666666666667 0.09495548961424333