0 0.32666666666666666 0.30415430267062316 0.06666666666666667 0.1632047477744807
0 0.4008333333333333 0.3056379821958457 0.06833333333333333 0.1632047477744807
0 0.4741666666666667 0.32344213649851633 0.06833333333333333 0.14836795252225518
0 0.545 0.33086053412462907 0.06666666666666667 0.14540059347181009
0 0.6833333333333333 0.3397626112759644 0.06833333333333333 0.17804154302670624
0 0.615 0.3427299703264095 0.06666666666666667 0.16023738872403562
0 0.7475 0.34421364985163205 0.058333333333333334 0.1632047477744807
0 0.815 0.3916913946587537 0.07 0.1543026706231454
0 0.9425 0.39465875370919884 0.065 0.142433234421365
0 0.8808333333333334 0.39465875370919884 0.065 0.14540059347181009
0 0.9866666666666667 0.4020771513353116 0.023333333333333334 0.14540059347181009
0 0.24166666666666667 0.4792284866468843 0.07333333333333333 0.19584569732937684
0 0.39916666666666667 0.4836795252225519 0.07333333333333333 0.18397626112759644
0 0.32416666666666666 0.4896142433234421 0.075 0.19584569732937684
0 0.47583333333333333 0.4910979228486647 0.07 0.1661721068249258
0 0.5475 0.49258160237388726 0.06833333333333333 0.17210682492581603
0 0.6158333333333333 0.4970326409495549 0.06666666666666667 0.1543026706231454
0 0.6866666666666666 0.5029673590504451 0.07 0.1572700296735905
0 0.7566666666666667 0.5074183976261127 0.06333333333333334 0.1661721068249258
0 0.825 0.5356083086053413 0.06833333333333333 0.1513353115727003
0 0.8891666666666667 0.5370919881305638 0.06 0.1513353115727003
0 0.9533333333333334 0.5415430267062314 0.065 0.142433234421365
0 0.5458333333333333 0.6543026706231454 0.06666666666666667 0.1572700296735905
0 0.475 0.655786350148368 0.07166666666666667 0.1543026706231454
0 0.8833333333333333 0.6661721068249258 0.03833333333333333 0.11275964391691394
0 0.8258333333333333 0.6706231454005934 0.07333333333333333 0.13649851632047477
0 0.2425 0.7151335311572701 0.08166666666666667 0.20771513353115728
0 0.33166666666666667 0.7151335311572701 0.09 0.2195845697329377
0 0.5816666666666667 0.728486646884273 0.075 0.18991097922848665
0 0.06333333333333334 0.728486646884273 0.10166666666666667 0.228486646884273
0 0.42 0.7329376854599406 0.08666666666666667 0.19584569732937684
0 0.6616666666666666 0.7359050445103857 0.08 0.19287833827893175
0 0.7391666666666666 0.7388724035608308 0.07333333333333333 0.19287833827893175
0 0.9691666666666666 0.9020771513353115 0.058333333333333334 0.18991097922848665
0 0.9066666666666666 0.9035608308605341 0.08 0.18694362017804153
0 0.23333333333333334 0.9080118694362018 0.08666666666666667 0.17804154302670624
0 0.3225 0.9094955489614244 0.08666666666666667 0.17804154302670624
0 0.815 0.9124629080118695 0.07333333333333333 0.16023738872403562
0 0.5816666666666667 0.913946587537092 0.07666666666666666 0.1632047477744807
0 0.665 0.913946587537092 0.08 0.1632047477744807
0 0.7416666666666667 0.9154302670623146 0.07 0.16023738872403562
0 0.5008333333333334 0.9169139465875371 0.08166666666666667 0.16023738872403562
0 0.04583333333333333 0.9183976261127597 0.08833333333333333 0.1572700296735905
0 0.4116666666666667 0.9198813056379822 0.09 0.1543026706231454
0 0.14 0.9213649851632048 0.09333333333333334 0.1513353115727003
0 0.2608333333333333 0.12462908011869436 0.065 0.1661721068249258
0 0.4033333333333333 0.13649851632047477 0.07 0.16023738872403562
0 0.3333333333333333 0.14391691394658754 0.06 0.1632047477744807
0 0.4741666666666667 0.14836795252225518 0.06333333333333334 0.1513353115727003
0 0.5441666666666667 0.16468842729970326 0.06666666666666667 0.18100890207715134
0 0.6133333333333333 0.1795252225519288 0.065 0.1661721068249258
0 0.68 0.1795252225519288 0.06333333333333334 0.14836795252225518
0 0.7433333333333333 0.1884272997032641 0.06 0.13353115727002968
0 0.8683333333333333 0.24629080118694363 0.065 0.14540059347181009
0 0.8066666666666666 0.2522255192878338 0.06833333333333333 0.13649851632047477
0 0.935 0.2551928783382789 0.065 0.1394658753709199
0 0.9816666666666667 0.2596439169139466 0.03333333333333333 0.1572700296735905
0 0.25 0.2922848664688427 0.075 0.1661721068249258