0 0.6941666666666667 0.30118694362017806 0.041666666666666664 0.10682492581602374
0 0.65 0.31602373887240354 0.03833333333333333 0.09198813056379822
0 0.6108333333333333 0.3264094955489614 0.03833333333333333 0.0830860534124629
0 0.5725 0.3367952522255193 0.03333333333333333 0.08011869436201781
0 0.5333333333333333 0.34718100890207715 0.03333333333333333 0.0712166172106825
0 0.8841666666666667 0.3516320474777448 0.04833333333333333 0.10089020771513353
0 0.49833333333333335 0.3620178041543027 0.03333333333333333 0.08011869436201781
0 0.835 0.36350148367952523 0.05 0.10979228486646884
0 0.465 0.37388724035608306 0.03 0.08011869436201781
0 0.7841666666666667 0.37537091988130566 0.045 0.10385756676557864
0 0.43333333333333335 0.3827893175074184 0.03 0.07418397626112759
0 0.40166666666666667 0.3916913946587537 0.03 0.0771513353115727
0 0.9566666666666667 0.39465875370919884 0.06166666666666667 0.12759643916913946
0 0.7366666666666667 0.3991097922848665 0.05 0.10089020771513353
0 0.6925 0.40059347181008903 0.04 0.10089020771513353
0 0.3416666666666667 0.4020771513353116 0.021666666666666667 0.0771513353115727
0 0.3725 0.40801186943620177 0.02666666666666667 0.07418397626112759
0 0.6508333333333334 0.41097922848664686 0.043333333333333335 0.09198813056379822
0 0.3175 0.4124629080118694 0.025 0.07418397626112759
0 0.6058333333333333 0.41543026706231456 0.041666666666666664 0.10385756676557864
0 0.5666666666666667 0.4258160237388724 0.035 0.09495548961424333
0 0.29 0.4287833827893175 0.02666666666666667 0.0771513353115727
0 0.5316666666666666 0.4317507418397626 0.035 0.09198813056379822
0 0.2608333333333333 0.4362017804154303 0.03 0.06824925816023739
0 0.49583333333333335 0.44807121661721067 0.03333333333333333 0.09495548961424333
0 0.46 0.45252225519287836 0.03333333333333333 0.08605341246290801
0 0.8883333333333333 0.4599406528189911 0.04666666666666667 0.10979228486646884
0 0.42916666666666664 0.46439169139465875 0.03 0.08011869436201781
0 0.36333333333333334 0.4762611275964392 0.028333333333333332 0.07418397626112759
0 0.39666666666666667 0.47774480712166173 0.03333333333333333 0.07418397626112759
0 0.8391666666666666 0.47774480712166173 0.05 0.12462908011869436
0 0.335 0.48516320474777447 0.02666666666666667 0.08011869436201781
0 0.79 0.48516320474777447 0.05333333333333334 0.11572700296735905
0 0.3075 0.4940652818991098 0.03 0.0771513353115727
0 0.2816666666666667 0.49851632047477745 0.03 0.07418397626112759
0 0.6925 0.49851632047477745 0.043333333333333335 0.11572700296735905
0 0.225 0.5 0.02666666666666667 0.07418397626112759
0 0.7358333333333333 0.5 0.045 0.10979228486646884
0 0.9583333333333334 0.5044510385756676 0.06833333333333333 0.10089020771513353
0 0.19916666666666666 0.5059347181008902 0.02 0.06528189910979229
0 0.2525 0.5059347181008902 0.02666666666666667 0.07418397626112759
0 0.6466666666666666 0.5074183976261127 0.05 0.10385756676557864
0 0.6033333333333334 0.5148367952522255 0.04 0.09792284866468842
0 0.1525 0.5207715133531158 0.018333333333333333 0.05934718100890208
0 0.17583333333333334 0.5222551928783383 0.025 0.06824925816023739
0 0.5625 0.5237388724035609 0.03833333333333333 0.10089020771513353
0 0.525 0.526706231454006 0.03833333333333333 0.09495548961424333
0 0.4875 0.5370919881305638 0.03166666666666667 0.08902077151335312
0 0.45416666666666666 0.5415430267062314 0.03333333333333333 0.08902077151335312
0 0.0475 0.543026706231454 0.03333333333333333 0.12462908011869436
0 0.0175 0.5519287833827893 0.035 0.09495548961424333
0 0.41 0.5548961424332344 0.025 0.08902077151335312
0 0.3858333333333333 0.5578635014836796 0.03333333333333333 0.08902077151335312
0 0.3541666666666667 0.5623145400593472 0.03 0.10089020771513353
0 0.085 0.5623145400593472 0.035 0.10682492581602374
0 0.325 0.56973293768546 0.028333333333333332 0.08605341246290801
0 0.8908333333333334 0.5712166172106825 0.04833333333333333 0.10979228486646884
0 0.295 0.5771513353115727 0.02666666666666667 0.0830860534124629
0 0.2675 0.5801186943620178 0.028333333333333332 0.08011869436201781
0 0.21083333333333334 0.5816023738872403 0.025 0.0771513353115727
0 0.24 0.5816023738872403 0.02666666666666667 0.08902077151335312
0 0.1175 0.5830860534124629 0.028333333333333332 0.09792284866468842
0 0.1875 0.5845697329376854 0.028333333333333332 0.08011869436201781
0 0.8416666666666667 0.5845697329376854 0.055 0.09495548961424333
0 0.7875 0.5949554896142433 0.04833333333333333 0.10089020771513353
0 0.7383333333333333 0.6008902077151336 0.05 0.10089020771513353
0 0.15083333333333335 0.6068249258160238 0.03833333333333333 0.09495548961424333
0 0.6891666666666667 0.6083086053412463 0.045 0.09495548961424333
0 0.645 0.6112759643916914 0.043333333333333335 0.09495548961424333
0 0.6033333333333334 0.6142433234421365 0.03833333333333333 0.10089020771513353
0 0.52 0.6231454005934718 0.03833333333333333 0.10979228486646884
0 0.5616666666666666 0.6246290801186943 0.04 0.09495548961424333
0 0.445 0.6305637982195845 0.03333333333333333 0.09198813056379822
0 0.48083333333333333 0.6305637982195845 0.03833333333333333 0.10385756676557864
0 0.4041666666666667 0.6379821958456974 0.02 0.0771513353115727
0 0.3775 0.6409495548961425 0.025 0.07418397626112759
0 0.030833333333333334 0.6528189910979229 0.041666666666666664 0.12166172106824925
0 0.31583333333333335 0.6572700296735905 0.025 0.08902077151335312
0 0.3475 0.6572700296735905 0.03166666666666667 0.0712166172106825
0 0.23083333333333333 0.6617210682492581 0.03 0.0830860534124629
0 0.1725 0.6632047477744807 0.025 0.0771513353115727
0 0.28833333333333333 0.6632047477744807 0.028333333333333332 0.08605341246290801
0 0.0675 0.6632047477744807 0.03 0.11869436201780416
0 0.19833333333333333 0.6646884272997032 0.03 0.07418397626112759
0 0.2575 0.6691394658753709 0.02666666666666667 0.07418397626112759
0 0.10333333333333333 0.685459940652819 0.03166666666666667 0.10682492581602374
0 0.9708333333333333 0.6928783382789317 0.056666666666666664 0.1572700296735905
0 0.13833333333333334 0.7062314540059347 0.03166666666666667 0.10682492581602374
0 0.18583333333333332 0.7418397626112759 0.02666666666666667 0.08902077151335312
0 0.16166666666666665 0.7477744807121661 0.02 0.08902077151335312
0 0.018333333333333333 0.7611275964391692 0.035 0.11275964391691394
0 0.051666666666666666 0.7833827893175074 0.03666666666666667 0.12759643916913946
0 0.08833333333333333 0.8011869436201781 0.03666666666666667 0.10979228486646884
0 0.12583333333333332 0.8115727002967359 0.03666666666666667 0.11275964391691394
0 0.15 0.8308605341246291 0.02666666666666667 0.0830860534124629
0 0.17333333333333334 0.8397626112759644 0.018333333333333333 0.0830860534124629
0 0.9716666666666667 0.8471810089020771 0.05333333333333334 0.1513353115727003
0 0.9758333333333333 0.9584569732937686 0.045 0.0771513353115727
0 0.9483333333333334 0.16913946587537093 0.06 0.11275964391691394
0 0.8791666666666667 0.24925816023738873 0.045 0.10089020771513353
0 0.8308333333333333 0.26409495548961426 0.05333333333333334 0.10979228486646884
0 0.7833333333333333 0.2774480712166172 0.045 0.09792284866468842
0 0.9525 0.28486646884273 0.06166666666666667 0.11869436201780416
0 0.7366666666666667 0.2922848664688427 0.05 0.10385756676557864