0 0.4075 0.29673590504451036 0.056666666666666664 0.10089020771513353
0 0.5758333333333333 0.29821958456973297 0.05333333333333334 0.10089020771513353
0 0.07 0.2997032640949555 0.055 0.13649851632047477
0 0.5208333333333334 0.3086053412462908 0.05333333333333334 0.11869436201780416
0 0.4625 0.31008902077151335 0.056666666666666664 0.13056379821958458
0 0.92 0.03412462908011869 0.051666666666666666 0.06824925816023739
0 0.9341666666666667 0.3323442136498516 0.043333333333333335 0.14540059347181009
0 0.8958333333333334 0.36795252225519287 0.041666666666666664 0.11275964391691394
0 0.7633333333333333 0.4065281899109792 0.06 0.1394658753709199
0 0.6416666666666667 0.413946587537092 0.056666666666666664 0.1513353115727003
0 0.3466666666666667 0.4169139465875371 0.045 0.11572700296735905
0 0.6925 0.41839762611275966 0.041666666666666664 0.10979228486646884
0 0.58 0.4228486646884273 0.06 0.1513353115727003
0 0.39916666666666667 0.4228486646884273 0.06666666666666667 0.1394658753709199
0 0.52 0.4287833827893175 0.058333333333333334 0.12462908011869436
0 0.4608333333333333 0.4317507418397626 0.05333333333333334 0.12462908011869436
0 0.25916666666666666 0.43471810089020774 0.07166666666666667 0.16023738872403562
0 0.1875 0.4421364985163205 0.065 0.1513353115727003
0 0.12333333333333334 0.4421364985163205 0.058333333333333334 0.14836795252225518
0 0.060833333333333336 0.443620178041543 0.058333333333333334 0.14540059347181009
0 0.8216666666666667 0.46439169139465875 0.045 0.09495548961424333
0 0.32 0.4836795252225519 0.041666666666666664 0.10682492581602374
0 0.8783333333333333 0.5534124629080118 0.065 0.1543026706231454
0 0.7683333333333333 0.5548961424332344 0.058333333333333334 0.14540059347181009
0 0.4583333333333333 0.5637982195845698 0.05333333333333334 0.1513353115727003
0 0.6458333333333334 0.5652818991097923 0.055 0.14836795252225518
0 0.7066666666666667 0.5652818991097923 0.058333333333333334 0.1632047477744807
0 0.4 0.5667655786350149 0.06166666666666667 0.14836795252225518
0 0.52 0.56973293768546 0.06 0.14540059347181009
0 0.5858333333333333 0.5712166172106825 0.06333333333333334 0.13649851632047477
0 0.8275 0.5712166172106825 0.051666666666666666 0.10682492581602374
0 0.2608333333333333 0.5830860534124629 0.07 0.13649851632047477
0 0.05416666666666667 0.5845697329376854 0.04833333333333333 0.13353115727002968
0 0.185 0.586053412462908 0.06666666666666667 0.13056379821958458
0 0.11666666666666667 0.5875370919881305 0.06 0.13056379821958458
0 0.32416666666666666 0.5949554896142433 0.045 0.10385756676557864
0 0.9733333333333334 0.06528189910979229 0.05 0.11869436201780416
0 0.7083333333333334 0.744807121661721 0.065 0.1513353115727003
0 0.77 0.7477744807121661 0.065 0.16023738872403562
0 0.6491666666666667 0.7507418397626113 0.05 0.16023738872403562
0 0.5866666666666667 0.7537091988130564 0.06833333333333333 0.1661721068249258
0 0.4608333333333333 0.7566765578635015 0.06166666666666667 0.16023738872403562
0 0.5216666666666666 0.7566765578635015 0.06 0.1632047477744807
0 0.39666666666666667 0.7611275964391692 0.06 0.1572700296735905
0 0.32916666666666666 0.7640949554896143 0.06166666666666667 0.1632047477744807
0 0.2608333333333333 0.7670623145400594 0.06833333333333333 0.1632047477744807
0 0.10333333333333333 0.7759643916913946 0.056666666666666664 0.14540059347181009
0 0.18666666666666668 0.7818991097922848 0.051666666666666666 0.12462908011869436
0 0.03833333333333333 0.7848664688427299 0.056666666666666664 0.13649851632047477
0 0.5916666666666667 0.9124629080118695 0.07 0.16913946587537093
0 0.5233333333333333 0.9154302670623146 0.06833333333333333 0.1572700296735905
0 0.6516666666666666 0.9154302670623146 0.05333333333333334 0.1543026706231454
0 0.7116666666666667 0.913946587537092 0.06333333333333334 0.1661721068249258
0 0.775 0.9154302670623146 0.06833333333333333 0.1632047477744807
0 0.17916666666666667 0.9198813056379822 0.06666666666666667 0.14836795252225518
0 0.46166666666666667 0.9198813056379822 0.058333333333333334 0.1572700296735905
0 0.39666666666666667 0.9213649851632048 0.06333333333333334 0.1543026706231454
0 0.10166666666666667 0.9228486646884273 0.07 0.14836795252225518
0 0.25416666666666665 0.9258160237388724 0.06833333333333333 0.142433234421365
0 0.3258333333333333 0.9258160237388724 0.06666666666666667 0.14540059347181009
0 0.0325 0.9272997032640949 0.06333333333333334 0.1394658753709199
0 0.14083333333333334 0.142433234421365 0.06 0.10385756676557864
0 0.0775 0.16023738872403562 0.06166666666666667 0.12759643916913946
0 0.35 0.16172106824925817 0.055 0.12166172106824925
0 0.7358333333333333 0.1661721068249258 0.06166666666666667 0.1572700296735905
0 0.4075 0.16913946587537093 0.051666666666666666 0.14540059347181009
0 0.4625 0.17507418397626112 0.051666666666666666 0.13649851632047477
0 0.6808333333333333 0.1795252225519288 0.051666666666666666 0.1394658753709199
0 0.5183333333333333 0.18100890207715134 0.05333333333333334 0.1394658753709199
0 0.5725 0.18100890207715134 0.05333333333333334 0.13353115727002968
0 0.6283333333333333 0.18397626112759644 0.05333333333333334 0.142433234421365
0 0.94 0.18991097922848665 0.06333333333333334 0.13353115727002968
0 0.8883333333333333 0.24925816023738873 0.043333333333333335 0.13353115727002968
0 0.2625 0.26706231454005935 0.065 0.1632047477744807
0 0.1925 0.28041543026706234 0.06833333333333333 0.16023738872403562
0 0.12833333333333333 0.2818991097922849 0.055 0.16023738872403562
0 0.3466666666666667 0.2893175074183976 0.058333333333333334 0.12166172106824925
0 0.7391666666666666 0.2893175074183976 0.056666666666666664 0.09198813056379822
0 0.6825 0.29376854599406527 0.04833333333333333 0.09495548961424333
0 0.02 0.2952522255192878 0.03833333333333333 0.12759643916913946
0 0.6308333333333334 0.2952522255192878 0.05333333333333334 0.09792284866468842