0 0.29333333333333333 0.5415430267062314 0.05 0.10682492581602374
0 0.3466666666666667 0.5415430267062314 0.05 0.10385756676557864
0 0.3975 0.5445103857566765 0.04666666666666667 0.10682492581602374
0 0.4691666666666667 0.5563798219584569 0.05333333333333334 0.10682492581602374
0 0.52 0.5608308605341247 0.045 0.10089020771513353
0 0.5666666666666667 0.5637982195845698 0.05 0.09792284866468842
0 0.6108333333333333 0.5652818991097923 0.043333333333333335 0.10089020771513353
0 0.2875 0.6617210682492581 0.055 0.11275964391691394
0 0.3433333333333333 0.6661721068249258 0.051666666666666666 0.12166172106824925
0 0.39666666666666667 0.6602373887240356 0.05333333333333334 0.12462908011869436
0 0.465 0.6676557863501483 0.04833333333333333 0.11572700296735905
0 0.5141666666666667 0.6706231454005934 0.04666666666666667 0.11275964391691394
0 0.5633333333333334 0.672106824925816 0.04833333333333333 0.11869436201780416
0 0.6133333333333333 0.6750741839762612 0.04833333333333333 0.11572700296735905
0 0.28583333333333333 0.7908011869436202 0.05333333333333334 0.1394658753709199
0 0.34 0.7937685459940653 0.05333333333333334 0.1394658753709199
0 0.39416666666666667 0.7937685459940653 0.055 0.13649851632047477
0 0.4625 0.7893175074183977 0.04666666666666667 0.12462908011869436
0 0.5116666666666667 0.787833827893175 0.04833333333333333 0.12759643916913946
0 0.5616666666666666 0.7937685459940653 0.04833333333333333 0.13056379821958458
0 0.615 0.7937685459940653 0.05333333333333334 0.12462908011869436
0 0.5091666666666667 0.9258160237388724 0.04833333333333333 0.13353115727002968
0 0.5591666666666667 0.9258160237388724 0.051666666666666666 0.13353115727002968
0 0.615 0.9272997032640949 0.058333333333333334 0.13353115727002968
0 0.395 0.9272997032640949 0.051666666666666666 0.13056379821958458
0 0.3383333333333333 0.9287833827893175 0.055 0.13056379821958458
0 0.2841666666666667 0.9094955489614244 0.04666666666666667 0.08605341246290801
0 0.22833333333333333 0.7685459940652819 0.056666666666666664 0.0830860534124629
0 0.15916666666666668 0.3545994065281899 0.03 0.07418397626112759
0 0.15416666666666667 0.4258160237388724 0.03166666666666667 0.06824925816023739
0 0.15 0.49554896142433236 0.03333333333333333 0.06231454005934718
0 0.1875 0.49554896142433236 0.03666666666666667 0.06528189910979229
0 0.18583333333333332 0.4287833827893175 0.03166666666666667 0.06824925816023739
0 0.19083333333333333 0.35756676557863504 0.03 0.06528189910979229
0 0.23 0.35756676557863504 0.028333333333333332 0.06824925816023739
0 0.26166666666666666 0.3649851632047478 0.03333333333333333 0.07418397626112759
0 0.3 0.36350148367952523 0.03 0.05934718100890208
0 0.33166666666666667 0.3590504451038576 0.028333333333333332 0.06824925816023739
0 0.2325 0.4287833827893175 0.03 0.06824925816023739
0 0.2275 0.4940652818991098 0.025 0.06528189910979229
0 0.26416666666666666 0.4317507418397626 0.03 0.0712166172106825
0 0.25666666666666665 0.4970326409495549 0.02 0.06231454005934718
0 0.2941666666666667 0.43026706231454004 0.028333333333333332 0.06824925816023739
0 0.3275 0.4317507418397626 0.03 0.0771513353115727
0 0.7308333333333333 0.3961424332344214 0.025 0.06231454005934718
0 0.7341666666666666 0.46439169139465875 0.028333333333333332 0.06824925816023739
0 0.7583333333333333 0.39465875370919884 0.02666666666666667 0.06824925816023739
0 0.7641666666666667 0.45845697329376855 0.023333333333333334 0.06528189910979229
0 0.7858333333333334 0.3961424332344214 0.021666666666666667 0.06824925816023739
0 0.7858333333333334 0.46439169139465875 0.03 0.0771513353115727
0 0.8075 0.3961424332344214 0.023333333333333334 0.05934718100890208
0 0.8116666666666666 0.46439169139465875 0.025 0.0712166172106825
0 0.8375 0.4169139465875371 0.025 0.05934718100890208
0 0.8391666666666666 0.47477744807121663 0.028333333333333332 0.05341246290801187
0 0.7391666666666666 0.5237388724035609 0.028333333333333332 0.050445103857566766
0 0.7641666666666667 0.5207715133531158 0.021666666666666667 0.05637982195845697
0 0.7916666666666666 0.526706231454006 0.028333333333333332 0.04747774480712166
0 0.8183333333333334 0.5252225519287834 0.025 0.05341246290801187
0 0.845 0.5281899109792285 0.021666666666666667 0.050445103857566766
0 0.23666666666666666 0.6661721068249258 0.041666666666666664 0.11275964391691394
0 0.36 0.3724035608308605 0.03 0.07418397626112759
0 0.3983333333333333 0.37537091988130566 0.02666666666666667 0.07418397626112759
0 0.43 0.3768545994065282 0.03 0.06528189910979229
0 0.4583333333333333 0.3768545994065282 0.025 0.06824925816023739
0 0.4891666666666667 0.3798219584569733 0.028333333333333332 0.0712166172106825
0 0.5166666666666667 0.37833827893175076 0.02666666666666667 0.06231454005934718
0 0.5575 0.38427299703264095 0.03 0.05934718100890208
0 0.5833333333333334 0.3857566765578635 0.021666666666666667 0.05934718100890208
0 0.6133333333333333 0.39317507418397624 0.021666666666666667 0.0771513353115727
0 0.6441666666666667 0.3916913946587537 0.025 0.05934718100890208
0 0.6725 0.39020771513353114 0.02666666666666667 0.0771513353115727
0 0.7041666666666667 0.3916913946587537 0.023333333333333334 0.05934718100890208
0 0.36 0.4406528189910979 0.03 0.06231454005934718
0 0.3983333333333333 0.443620178041543 0.025 0.06824925816023739
0 0.42916666666666664 0.43768545994065283 0.02666666666666667 0.05934718100890208
0 0.4608333333333333 0.4362017804154303 0.025 0.050445103857566766
0 0.49 0.44807121661721067 0.021666666666666667 0.06528189910979229
0 0.5166666666666667 0.4362017804154303 0.025 0.06231454005934718
0 0.5566666666666666 0.4495548961424332 0.021666666666666667 0.06824925816023739
0 0.585 0.44807121661721067 0.021666666666666667 0.06528189910979229
0 0.6158333333333333 0.456973293768546 0.025 0.05341246290801187
0 0.645 0.456973293768546 0.028333333333333332 0.05934718100890208
0 0.675 0.4599406528189911 0.028333333333333332 0.05934718100890208
0 0.7066666666666667 0.4540059347181009 0.023333333333333334 0.05341246290801187
0 0.7041666666666667 0.5118694362017804 0.02 0.06824925816023739
0 0.675 0.5207715133531158 0.02666666666666667 0.04747774480712166
0 0.6466666666666666 0.5192878338278932 0.021666666666666667 0.04451038575667656
0 0.7066666666666667 0.7492581602373887 0.03333333333333333 0.0771513353115727
0 0.7108333333333333 0.8397626112759644 0.03333333333333333 0.09495548961424333
0 0.7133333333333334 0.9317507418397626 0.035 0.0830860534124629
0 0.7416666666666667 0.7522255192878339 0.03166666666666667 0.09198813056379822
0 0.7483333333333333 0.8382789317507419 0.03 0.08011869436201781
0 0.7491666666666666 0.93026706231454 0.03666666666666667 0.09495548961424333
0 0.7725 0.7537091988130564 0.02666666666666667 0.08605341246290801
0 0.7991666666666667 0.7581602373887241 0.03166666666666667 0.0830860534124629
0 0.8325 0.7507418397626113 0.02666666666666667 0.0771513353115727
0 0.7758333333333334 0.8382789317507419 0.025 0.08011869436201781
0 0.8033333333333333 0.8427299703264095 0.03 0.0771513353115727
0 0.8375 0.8338278931750742 0.03166666666666667 0.0771513353115727
0 0.7833333333333333 0.9287833827893175 0.03 0.08902077151335312
0 0.8091666666666667 0.9228486646884273 0.03 0.08902077151335312
0 0.8425 0.9258160237388724 0.03 0.08902077151335312
0 0.19916666666666666 0.13798219584569732 0.02666666666666667 0.0712166172106825
0 0.22666666666666666 0.14540059347181009 0.02666666666666667 0.05934718100890208
0 0.25833333333333336 0.14985163204747776 0.03 0.05934718100890208
0 0.2875 0.15281899109792285 0.025 0.05934718100890208
0 0.315 0.15578635014836795 0.03 0.05934718100890208
0 0.3475 0.16023738872403562 0.02666666666666667 0.05934718100890208
0 0.37666666666666665 0.17359050445103857 0.03 0.06824925816023739
0 0.4066666666666667 0.17210682492581603 0.021666666666666667 0.05934718100890208
0 0.43333333333333335 0.1795252225519288 0.025 0.06231454005934718
0 0.46 0.1795252225519288 0.025 0.05934718100890208
0 0.48833333333333334 0.1824925816023739 0.023333333333333334 0.06528189910979229
0 0.515 0.1884272997032641 0.025 0.05934718100890208
0 0.5441666666666667 0.1913946587537092 0.02666666666666667 0.05637982195845697
0 0.57 0.1913946587537092 0.028333333333333332 0.06528189910979229
0 0.5958333333333333 0.19584569732937684 0.021666666666666667 0.05934718100890208
0 0.6233333333333333 0.19287833827893175 0.028333333333333332 0.06528189910979229
0 0.6483333333333333 0.19584569732937684 0.021666666666666667 0.05934718100890208
0 0.6741666666666667 0.19881305637982197 0.02666666666666667 0.06824925816023739
0 0.7 0.20029673590504452 0.02666666666666667 0.05934718100890208
0 0.7241666666666666 0.2062314540059347 0.025 0.05934718100890208
0 0.1925 0.20474777448071216 0.03 0.06824925816023739
0 0.2275 0.21068249258160238 0.03333333333333333 0.06231454005934718
0 0.25833333333333336 0.21216617210682492 0.025 0.06824925816023739
0 0.18833333333333332 0.26706231454005935 0.03333333333333333 0.05934718100890208
0 0.22083333333333333 0.2744807121661721 0.03333333333333333 0.05341246290801187
0 0.255 0.2774480712166172 0.03166666666666667 0.05341246290801187
0 0.2875 0.2166172106824926 0.03333333333333333 0.06824925816023739
0 0.2866666666666667 0.2789317507418398 0.025 0.05341246290801187
0 0.3175 0.21513353115727002 0.02666666666666667 0.05934718100890208
0 0.31583333333333335 0.2774480712166172 0.028333333333333332 0.06231454005934718
0 0.3458333333333333 0.22403560830860533 0.02666666666666667 0.05934718100890208
0 0.3466666666666667 0.28338278931750743 0.03 0.05934718100890208
0 0.37333333333333335 0.23293768545994065 0.03 0.05341246290801187
0 0.37833333333333335 0.2878338278931751 0.021666666666666667 0.05341246290801187
0 0.4033333333333333 0.2344213649851632 0.028333333333333332 0.05934718100890208
0 0.43333333333333335 0.23590504451038577 0.023333333333333334 0.05341246290801187
0 0.4608333333333333 0.23887240356083086 0.025 0.05934718100890208
0 0.4875 0.2433234421364985 0.02666666666666667 0.05934718100890208
0 0.515 0.24777448071216618 0.028333333333333332 0.05637982195845697
0 0.5416666666666666 0.24629080118694363 0.025 0.05341246290801187
0 0.57 0.2522255192878338 0.025 0.05934718100890208
0 0.595 0.2522255192878338 0.028333333333333332 0.05934718100890208
0 0.6241666666666666 0.2551928783382789 0.028333333333333332 0.05341246290801187
0 0.6508333333333334 0.25667655786350146 0.023333333333333334 0.06231454005934718
0 0.6725 0.26706231454005935 0.02666666666666667 0.05637982195845697
0 0.6991666666666667 0.2626112759643917 0.023333333333333334 0.05637982195845697
0 0.7258333333333333 0.258160237388724 0.035 0.05637982195845697
0 0.405 0.28635014836795253 0.028333333333333332 0.05934718100890208
0 0.4325 0.2878338278931751 0.02666666666666667 0.04451038575667656
0 0.4608333333333333 0.29821958456973297 0.023333333333333334 0.050445103857566766
0 0.4866666666666667 0.29821958456973297 0.02666666666666667 0.04747774480712166
0 0.515 0.30415430267062316 0.03 0.04451038575667656
0 0.5408333333333334 0.2997032640949555 0.028333333333333332 0.05341246290801187
0 0.5691666666666667 0.3056379821958457 0.028333333333333332 0.04747774480712166
0 0.5983333333333334 0.3086053412462908 0.028333333333333332 0.04451038575667656
0 0.625 0.3086053412462908 0.023333333333333334 0.050445103857566766
0 0.6533333333333333 0.314540059347181 0.028333333333333332 0.04451038575667656
0 0.6808333333333333 0.31602373887240354 0.021666666666666667 0.04154302670623145
0 0.7041666666666667 0.30712166172106825 0.023333333333333334 0.04451038575667656
0 0.7308333333333333 0.31602373887240354 0.028333333333333332 0.06231454005934718