0 0.9341666666666667 0.29821958456973297 0.06 0.12166172106824925
0 0.9825 0.30118694362017806 0.03166666666666667 0.12166172106824925
0 0.4825 0.3694362017804154 0.051666666666666666 0.142433234421365
0 0.54 0.3724035608308605 0.051666666666666666 0.1394658753709199
0 0.25333333333333335 0.3768545994065282 0.05333333333333334 0.13056379821958458
0 0.4266666666666667 0.37833827893175076 0.05333333333333334 0.13353115727002968
0 0.31083333333333335 0.3798219584569733 0.051666666666666666 0.13649851632047477
0 0.36833333333333335 0.3798219584569733 0.051666666666666666 0.12759643916913946
0 0.6525 0.3798219584569733 0.05 0.13649851632047477
0 0.5975 0.3827893175074184 0.051666666666666666 0.13649851632047477
0 0.7675 0.3827893175074184 0.05333333333333334 0.142433234421365
0 0.7108333333333333 0.38427299703264095 0.051666666666666666 0.13353115727002968
0 0.8241666666666667 0.39020771513353114 0.051666666666666666 0.12759643916913946
0 0.8808333333333334 0.4124629080118694 0.056666666666666664 0.12166172106824925
0 0.9825 0.4169139465875371 0.03166666666666667 0.12759643916913946
0 0.9391666666666667 0.4169139465875371 0.058333333333333334 0.11572700296735905
0 0.30916666666666665 0.4762611275964392 0.055 0.05341246290801187
0 0.24833333333333332 0.5074183976261127 0.05 0.13353115727002968
0 0.36833333333333335 0.5118694362017804 0.06 0.13056379821958458
0 0.8283333333333334 0.5192878338278932 0.04833333333333333 0.11572700296735905
0 0.8833333333333333 0.5252225519287834 0.058333333333333334 0.10385756676557864
0 0.9441666666666667 0.526706231454006 0.056666666666666664 0.10089020771513353
0 0.4375 0.5578635014836796 0.058333333333333334 0.1632047477744807
0 0.49666666666666665 0.5608308605341247 0.06 0.1513353115727003
0 0.1325 0.5727002967359051 0.058333333333333334 0.1513353115727003
0 0.19916666666666666 0.5741839762611276 0.06 0.1513353115727003
0 0.06833333333333333 0.5741839762611276 0.056666666666666664 0.16023738872403562
0 0.7416666666666667 0.5756676557863502 0.058333333333333334 0.14540059347181009
0 0.62 0.5771513353115727 0.051666666666666666 0.14540059347181009
0 0.68 0.5771513353115727 0.055 0.14836795252225518
0 0.8033333333333333 0.5786350148367952 0.056666666666666664 0.13353115727002968
0 0.3075 0.5801186943620178 0.055 0.1513353115727003
0 0.5591666666666667 0.5801186943620178 0.055 0.1543026706231454
0 0.9833333333333333 0.7151335311572701 0.03 0.17804154302670624
0 0.9383333333333334 0.7166172106824926 0.065 0.16913946587537093
0 0.43083333333333335 0.7195845697329377 0.06 0.1632047477744807
0 0.4975 0.7225519287833828 0.058333333333333334 0.16913946587537093
0 0.06 0.7255192878338279 0.06 0.1661721068249258
0 0.745 0.7270029673590505 0.058333333333333334 0.1572700296735905
0 0.18916666666666668 0.728486646884273 0.056666666666666664 0.16023738872403562
0 0.6208333333333333 0.728486646884273 0.058333333333333334 0.16023738872403562
0 0.865 0.7299703264094956 0.055 0.1513353115727003
0 0.36916666666666664 0.7314540059347181 0.056666666666666664 0.1572700296735905
0 0.5575 0.7314540059347181 0.056666666666666664 0.1513353115727003
0 0.8075 0.7314540059347181 0.058333333333333334 0.1543026706231454
0 0.6833333333333333 0.7329376854599406 0.06 0.1632047477744807
0 0.125 0.7344213649851632 0.06166666666666667 0.1661721068249258
0 0.30416666666666664 0.7388724035608308 0.058333333333333334 0.16023738872403562
0 0.2475 0.7848664688427299 0.05 0.12759643916913946
0 0.9433333333333334 0.8724035608308606 0.07166666666666667 0.1632047477744807
0 0.9883333333333333 0.8753709198813057 0.02 0.1543026706231454
0 0.8691666666666666 0.8783382789317508 0.051666666666666666 0.14836795252225518
0 0.43 0.8798219584569733 0.058333333333333334 0.16023738872403562
0 0.18416666666666667 0.8813056379821959 0.06 0.14836795252225518
0 0.49416666666666664 0.8813056379821959 0.058333333333333334 0.1513353115727003
0 0.7483333333333333 0.8813056379821959 0.056666666666666664 0.1394658753709199
0 0.56 0.8827893175074184 0.06166666666666667 0.1513353115727003
0 0.04666666666666667 0.884272997032641 0.06 0.14836795252225518
0 0.6225 0.884272997032641 0.058333333333333334 0.1543026706231454
0 0.6883333333333334 0.884272997032641 0.065 0.1394658753709199
0 0.8116666666666666 0.884272997032641 0.06833333333333333 0.142433234421365
0 0.37166666666666665 0.8857566765578635 0.045 0.1394658753709199
0 0.115 0.8887240356083086 0.06333333333333334 0.14540059347181009
0 0.4825 0.09050445103857567 0.05 0.13353115727002968
0 0.2875 0.8946587537091988 0.03833333333333333 0.142433234421365
0 0.24333333333333335 0.9050445103857567 0.04666666666666667 0.11275964391691394
0 0.5341666666666667 0.09643916913946587 0.04666666666666667 0.13353115727002968
0 0.4275 0.10682492581602374 0.051666666666666666 0.13353115727002968
0 0.25916666666666666 0.11127596439169139 0.05 0.13056379821958458
0 0.3175 0.11127596439169139 0.05333333333333334 0.13649851632047477
0 0.3725 0.1172106824925816 0.05 0.13353115727002968
0 0.59 0.1172106824925816 0.05333333333333334 0.13056379821958458
0 0.7041666666666667 0.11869436201780416 0.051666666666666666 0.12166172106824925
0 0.6491666666666667 0.12314540059347182 0.05333333333333334 0.142433234421365
0 0.7633333333333333 0.13204747774480713 0.05333333333333334 0.12166172106824925
0 0.4816666666666667 0.228486646884273 0.04833333333333333 0.13649851632047477
0 0.535 0.22997032640949555 0.05333333333333334 0.14540059347181009
0 0.4275 0.2433234421364985 0.05333333333333334 0.13649851632047477
0 0.25416666666666665 0.24629080118694363 0.051666666666666666 0.12759643916913946
0 0.31166666666666665 0.24629080118694363 0.051666666666666666 0.13353115727002968
0 0.5941666666666666 0.24629080118694363 0.04666666666666667 0.12759643916913946
0 0.36916666666666664 0.24777448071216618 0.055 0.12462908011869436
0 0.7075 0.24777448071216618 0.056666666666666664 0.12462908011869436
0 0.7641666666666667 0.2522255192878338 0.05 0.11572700296735905
0 0.6516666666666666 0.25370919881305637 0.051666666666666666 0.12166172106824925
0 0.8208333333333333 0.25667655786350146 0.05 0.12462908011869436
0 0.8783333333333333 0.29376854599406527 0.055 0.12759643916913946