0 0.30416666666666664 0.5622222222222222 0.025 0.057777777777777775
0 0.3283333333333333 0.56 0.023333333333333334 0.05555555555555555
0 0.3541666666666667 0.5577777777777778 0.025 0.05555555555555555
0 0.38083333333333336 0.5577777777777778 0.03 0.06
0 0.4125 0.5566666666666666 0.02666666666666667 0.06222222222222222
0 0.4425 0.5566666666666666 0.028333333333333332 0.06222222222222222
0 0.5075 0.5544444444444444 0.028333333333333332 0.06222222222222222
0 0.5416666666666666 0.5522222222222222 0.03833333333333333 0.06666666666666667
0 0.5808333333333333 0.5488888888888889 0.03833333333333333 0.07333333333333333
0 0.6225 0.55 0.04 0.07111111111111111
0 0.6641666666666667 0.5477777777777778 0.04 0.07111111111111111
0 0.7058333333333333 0.5433333333333333 0.043333333333333335 0.07333333333333333
0 0.31166666666666665 0.4988888888888889 0.025 0.06
0 0.3375 0.4988888888888889 0.021666666666666667 0.05555555555555555
0 0.36666666666666664 0.49777777777777776 0.023333333333333334 0.05333333333333334
0 0.39166666666666666 0.4955555555555556 0.025 0.057777777777777775
0 0.42 0.49333333333333335 0.023333333333333334 0.057777777777777775
0 0.44916666666666666 0.49444444444444446 0.023333333333333334 0.06
0 0.4791666666666667 0.4888888888888889 0.025 0.057777777777777775
0 0.4725 0.5544444444444444 0.03166666666666667 0.06
0 0.5116666666666667 0.4888888888888889 0.03 0.05555555555555555
0 0.55 0.4811111111111111 0.03166666666666667 0.06
0 0.5858333333333333 0.47444444444444445 0.03 0.06666666666666667
0 0.6258333333333334 0.47333333333333333 0.04 0.07333333333333333
0 0.6666666666666666 0.4722222222222222 0.04 0.07555555555555556
0 0.7091666666666666 0.4666666666666667 0.04 0.07111111111111111
0 0.325 0.4411111111111111 0.023333333333333334 0.05333333333333334
0 0.3516666666666667 0.4411111111111111 0.025 0.05333333333333334
0 0.38 0.4388888888888889 0.025 0.06
0 0.4066666666666667 0.4311111111111111 0.021666666666666667 0.05555555555555555
0 0.43166666666666664 0.42777777777777776 0.03 0.06
0 0.4608333333333333 0.42444444444444446 0.028333333333333332 0.05333333333333334
0 0.49 0.42 0.028333333333333332 0.06
0 0.5233333333333333 0.41888888888888887 0.03 0.06222222222222222
0 0.5566666666666666 0.41333333333333333 0.03 0.06444444444444444
0 0.5933333333333334 0.40444444444444444 0.035 0.06222222222222222
0 0.6325 0.3988888888888889 0.03833333333333333 0.07111111111111111
0 0.6708333333333333 0.39555555555555555 0.03833333333333333 0.06888888888888889
0 0.7133333333333334 0.39222222222222225 0.043333333333333335 0.07777777777777778
0 0.33416666666666667 0.3877777777777778 0.02666666666666667 0.051111111111111114
0 0.36 0.3811111111111111 0.028333333333333332 0.057777777777777775
0 0.3875 0.3788888888888889 0.025 0.051111111111111114
0 0.41333333333333333 0.37222222222222223 0.02666666666666667 0.057777777777777775
0 0.44166666666666665 0.3688888888888889 0.025 0.05333333333333334
0 0.4683333333333333 0.36333333333333334 0.028333333333333332 0.05555555555555555
0 0.4975 0.35777777777777775 0.028333333333333332 0.05555555555555555
0 0.5308333333333334 0.3522222222222222 0.03333333333333333 0.06
0 0.5675 0.34444444444444444 0.03666666666666667 0.06222222222222222
0 0.5991666666666666 0.33666666666666667 0.03166666666666667 0.06444444444444444
0 0.6358333333333334 0.32666666666666666 0.03833333333333333 0.06222222222222222
0 0.6758333333333333 0.32666666666666666 0.03166666666666667 0.06222222222222222
0 0.7183333333333334 0.32 0.03833333333333333 0.06222222222222222
0 0.7625 0.30777777777777776 0.043333333333333335 0.06888888888888889
0 0.7608333333333334 0.3844444444444444 0.041666666666666664 0.08
0 0.7575 0.46444444444444444 0.045 0.07777777777777778
0 0.7525 0.5411111111111111 0.043333333333333335 0.07333333333333333
0 0.8091666666666667 0.30777777777777776 0.04666666666666667 0.07555555555555556
0 0.8083333333333333 0.3844444444444444 0.04666666666666667 0.07555555555555556
0 0.8058333333333333 0.4622222222222222 0.04666666666666667 0.08
0 0.8016666666666666 0.5433333333333333 0.04666666666666667 0.07777777777777778
0 0.8583333333333333 0.29777777777777775 0.04833333333333333 0.07777777777777778
0 0.86 0.37555555555555553 0.04833333333333333 0.08444444444444445
0 0.8575 0.46111111111111114 0.05 0.08888888888888889
0 0.855 0.5388888888888889 0.051666666666666666 0.06888888888888889
0 0.9141666666666667 0.28555555555555556 0.05333333333333334 0.08444444444444445
0 0.915 0.3688888888888889 0.05333333333333334 0.08222222222222222
0 0.9083333333333333 0.45555555555555555 0.055 0.08888888888888889
0 0.91 0.5377777777777778 0.056666666666666664 0.07333333333333333
0 0.9641666666666666 0.2722222222222222 0.043333333333333335 0.08
0 0.9625 0.3566666666666667 0.041666666666666664 0.08
0 0.9591666666666666 0.4444444444444444 0.04666666666666667 0.08444444444444445
0 0.96 0.53 0.04666666666666667 0.08222222222222222