0 0.2575 0.2511111111111111 0.10166666666666667 0.22444444444444445
0 0.7616666666666667 0.41 0.17833333333333334 0.3377777777777778
0 0.6 0.4288888888888889 0.13833333333333334 0.29777777777777775
0 0.4725 0.44 0.11166666666666666 0.2733333333333333
0 0.36333333333333334 0.44666666666666666 0.10333333333333333 0.2577777777777778
0 0.25833333333333336 0.4766666666666667 0.085 0.21555555555555556
0 0.1775 0.47888888888888886 0.07166666666666667 0.19777777777777777
0 0.4791666666666667 0.7233333333333334 0.10166666666666667 0.2822222222222222
0 0.605 0.7411111111111112 0.14666666666666667 0.31555555555555553
0 0.765 0.7677777777777778 0.17833333333333334 0.37333333333333335
0 0.25666666666666665 0.7733333333333333 0.07333333333333333 0.25333333333333335
0 0.7575 0.11222222222222222 0.18 0.21777777777777776
0 0.5966666666666667 0.1411111111111111 0.13333333333333333 0.26222222222222225
0 0.4691666666666667 0.17222222222222222 0.11166666666666666 0.25555555555555554
0 0.35583333333333333 0.20444444444444446 0.10666666666666667 0.21777777777777776