0 0.375 0.29673590504451036 0.058333333333333334 0.17507418397626112
0 0.6575 0.3219584569732938 0.11666666666666667 0.23738872403560832
0 0.32166666666666666 0.3456973293768546 0.051666666666666666 0.1632047477744807
0 0.5683333333333334 0.35014836795252224 0.085 0.2166172106824926
0 0.26916666666666667 0.37537091988130566 0.045 0.1543026706231454
0 0.49083333333333334 0.39762611275964393 0.07333333333333333 0.20771513353115728
0 0.23166666666666666 0.41097922848664686 0.03166666666666667 0.1513353115727003
0 0.19083333333333333 0.4228486646884273 0.043333333333333335 0.1394658753709199
0 0.42916666666666664 0.4332344213649852 0.058333333333333334 0.18991097922848665
0 0.3675 0.4821958456973294 0.05 0.17804154302670624
0 0.9216666666666666 0.486646884272997 0.145 0.29080118694362017
0 0.31 0.5192878338278932 0.058333333333333334 0.17507418397626112
0 0.7983333333333333 0.5311572700296736 0.11833333333333333 0.2818991097922849
0 0.2625 0.543026706231454 0.035 0.17507418397626112
0 0.22083333333333333 0.5712166172106825 0.04 0.1632047477744807
0 0.6733333333333333 0.5727002967359051 0.11 0.258160237388724
0 0.17833333333333334 0.5934718100890207 0.045 0.1572700296735905
0 0.5775 0.5934718100890207 0.08833333333333333 0.2522255192878338
0 0.495 0.6231454005934718 0.075 0.2344213649851632
0 0.4225 0.6513353115727003 0.065 0.228486646884273
0 0.7833333333333333 0.06824925816023739 0.11 0.13056379821958458
0 0.36 0.6824925816023739 0.06 0.21068249258160238
0 0.3025 0.7136498516320475 0.05 0.19287833827893175
0 0.25083333333333335 0.7359050445103857 0.04666666666666667 0.18694362017804153
0 0.205 0.7462908011869436 0.041666666666666664 0.18397626112759644
0 0.16166666666666665 0.7566765578635015 0.03833333333333333 0.17804154302670624
0 0.9166666666666666 0.0771513353115727 0.095 0.1513353115727003
0 0.9325 0.814540059347181 0.13333333333333333 0.34124629080118696
0 0.8141666666666667 0.8367952522255193 0.13 0.2997032640949555
0 0.6875 0.8501483679525222 0.12333333333333334 0.27299703264094954
0 0.585 0.8635014836795252 0.09166666666666666 0.27002967359050445
0 0.49583333333333335 0.8724035608308606 0.085 0.2522255192878338
0 0.4241666666666667 0.8798219584569733 0.06 0.2344213649851632
0 0.3591666666666667 0.8931750741839762 0.06166666666666667 0.20771513353115728
0 0.29833333333333334 0.9065281899109793 0.056666666666666664 0.17507418397626112
0 0.2425 0.913946587537092 0.05 0.1632047477744807
0 0.19416666666666665 0.9183976261127597 0.045 0.1543026706231454
0 0.15083333333333335 0.9228486646884273 0.041666666666666664 0.1513353115727003
0 0.645 0.09940652818991098 0.105 0.19287833827893175
0 0.56 0.13056379821958458 0.075 0.18694362017804153
0 0.7141666666666666 0.15578635014836795 0.043333333333333335 0.20474777448071216
0 0.43916666666666665 0.23738872403560832 0.06833333333333333 0.17210682492581603
0 0.9391666666666667 0.2507418397626113 0.1 0.1661721068249258
0 0.7883333333333333 0.2596439169139466 0.125 0.2433234421364985