0 0.2975 0.032640949554896145 0.056666666666666664 0.05934718100890208
0 0.585 0.03412462908011869 0.035 0.06231454005934718
0 0.7891666666666667 0.03412462908011869 0.028333333333333332 0.05934718100890208
0 0.8191666666666667 0.04154302670623145 0.028333333333333332 0.0771513353115727
0 0.8475 0.04302670623145401 0.02666666666666667 0.08011869436201781
0 0.355 0.04451038575667656 0.04666666666666667 0.08605341246290801
0 0.405 0.04747774480712166 0.05 0.09495548961424333
0 0.6233333333333333 0.04896142433234421 0.03833333333333333 0.09198813056379822
0 0.8766666666666667 0.04896142433234421 0.03 0.08902077151335312
0 0.9083333333333333 0.04896142433234421 0.03333333333333333 0.08902077151335312
0 0.9408333333333333 0.05489614243323442 0.02666666666666667 0.0830860534124629
0 0.6616666666666666 0.05637982195845697 0.035 0.09198813056379822
0 0.11583333333333333 0.5756676557863502 0.06666666666666667 0.18991097922848665
0 0.18666666666666668 0.5801186943620178 0.058333333333333334 0.17210682492581603
0 0.25416666666666665 0.5816023738872403 0.056666666666666664 0.17507418397626112
0 0.03833333333333333 0.5934718100890207 0.07 0.18397626112759644
0 0.32083333333333336 0.6097922848664689 0.058333333333333334 0.1661721068249258
0 0.36916666666666664 0.612759643916914 0.045 0.1394658753709199
0 0.4791666666666667 0.6142433234421365 0.04666666666666667 0.13353115727002968
0 0.42833333333333334 0.615727002967359 0.05333333333333334 0.142433234421365
0 0.5241666666666667 0.6246290801186943 0.04666666666666667 0.1394658753709199
0 0.575 0.6275964391691394 0.051666666666666666 0.12462908011869436
0 0.6191666666666666 0.6305637982195845 0.03833333333333333 0.1394658753709199
0 0.7633333333333333 0.642433234421365 0.05 0.11869436201780416
0 0.6658333333333334 0.6454005934718101 0.03666666666666667 0.10385756676557864
0 0.7008333333333333 0.6454005934718101 0.03833333333333333 0.10385756676557864
0 0.8033333333333333 0.6483679525222552 0.023333333333333334 0.11275964391691394
0 0.8616666666666667 0.6483679525222552 0.03 0.10979228486646884
0 0.8308333333333333 0.6498516320474778 0.03333333333333333 0.11572700296735905
0 0.455 0.06676557863501484 0.043333333333333335 0.10682492581602374
0 0.9316666666666666 0.6572700296735905 0.04666666666666667 0.10979228486646884
0 0.8925 0.658753709198813 0.03333333333333333 0.10385756676557864
0 0.6958333333333333 0.0712166172106825 0.03333333333333333 0.08902077151335312
0 0.25166666666666665 0.7581602373887241 0.06666666666666667 0.17210682492581603
0 0.42916666666666664 0.7596439169139466 0.051666666666666666 0.1543026706231454
0 0.7058333333333333 0.7596439169139466 0.028333333333333332 0.11869436201780416
0 0.9341666666666667 0.7596439169139466 0.043333333333333335 0.09792284866468842
0 0.6675 0.7611275964391692 0.04666666666666667 0.12462908011869436
0 0.8608333333333333 0.7611275964391692 0.03333333333333333 0.10682492581602374
0 0.8916666666666667 0.7611275964391692 0.03 0.10089020771513353
0 0.11166666666666666 0.7611275964391692 0.07 0.18694362017804153
0 0.80375 0.7617507418397625 0.02636666666666675 0.11664688427299712
0 0.18333333333333332 0.7626112759643917 0.056666666666666664 0.17804154302670624
0 0.48 0.7626112759643917 0.04666666666666667 0.1513353115727003
0 0.765 0.7626112759643917 0.05 0.11869436201780416
0 0.5766666666666667 0.7640949554896143 0.045 0.142433234421365
0 0.6216666666666667 0.7640949554896143 0.043333333333333335 0.11869436201780416
0 0.83 0.7640949554896143 0.03166666666666667 0.10682492581602374
0 0.5308333333333334 0.7655786350148368 0.045 0.14836795252225518
0 0.37333333333333335 0.7670623145400594 0.058333333333333334 0.1572700296735905
0 0.31583333333333335 0.7700296735905044 0.058333333333333334 0.1572700296735905
0 0.034166666666666665 0.7759643916913946 0.06333333333333334 0.18100890207715134
0 0.7316666666666667 0.08011869436201781 0.03166666666666667 0.09792284866468842
0 0.5041666666666667 0.08753709198813056 0.04666666666666667 0.11869436201780416
0 0.94 0.8664688427299704 0.04666666666666667 0.10979228486646884
0 0.8975 0.8694362017804155 0.03166666666666667 0.11572700296735905
0 0.8658333333333333 0.8768545994065282 0.03 0.12166172106824925
0 0.8391666666666666 0.8813056379821959 0.025 0.11275964391691394
0 0.8116666666666666 0.8857566765578635 0.03166666666666667 0.11869436201780416
0 0.7075 0.887240356083086 0.03166666666666667 0.12166172106824925
0 0.7725 0.8902077151335311 0.051666666666666666 0.12166172106824925
0 0.6691666666666667 0.8931750741839762 0.041666666666666664 0.13649851632047477
0 0.625 0.8976261127596439 0.045 0.1513353115727003
0 0.5791666666666667 0.9050445103857567 0.045 0.13649851632047477
0 0.5316666666666666 0.9124629080118695 0.04666666666666667 0.1394658753709199
0 0.485 0.913946587537092 0.045 0.14540059347181009
0 0.3725 0.9198813056379822 0.06333333333333334 0.1543026706231454
0 0.43166666666666664 0.9198813056379822 0.055 0.1513353115727003
0 0.24583333333333332 0.9213649851632048 0.06 0.1513353115727003
0 0.31083333333333335 0.9213649851632048 0.06 0.14540059347181009
0 0.17916666666666667 0.9243323442136498 0.07166666666666667 0.142433234421365
0 0.1025 0.9258160237388724 0.07166666666666667 0.142433234421365
0 0.03333333333333333 0.9376854599406528 0.06333333333333334 0.11869436201780416
0 0.7616666666666667 0.09643916913946587 0.028333333333333332 0.10089020771513353
0 0.5475 0.10682492581602374 0.03666666666666667 0.11275964391691394
0 0.7925 0.11127596439169139 0.028333333333333332 0.09495548961424333
0 0.585 0.11869436201780416 0.03833333333333333 0.10385756676557864
0 0.8508333333333333 0.129080118694362 0.028333333333333332 0.09495548961424333
0 0.8216666666666667 0.13056379821958458 0.03166666666666667 0.09792284866468842
0 0.8808333333333334 0.14094955489614244 0.03 0.09198813056379822
0 0.6241666666666666 0.142433234421365 0.03166666666666667 0.09198813056379822
0 0.91 0.142433234421365 0.035 0.09198813056379822
0 0.9433333333333334 0.14540059347181009 0.028333333333333332 0.09495548961424333
0 0.6608333333333334 0.15578635014836795 0.03833333333333333 0.09495548961424333
0 0.6983333333333334 0.16468842729970326 0.035 0.09792284866468842
0 0.735 0.1824925816023739 0.035 0.10089020771513353
0 0.7675 0.19287833827893175 0.028333333333333332 0.08902077151335312
0 0.7983333333333333 0.20919881305637983 0.028333333333333332 0.09495548961424333
0 0.8283333333333334 0.22403560830860533 0.02666666666666667 0.08011869436201781
0 0.8566666666666667 0.22997032640949555 0.02666666666666667 0.09495548961424333
0 0.885 0.23887240356083086 0.028333333333333332 0.0830860534124629
0 0.9158333333333334 0.2433234421364985 0.03166666666666667 0.10385756676557864
0 0.9475 0.24777448071216618 0.02666666666666667 0.10385756676557864