0 0.11275964391691394 0.11 0.19584569732937684 0.21166666666666667
0 0.13798219584569732 0.31083333333333335 0.20178041543026706 0.19666666666666666
0 0.17062314540059348 0.5033333333333333 0.20474777448071216 0.185
0 0.1661721068249258 0.8433333333333334 0.19287833827893175 0.18666666666666668
0 0.1913946587537092 0.9675 0.17507418397626112 0.06166666666666667
0 0.2922848664688427 0.14083333333333334 0.16913946587537093 0.185
0 0.4124629080118694 0.04083333333333333 0.10385756676557864 0.08166666666666667
0 0.43471810089020774 0.17 0.10682492581602374 0.165
0 0.314540059347181 0.325 0.1632047477744807 0.175
0 0.44807121661721067 0.32916666666666666 0.11869436201780416 0.15166666666666667
0 0.3353115727002967 0.49333333333333335 0.14540059347181009 0.165
0 0.4658753709198813 0.4841666666666667 0.11275964391691394 0.15166666666666667
0 0.29821958456973297 0.7966666666666666 0.12166172106824925 0.17
0 0.46142433234421365 0.75 0.11869436201780416 0.15166666666666667
0 0.314540059347181 0.9425 0.09495548961424333 0.11333333333333333
0 0.4732937685459941 0.9033333333333333 0.142433234421365 0.14166666666666666
0 0.03560830860534125 0.30666666666666664 0.0712166172106825 0.21
0 0.04599406528189911 0.5183333333333333 0.08605341246290801 0.20666666666666667
0 0.04896142433234421 0.8875 0.09198813056379822 0.21666666666666667
0 0.5237388724035609 0.059166666666666666 0.11572700296735905 0.11666666666666667
0 0.6201780415430267 0.07583333333333334 0.08011869436201781 0.14
0 0.5326409495548962 0.18916666666666668 0.10089020771513353 0.145
0 0.629080118694362 0.21166666666666667 0.08605341246290801 0.13
0 0.5459940652818991 0.33916666666666667 0.0830860534124629 0.14166666666666666
0 0.6320474777448071 0.3408333333333333 0.08011869436201781 0.13333333333333333
0 0.5593471810089021 0.4775 0.0830860534124629 0.13833333333333334
0 0.6379821958456974 0.4708333333333333 0.0771513353115727 0.12833333333333333
0 0.5593471810089021 0.7158333333333333 0.11869436201780416 0.12833333333333333
0 0.6572700296735905 0.6875 0.0830860534124629 0.12166666666666667
0 0.5771513353115727 0.8491666666666666 0.10385756676557864 0.12833333333333333
0 0.6632047477744807 0.8091666666666667 0.08605341246290801 0.125
0 0.6839762611275965 0.08083333333333333 0.06231454005934718 0.13166666666666665
0 0.7477744807121661 0.10416666666666667 0.06528189910979229 0.12
0 0.6973293768545994 0.21 0.05341246290801187 0.13166666666666665
0 0.755192878338279 0.225 0.05637982195845697 0.12
0 0.6943620178041543 0.33666666666666667 0.06528189910979229 0.12833333333333333
0 0.7611275964391692 0.33916666666666667 0.06528189910979229 0.11833333333333333
0 0.7077151335311572 0.46416666666666667 0.06528189910979229 0.12
0 0.771513353115727 0.4583333333333333 0.06231454005934718 0.11333333333333333
0 0.7373887240356083 0.655 0.09198813056379822 0.12166666666666667
0 0.8011869436201781 0.6383333333333333 0.04747774480712166 0.12
0 0.744807121661721 0.7758333333333334 0.09792284866468842 0.11333333333333333
0 0.8115727002967359 0.7516666666666667 0.05934718100890208 0.105
0 0.7863501483679525 0.9116666666666666 0.06231454005934718 0.075
0 0.827893175074184 0.88 0.04747774480712166 0.08333333333333333
0 0.8620178041543026 0.855 0.050445103857566766 0.085
0 0.9451038575667656 0.8058333333333333 0.0712166172106825 0.055
0 0.8086053412462908 0.9758333333333333 0.08605341246290801 0.04666666666666667
0 0.8679525222551929 0.9375 0.06824925816023739 0.07833333333333334
0 0.9109792284866469 0.91 0.050445103857566766 0.07
0 0.9614243323442137 0.8658333333333333 0.05934718100890208 0.065
0 0.8189910979228486 0.13916666666666666 0.07418397626112759 0.11
0 0.884272997032641 0.155 0.050445103857566766 0.10166666666666667
0 0.8175074183976261 0.24583333333333332 0.06824925816023739 0.10666666666666667
0 0.8813056379821959 0.255 0.05341246290801187 0.09666666666666666
0 0.8249258160237388 0.35333333333333333 0.06231454005934718 0.10833333333333334
0 0.8827893175074184 0.3516666666666667 0.050445103857566766 0.10166666666666667
0 0.8338278931750742 0.45666666666666667 0.05637982195845697 0.1
0 0.8887240356083086 0.4533333333333333 0.05341246290801187 0.1
0 0.844213649851632 0.6275 0.06231454005934718 0.09833333333333333
0 0.900593471810089 0.6133333333333333 0.050445103857566766 0.09166666666666666
0 0.8560830860534124 0.7233333333333334 0.06824925816023739 0.09333333333333334
0 0.9035608308605341 0.7058333333333333 0.06231454005934718 0.09
0 0.9272997032640949 0.16833333333333333 0.04451038575667656 0.09333333333333334
0 0.9272997032640949 0.265 0.03857566765578635 0.09833333333333333
0 0.9228486646884273 0.3616666666666667 0.050445103857566766 0.09333333333333334
0 0.9376854599406528 0.45166666666666666 0.04154302670623145 0.09
0 0.9599406528189911 0.17916666666666667 0.03857566765578635 0.09
0 0.9643916913946587 0.2675 0.03560830860534125 0.09
0 0.9658753709198813 0.3575 0.04154302670623145 0.08333333333333333
0 0.973293768545994 0.445 0.03560830860534125 0.085
0 0.9376854599406528 0.6 0.05637982195845697 0.08833333333333333
0 0.9525222551928784 0.6891666666666667 0.04747774480712166 0.07833333333333334