0 0.08416666666666667 0.2388888888888889 0.16333333333333333 0.3244444444444444
0 0.25083333333333335 0.25666666666666665 0.16833333333333333 0.35777777777777775
0 0.42 0.26 0.165 0.36
0 0.6125 0.2733333333333333 0.18333333333333332 0.37777777777777777
0 0.815 0.2866666666666667 0.22333333333333333 0.38222222222222224
0 0.9575 0.28888888888888886 0.08166666666666667 0.3288888888888889
0 0.10833333333333334 0.5433333333333333 0.165 0.2733333333333333
0 0.2683333333333333 0.5744444444444444 0.16833333333333333 0.27555555555555555
0 0.42833333333333334 0.5866666666666667 0.16 0.29333333333333333
0 0.5975 0.6066666666666667 0.16833333333333333 0.31555555555555553
0 0.7733333333333333 0.6322222222222222 0.155 0.3244444444444444
0 0.9291666666666667 0.6377777777777778 0.13833333333333334 0.36
0 0.04516666666666667 0.7541777777777777 0.09031666666666666 0.28055555555555556
0 0.14166666666666666 0.7977777777777778 0.14833333333333334 0.22444444444444445
0 0.2866666666666667 0.8377777777777777 0.15 0.24444444444444444
0 0.435 0.8633333333333333 0.14333333333333334 0.25555555555555554
0 0.5883333333333334 0.8788888888888889 0.14333333333333334 0.2288888888888889
0 0.9258333333333333 0.88 0.145 0.23555555555555555
0 0.7575 0.8844444444444445 0.16166666666666665 0.22444444444444445