0 0.1 0.304 0.165 0.3333333333333333
0 0.0775 0.6546666666666666 0.14833333333333334 0.37066666666666664
0 0.2708333333333333 0.304 0.13833333333333334 0.328
0 0.41583333333333333 0.31066666666666665 0.14833333333333334 0.344
0 0.5691666666666667 0.3 0.15 0.35733333333333334
0 0.7291666666666666 0.292 0.155 0.3546666666666667
0 0.24166666666666667 0.656 0.18333333333333332 0.3626666666666667
0 0.415 0.664 0.14 0.35733333333333334
0 0.5716666666666667 0.6626666666666666 0.16 0.37066666666666664
0 0.7366666666666667 0.6586666666666666 0.15333333333333332 0.3893333333333333
0 0.8833333333333333 0.29733333333333334 0.165 0.344
0 0.8991666666666667 0.6586666666666666 0.17166666666666666 0.37866666666666665