0 0.7191666666666666 0.30415430267062316 0.055 0.3115727002967359
0 0.7816666666666666 0.30712166172106825 0.06833333333333333 0.2997032640949555
0 0.8416666666666667 0.30712166172106825 0.04833333333333333 0.258160237388724
0 0.885 0.3323442136498516 0.03 0.18100890207715134
0 0.9116666666666666 0.3857566765578635 0.035 0.142433234421365
0 0.9183333333333333 0.5608308605341247 0.04833333333333333 0.20771513353115728
0 0.84 0.5741839762611276 0.045 0.26112759643916916
0 0.8783333333333333 0.5756676557863502 0.035 0.2195845697329377
0 0.7775 0.599406528189911 0.065 0.28486646884273
0 0.7141666666666666 0.6261127596439169 0.06333333333333334 0.31750741839762614
0 0.64 0.6275964391691394 0.08666666666666667 0.3353115727002967
0 0.5466666666666666 0.6617210682492581 0.09666666666666666 0.3620178041543027
0 0.43666666666666665 0.7002967359050445 0.14166666666666666 0.41543026706231456
0 0.28 0.7344213649851632 0.17166666666666666 0.4540059347181009
0 0.09 0.7670623145400594 0.18 0.4599406528189911
0 0.7716666666666666 0.08011869436201781 0.08166666666666667 0.16023738872403562
0 0.8358333333333333 0.08456973293768547 0.04833333333333333 0.14836795252225518
0 0.8733333333333333 0.17062314540059348 0.041666666666666664 0.1572700296735905
0 0.275 0.2507418397626113 0.16833333333333333 0.486646884272997
0 0.42583333333333334 0.2685459940652819 0.14166666666666666 0.4332344213649852
0 0.0975 0.271513353115727 0.18333333333333332 0.5311572700296736
0 0.6458333333333334 0.2878338278931751 0.08333333333333333 0.35311572700296734
0 0.5508333333333333 0.2893175074183976 0.10166666666666667 0.3768545994065282