0 0.28833333333333333 0.40801186943620177 0.065 0.16913946587537093
0 0.3525 0.40801186943620177 0.058333333333333334 0.16913946587537093
0 0.22083333333333333 0.4124629080118694 0.06166666666666667 0.18100890207715134
0 0.9008333333333334 0.4124629080118694 0.028333333333333332 0.14540059347181009
0 0.9608333333333333 0.4124629080118694 0.056666666666666664 0.1543026706231454
0 0.41333333333333333 0.41543026706231456 0.058333333333333334 0.1543026706231454
0 0.7 0.4258160237388724 0.056666666666666664 0.1543026706231454
0 0.47583333333333333 0.42729970326409494 0.065 0.16023738872403562
0 0.585 0.42729970326409494 0.058333333333333334 0.1661721068249258
0 0.6416666666666667 0.43026706231454004 0.056666666666666664 0.16023738872403562
0 0.5308333333333334 0.45548961424332346 0.04666666666666667 0.12759643916913946
0 0.9525 0.5548961424332344 0.055 0.142433234421365
0 0.9908333333333333 0.5578635014836796 0.015 0.12462908011869436
0 0.8958333333333334 0.5593471810089021 0.03 0.1394658753709199
0 0.41 0.56973293768546 0.056666666666666664 0.142433234421365
0 0.6958333333333333 0.5712166172106825 0.04833333333333333 0.12462908011869436
0 0.58 0.5741839762611276 0.056666666666666664 0.11572700296735905
0 0.285 0.5756676557863502 0.065 0.1543026706231454
0 0.35083333333333333 0.5756676557863502 0.058333333333333334 0.14836795252225518
0 0.5266666666666666 0.5756676557863502 0.04833333333333333 0.11275964391691394
0 0.6375 0.5756676557863502 0.06 0.12462908011869436
0 0.21916666666666668 0.5771513353115727 0.065 0.1394658753709199
0 0.4716666666666667 0.5771513353115727 0.058333333333333334 0.12462908011869436
0 0.9 0.701780415430267 0.03333333333333333 0.0712166172106825
0 0.9708333333333333 0.701780415430267 0.03333333333333333 0.0771513353115727
0 0.06333333333333334 0.07566765578635015 0.07833333333333334 0.1513353115727003
0 0.93 0.7833827893175074 0.03333333333333333 0.10385756676557864
0 0.8958333333333334 0.7863501483679525 0.035 0.09792284866468842
0 0.9658333333333333 0.7863501483679525 0.03166666666666667 0.08011869436201781
0 0.9908333333333333 0.7908011869436202 0.015 0.10385756676557864
0 0.6866666666666666 0.7922848664688428 0.055 0.13649851632047477
0 0.5775 0.7967359050445104 0.05 0.142433234421365
0 0.6325 0.7967359050445104 0.045 0.1394658753709199
0 0.5225 0.798219584569733 0.05333333333333334 0.142433234421365
0 0.13416666666666666 0.08160237388724036 0.065 0.1632047477744807
0 0.21833333333333332 0.0830860534124629 0.065 0.1632047477744807
0 0.4633333333333333 0.8011869436201781 0.055 0.14836795252225518
0 0.4075 0.8100890207715133 0.05 0.142433234421365
0 0.28583333333333333 0.8130563798219584 0.056666666666666664 0.1632047477744807
0 0.3475 0.8175074183976261 0.058333333333333334 0.14836795252225518
0 0.22333333333333333 0.8189910979228486 0.056666666666666664 0.16913946587537093
0 0.14083333333333334 0.8249258160237388 0.055 0.1661721068249258
0 0.07833333333333334 0.827893175074184 0.06833333333333333 0.16913946587537093
0 0.2841666666666667 0.08456973293768547 0.06333333333333334 0.16913946587537093
0 0.021666666666666667 0.8367952522255193 0.043333333333333335 0.16913946587537093
0 0.35 0.08902077151335312 0.06333333333333334 0.17804154302670624
0 0.4125 0.09940652818991098 0.06 0.17507418397626112
0 0.4683333333333333 0.1083086053412463 0.045 0.16023738872403562
0 0.5358333333333334 0.11275964391691394 0.058333333333333334 0.1661721068249258
0 0.5941666666666666 0.11869436201780416 0.05333333333333334 0.1661721068249258
0 0.65 0.1201780415430267 0.055 0.1632047477744807
0 0.7058333333333333 0.1261127596439169 0.055 0.16023738872403562
0 0.955 0.14391691394658754 0.04666666666666667 0.1543026706231454
0 0.92 0.14688427299703263 0.03333333333333333 0.142433234421365
0 0.99 0.16023738872403562 0.016666666666666666 0.14836795252225518
0 0.22166666666666668 0.2433234421364985 0.06166666666666667 0.13649851632047477
0 0.29083333333333333 0.24925816023738873 0.05333333333333334 0.12759643916913946
0 0.3575 0.25667655786350146 0.05333333333333334 0.12462908011869436
0 0.41583333333333333 0.26409495548961426 0.05 0.13353115727002968
0 0.48 0.27596439169139464 0.04833333333333333 0.12462908011869436
0 0.9116666666666666 0.2818991097922849 0.025 0.12166172106824925
0 0.6483333333333333 0.28635014836795253 0.04666666666666667 0.11275964391691394
0 0.9691666666666666 0.28635014836795253 0.051666666666666666 0.11869436201780416
0 0.7025 0.2878338278931751 0.05 0.11275964391691394