0 0.8683333333333333 0.3264094955489614 0.03833333333333333 0.0830860534124629
0 0.24416666666666667 0.33086053412462907 0.04666666666666667 0.1513353115727003
0 0.2866666666666667 0.33382789317507416 0.043333333333333335 0.10089020771513353
0 0.19083333333333333 0.3367952522255193 0.06333333333333334 0.1513353115727003
0 0.1325 0.3486646884272997 0.058333333333333334 0.1513353115727003
0 0.07 0.3664688427299703 0.07166666666666667 0.16913946587537093
0 0.8308333333333333 0.3768545994065282 0.02666666666666667 0.1513353115727003
0 0.020833333333333332 0.3798219584569733 0.041666666666666664 0.18100890207715134
0 0.8016666666666666 0.4198813056379822 0.03666666666666667 0.1572700296735905
0 0.7633333333333333 0.43471810089020774 0.04 0.1543026706231454
0 0.29 0.4540059347181009 0.04666666666666667 0.13353115727002968
0 0.7258333333333333 0.4658753709198813 0.028333333333333332 0.18397626112759644
0 0.24833333333333332 0.4732937685459941 0.05 0.13649851632047477
0 0.6891666666666667 0.48813056379821956 0.05 0.20474777448071216
0 0.1975 0.4910979228486647 0.06166666666666667 0.14540059347181009
0 0.14 0.5089020771513353 0.06166666666666667 0.14540059347181009
0 0.6383333333333333 0.5133531157270029 0.05333333333333334 0.2166172106824926
0 0.3433333333333333 0.526706231454006 0.07 0.2195845697329377
0 0.0775 0.5356083086053413 0.07333333333333333 0.16023738872403562
0 0.8233333333333334 0.5370919881305638 0.02 0.1513353115727003
0 0.5825 0.543026706231454 0.055 0.22551928783382788
0 0.023333333333333334 0.5578635014836796 0.04666666666666667 0.18991097922848665
0 0.4116666666666667 0.5578635014836796 0.07 0.21364985163204747
0 0.5008333333333334 0.5652818991097923 0.09166666666666666 0.23738872403560832
0 0.7941666666666667 0.5816023738872403 0.03333333333333333 0.14836795252225518
0 0.7616666666666667 0.6038575667655787 0.035 0.17804154302670624
0 0.7241666666666666 0.6379821958456974 0.04 0.1661721068249258
0 0.6841666666666667 0.6824925816023739 0.045 0.18100890207715134
0 0.6308333333333334 0.7270029673590505 0.055 0.18991097922848665
0 0.345 0.7344213649851632 0.065 0.19584569732937684
0 0.5733333333333334 0.7655786350148368 0.06166666666666667 0.20178041543026706
0 0.41333333333333333 0.7759643916913946 0.06666666666666667 0.20771513353115728
0 0.49666666666666665 0.8100890207715133 0.09 0.22551928783382788
0 0.2758333333333333 0.12314540059347182 0.043333333333333335 0.11275964391691394
0 0.23666666666666666 0.17804154302670624 0.056666666666666664 0.1632047477744807
0 0.18 0.1824925816023739 0.07 0.1632047477744807
0 0.12333333333333334 0.18545994065281898 0.065 0.1632047477744807
0 0.9225 0.18991097922848665 0.021666666666666667 0.14836795252225518
0 0.056666666666666664 0.1913946587537092 0.07666666666666666 0.18100890207715134
0 0.9008333333333334 0.19584569732937684 0.023333333333333334 0.1572700296735905
0 0.8583333333333333 0.20474777448071216 0.023333333333333334 0.17210682492581603
0 0.8825 0.20474777448071216 0.025 0.16023738872403562
0 0.8391666666666666 0.2062314540059347 0.018333333333333333 0.17210682492581603
0 0.8141666666666667 0.228486646884273 0.03333333333333333 0.21068249258160238
0 0.2825 0.22997032640949555 0.035 0.10682492581602374
0 0.7766666666666666 0.23293768545994065 0.041666666666666664 0.21068249258160238
0 0.7391666666666666 0.23887240356083086 0.03666666666666667 0.22551928783382788
0 0.6925 0.26112759643916916 0.05333333333333334 0.22255192878338279
0 0.6441666666666667 0.26409495548961426 0.04833333333333333 0.27002967359050445
0 0.3383333333333333 0.27299703264094954 0.06666666666666667 0.27596439169139464
0 0.5866666666666667 0.27596439169139464 0.058333333333333334 0.2878338278931751
0 0.5041666666666667 0.28635014836795253 0.10333333333333333 0.29376854599406527
0 0.41083333333333333 0.2878338278931751 0.07833333333333334 0.29376854599406527