0 0.13204747774480713 0.17166666666666666 0.04154302670623145 0.06166666666666667
0 0.06676557863501484 0.18416666666666667 0.05341246290801187 0.06166666666666667
0 0.13501483679525222 0.22666666666666666 0.03857566765578635 0.051666666666666666
0 0.06676557863501484 0.23916666666666667 0.032640949554896145 0.04666666666666667
0 0.7611275964391692 0.31166666666666665 0.09495548961424333 0.13833333333333334
0 0.43026706231454004 0.31416666666666665 0.050445103857566766 0.09833333333333333
0 0.8857566765578635 0.31416666666666665 0.142433234421365 0.15666666666666668
0 0.22255192878338279 0.31416666666666665 0.02967359050445104 0.08
0 0.17210682492581603 0.315 0.026706231454005934 0.065
0 0.19732937685459942 0.315 0.026706231454005934 0.07333333333333333
0 0.6602373887240356 0.31583333333333335 0.09198813056379822 0.12166666666666667
0 0.2596439169139466 0.31583333333333335 0.050445103857566766 0.07833333333333334
0 0.5727002967359051 0.31666666666666665 0.0771513353115727 0.115
0 0.3397626112759644 0.3175 0.032640949554896145 0.08
0 0.3857566765578635 0.3175 0.05637982195845697 0.08833333333333333
0 0.12166172106824925 0.3175 0.02967359050445104 0.058333333333333334
0 0.3056379821958457 0.31916666666666665 0.04451038575667656 0.08
0 0.07863501483679525 0.31916666666666665 0.026706231454005934 0.05333333333333334
0 0.09940652818991098 0.32 0.026706231454005934 0.056666666666666664
0 0.14688427299703263 0.32 0.032640949554896145 0.05333333333333334
0 0.49554896142433236 0.32083333333333336 0.0771513353115727 0.10166666666666667
0 0.10534124629080119 0.37333333333333335 0.020771513353115726 0.05
0 0.1261127596439169 0.375 0.02373887240356083 0.058333333333333334
0 0.1543026706231454 0.3775 0.02967359050445104 0.06
0 0.1795252225519288 0.385 0.026706231454005934 0.06833333333333333
0 0.2062314540059347 0.3908333333333333 0.02373887240356083 0.06833333333333333
0 0.2314540059347181 0.3908333333333333 0.02967359050445104 0.07166666666666667
0 0.271513353115727 0.3958333333333333 0.04747774480712166 0.08333333333333333
0 0.31305637982195844 0.4025 0.03560830860534125 0.08333333333333333
0 0.3456973293768546 0.4041666666666667 0.04154302670623145 0.09
0 0.3887240356083086 0.41083333333333333 0.050445103857566766 0.09166666666666666
0 0.4362017804154303 0.4141666666666667 0.04451038575667656 0.09833333333333333
0 0.49554896142433236 0.4191666666666667 0.07418397626112759 0.09333333333333334
0 0.5727002967359051 0.43166666666666664 0.0771513353115727 0.11166666666666666
0 0.6646884272997032 0.44083333333333335 0.10089020771513353 0.11833333333333333
0 0.7596439169139466 0.44416666666666665 0.0830860534124629 0.12666666666666668
0 0.8753709198813057 0.4625 0.13649851632047477 0.14333333333333334
0 0.1913946587537092 0.48833333333333334 0.03560830860534125 0.065
0 0.22255192878338279 0.49333333333333335 0.04154302670623145 0.06833333333333333
0 0.26409495548961426 0.49833333333333335 0.04451038575667656 0.06666666666666667
0 0.3189910979228487 0.52 0.050445103857566766 0.08166666666666667
0 0.3620178041543027 0.5258333333333334 0.03560830860534125 0.07666666666666666
0 0.4035608308605341 0.5425 0.04451038575667656 0.08666666666666667
0 0.19732937685459942 0.5558333333333333 0.026706231454005934 0.065
0 0.45548961424332346 0.5566666666666666 0.06824925816023739 0.09333333333333334
0 0.228486646884273 0.56 0.03857566765578635 0.06333333333333334
0 0.2655786350148368 0.5691666666666667 0.03857566765578635 0.07
0 0.5222551928783383 0.5716666666666667 0.06231454005934718 0.105
0 0.5919881305637982 0.5891666666666666 0.06824925816023739 0.11333333333333333
0 0.3219584569732938 0.5975 0.050445103857566766 0.07333333333333333
0 0.6706231454005934 0.6083333333333333 0.08011869436201781 0.12666666666666668
0 0.3694362017804154 0.6116666666666667 0.026706231454005934 0.07833333333333334
0 0.4094955489614243 0.6308333333333334 0.04154302670623145 0.08333333333333333
0 0.7700296735905044 0.6341666666666667 0.10979228486646884 0.135
0 0.456973293768546 0.6508333333333334 0.05637982195845697 0.095
0 0.8857566765578635 0.665 0.12166172106824925 0.155
0 0.5178041543026706 0.6733333333333333 0.06528189910979229 0.09666666666666666
0 0.586053412462908 0.6975 0.06528189910979229 0.105
0 0.6617210682492581 0.7283333333333334 0.08011869436201781 0.11666666666666667
0 0.7611275964391692 0.7616666666666667 0.10385756676557864 0.13166666666666665
0 0.8768545994065282 0.8091666666666667 0.12462908011869436 0.13833333333333334