0 0.16 0.29821958456973297 0.045 0.11869436201780416
0 0.2 0.32344213649851633 0.03333333333333333 0.10089020771513353
0 0.30333333333333334 0.3456973293768546 0.03 0.10682492581602374
0 0.3333333333333333 0.35014836795252224 0.028333333333333332 0.08902077151335312
0 0.27666666666666667 0.3590504451038576 0.03166666666666667 0.08902077151335312
0 0.24166666666666667 0.36350148367952523 0.03833333333333333 0.0830860534124629
0 0.36583333333333334 0.3664688427299703 0.03166666666666667 0.09495548961424333
0 0.39666666666666667 0.3724035608308605 0.02666666666666667 0.08902077151335312
0 0.7416666666666667 0.37537091988130566 0.045 0.10089020771513353
0 0.425 0.37833827893175076 0.02666666666666667 0.08902077151335312
0 0.7775 0.3798219584569733 0.023333333333333334 0.10089020771513353
0 0.7933333333333333 0.3827893175074184 0.018333333333333333 0.10385756676557864
0 0.06833333333333333 0.3991097922848665 0.03666666666666667 0.13056379821958458
0 0.45166666666666666 0.4020771513353116 0.023333333333333334 0.050445103857566766
0 0.4716666666666667 0.41097922848664686 0.018333333333333333 0.05341246290801187
0 0.1125 0.413946587537092 0.04833333333333333 0.11869436201780416
0 0.49 0.41543026706231456 0.015 0.050445103857566766
0 0.16166666666666665 0.41839762611275966 0.043333333333333335 0.12166172106824925
0 0.5206666666666666 0.4236795252225519 0.023916666666666704 0.05415430267062315
0 0.20416666666666666 0.43026706231454004 0.03333333333333333 0.10979228486646884
0 0.3375 0.4465875370919881 0.03 0.10385756676557864
0 0.24333333333333335 0.44807121661721067 0.035 0.08011869436201781
0 0.3075 0.4495548961424332 0.02666666666666667 0.09792284866468842
0 0.2775 0.45103857566765576 0.028333333333333332 0.09495548961424333
0 0.37 0.46439169139465875 0.03166666666666667 0.09495548961424333
0 0.4033333333333333 0.46439169139465875 0.02666666666666667 0.08902077151335312
0 0.43166666666666664 0.4688427299703264 0.021666666666666667 0.08605341246290801
0 0.7008333333333333 0.4688427299703264 0.04833333333333333 0.1513353115727003
0 0.455 0.47181008902077154 0.02 0.08902077151335312
0 0.6525 0.4762611275964392 0.051666666666666666 0.13353115727002968
0 0.47333333333333333 0.486646884272997 0.018333333333333333 0.0712166172106825
0 0.4891666666666667 0.48813056379821956 0.02 0.07418397626112759
0 0.7508333333333334 0.48813056379821956 0.04 0.10385756676557864
0 0.6041666666666666 0.4896142433234421 0.043333333333333335 0.12462908011869436
0 0.7842166666666667 0.49169139465875367 0.023333333333333334 0.10246290801186936
0 0.5566666666666666 0.5 0.05 0.12462908011869436
0 0.07 0.2685459940652819 0.03666666666666667 0.12166172106824925
0 0.11166666666666666 0.2878338278931751 0.04666666666666667 0.12462908011869436