0 0.7025 0.29821958456973297 0.08833333333333333 0.29673590504451036
0 0.7908333333333334 0.2997032640949555 0.08 0.27002967359050445
0 0.6508333333333334 0.42136498516320475 0.07 0.24925816023738873
0 0.4033333333333333 0.43026706231454004 0.095 0.29673590504451036
0 0.495 0.4332344213649852 0.09333333333333334 0.2789317507418398
0 0.5791666666666667 0.43471810089020774 0.075 0.26409495548961426
0 0.305 0.4599406528189911 0.10666666666666667 0.27596439169139464
0 0.18416666666666667 0.5074183976261127 0.12166666666666667 0.3086053412462908
0 0.8466666666666667 0.5178041543026706 0.051666666666666666 0.2166172106824926
0 0.7733333333333333 0.5519287833827893 0.08166666666666667 0.20474777448071216
0 0.6975 0.5682492581602374 0.056666666666666664 0.22551928783382788
0 0.6358333333333334 0.6350148367952523 0.06833333333333333 0.16913946587537093
0 0.5625 0.655786350148368 0.07166666666666667 0.17804154302670624
0 0.48333333333333334 0.6765578635014837 0.085 0.20771513353115728
0 0.39666666666666667 0.6943620178041543 0.08333333333333333 0.2314540059347181
0 0.3025 0.7270029673590505 0.105 0.24629080118694363
0 0.1875 0.7922848664688428 0.12333333333333334 0.24629080118694363
0 0.8033333333333333 0.8293768545994066 0.055 0.2166172106824926
0 0.7466666666666667 0.8605341246290801 0.06166666666666667 0.22551928783382788
0 0.6766666666666666 0.8902077151335311 0.07666666666666666 0.21364985163204747
0 0.6108333333333333 0.9198813056379822 0.07166666666666667 0.1543026706231454
0 0.5441666666666667 0.9243323442136498 0.065 0.14540059347181009
0 0.4741666666666667 0.9510385756676558 0.07833333333333334 0.09198813056379822
0 0.30666666666666664 0.15875370919881307 0.11333333333333333 0.31750741839762614
0 0.18916666666666668 0.1913946587537092 0.135 0.35014836795252224
0 0.8616666666666667 0.2789317507418398 0.06166666666666667 0.2522255192878338