0 0.2522255192878338 0.175 0.08011869436201781 0.085
0 0.17062314540059348 0.18916666666666668 0.07418397626112759 0.09
0 0.7403560830860534 0.19666666666666666 0.12759643916913946 0.10166666666666667
0 0.8427299703264095 0.1975 0.09495548961424333 0.105
0 0.6261127596439169 0.21083333333333334 0.10385756676557864 0.1
0 0.526706231454006 0.23166666666666666 0.09198813056379822 0.095
0 0.4258160237388724 0.2425 0.10089020771513353 0.08833333333333333
0 0.3293768545994065 0.25333333333333335 0.0771513353115727 0.08666666666666667
0 0.24777448071216618 0.2625 0.08011869436201781 0.08333333333333333
0 0.1661721068249258 0.2733333333333333 0.08605341246290801 0.07833333333333334
0 0.8397626112759644 0.2891666666666667 0.08902077151335312 0.08333333333333333
0 0.7403560830860534 0.29583333333333334 0.11869436201780416 0.08833333333333333
0 0.08753709198813056 0.2966666666666667 0.09198813056379822 0.06333333333333334
0 0.6261127596439169 0.30083333333333334 0.10089020771513353 0.08333333333333333
0 0.02225519287833828 0.30083333333333334 0.04451038575667656 0.06333333333333334
0 0.5237388724035609 0.31666666666666665 0.09495548961424333 0.06666666666666667
0 0.4228486646884273 0.32416666666666666 0.10979228486646884 0.07
0 0.3293768545994065 0.33416666666666667 0.07418397626112759 0.07
0 0.2433234421364985 0.335 0.07418397626112759 0.06166666666666667
0 0.16468842729970326 0.3458333333333333 0.0771513353115727 0.06
0 0.08902077151335312 0.3516666666666667 0.0830860534124629 0.051666666666666666
0 0.02225519287833828 0.3541666666666667 0.04451038575667656 0.055
0 0.8115727002967359 0.445 0.12166172106824925 0.10166666666666667
0 0.6913946587537092 0.4475 0.10385756676557864 0.09833333333333333
0 0.5741839762611276 0.45 0.11275964391691394 0.09333333333333334
0 0.2997032640949555 0.46 0.08605341246290801 0.08833333333333333
0 0.38427299703264095 0.4625 0.07418397626112759 0.1
0 0.47032640949554894 0.4625 0.0830860534124629 0.10833333333333334
0 0.20919881305637983 0.4658333333333333 0.10089020771513353 0.08666666666666667
0 0.04747774480712166 0.4675 0.06528189910979229 0.08333333333333333
0 0.12314540059347182 0.4675 0.08011869436201781 0.08166666666666667
0 0.8086053412462908 0.5458333333333333 0.12462908011869436 0.095
0 0.1201780415430267 0.5475 0.0712166172106825 0.075
0 0.5830860534124629 0.5483333333333333 0.11275964391691394 0.10166666666666667
0 0.6913946587537092 0.55 0.11572700296735905 0.105
0 0.2893175074183976 0.55 0.08605341246290801 0.09166666666666666
0 0.03857566765578635 0.5508333333333333 0.0712166172106825 0.08
0 0.19732937685459942 0.5533333333333333 0.10682492581602374 0.09
0 0.4658753709198813 0.5591666666666667 0.09792284866468842 0.08166666666666667
0 0.3694362017804154 0.56 0.08011869436201781 0.08666666666666667
0 0.040059347181008904 0.6258333333333334 0.06528189910979229 0.07
0 0.11275964391691394 0.6258333333333334 0.06231454005934718 0.07166666666666667
0 0.19287833827893175 0.6333333333333333 0.09792284866468842 0.07
0 0.2878338278931751 0.6341666666666667 0.08011869436201781 0.06666666666666667
0 0.37091988130563797 0.6375 0.08011869436201781 0.06666666666666667
0 0.4599406528189911 0.6383333333333333 0.08902077151335312 0.075
0 0.5771513353115727 0.64 0.12166172106824925 0.09166666666666666
0 0.6899109792284867 0.6483333333333333 0.11275964391691394 0.08833333333333333
0 0.8130563798219584 0.6483333333333333 0.13056379821958458 0.11166666666666666
0 0.12759643916913946 0.7216666666666667 0.06528189910979229 0.07166666666666667
0 0.1943620178041543 0.7266666666666667 0.05637982195845697 0.07666666666666666
0 0.26409495548961426 0.7266666666666667 0.05934718100890208 0.07166666666666667
0 0.3249258160237389 0.7358333333333333 0.07418397626112759 0.08333333333333333
0 0.4050445103857567 0.7458333333333333 0.08011869436201781 0.08166666666666667
0 0.11275964391691394 0.7941666666666667 0.06824925816023739 0.065
0 0.4970326409495549 0.7975 0.10682492581602374 0.10666666666666667
0 0.8501483679525222 0.08083333333333333 0.0830860534124629 0.12
0 0.18545994065281898 0.8016666666666666 0.0712166172106825 0.06666666666666667
0 0.2522255192878338 0.8016666666666666 0.05934718100890208 0.065
0 0.612759643916914 0.805 0.11275964391691394 0.125
0 0.314540059347181 0.8125 0.0712166172106825 0.06666666666666667
0 0.728486646884273 0.8191666666666667 0.11572700296735905 0.125
0 0.3961424332344214 0.8216666666666667 0.08902077151335312 0.07
0 0.8427299703264095 0.8241666666666667 0.08902077151335312 0.12166666666666667
0 0.10979228486646884 0.8608333333333333 0.06528189910979229 0.056666666666666664
0 0.7403560830860534 0.08666666666666667 0.11869436201780416 0.11333333333333333
0 0.18100890207715134 0.8666666666666667 0.06231454005934718 0.06
0 0.24629080118694363 0.8691666666666666 0.05934718100890208 0.065
0 0.31305637982195844 0.8808333333333334 0.06231454005934718 0.065
0 0.39020771513353114 0.8941666666666667 0.08902077151335312 0.07
0 0.4970326409495549 0.9008333333333334 0.11572700296735905 0.09333333333333334
0 0.6112759643916914 0.9133333333333333 0.11275964391691394 0.08666666666666667
0 0.7255192878338279 0.935 0.12759643916913946 0.095
0 0.8382789317507419 0.9416666666666667 0.08605341246290801 0.105
0 0.6231454005934718 0.11333333333333333 0.10682492581602374 0.09833333333333333
0 0.526706231454006 0.1375 0.09495548961424333 0.095
0 0.4258160237388724 0.14666666666666667 0.10979228486646884 0.09166666666666666
0 0.33382789317507416 0.1625 0.07418397626112759 0.08833333333333333