0 0.6766666666666666 0.032640949554896145 0.08333333333333333 0.06528189910979229
0 0.18833333333333332 0.3189910979228487 0.125 0.3649851632047478
0 0.37333333333333335 0.03412462908011869 0.11333333333333333 0.06824925816023739
0 0.3275 0.3486646884272997 0.12166666666666667 0.34421364985163205
0 0.4325 0.43471810089020774 0.085 0.2433234421364985
0 0.7608333333333334 0.04451038575667656 0.065 0.08605341246290801
0 0.5258333333333334 0.4540059347181009 0.085 0.23738872403560832
0 0.6041666666666666 0.4658753709198813 0.07 0.21364985163204747
0 0.755 0.47032640949554894 0.07 0.21068249258160238
0 0.6808333333333333 0.48516320474777447 0.07 0.22255192878338279
0 0.48333333333333334 0.06676557863501484 0.08666666666666667 0.10682492581602374
0 0.056666666666666664 0.6617210682492581 0.10333333333333333 0.3887240356083086
0 0.31333333333333335 0.6706231454005934 0.11666666666666667 0.31750741839762614
0 0.7558333333333334 0.6706231454005934 0.07333333333333333 0.18100890207715134
0 0.18333333333333332 0.6735905044510386 0.12833333333333333 0.3293768545994065
0 0.6841666666666667 0.6824925816023739 0.07 0.18100890207715134
0 0.5241666666666667 0.6839762611275965 0.07833333333333334 0.23738872403560832
0 0.6066666666666667 0.6839762611275965 0.07166666666666667 0.20771513353115728
0 0.4266666666666667 0.685459940652819 0.08833333333333333 0.258160237388724
0 0.5858333333333333 0.08160237388724036 0.09333333333333334 0.12759643916913946
0 0.6775 0.1172106824925816 0.08 0.10979228486646884
0 0.7591666666666667 0.14540059347181009 0.07 0.12462908011869436
0 0.058333333333333334 0.2818991097922849 0.10833333333333334 0.3857566765578635