0 0.1025 0.3026706231454006 0.07666666666666666 0.18100890207715134
0 0.03333333333333333 0.32344213649851633 0.06666666666666667 0.18397626112759644
0 0.9475 0.47477744807121663 0.10166666666666667 0.3264094955489614
0 0.81 0.48813056379821956 0.12333333333333334 0.27299703264094954
0 0.685 0.5237388724035609 0.10833333333333334 0.26409495548961426
0 0.46416666666666667 0.5311572700296736 0.11166666666666666 0.29376854599406527
0 0.355 0.543026706231454 0.1 0.2818991097922849
0 0.57 0.5445103857566765 0.1 0.24925816023738873
0 0.26 0.5608308605341247 0.1 0.2789317507418398
0 0.15833333333333333 0.5919881305637982 0.08666666666666667 0.19287833827893175
0 0.085 0.6097922848664689 0.065 0.18991097922848665
0 0.025833333333333333 0.6186943620178041 0.051666666666666666 0.18694362017804153
0 0.3625 0.06973293768545995 0.075 0.13353115727002968
0 0.8383333333333334 0.7789317507418397 0.145 0.3293768545994065
0 0.6966666666666667 0.7937685459940653 0.12833333333333333 0.29080118694362017
0 0.9616666666666667 0.7952522255192879 0.07333333333333333 0.314540059347181
0 0.8958333333333334 0.08160237388724036 0.13666666666666666 0.1513353115727003
0 0.5725 0.8086053412462908 0.11333333333333333 0.26706231454005935
0 0.3616666666666667 0.8100890207715133 0.1 0.26409495548961426
0 0.46416666666666667 0.814540059347181 0.10166666666666667 0.26112759643916916
0 0.2658333333333333 0.8189910979228486 0.09 0.24629080118694363
0 0.1625 0.8234421364985163 0.10666666666666667 0.228486646884273
0 0.075 0.8264094955489614 0.07 0.2403560830860534
0 0.02 0.8323442136498517 0.04 0.2314540059347181
0 0.2708333333333333 0.08753709198813056 0.07833333333333334 0.1661721068249258
0 0.8025 0.11127596439169139 0.051666666666666666 0.12462908011869436
0 0.6766666666666666 0.11572700296735905 0.125 0.21364985163204747
0 0.755 0.12462908011869436 0.03833333333333333 0.14540059347181009
0 0.5566666666666666 0.142433234421365 0.11 0.22551928783382788
0 0.4525 0.1884272997032641 0.08833333333333333 0.19584569732937684
0 0.36 0.228486646884273 0.09166666666666666 0.17804154302670624
0 0.2675 0.25667655786350146 0.08333333333333333 0.1661721068249258
0 0.18166666666666667 0.271513353115727 0.08833333333333333 0.18100890207715134