0 0.91 0.17166666666666666 0.044444444444444446 0.09333333333333334
0 0.9544444444444444 0.19 0.044444444444444446 0.09166666666666666
0 0.6033333333333334 0.1975 0.06444444444444444 0.07
0 0.7333333333333333 0.02 0.051111111111111114 0.04
0 0.6711111111111111 0.21166666666666667 0.06 0.075
0 0.8455555555555555 0.0225 0.07555555555555556 0.045
0 0.9088888888888889 0.0225 0.04888888888888889 0.045
0 0.7355555555555555 0.2175 0.057777777777777775 0.07833333333333334
0 0.8255555555555556 0.23416666666666666 0.03777777777777778 0.07333333333333333
0 0.8677777777777778 0.24666666666666667 0.04666666666666667 0.08333333333333333
0 0.9144444444444444 0.2608333333333333 0.04666666666666667 0.07333333333333333
0 0.9566666666666667 0.27 0.044444444444444446 0.07833333333333334
0 0.06222222222222222 0.2841666666666667 0.12 0.16833333333333333
0 0.39666666666666667 0.03166666666666667 0.12 0.06333333333333334
0 0.44666666666666666 0.335 0.10444444444444445 0.13
0 0.5544444444444444 0.3475 0.09333333333333334 0.12166666666666667
0 0.5088888888888888 0.03666666666666667 0.11333333333333333 0.07333333333333333
0 0.9411111111111111 0.39416666666666667 0.07555555555555556 0.05333333333333334
0 0.5988888888888889 0.04083333333333333 0.07777777777777778 0.07833333333333334
0 0.06222222222222222 0.44583333333333336 0.12222222222222222 0.15
0 0.20222222222222222 0.45 0.13111111111111112 0.14666666666666667
0 0.3322222222222222 0.45666666666666667 0.11777777777777777 0.13666666666666666
0 0.44555555555555554 0.4625 0.11333333333333333 0.13166666666666665
0 0.5511111111111111 0.4658333333333333 0.09555555555555556 0.12333333333333334
0 0.6322222222222222 0.4666666666666667 0.06666666666666667 0.11833333333333333
0 0.8866666666666667 0.4691666666666667 0.09777777777777778 0.09833333333333333
0 0.9588888888888889 0.47 0.04888888888888889 0.09
0 0.7 0.47333333333333333 0.06444444444444444 0.10166666666666667
0 0.6711111111111111 0.05 0.07555555555555556 0.08833333333333333
0 0.9677777777777777 0.5616666666666666 0.06 0.09
0 0.9077777777777778 0.565 0.06444444444444444 0.09666666666666666
0 0.7555555555555555 0.5658333333333333 0.03333333333333333 0.09
0 0.8444444444444444 0.5675 0.07555555555555556 0.10166666666666667
0 0.7022222222222222 0.5783333333333334 0.07333333333333333 0.10666666666666667
0 0.042222222222222223 0.058333333333333334 0.08444444444444445 0.11666666666666667
0 0.6311111111111111 0.585 0.07333333333333333 0.115
0 0.5477777777777778 0.5866666666666667 0.08666666666666667 0.11166666666666666
0 0.3288888888888889 0.5933333333333334 0.1111111111111111 0.13666666666666666
0 0.4411111111111111 0.5933333333333334 0.1111111111111111 0.12333333333333334
0 0.20222222222222222 0.6 0.13777777777777778 0.14666666666666667
0 0.06 0.6041666666666666 0.12 0.155
0 0.97 0.6616666666666666 0.05555555555555555 0.09666666666666666
0 0.9155555555555556 0.6691666666666667 0.057777777777777775 0.10666666666666667
0 0.8544444444444445 0.6716666666666666 0.07333333333333333 0.10166666666666667
0 0.7544444444444445 0.6766666666666666 0.03333333333333333 0.11333333333333333
0 0.7377777777777778 0.06916666666666667 0.05333333333333334 0.07833333333333334
0 0.7022222222222222 0.6866666666666666 0.06666666666666667 0.11
0 0.6366666666666667 0.7 0.08 0.12
0 0.5433333333333333 0.71 0.09555555555555556 0.125
0 0.44 0.7225 0.10666666666666667 0.13333333333333333
0 0.15888888888888889 0.07333333333333333 0.13111111111111112 0.14666666666666667
0 0.33555555555555555 0.7391666666666666 0.12 0.15
0 0.20444444444444446 0.755 0.14666666666666667 0.15833333333333333
0 0.06222222222222222 0.7716666666666666 0.12 0.17333333333333334
0 0.8488888888888889 0.07833333333333334 0.07777777777777778 0.06166666666666667
0 0.9034666666666666 0.7888666666666666 0.07875555555555543 0.06426666666666676
0 0.7059111111111112 0.8383 0.08184444444444454 0.08791666666666667
0 0.9709333333333333 0.8427 0.04660000000000006 0.06908333333333341
0 0.9077777777777778 0.08583333333333333 0.044444444444444446 0.09333333333333334
0 0.9098888888888889 0.85635 0.06591111111111105 0.07070000000000003
0 0.6298444444444444 0.8622000000000001 0.1065333333333332 0.08946666666666668
0 0.8456444444444445 0.8828666666666667 0.04880000000000008 0.08193333333333337
0 0.4962 0.8884166666666666 0.08191111111111114 0.0987166666666667
0 0.42011111111111116 0.9084666666666668 0.07784444444444438 0.10488333333333344
0 0.7674666666666667 0.9214166666666667 0.029555555555555453 0.08193333333333347
0 0.9773555555555555 0.9238333333333333 0.04231111111111103 0.07070000000000012
0 0.33066666666666666 0.9262166666666667 0.10048888888888892 0.11876666666666665
0 0.9345333333333333 0.9286500000000001 0.03804444444444446 0.06748333333333335
0 0.7128444444444444 0.9350833333333333 0.07026666666666667 0.0899666666666667
0 0.8927555555555555 0.9447166666666668 0.04448888888888885 0.08033333333333341
0 0.2822222222222222 0.095 0.10888888888888888 0.155
0 0.21 0.9508333333333333 0.13111111111111112 0.095
0 0.6466666666666666 0.9533333333333334 0.06222222222222222 0.09
0 0.5746888888888889 0.9595000000000001 0.07673333333333328 0.0809833333333332
0 0.07444444444444444 0.96 0.14444444444444443 0.07666666666666666
0 0.8531333333333334 0.9635166666666667 0.03808888888888886 0.07294999999999997
0 0.5040222222222223 0.9715499999999999 0.0724888888888889 0.056883333333333515
0 0.9544444444444444 0.10833333333333334 0.042222222222222223 0.07333333333333333
0 0.6011111111111112 0.11833333333333333 0.07111111111111111 0.08333333333333333
0 0.39666666666666667 0.12416666666666666 0.10888888888888888 0.14
0 0.67 0.13166666666666665 0.07111111111111111 0.08333333333333333
0 0.7311111111111112 0.1425 0.057777777777777775 0.08166666666666667
0 0.5055555555555555 0.145 0.10666666666666667 0.15166666666666667
0 0.8211111111111111 0.15333333333333332 0.035555555555555556 0.08833333333333333
0 0.8633333333333333 0.16 0.051111111111111114 0.09333333333333334