0 0.6575 0.27444444444444444 0.14 0.31777777777777777
0 0.8166666666666667 0.28555555555555556 0.15166666666666667 0.30666666666666664
0 0.945 0.37444444444444447 0.10666666666666667 0.2111111111111111
0 0.059166666666666666 0.43444444444444447 0.11333333333333333 0.31777777777777777
0 0.1975 0.45111111111111113 0.15333333333333332 0.3088888888888889
0 0.3466666666666667 0.47 0.14 0.32666666666666666
0 0.49916666666666665 0.4888888888888889 0.16 0.31777777777777777
0 0.6525 0.5833333333333334 0.13833333333333334 0.29777777777777775
0 0.8091666666666667 0.5955555555555555 0.15666666666666668 0.31777777777777777
0 0.7633333333333333 0.06 0.14166666666666666 0.12
0 0.9441666666666667 0.61 0.10833333333333334 0.2866666666666667
0 0.0575 0.7355555555555555 0.115 0.27555555555555555
0 0.19916666666666666 0.7555555555555555 0.15666666666666668 0.29555555555555557
0 0.3408333333333333 0.7822222222222223 0.145 0.28888888888888886
0 0.49666666666666665 0.8 0.16666666666666666 0.29777777777777775
0 0.65 0.8588888888888889 0.14 0.24888888888888888
0 0.9425 0.87 0.11166666666666666 0.25555555555555554
0 0.8091666666666667 0.8755555555555555 0.155 0.24444444444444444
0 0.055 0.9611111111111111 0.10666666666666667 0.07333333333333333
0 0.19916666666666666 0.14666666666666667 0.15666666666666668 0.28888888888888886
0 0.35 0.15666666666666668 0.13666666666666666 0.31333333333333335
0 0.5033333333333333 0.1622222222222222 0.16833333333333333 0.3244444444444444