0 0.095 0.34 0.07 0.15333333333333332
0 0.15083333333333335 0.3522222222222222 0.045 0.15555555555555556
0 0.20166666666666666 0.36333333333333334 0.058333333333333334 0.16666666666666666
0 0.2575 0.36444444444444446 0.051666666666666666 0.1688888888888889
0 0.30916666666666665 0.37333333333333335 0.056666666666666664 0.17555555555555555
0 0.37583333333333335 0.38333333333333336 0.07833333333333334 0.18444444444444444
0 0.4608333333333333 0.39222222222222225 0.08666666666666667 0.21777777777777776
0 0.5541666666666667 0.4 0.10166666666666667 0.24
0 0.6725 0.4122222222222222 0.12666666666666668 0.26222222222222225
0 0.8266666666666667 0.42444444444444446 0.175 0.29555555555555557
0 0.051666666666666666 0.47888888888888886 0.04833333333333333 0.14444444444444443
0 0.10416666666666667 0.49333333333333335 0.06333333333333334 0.1511111111111111
0 0.15666666666666668 0.4955555555555556 0.04 0.13555555555555557
0 0.20416666666666666 0.5177777777777778 0.058333333333333334 0.14888888888888888
0 0.25833333333333336 0.5311111111111111 0.05333333333333334 0.14666666666666667
0 0.25583333333333336 0.05333333333333334 0.09333333333333334 0.09777777777777778
0 0.31166666666666665 0.5455555555555556 0.05 0.15777777777777777
0 0.37583333333333335 0.57 0.08 0.18222222222222223
0 0.4633333333333333 0.5911111111111111 0.08833333333333333 0.19333333333333333
0 0.555 0.6222222222222222 0.10166666666666667 0.2
0 0.6708333333333333 0.6622222222222223 0.12833333333333333 0.2311111111111111
0 0.07166666666666667 0.6722222222222223 0.041666666666666664 0.13555555555555557
0 0.11416666666666667 0.69 0.03833333333333333 0.12
0 0.8141666666666667 0.6966666666666667 0.15833333333333333 0.2822222222222222
0 0.15833333333333333 0.7144444444444444 0.04666666666666667 0.12
0 0.205 0.73 0.05333333333333334 0.12666666666666668
0 0.255 0.7522222222222222 0.05333333333333334 0.13555555555555557
0 0.30916666666666665 0.7788888888888889 0.065 0.14666666666666667
0 0.0825 0.7933333333333333 0.03833333333333333 0.12666666666666668
0 0.1225 0.8144444444444444 0.045 0.13555555555555557
0 0.37666666666666665 0.8266666666666667 0.075 0.1711111111111111
0 0.44 0.8366666666666667 0.06166666666666667 0.14
0 0.16083333333333333 0.8388888888888889 0.043333333333333335 0.14
0 0.21083333333333334 0.8633333333333333 0.051666666666666666 0.15333333333333332
0 0.5016666666666667 0.8666666666666667 0.06166666666666667 0.15777777777777777
0 0.5758333333333333 0.8866666666666667 0.095 0.14444444444444443
0 0.25833333333333336 0.9 0.051666666666666666 0.1511111111111111
0 0.08916666666666667 0.9122222222222223 0.03833333333333333 0.09777777777777778
0 0.31083333333333335 0.9277777777777778 0.058333333333333334 0.14
0 0.1275 0.9322222222222222 0.04 0.1111111111111111
0 0.3825 0.9488888888888889 0.075 0.09777777777777778
0 0.1675 0.9533333333333334 0.041666666666666664 0.08888888888888889
0 0.44166666666666665 0.9566666666666667 0.05 0.08222222222222222
0 0.5 0.9655555555555555 0.06666666666666667 0.06444444444444444
0 0.21166666666666667 0.9677777777777777 0.043333333333333335 0.06
0 0.5708333333333333 0.9744444444444444 0.06833333333333333 0.04666666666666667
0 0.8358333333333333 0.1388888888888889 0.17333333333333334 0.27555555555555555
0 0.6783333333333333 0.14333333333333334 0.13833333333333334 0.27555555555555555
0 0.5583333333333333 0.16111111111111112 0.10833333333333334 0.2644444444444444
0 0.4583333333333333 0.1688888888888889 0.09166666666666666 0.24222222222222223
0 0.37083333333333335 0.17444444444444446 0.08666666666666667 0.22666666666666666
0 0.3016666666666667 0.17777777777777778 0.058333333333333334 0.20444444444444446
0 0.19 0.19111111111111112 0.06333333333333334 0.17333333333333334
0 0.24083333333333334 0.19555555555555557 0.05333333333333334 0.1688888888888889
0 0.13833333333333334 0.20222222222222222 0.051666666666666666 0.15555555555555556