0 0.7325 0.2577777777777778 0.058333333333333334 0.10666666666666667
0 0.4483333333333333 0.26222222222222225 0.07 0.14888888888888888
0 0.8625 0.2688888888888889 0.06166666666666667 0.1
0 0.7958333333333333 0.27111111111111114 0.06833333333333333 0.1
0 0.53 0.2777777777777778 0.06 0.12222222222222222
0 0.9333333333333333 0.2811111111111111 0.08 0.14444444444444443
0 0.9883333333333333 0.2833333333333333 0.02 0.14888888888888888
0 0.6675 0.3111111111111111 0.05333333333333334 0.13777777777777778
0 0.375 0.3188888888888889 0.06 0.1111111111111111
0 0.5966666666666667 0.3233333333333333 0.06333333333333334 0.12222222222222222
0 0.7275 0.35555555555555557 0.06 0.08666666666666667
0 0.7891666666666667 0.36 0.06333333333333334 0.08888888888888889
0 0.8566666666666667 0.3622222222222222 0.065 0.09555555555555556
0 0.44583333333333336 0.41 0.06666666666666667 0.13777777777777778
0 0.525 0.41 0.06666666666666667 0.14888888888888888
0 0.37333333333333335 0.4255555555555556 0.065 0.10222222222222223
0 0.9325 0.43 0.08166666666666667 0.15333333333333332
0 0.9875 0.43333333333333335 0.021666666666666667 0.1511111111111111
0 0.5925 0.43777777777777777 0.06166666666666667 0.1
0 0.66 0.43777777777777777 0.06666666666666667 0.10444444444444445
0 0.7225 0.44666666666666666 0.058333333333333334 0.09555555555555556
0 0.7875 0.45111111111111113 0.06 0.09555555555555556
0 0.855 0.4577777777777778 0.06333333333333334 0.09111111111111111
0 0.42833333333333334 0.6111111111111112 0.075 0.14444444444444443
0 0.28583333333333333 0.6122222222222222 0.06166666666666667 0.13333333333333333
0 0.3525 0.6122222222222222 0.06166666666666667 0.13555555555555557
0 0.5116666666666667 0.6188888888888889 0.06833333333333333 0.1511111111111111
0 0.5816666666666667 0.6211111111111111 0.06333333333333334 0.1511111111111111
0 0.6575 0.6311111111111111 0.06166666666666667 0.15555555555555556
0 0.2825 0.7422222222222222 0.07 0.13111111111111112
0 0.3525 0.7522222222222222 0.06333333333333334 0.13333333333333333
0 0.4241666666666667 0.7555555555555555 0.07166666666666667 0.13333333333333333
0 0.5066666666666667 0.76 0.075 0.13555555555555557
0 0.5816666666666667 0.77 0.06333333333333334 0.14
0 0.6508333333333334 0.7811111111111111 0.06333333333333334 0.14444444444444443
0 0.5991666666666666 0.20444444444444446 0.06333333333333334 0.11333333333333333