0 0.06583333333333333 0.43555555555555553 0.10833333333333334 0.3088888888888889
0 0.1875 0.46 0.12666666666666668 0.27555555555555555
0 0.30916666666666665 0.48333333333333334 0.10833333333333334 0.24666666666666667
0 0.41 0.5 0.09166666666666666 0.22444444444444445
0 0.49916666666666665 0.5088888888888888 0.08333333333333333 0.21333333333333335
0 0.5766666666666667 0.5177777777777778 0.07 0.19333333333333333
0 0.6358333333333334 0.5288888888888889 0.04666666666666667 0.1688888888888889
0 0.6808333333333333 0.5344444444444445 0.045 0.15777777777777777
0 0.725 0.5444444444444444 0.04833333333333333 0.14666666666666667
0 0.7616666666666667 0.5533333333333333 0.03833333333333333 0.14
0 0.7975 0.56 0.035 0.12666666666666668
0 0.83 0.5688888888888889 0.03333333333333333 0.12
0 0.8875 0.5722222222222222 0.02666666666666667 0.1111111111111111
0 0.8616666666666667 0.5733333333333334 0.03166666666666667 0.10666666666666667
0 0.9291666666666667 0.5755555555555556 0.023333333333333334 0.1111111111111111
0 0.9116666666666666 0.58 0.016666666666666666 0.10666666666666667
0 0.9516666666666667 0.5844444444444444 0.03 0.09333333333333334
0 0.6925 0.7433333333333333 0.04833333333333333 0.11333333333333333
0 0.4741666666666667 0.7455555555555555 0.035 0.14444444444444443
0 0.4066666666666667 0.7511111111111111 0.08833333333333333 0.15777777777777777
0 0.3358333333333333 0.7522222222222222 0.04833333333333333 0.12
0 0.6358333333333334 0.7544444444444445 0.08 0.12444444444444444
0 0.5541666666666667 0.7566666666666667 0.07166666666666667 0.12666666666666668
0 0.9233333333333333 0.7866666666666666 0.023333333333333334 0.12222222222222222
0 0.8925 0.79 0.03166666666666667 0.13555555555555557
0 0.8433333333333334 0.8044444444444444 0.07666666666666666 0.14
0 0.7533333333333333 0.8522222222222222 0.056666666666666664 0.13555555555555557
0 0.7 0.8722222222222222 0.058333333333333334 0.13333333333333333
0 0.6466666666666666 0.8922222222222222 0.07666666666666666 0.13333333333333333
0 0.5708333333333333 0.8966666666666666 0.06666666666666667 0.13777777777777778
0 0.4975 0.9088888888888889 0.065 0.17555555555555555
0 0.4225 0.9244444444444444 0.06833333333333333 0.14666666666666667
0 0.13083333333333333 0.9288888888888889 0.08166666666666667 0.13777777777777778
0 0.245 0.93 0.10666666666666667 0.13555555555555557
0 0.345 0.9322222222222222 0.1 0.13111111111111112
0 0.043333333333333335 0.9366666666666666 0.08666666666666667 0.12222222222222222