0 0.795 0.03115727002967359 0.03166666666666667 0.06231454005934718
0 0.8225 0.03115727002967359 0.025 0.06231454005934718
0 0.925 0.34124629080118696 0.018333333333333333 0.09792284866468842
0 0.9066666666666666 0.3486646884272997 0.02 0.10979228486646884
0 0.06316666666666666 0.035697329376854596 0.058300000000000005 0.07139465875370919
0 0.8833333333333333 0.3560830860534125 0.023333333333333334 0.10385756676557864
0 0.9466666666666667 0.35756676557863504 0.02 0.07418397626112759
0 0.08 0.3590504451038576 0.06333333333333334 0.17804154302670624
0 0.8591666666666666 0.3620178041543027 0.025 0.10089020771513353
0 0.83 0.3649851632047478 0.03166666666666667 0.11275964391691394
0 0.7983333333333333 0.37091988130563797 0.025 0.11869436201780416
0 0.7683333333333333 0.3798219584569733 0.03 0.10979228486646884
0 0.7358333333333333 0.3857566765578635 0.03333333333333333 0.12166172106824925
0 0.7033333333333334 0.39020771513353114 0.03666666666666667 0.11869436201780416
0 0.6641666666666667 0.39762611275964393 0.03833333333333333 0.12759643916913946
0 0.6283333333333333 0.4124629080118694 0.03333333333333333 0.1394658753709199
0 0.5891666666666666 0.4169139465875371 0.03666666666666667 0.1394658753709199
0 0.5433333333333333 0.42433234421364985 0.045 0.13649851632047477
0 0.4925 0.43768545994065283 0.051666666666666666 0.1543026706231454
0 0.43416666666666665 0.4391691394658754 0.056666666666666664 0.1632047477744807
0 0.12996666666666667 0.04462908011869436 0.07496666666666665 0.08922848664688428
0 0.375 0.4540059347181009 0.06166666666666667 0.17507418397626112
0 0.31083333333333335 0.4629080118694362 0.06833333333333333 0.19287833827893175
0 0.9504666666666666 0.48097922848664687 0.0375333333333333 0.07329376854599404
0 0.23833333333333334 0.4836795252225519 0.07333333333333333 0.19584569732937684
0 0.8175 0.48813056379821956 0.028333333333333332 0.08011869436201781
0 0.8441666666666666 0.4929673590504451 0.029400000000000072 0.10023738872403552
0 0.15916666666666668 0.49554896142433236 0.085 0.20178041543026706
0 0.2075 0.050445103857566766 0.08166666666666667 0.10089020771513353
0 0.2875 0.05489614243323442 0.08333333333333333 0.10979228486646884
0 0.7783333333333333 0.5400593471810089 0.03 0.11275964391691394
0 0.0875 0.5415430267062314 0.056666666666666664 0.17507418397626112
0 0.7058333333333333 0.5563798219584569 0.028333333333333332 0.12166172106824925
0 0.7416666666666667 0.5563798219584569 0.04 0.12166172106824925
0 0.3625 0.05637982195845697 0.06333333333333334 0.11275964391691394
0 0.7991666666666667 0.5682492581602374 0.02 0.08902077151335312
0 0.8183333333333334 0.5682492581602374 0.018333333333333333 0.0771513353115727
0 0.6691666666666667 0.5712166172106825 0.045 0.1394658753709199
0 0.5891666666666666 0.5875370919881305 0.03166666666666667 0.13056379821958458
0 0.8421166666666666 0.6023145400593471 0.02735000000000004 0.10388724035608306
0 0.54 0.6038575667655787 0.06166666666666667 0.142433234421365
0 0.42333333333333334 0.06231454005934718 0.065 0.12166172106824925
0 0.8141666666666667 0.6454005934718101 0.015 0.06824925816023739
0 0.45666666666666667 0.6513353115727003 0.051666666666666666 0.18100890207715134
0 0.48833333333333334 0.06528189910979229 0.06166666666666667 0.13056379821958458
0 0.6316666666666667 0.06676557863501484 0.055 0.13353115727002968
0 0.7925 0.6528189910979229 0.023333333333333334 0.08605341246290801
0 0.7683333333333333 0.6572700296735905 0.028333333333333332 0.10979228486646884
0 0.4 0.6676557863501483 0.056666666666666664 0.17507418397626112
0 0.7358333333333333 0.672106824925816 0.035 0.12462908011869436
0 0.6783333333333333 0.06973293768545995 0.043333333333333335 0.1394658753709199
0 0.7 0.6869436201780416 0.035 0.13353115727002968
0 0.3375 0.6958456973293768 0.06833333333333333 0.18991097922848665
0 0.665 0.6988130563798219 0.03333333333333333 0.13353115727002968
0 0.6241666666666666 0.7062314540059347 0.04 0.14540059347181009
0 0.2683333333333333 0.7136498516320475 0.07 0.20178041543026706
0 0.5841666666666666 0.7329376854599406 0.03833333333333333 0.1394658753709199
0 0.7183333333333334 0.07418397626112759 0.03833333333333333 0.14836795252225518
0 0.19333333333333333 0.7433234421364985 0.08 0.20771513353115728
0 0.535 0.755192878338279 0.056666666666666664 0.1572700296735905
0 0.8416666666666667 0.07863501483679525 0.028333333333333332 0.12462908011869436
0 0.11166666666666666 0.7789317507418397 0.09 0.20771513353115728
0 0.7566666666666667 0.08011869436201781 0.03833333333333333 0.13353115727002968
0 0.45416666666666666 0.8056379821958457 0.056666666666666664 0.14540059347181009
0 0.8716666666666667 0.0830860534124629 0.03 0.12166172106824925
0 0.9025 0.08456973293768547 0.03333333333333333 0.11869436201780416
0 0.3983333333333333 0.8308605341246291 0.06 0.1632047477744807
0 0.945 0.08605341246290801 0.016666666666666666 0.11869436201780416
0 0.3416666666666667 0.8649851632047477 0.065 0.16913946587537093
0 0.9266666666666666 0.08902077151335312 0.013333333333333334 0.11572700296735905
0 0.2733333333333333 0.9020771513353115 0.07 0.16913946587537093
0 0.19416666666666665 0.9213649851632048 0.07166666666666667 0.1513353115727003
0 0.8816666666666667 0.9272997032640949 0.04 0.13353115727002968
0 0.8483333333333334 0.93026706231454 0.041666666666666664 0.06231454005934718
0 0.12 0.9406528189910979 0.07833333333333334 0.11275964391691394
0 0.9625 0.09495548961424333 0.021666666666666667 0.12166172106824925
0 0.9858333333333333 0.09495548961424333 0.021666666666666667 0.12166172106824925
0 0.805 0.956973293768546 0.04666666666666667 0.08011869436201781
0 0.7916666666666666 0.09940652818991098 0.02666666666666667 0.08011869436201781
0 0.8166666666666667 0.10237388724035608 0.018333333333333333 0.0771513353115727
0 0.9558333333333333 0.22403560830860533 0.018333333333333333 0.06528189910979229
0 0.9733333333333334 0.22403560830860533 0.021666666666666667 0.05934718100890208
0 0.9125 0.23590504451038577 0.023333333333333334 0.10979228486646884
0 0.835 0.24183976261127596 0.03166666666666667 0.12166172106824925
0 0.89 0.2433234421364985 0.02 0.11275964391691394
0 0.8666666666666667 0.24480712166172106 0.025 0.12166172106824925
0 0.935 0.24480712166172106 0.02 0.09198813056379822
0 0.7733333333333333 0.24629080118694363 0.03 0.13353115727002968
0 0.8033333333333333 0.24629080118694363 0.03 0.12462908011869436
0 0.6716666666666666 0.24925816023738873 0.03833333333333333 0.1513353115727003
0 0.635 0.2522255192878338 0.045 0.16913946587537093
0 0.7416666666666667 0.2596439169139466 0.03333333333333333 0.12462908011869436
0 0.3775 0.26112759643916916 0.06333333333333334 0.20474777448071216
0 0.5966666666666667 0.2626112759643917 0.03833333333333333 0.16023738872403562
0 0.4375 0.26706231454005935 0.058333333333333334 0.19287833827893175
0 0.49916666666666665 0.26706231454005935 0.05333333333333334 0.17804154302670624
0 0.5525 0.26706231454005935 0.04833333333333333 0.1632047477744807
0 0.71 0.26706231454005935 0.03333333333333333 0.11869436201780416
0 0.31 0.2685459940652819 0.06666666666666667 0.20178041543026706
0 0.235 0.2789317507418398 0.07166666666666667 0.21364985163204747
0 0.15083333333333335 0.2878338278931751 0.08833333333333333 0.22551928783382788
0 0.97 0.2893175074183976 0.015 0.06231454005934718
0 0.9525 0.2922848664688427 0.02 0.06231454005934718