0 0.7388888888888889 0.16666666666666666 0.10888888888888888 0.13666666666666666
0 0.6177777777777778 0.1675 0.10666666666666667 0.12833333333333333
0 0.5111111111111111 0.17 0.10888888888888888 0.12833333333333333
0 0.27666666666666667 0.17166666666666666 0.1 0.12333333333333334
0 0.17 0.1725 0.10888888888888888 0.12
0 0.057777777777777775 0.21666666666666667 0.08888888888888889 0.09833333333333333
0 0.9544444444444444 0.2916666666666667 0.08666666666666667 0.12333333333333334
0 0.2777777777777778 0.29083333333333333 0.10444444444444445 0.11666666666666667
0 0.3844444444444444 0.2916666666666667 0.1111111111111111 0.11666666666666667
0 0.17333333333333334 0.2941666666666667 0.10444444444444445 0.11666666666666667
0 0.5077777777777778 0.295 0.10888888888888888 0.11666666666666667
0 0.6211111111111111 0.295 0.10666666666666667 0.12166666666666667
0 0.7311111111111112 0.2966666666666667 0.1111111111111111 0.12
0 0.06222222222222222 0.30833333333333335 0.09555555555555556 0.08666666666666667
0 0.4033333333333333 0.45416666666666666 0.10666666666666667 0.11333333333333333
0 0.2911111111111111 0.455 0.09555555555555556 0.11333333333333333
0 0.6222222222222222 0.455 0.09777777777777778 0.11333333333333333
0 0.51 0.45916666666666667 0.09111111111111111 0.11333333333333333
0 0.7355555555555555 0.4633333333333333 0.10222222222222223 0.11333333333333333
0 0.8488888888888889 0.4633333333333333 0.10888888888888888 0.11166666666666666
0 0.9522222222222222 0.465 0.08888888888888889 0.115
0 0.4088888888888889 0.5641666666666667 0.1 0.10333333333333333
0 0.29777777777777775 0.5675 0.10666666666666667 0.105
0 0.12444444444444444 0.5683333333333334 0.11777777777777777 0.105
0 0.51 0.5683333333333334 0.09555555555555556 0.105
0 0.6233333333333333 0.5691666666666667 0.09333333333333334 0.105
0 0.7266666666666667 0.5716666666666667 0.10222222222222223 0.10333333333333333
0 0.8388888888888889 0.5758333333333333 0.10666666666666667 0.11
0 0.9466666666666667 0.5816666666666667 0.09333333333333334 0.11666666666666667
0 0.03111111111111111 0.7058333333333333 0.06222222222222222 0.065
0 0.2733333333333333 0.7216666666666667 0.1 0.10166666666666667
0 0.41444444444444445 0.7258333333333333 0.09555555555555556 0.10666666666666667
0 0.5411111111111111 0.7308333333333333 0.1 0.105
0 0.9511111111111111 0.7333333333333333 0.08888888888888889 0.12333333333333334
0 0.6488888888888888 0.7341666666666666 0.09777777777777778 0.11333333333333333
0 0.7511111111111111 0.7358333333333333 0.10666666666666667 0.115
0 0.042222222222222223 0.8008333333333333 0.07555555555555556 0.11666666666666667
0 0.27555555555555555 0.8275 0.10222222222222223 0.10333333333333333
0 0.4166666666666667 0.8358333333333333 0.08888888888888889 0.11166666666666666
0 0.5366666666666666 0.8408333333333333 0.09777777777777778 0.115
0 0.6422222222222222 0.8441666666666666 0.10222222222222223 0.11
0 0.75 0.8466666666666667 0.09555555555555556 0.10833333333333334
0 0.9466666666666667 0.8583333333333333 0.10222222222222223 0.12333333333333334
0 0.9555555555555556 0.16 0.08444444444444445 0.14333333333333334
0 0.3877777777777778 0.16166666666666665 0.11555555555555555 0.13666666666666666