0 0.20916666666666667 0.1943620178041543 0.15833333333333333 0.37388724035608306
0 0.2125 0.543026706231454 0.15 0.32344213649851633
0 0.21333333333333335 0.8501483679525222 0.14666666666666667 0.29080118694362017
0 0.47333333333333333 0.2344213649851632 0.11 0.3026706231454006
0 0.5725 0.2344213649851632 0.08833333333333333 0.29376854599406527
0 0.6791666666666667 0.23293768545994065 0.12 0.29376854599406527
0 0.45916666666666667 0.5207715133531158 0.1 0.27299703264094954
0 0.5575 0.516320474777448 0.09166666666666666 0.2522255192878338
0 0.6575 0.5133531157270029 0.10166666666666667 0.2522255192878338
0 0.45166666666666666 0.7833827893175074 0.09166666666666666 0.24925816023738873
0 0.5433333333333333 0.7611275964391692 0.09166666666666666 0.22551928783382788
0 0.35 0.22700296735905046 0.12166666666666667 0.3264094955489614
0 0.3458333333333333 0.5341246290801187 0.10666666666666667 0.29080118694362017
0 0.7933333333333333 0.22403560830860533 0.10833333333333334 0.3086053412462908
0 0.7675 0.5089020771513353 0.10833333333333334 0.24925816023738873
0 0.7483333333333333 0.7388724035608308 0.11 0.24629080118694363
0 0.6425 0.7640949554896143 0.09833333333333333 0.2344213649851632
0 0.3416666666666667 0.8100890207715133 0.10833333333333334 0.258160237388724