0 0.5991666666666666 0.38724035608308605 0.085 0.20178041543026706
0 0.42083333333333334 0.3916913946587537 0.09 0.2166172106824926
0 0.3333333333333333 0.3961424332344214 0.08166666666666667 0.20771513353115728
0 0.7016666666666667 0.5816023738872403 0.09666666666666666 0.19881305637982197
0 0.31833333333333336 0.5845697329376854 0.09333333333333334 0.20474777448071216
0 0.605 0.586053412462908 0.09166666666666666 0.19287833827893175
0 0.5108333333333334 0.5890207715133531 0.08833333333333333 0.19584569732937684
0 0.42 0.5905044510385756 0.08333333333333333 0.18991097922848665
0 0.6233333333333333 0.8976261127596439 0.09666666666666666 0.19287833827893175
0 0.5158333333333334 0.8991097922848664 0.1 0.19881305637982197
0 0.7266666666666667 0.9020771513353115 0.09833333333333333 0.19287833827893175
0 0.415 0.9050445103857567 0.09833333333333333 0.18694362017804153
0 0.31333333333333335 0.9080118694362018 0.09833333333333333 0.17804154302670624
0 0.21083333333333334 0.9094955489614244 0.105 0.17804154302670624
0 0.8266666666666667 0.9094955489614244 0.09333333333333334 0.16913946587537093
0 0.10916666666666666 0.9109792284866469 0.09833333333333333 0.17210682492581603