0 0.24333333333333335 0.30712166172106825 0.043333333333333335 0.07418397626112759
0 0.1825 0.34421364985163205 0.07166666666666667 0.19881305637982197
0 0.6725 0.41097922848664686 0.13166666666666665 0.3353115727002967
0 0.5466666666666666 0.4169139465875371 0.11666666666666667 0.314540059347181
0 0.8958333333333334 0.4421364985163205 0.04666666666666667 0.29376854599406527
0 0.43416666666666665 0.44510385756676557 0.10666666666666667 0.3026706231454006
0 0.335 0.456973293768546 0.08333333333333333 0.27596439169139464
0 0.8 0.47477744807121663 0.11666666666666667 0.29673590504451036
0 0.8683333333333333 0.5459940652818991 0.041666666666666664 0.22551928783382788
0 0.5433333333333333 0.7477744807121661 0.11666666666666667 0.33827893175074186
0 0.9083333333333333 0.7507418397626113 0.041666666666666664 0.314540059347181
0 0.3275 0.7522255192878339 0.09166666666666666 0.3056379821958457
0 0.675 0.7522255192878339 0.145 0.33827893175074186
0 0.24 0.7596439169139466 0.08 0.2878338278931751
0 0.42833333333333334 0.7611275964391692 0.105 0.3293768545994065
0 0.8075 0.7759643916913946 0.13 0.3026706231454006
0 0.88 0.7967359050445104 0.03333333333333333 0.24925816023738873
0 0.5475 0.13204747774480713 0.11666666666666667 0.26112759643916916
0 0.43666666666666665 0.1543026706231454 0.1 0.27299703264094954
0 0.735 0.24629080118694363 0.07666666666666666 0.16913946587537093
0 0.8266666666666667 0.2878338278931751 0.10333333333333333 0.2551928783382789