0 0.39666666666666667 0.30415430267062316 0.035 0.09198813056379822
0 0.7383333333333333 0.3056379821958457 0.055 0.12462908011869436
0 0.36333333333333334 0.3115727002967359 0.028333333333333332 0.09495548961424333
0 0.6858333333333333 0.3219584569732938 0.04666666666666667 0.11572700296735905
0 0.3375 0.3249258160237389 0.023333333333333334 0.08902077151335312
0 0.31333333333333335 0.3323442136498516 0.023333333333333334 0.0830860534124629
0 0.6391666666666667 0.3367952522255193 0.045 0.10979228486646884
0 0.6 0.35014836795252224 0.03666666666666667 0.11275964391691394
0 0.2425 0.3590504451038576 0.015 0.08902077151335312
0 0.5616666666666666 0.36053412462908013 0.04 0.10682492581602374
0 0.225 0.36795252225519287 0.016666666666666666 0.0771513353115727
0 0.5233333333333333 0.3724035608308605 0.035 0.10089020771513353
0 0.47583333333333333 0.3827893175074184 0.028333333333333332 0.10682492581602374
0 0.19583333333333333 0.39020771513353114 0.03333333333333333 0.0771513353115727
0 0.44666666666666666 0.39020771513353114 0.03166666666666667 0.10682492581602374
0 0.4166666666666667 0.3991097922848665 0.03 0.09495548961424333
0 0.17083333333333334 0.40059347181008903 0.016666666666666666 0.08011869436201781
0 0.3875 0.4035608308605341 0.028333333333333332 0.10385756676557864
0 0.8541666666666666 0.4035608308605341 0.06333333333333334 0.142433234421365
0 0.15166666666666667 0.4065281899109792 0.018333333333333333 0.0712166172106825
0 0.3575 0.40801186943620177 0.03 0.09495548961424333
0 0.3325 0.4124629080118694 0.021666666666666667 0.08902077151335312
0 0.7966666666666666 0.413946587537092 0.051666666666666666 0.13353115727002968
0 0.30833333333333335 0.42136498516320475 0.025 0.08605341246290801
0 0.7375 0.4332344213649852 0.055 0.11869436201780416
0 0.6875 0.4391691394658754 0.04833333333333333 0.11869436201780416
0 0.2375 0.4465875370919881 0.016666666666666666 0.0830860534124629
0 0.6416666666666667 0.44807121661721067 0.043333333333333335 0.11572700296735905
0 0.22 0.45252225519287836 0.016666666666666666 0.08011869436201781
0 0.2025 0.45845697329376855 0.02 0.08011869436201781
0 0.18416666666666667 0.4629080118694362 0.015 0.08011869436201781
0 0.5975 0.4629080118694362 0.04 0.10682492581602374
0 0.5591666666666667 0.47032640949554894 0.04 0.10385756676557864
0 0.5183333333333333 0.47477744807121663 0.035 0.09792284866468842
0 0.16666666666666666 0.47774480712166173 0.018333333333333333 0.06824925816023739
0 0.145 0.4792284866468843 0.021666666666666667 0.06824925816023739
0 0.4683333333333333 0.48813056379821956 0.02666666666666667 0.10385756676557864
0 0.1225 0.48813056379821956 0.028333333333333332 0.07418397626112759
0 0.44 0.4896142433234421 0.028333333333333332 0.09495548961424333
0 0.41083333333333333 0.4970326409495549 0.03 0.10089020771513353
0 0.38083333333333336 0.5044510385756676 0.03166666666666667 0.08902077151335312
0 0.3525 0.5059347181008902 0.02666666666666667 0.09495548961424333
0 0.32666666666666666 0.5074183976261127 0.021666666666666667 0.08902077151335312
0 0.013333333333333334 0.5118694362017804 0.015 0.0712166172106825
0 0.30083333333333334 0.5133531157270029 0.03 0.09495548961424333
0 0.03333333333333333 0.516320474777448 0.025 0.07418397626112759
0 0.2783333333333333 0.5207715133531158 0.021666666666666667 0.08605341246290801
0 0.21583333333333332 0.5370919881305638 0.023333333333333334 0.08605341246290801
0 0.19333333333333333 0.543026706231454 0.023333333333333334 0.0771513353115727
0 0.17583333333333334 0.5459940652818991 0.016666666666666666 0.0712166172106825
0 0.15916666666666668 0.5489614243323442 0.016666666666666666 0.07418397626112759
0 0.14083333333333334 0.5534124629080118 0.02 0.06824925816023739
0 0.11333333333333333 0.5652818991097923 0.023333333333333334 0.05637982195845697
0 0.05416666666666667 0.5756676557863502 0.016666666666666666 0.06231454005934718
0 0.009066666666666667 0.5779228486646883 0.018116666666666666 0.06391691394658759
0 0.03166666666666667 0.5801186943620178 0.023333333333333334 0.05637982195845697
0 0.8766666666666667 0.6261127596439169 0.058333333333333334 0.1572700296735905
0 0.7566666666666667 0.6320474777448071 0.05333333333333334 0.13353115727002968
0 0.8208333333333333 0.6320474777448071 0.05333333333333334 0.142433234421365
0 0.6575 0.6364985163204748 0.04 0.12462908011869436
0 0.7008333333333333 0.6364985163204748 0.04666666666666667 0.13056379821958458
0 0.44 0.6498516320474778 0.028333333333333332 0.11275964391691394
0 0.4691666666666667 0.6498516320474778 0.02666666666666667 0.11869436201780416
0 0.5566666666666666 0.6528189910979229 0.03 0.08902077151335312
0 0.4091666666666667 0.655786350148368 0.03 0.09792284866468842
0 0.37916666666666665 0.6617210682492581 0.025 0.08011869436201781
0 0.19 0.6646884272997032 0.023333333333333334 0.08605341246290801
0 0.09333333333333334 0.6676557863501483 0.02666666666666667 0.07418397626112759
0 0.12583333333333332 0.6691394658753709 0.025 0.0771513353115727
0 0.625 0.6735905044510386 0.023333333333333334 0.04154302670623145
0 0.16583333333333333 0.6735905044510386 0.021666666666666667 0.0771513353115727
0 0.5866666666666667 0.7106824925816023 0.03833333333333333 0.08011869436201781
0 0.6191666666666666 0.7373887240356083 0.035 0.08605341246290801
0 0.08583333333333333 0.7433234421364985 0.018333333333333333 0.0771513353115727
0 0.555 0.744807121661721 0.028333333333333332 0.08605341246290801
0 0.10416666666666667 0.744807121661721 0.015 0.07418397626112759
0 0.11916666666666667 0.744807121661721 0.015 0.07418397626112759
0 0.135 0.7462908011869436 0.02 0.08011869436201781
0 0.18416666666666667 0.7492581602373887 0.023333333333333334 0.08902077151335312
0 0.15916666666666668 0.7507418397626113 0.025 0.08011869436201781
0 0.20666666666666667 0.7522255192878339 0.018333333333333333 0.08605341246290801
0 0.37083333333333335 0.7537091988130564 0.025 0.10089020771513353
0 0.4041666666666667 0.7581602373887241 0.03 0.09495548961424333
0 0.43416666666666665 0.7596439169139466 0.03166666666666667 0.09792284866468842
0 0.4633333333333333 0.7655786350148368 0.023333333333333334 0.10682492581602374
0 0.6591666666666667 0.7655786350148368 0.03833333333333333 0.1394658753709199
0 0.7616666666666667 0.7729970326409495 0.056666666666666664 0.142433234421365
0 0.7058333333333333 0.7744807121661721 0.051666666666666666 0.13353115727002968
0 0.8208333333333333 0.7759643916913946 0.05 0.14836795252225518
0 0.5158333333333334 0.7804154302670623 0.03833333333333333 0.10385756676557864
0 0.8775 0.7818991097922848 0.06 0.1572700296735905
0 0.585 0.7952522255192879 0.03 0.08902077151335312
0 0.07833333333333334 0.8219584569732937 0.023333333333333334 0.0712166172106825
0 0.09666666666666666 0.8219584569732937 0.016666666666666666 0.0712166172106825
0 0.5516666666666666 0.8249258160237388 0.03 0.0830860534124629
0 0.6183333333333333 0.8264094955489614 0.03666666666666667 0.0830860534124629
0 0.18083333333333335 0.8323442136498517 0.021666666666666667 0.08011869436201781
0 0.20416666666666666 0.841246290801187 0.021666666666666667 0.08902077151335312
0 0.36583333333333334 0.8605341246290801 0.028333333333333332 0.10682492581602374
0 0.3975 0.8635014836795252 0.03333333333333333 0.10682492581602374
0 0.42916666666666664 0.8664688427299704 0.03333333333333333 0.12166172106824925
0 0.4583333333333333 0.8827893175074184 0.021666666666666667 0.11275964391691394
0 0.515 0.8902077151335311 0.04 0.11275964391691394
0 0.5808333333333333 0.900593471810089 0.035 0.11275964391691394
0 0.6558333333333334 0.9065281899109793 0.041666666666666664 0.1394658753709199
0 0.5483333333333333 0.9124629080118695 0.02666666666666667 0.08902077151335312
0 0.7025 0.9124629080118695 0.051666666666666666 0.142433234421365
0 0.6191666666666666 0.9169139465875371 0.03666666666666667 0.09198813056379822
0 0.7608333333333334 0.9198813056379822 0.06 0.14836795252225518
0 0.8233333333333334 0.9243323442136498 0.05333333333333334 0.13649851632047477
0 0.88 0.9272997032640949 0.06 0.1394658753709199
0 0.8508333333333333 0.13501483679525222 0.058333333333333334 0.12759643916913946
0 0.7958333333333333 0.1572700296735905 0.058333333333333334 0.12166172106824925
0 0.74 0.17804154302670624 0.05 0.12462908011869436
0 0.6891666666666667 0.20029673590504452 0.04666666666666667 0.12166172106824925
0 0.6425 0.21810089020771514 0.045 0.11275964391691394
0 0.6025 0.23887240356083086 0.035 0.10979228486646884
0 0.5633333333333334 0.24925816023738873 0.03666666666666667 0.10682492581602374
0 0.5258333333333334 0.2626112759643917 0.03166666666666667 0.10089020771513353
0 0.8533333333333334 0.26706231454005935 0.06166666666666667 0.12759643916913946
0 0.47833333333333333 0.28041543026706234 0.023333333333333334 0.10089020771513353
0 0.795 0.28486646884273 0.05 0.12759643916913946