0 0.19916666666666666 0.43471810089020774 0.08333333333333333 0.21068249258160238
0 0.3591666666666667 0.486646884272997 0.07333333333333333 0.17804154302670624
0 0.5066666666666667 0.5118694362017804 0.07166666666666667 0.1572700296735905
0 0.645 0.5192878338278932 0.075 0.17210682492581603
0 0.03666666666666667 0.5237388724035609 0.06833333333333333 0.1572700296735905
0 0.43416666666666665 0.526706231454006 0.06666666666666667 0.10979228486646884
0 0.71 0.5326409495548962 0.056666666666666664 0.1661721068249258
0 0.11166666666666666 0.5400593471810089 0.07833333333333334 0.16023738872403562
0 0.765 0.5459940652818991 0.06666666666666667 0.1572700296735905
0 0.825 0.6053412462908012 0.05 0.12166172106824925
0 0.8641666666666666 0.6097922848664689 0.045 0.11869436201780416
0 0.9108333333333334 0.612759643916914 0.05 0.12759643916913946
0 0.96 0.6142433234421365 0.05333333333333334 0.12759643916913946
0 0.195 0.6409495548961425 0.09166666666666666 0.20178041543026706
0 0.2808333333333333 0.6483679525222552 0.08 0.19881305637982197
0 0.35833333333333334 0.6646884272997032 0.07166666666666667 0.18397626112759644
0 0.035833333333333335 0.6691394658753709 0.06333333333333334 0.1394658753709199
0 0.4375 0.6765578635014837 0.08333333333333333 0.16023738872403562
0 0.105 0.6765578635014837 0.06833333333333333 0.13649851632047477
0 0.5141666666666667 0.6824925816023739 0.07333333333333333 0.1661721068249258
0 0.6558333333333334 0.6884272997032641 0.06666666666666667 0.17804154302670624
0 0.5833333333333334 0.6913946587537092 0.075 0.1661721068249258
0 0.72 0.6973293768545994 0.065 0.1632047477744807
0 0.7791666666666667 0.7091988130563798 0.065 0.16913946587537093
0 0.835 0.7240356083086054 0.056666666666666664 0.13353115727002968
0 0.8783333333333333 0.7373887240356083 0.041666666666666664 0.12759643916913946
0 0.9266666666666666 0.7373887240356083 0.05333333333333334 0.12166172106824925
0 0.9741666666666666 0.7403560830860534 0.05 0.13353115727002968
0 0.9641666666666666 0.9169139465875371 0.06833333333333333 0.16023738872403562
0 0.44416666666666665 0.9228486646884273 0.08166666666666667 0.1513353115727003
0 0.8991666666666667 0.9243323442136498 0.085 0.14540059347181009
0 0.5241666666666667 0.9258160237388724 0.075 0.142433234421365
0 0.8358333333333333 0.9362017804154302 0.055 0.12166172106824925
0 0.5916666666666667 0.9391691394658753 0.06 0.11572700296735905
0 0.7858333333333334 0.9510385756676558 0.055 0.09198813056379822
0 0.7266666666666667 0.9688427299703264 0.05333333333333334 0.05637982195845697