0 0.4608333333333333 0.31008902077151335 0.085 0.2522255192878338
0 0.6141666666666666 0.38724035608308605 0.09 0.228486646884273
0 0.8325 0.4035608308605341 0.08333333333333333 0.18100890207715134
0 0.7091666666666666 0.4198813056379822 0.09666666666666666 0.22255192878338279
0 0.7108333333333333 0.057863501483679525 0.09833333333333333 0.11572700296735905
0 0.445 0.5652818991097923 0.09333333333333334 0.24925816023738873
0 0.5266666666666666 0.5667655786350149 0.07833333333333334 0.2195845697329377
0 0.36583333333333334 0.5771513353115727 0.07 0.2403560830860534
0 0.6108333333333333 0.6216617210682492 0.095 0.24925816023738873
0 0.8058333333333333 0.6305637982195845 0.11666666666666667 0.27002967359050445
0 0.705 0.6409495548961425 0.08833333333333333 0.2433234421364985
0 0.5183333333333333 0.8264094955489614 0.085 0.3115727002967359
0 0.3591666666666667 0.8323442136498517 0.06333333333333334 0.27596439169139464
0 0.43166666666666664 0.8367952522255193 0.08 0.27596439169139464
0 0.885 0.8694362017804155 0.03333333333333333 0.258160237388724
0 0.61 0.8679525222551929 0.09333333333333334 0.258160237388724
0 0.7 0.8783382789317508 0.09333333333333334 0.23738872403560832
0 0.8091666666666667 0.8857566765578635 0.12833333333333333 0.22255192878338279
0 0.6133333333333333 0.1795252225519288 0.08833333333333333 0.19881305637982197
0 0.9016666666666666 0.19287833827893175 0.115 0.228486646884273
0 0.7116666666666667 0.21216617210682492 0.1 0.19287833827893175