0 0.15666666666666668 0.30712166172106825 0.04833333333333333 0.20474777448071216
0 0.32916666666666666 0.31305637982195844 0.09 0.2403560830860534
0 0.41333333333333333 0.33086053412462907 0.08 0.228486646884273
0 0.49166666666666664 0.3397626112759644 0.07333333333333333 0.21364985163204747
0 0.5591666666666667 0.3560830860534125 0.06 0.19881305637982197
0 0.6225 0.37388724035608306 0.065 0.18694362017804153
0 0.6933333333333334 0.37388724035608306 0.05 0.18397626112759644
0 0.7483333333333333 0.38427299703264095 0.056666666666666664 0.17804154302670624
0 0.795 0.4065281899109792 0.04 0.16023738872403562
0 0.8333333333333334 0.4124629080118694 0.04 0.1543026706231454
0 0.8791666666666667 0.413946587537092 0.065 0.1572700296735905
0 0.9366666666666666 0.4258160237388724 0.055 0.16023738872403562
0 0.5758333333333333 0.7759643916913946 0.06833333333333333 0.21364985163204747
0 0.5033333333333333 0.7893175074183977 0.08 0.22551928783382788
0 0.4325 0.7922848664688428 0.056666666666666664 0.23738872403560832
0 0.3541666666666667 0.798219584569733 0.09 0.24925816023738873
0 0.17416666666666666 0.8115727002967359 0.07666666666666666 0.29376854599406527
0 0.26166666666666666 0.8130563798219584 0.095 0.27299703264094954
0 0.035833333333333335 0.0830860534124629 0.06 0.1661721068249258
0 0.16583333333333333 0.10979228486646884 0.06 0.2195845697329377
0 0.24166666666666667 0.1201780415430267 0.065 0.10385756676557864
0 0.7766666666666666 0.23887240356083086 0.05 0.10979228486646884
0 0.8191666666666667 0.271513353115727 0.03666666666666667 0.13353115727002968
0 0.034166666666666665 0.27596439169139464 0.06833333333333333 0.21364985163204747
0 0.23083333333333333 0.2893175074183976 0.105 0.258160237388724