0 0.7291666666666666 0.43 0.065 0.13111111111111112
0 0.6625 0.4311111111111111 0.06166666666666667 0.12222222222222222
0 0.8025 0.4311111111111111 0.06666666666666667 0.13777777777777778
0 0.8725 0.4311111111111111 0.06833333333333333 0.13555555555555557
0 0.09666666666666666 0.43555555555555553 0.043333333333333335 0.08888888888888889
0 0.4275 0.43777777777777777 0.06 0.1111111111111111
0 0.6016666666666667 0.4388888888888889 0.058333333333333334 0.1111111111111111
0 0.13583333333333333 0.4388888888888889 0.03666666666666667 0.09111111111111111
0 0.18083333333333335 0.44 0.051666666666666666 0.08888888888888889
0 0.27166666666666667 0.44 0.04833333333333333 0.10222222222222223
0 0.32166666666666666 0.44 0.04833333333333333 0.10666666666666667
0 0.049166666666666664 0.44 0.04833333333333333 0.08666666666666667
0 0.48333333333333334 0.4411111111111111 0.04833333333333333 0.11333333333333333
0 0.54 0.4411111111111111 0.06 0.1111111111111111
0 0.3725 0.44222222222222224 0.051666666666666666 0.10444444444444445
0 0.22833333333333333 0.4444444444444444 0.041666666666666664 0.09555555555555556
0 0.9291666666666667 0.4777777777777778 0.041666666666666664 0.09111111111111111
0 0.9741666666666666 0.48 0.04666666666666667 0.1
0 0.050833333333333335 0.5344444444444445 0.04666666666666667 0.09777777777777778
0 0.10083333333333333 0.5344444444444445 0.04666666666666667 0.1
0 0.14 0.5344444444444445 0.04 0.09777777777777778
0 0.1825 0.54 0.04666666666666667 0.1
0 0.23 0.5411111111111111 0.045 0.10222222222222223
0 0.2733333333333333 0.5444444444444444 0.043333333333333335 0.10444444444444445
0 0.32 0.5444444444444444 0.051666666666666666 0.10444444444444445
0 0.4266666666666667 0.5455555555555556 0.06 0.11555555555555555
0 0.37083333333333335 0.5466666666666666 0.05 0.10666666666666667
0 0.5416666666666666 0.5522222222222222 0.058333333333333334 0.10888888888888888
0 0.48583333333333334 0.5533333333333333 0.05 0.1111111111111111
0 0.6 0.5577777777777778 0.056666666666666664 0.1111111111111111
0 0.6633333333333333 0.5577777777777778 0.06166666666666667 0.12666666666666668
0 0.73 0.56 0.065 0.13111111111111112
0 0.7966666666666666 0.5611111111111111 0.07 0.13111111111111112
0 0.8666666666666667 0.5677777777777778 0.065 0.13111111111111112
0 0.9783333333333334 0.5844444444444444 0.035 0.10444444444444445
0 0.0975 0.6744444444444444 0.03833333333333333 0.08888888888888889
0 0.14 0.6811111111111111 0.045 0.09555555555555556
0 0.185 0.6822222222222222 0.043333333333333335 0.09333333333333334
0 0.22833333333333333 0.6944444444444444 0.045 0.08888888888888889
0 0.27416666666666667 0.6966666666666667 0.04666666666666667 0.1
0 0.3275 0.7 0.05 0.09555555555555556
0 0.37666666666666665 0.7077777777777777 0.05 0.10888888888888888
0 0.43166666666666664 0.7111111111111111 0.05 0.10888888888888888
0 0.5458333333333333 0.7211111111111111 0.055 0.11555555555555555
0 0.5975 0.7355555555555555 0.041666666666666664 0.06888888888888889
0 0.4875 0.7388888888888889 0.04833333333333333 0.10666666666666667
0 0.1 0.7666666666666667 0.03666666666666667 0.09333333333333334
0 0.185 0.7788888888888889 0.041666666666666664 0.10222222222222223
0 0.14166666666666666 0.7788888888888889 0.04833333333333333 0.09333333333333334
0 0.7008333333333333 0.7877777777777778 0.045 0.10888888888888888
0 0.23 0.7922222222222223 0.045 0.10666666666666667
0 0.6525 0.7966666666666666 0.045 0.09555555555555556
0 0.2783333333333333 0.7977777777777778 0.051666666666666666 0.10444444444444445
0 0.3283333333333333 0.8011111111111111 0.04833333333333333 0.1
0 0.37916666666666665 0.8111111111111111 0.04666666666666667 0.09777777777777778
0 0.42833333333333334 0.8133333333333334 0.051666666666666666 0.10222222222222223
0 0.755 0.8177777777777778 0.055 0.12
0 0.48768333333333336 0.8316222222222223 0.05108333333333329 0.08842222222222214
0 0.5416666666666666 0.8333333333333334 0.05 0.10666666666666667
0 0.6016666666666667 0.8422222222222222 0.065 0.12
0 0.14583333333333334 0.8611111111111112 0.041666666666666664 0.06888888888888889
0 0.10916666666666666 0.8633333333333333 0.03 0.09333333333333334
0 0.18916666666666668 0.8822222222222222 0.04 0.10444444444444445
0 0.6575 0.8877777777777778 0.04 0.08888888888888889
0 0.7033333333333334 0.8877777777777778 0.045 0.09555555555555556
0 0.23083333333333333 0.89 0.045 0.09555555555555556
0 0.33 0.9022222222222223 0.04666666666666667 0.09777777777777778
0 0.2791666666666667 0.9033333333333333 0.04833333333333333 0.09555555555555556
0 0.37916666666666665 0.9133333333333333 0.04666666666666667 0.09555555555555556
0 0.42833333333333334 0.9177777777777778 0.05333333333333334 0.10444444444444445
0 0.7516666666666667 0.9255555555555556 0.051666666666666666 0.08888888888888889
0 0.4866666666666667 0.9311111111111111 0.051666666666666666 0.10888888888888888
0 0.545 0.9388888888888889 0.051666666666666666 0.10222222222222223
0 0.6025 0.9522222222222222 0.058333333333333334 0.09333333333333334
0 0.655 0.9611111111111111 0.043333333333333335 0.07333333333333333
0 0.7016666666666667 0.9677777777777777 0.04666666666666667 0.057777777777777775