0 0.2288888888888889 0.18333333333333332 0.11333333333333333 0.11
0 0.5088888888888888 0.1925 0.06888888888888889 0.09333333333333334
0 0.3211111111111111 0.2125 0.11555555555555555 0.09666666666666666
0 0.5777777777777777 0.22166666666666668 0.06888888888888889 0.08833333333333333
0 0.4222222222222222 0.25 0.08666666666666667 0.10666666666666667
0 0.6933333333333334 0.27416666666666667 0.07777777777777778 0.07333333333333333
0 0.48777777777777775 0.2825 0.07777777777777778 0.08333333333333333
0 0.19555555555555557 0.2833333333333333 0.10444444444444445 0.10166666666666667
0 0.7633333333333333 0.3 0.07777777777777778 0.07833333333333334
0 0.5511111111111111 0.30833333333333335 0.08666666666666667 0.08333333333333333
0 0.2966666666666667 0.31083333333333335 0.09555555555555556 0.09666666666666666
0 0.6211111111111111 0.3333333333333333 0.07333333333333333 0.085
0 0.38666666666666666 0.3416666666666667 0.08444444444444445 0.08833333333333333
0 0.6844444444444444 0.35083333333333333 0.06666666666666667 0.07666666666666666
0 0.46111111111111114 0.3675 0.07555555555555556 0.08833333333333333
0 0.7466666666666667 0.3775 0.07111111111111111 0.07833333333333334
0 0.5344444444444445 0.3933333333333333 0.07111111111111111 0.08
0 0.6 0.4125 0.06444444444444444 0.075
0 0.16555555555555557 0.4125 0.10666666666666667 0.12166666666666667
0 0.6633333333333333 0.42583333333333334 0.06444444444444444 0.08166666666666667
0 0.2688888888888889 0.44083333333333335 0.1 0.11166666666666666
0 0.7233333333333334 0.4475 0.07111111111111111 0.07333333333333333
0 0.3522222222222222 0.4633333333333333 0.09333333333333334 0.10666666666666667
0 0.43444444444444447 0.4841666666666667 0.08 0.1
0 0.5133333333333333 0.5016666666666667 0.07333333333333333 0.1
0 0.5855555555555556 0.52 0.06666666666666667 0.09333333333333334
0 0.12111111111111111 0.5241666666666667 0.10222222222222223 0.10333333333333333
0 0.65 0.5375 0.07111111111111111 0.09166666666666666
0 0.23 0.5416666666666666 0.11555555555555555 0.10166666666666667
0 0.7122222222222222 0.5516666666666666 0.06888888888888889 0.08333333333333333
0 0.32555555555555554 0.56 0.08888888888888889 0.08833333333333333
0 0.4066666666666667 0.575 0.08 0.09166666666666666
0 0.48333333333333334 0.5875 0.07555555555555556 0.08833333333333333
0 0.5544444444444444 0.6008333333333333 0.06444444444444444 0.08333333333333333
0 0.6233333333333333 0.62 0.07111111111111111 0.08166666666666667
0 0.6888888888888889 0.6358333333333334 0.07555555555555556 0.08
0 0.5688888888888889 0.7341666666666666 0.07555555555555556 0.06333333333333334
0 0.06 0.7608333333333334 0.12 0.13166666666666665
0 0.16777777777777778 0.7775 0.09555555555555556 0.135
0 0.4911111111111111 0.7791666666666667 0.057777777777777775 0.07666666666666666
0 0.2611111111111111 0.7791666666666667 0.09333333333333334 0.12333333333333334
0 0.3522222222222222 0.7866666666666666 0.08888888888888889 0.11333333333333333
0 0.4311111111111111 0.7916666666666666 0.08444444444444445 0.105
0 0.5488888888888889 0.7933333333333333 0.06222222222222222 0.058333333333333334
0 0.6344444444444445 0.84 0.07555555555555556 0.09833333333333333
0 0.48 0.8483333333333334 0.06 0.06833333333333333
0 0.5388888888888889 0.8516666666666667 0.051111111111111114 0.06833333333333333
0 0.2633333333333333 0.08666666666666667 0.09111111111111111 0.10333333333333333
0 0.03777777777777778 0.8875 0.07555555555555556 0.11166666666666666
0 0.23 0.8883333333333333 0.08888888888888889 0.10333333333333333
0 0.13111111111111112 0.8891666666666667 0.10666666666666667 0.105
0 0.3188888888888889 0.8925 0.09111111111111111 0.09666666666666666
0 0.4066666666666667 0.895 0.08444444444444445 0.1
0 0.4766666666666667 0.9066666666666666 0.05333333333333334 0.06666666666666667
0 0.6133333333333333 0.9091666666666667 0.057777777777777775 0.043333333333333335
0 0.5333333333333333 0.9108333333333334 0.051111111111111114 0.055
0 0.35 0.125 0.08444444444444445 0.105
0 0.44 0.1525 0.09333333333333334 0.09166666666666666