0 0.06833333333333333 0.1913946587537092 0.10333333333333333 0.2997032640949555
0 0.05583333333333333 0.4970326409495549 0.10166666666666667 0.29673590504451036
0 0.051666666666666666 0.8011869436201781 0.09833333333333333 0.29080118694362017
0 0.1775 0.18991097922848665 0.11166666666666666 0.31750741839762614
0 0.17 0.4970326409495549 0.11833333333333333 0.2997032640949555
0 0.1625 0.8041543026706232 0.12 0.3026706231454006
0 0.29 0.18545994065281898 0.11 0.31750741839762614
0 0.4083333333333333 0.17655786350148367 0.12333333333333334 0.3323442136498516
0 0.2866666666666667 0.5014836795252225 0.12 0.3056379821958457
0 0.4058333333333333 0.5 0.115 0.3115727002967359
0 0.2833333333333333 0.8219584569732937 0.11666666666666667 0.32047477744807124
0 0.4083333333333333 0.8234421364985163 0.125 0.3264094955489614
0 0.6683333333333333 0.1632047477744807 0.12166666666666667 0.31750741839762614
0 0.6691666666666667 0.49258160237388726 0.12833333333333333 0.3323442136498516
0 0.6675 0.8293768545994066 0.14 0.3323442136498516
0 0.5358333333333334 0.17210682492581603 0.12333333333333334 0.31750741839762614
0 0.5333333333333333 0.49258160237388726 0.12666666666666668 0.3293768545994065
0 0.5333333333333333 0.827893175074184 0.11833333333333333 0.3353115727002967
0 0.8025 0.142433234421365 0.13666666666666666 0.2789317507418398
0 0.805 0.4658753709198813 0.13666666666666666 0.36795252225519287
0 0.81 0.8249258160237388 0.14333333333333334 0.34421364985163205