0 0.6383333333333333 0.3545994065281899 0.16333333333333333 0.4065281899109792
0 0.7925 0.04747774480712166 0.17166666666666666 0.09495548961424333
0 0.125 0.7047477744807121 0.15166666666666667 0.41839762611275966
0 0.29083333333333333 0.7151335311572701 0.16 0.45103857566765576
0 0.455 0.7388724035608308 0.17333333333333334 0.4332344213649852
0 0.6058333333333333 0.7626112759643917 0.1 0.3798219584569733
0 0.2991666666666667 0.24629080118694363 0.14333333333333334 0.4807121661721068
0 0.12833333333333333 0.2596439169139466 0.16166666666666665 0.4540059347181009
0 0.9383333333333334 0.2626112759643917 0.12 0.4421364985163205
0 0.7941666666666667 0.2922848664688427 0.15833333333333333 0.3768545994065282
0 0.4725 0.29376854599406527 0.155 0.4332344213649852