0 0.06833333333333333 0.36333333333333334 0.08 0.14666666666666667
0 0.16166666666666665 0.38666666666666666 0.07666666666666666 0.13111111111111112
0 0.23833333333333334 0.4033333333333333 0.07333333333333333 0.13111111111111112
0 0.4625 0.41555555555555557 0.07166666666666667 0.11555555555555555
0 0.31666666666666665 0.4177777777777778 0.07166666666666667 0.12666666666666668
0 0.5291666666666667 0.4222222222222222 0.065 0.12
0 0.3883333333333333 0.42333333333333334 0.07 0.10888888888888888
0 0.59 0.42333333333333334 0.058333333333333334 0.1111111111111111
0 0.6491666666666667 0.44555555555555554 0.056666666666666664 0.10888888888888888
0 0.7083333333333334 0.44666666666666666 0.06 0.1111111111111111
0 0.7658333333333334 0.45444444444444443 0.06 0.09555555555555556
0 0.8266666666666667 0.45555555555555555 0.06 0.09777777777777778
0 0.05416666666666667 0.4988888888888889 0.09 0.12222222222222222
0 0.15416666666666667 0.5088888888888888 0.08333333333333333 0.10666666666666667
0 0.235 0.5211111111111111 0.08166666666666667 0.09777777777777778
0 0.31666666666666665 0.5244444444444445 0.07166666666666667 0.08666666666666667
0 0.3925 0.5266666666666666 0.07166666666666667 0.09555555555555556
0 0.46416666666666667 0.5277777777777778 0.06666666666666667 0.10666666666666667
0 0.5308333333333334 0.5322222222222223 0.06666666666666667 0.09555555555555556
0 0.5966666666666667 0.5333333333333333 0.06333333333333334 0.10222222222222223
0 0.66 0.5466666666666666 0.06 0.09333333333333334
0 0.72 0.5511111111111111 0.06166666666666667 0.08666666666666667
0 0.7825 0.5522222222222222 0.058333333333333334 0.09777777777777778
0 0.8425 0.5555555555555556 0.06166666666666667 0.10222222222222223
0 0.535 0.6911111111111111 0.075 0.14666666666666667
0 0.12916666666666668 0.6977777777777778 0.04666666666666667 0.1111111111111111
0 0.3775 0.6988888888888889 0.08 0.1511111111111111
0 0.05416666666666667 0.7033333333333334 0.095 0.18666666666666668
0 0.8041666666666667 0.7177777777777777 0.056666666666666664 0.1
0 0.8641666666666666 0.7188888888888889 0.065 0.11333333333333333
0 0.7375 0.72 0.07666666666666666 0.12444444444444444
0 0.6066666666666667 0.7288888888888889 0.07333333333333333 0.13777777777777778
0 0.6708333333333333 0.7322222222222222 0.065 0.12222222222222222
0 0.8175 0.8333333333333334 0.06166666666666667 0.12
0 0.8791666666666667 0.8366666666666667 0.06333333333333334 0.14
0 0.7508333333333334 0.8477777777777777 0.07333333333333333 0.1511111111111111
0 0.5433333333333333 0.8522222222222222 0.08333333333333333 0.17777777777777778
0 0.4675 0.8544444444444445 0.08333333333333333 0.17555555555555555
0 0.38416666666666666 0.8588888888888889 0.085 0.17333333333333334
0 0.6858333333333333 0.8622222222222222 0.075 0.13555555555555557
0 0.6166666666666667 0.8644444444444445 0.06666666666666667 0.13777777777777778
0 0.03166666666666667 0.8766666666666667 0.06166666666666667 0.16
0 0.1175 0.8857111111111111 0.057099999999999984 0.15093333333333325