0 0.9341666666666667 0.25555555555555554 0.06666666666666667 0.09777777777777778
0 0.8616666666666667 0.2588888888888889 0.07666666666666666 0.10444444444444445
0 0.795 0.26666666666666666 0.06333333333333334 0.1
0 0.7275 0.2677777777777778 0.06 0.09111111111111111
0 0.53 0.27555555555555555 0.06 0.10222222222222223
0 0.66 0.27666666666666667 0.065 0.1
0 0.5941666666666666 0.28 0.06333333333333334 0.09555555555555556
0 0.225 0.2866666666666667 0.051666666666666666 0.06222222222222222
0 0.4708333333333333 0.2866666666666667 0.056666666666666664 0.10222222222222223
0 0.3425 0.28888888888888886 0.06833333333333333 0.09777777777777778
0 0.41 0.2911111111111111 0.056666666666666664 0.10444444444444445
0 0.2833333333333333 0.2966666666666667 0.051666666666666666 0.09555555555555556
0 0.16583333333333333 0.30333333333333334 0.05333333333333334 0.1
0 0.10583333333333333 0.30777777777777776 0.056666666666666664 0.09777777777777778
0 0.9516666666666667 0.3488888888888889 0.065 0.08888888888888889
0 0.8758333333333334 0.35444444444444445 0.07666666666666666 0.08888888888888889
0 0.8033333333333333 0.36 0.06833333333333333 0.08
0 0.7416666666666667 0.3622222222222222 0.04833333333333333 0.08444444444444445
0 0.5383333333333333 0.37222222222222223 0.06166666666666667 0.08888888888888889
0 0.6033333333333334 0.37444444444444447 0.06166666666666667 0.08444444444444445
0 0.47 0.38222222222222224 0.06 0.08444444444444445
0 0.4091666666666667 0.3844444444444444 0.051666666666666666 0.08444444444444445
0 0.2875 0.3877777777777778 0.04666666666666667 0.08666666666666667
0 0.3441666666666667 0.3877777777777778 0.06 0.08666666666666667
0 0.15666666666666668 0.3977777777777778 0.06333333333333334 0.08
0 0.09 0.4011111111111111 0.058333333333333334 0.09111111111111111
0 0.9658333333333333 0.5233333333333333 0.06166666666666667 0.12444444444444444
0 0.8875 0.5266666666666666 0.075 0.11555555555555555
0 0.8108333333333333 0.5355555555555556 0.07666666666666666 0.12444444444444444
0 0.7416666666666667 0.5388888888888889 0.07 0.11555555555555555
0 0.5941666666666666 0.5455555555555556 0.06666666666666667 0.11333333333333333
0 0.5258333333333334 0.5511111111111111 0.06666666666666667 0.12
0 0.46166666666666667 0.5533333333333333 0.06166666666666667 0.11555555555555555
0 0.3225 0.5566666666666666 0.056666666666666664 0.12222222222222222
0 0.2525 0.5577777777777778 0.06666666666666667 0.11777777777777777
0 0.3875 0.5577777777777778 0.07 0.12
0 0.185 0.56 0.06333333333333334 0.12222222222222222
0 0.11333333333333333 0.5611111111111111 0.07333333333333333 0.12444444444444444
0 0.049166666666666664 0.5666666666666667 0.055 0.12444444444444444
0 0.9025 0.6544444444444445 0.09 0.13111111111111112
0 0.9766666666666667 0.6544444444444445 0.043333333333333335 0.1288888888888889
0 0.75 0.6611111111111111 0.07666666666666666 0.12444444444444444
0 0.8258333333333333 0.6622222222222223 0.08166666666666667 0.12444444444444444
0 0.675 0.6633333333333333 0.07666666666666666 0.12666666666666668
0 0.6025 0.6711111111111111 0.07 0.12666666666666668
0 0.5316666666666666 0.68 0.06833333333333333 0.12222222222222222
0 0.24583333333333332 0.6811111111111111 0.07333333333333333 0.12444444444444444
0 0.31916666666666665 0.6822222222222222 0.065 0.12222222222222222
0 0.38916666666666666 0.6833333333333333 0.07 0.13111111111111112
0 0.46166666666666667 0.6833333333333333 0.06666666666666667 0.12444444444444444
0 0.10083333333333333 0.6855555555555556 0.07333333333333333 0.13111111111111112
0 0.17666666666666667 0.6866666666666666 0.07166666666666667 0.12444444444444444
0 0.03333333333333333 0.6888888888888889 0.06 0.12666666666666668
0 0.925 0.7955555555555556 0.09 0.13777777777777778
0 0.6866666666666666 0.7966666666666666 0.07666666666666666 0.14444444444444443
0 0.8425 0.7988888888888889 0.08 0.14444444444444443
0 0.7641666666666667 0.8 0.07666666666666666 0.14222222222222222
0 0.6083333333333333 0.8066666666666666 0.075 0.13555555555555557
0 0.5325 0.8111111111111111 0.07666666666666666 0.12444444444444444
0 0.4608333333333333 0.8122222222222222 0.06833333333333333 0.12444444444444444
0 0.31416666666666665 0.8144444444444444 0.07333333333333333 0.1288888888888889
0 0.2375 0.8155555555555556 0.07333333333333333 0.13777777777777778
0 0.3883333333333333 0.8155555555555556 0.07166666666666667 0.12666666666666668
0 0.0875 0.8166666666666667 0.07166666666666667 0.13555555555555557
0 0.16333333333333333 0.82 0.07666666666666666 0.13333333333333333
0 0.0275 0.8211111111111111 0.05333333333333334 0.13555555555555557
0 0.7758333333333334 0.9644444444444444 0.08166666666666667 0.06666666666666667
0 0.9425 0.9655555555555555 0.08166666666666667 0.06444444444444444
0 0.8566666666666667 0.9711111111111111 0.09 0.05333333333333334
0 0.2990333333333333 0.9736444444444444 0.07886666666666665 0.05268888888888897
0 0.6166666666666667 0.9722222222222222 0.08333333333333333 0.051111111111111114
0 0.45416666666666666 0.9733333333333334 0.07833333333333334 0.04888888888888889
0 0.5341666666666667 0.9733333333333334 0.075 0.04888888888888889
0 0.37166666666666665 0.9777777777777777 0.07666666666666666 0.04
0 0.22073333333333334 0.9797111111111111 0.08034999999999999 0.039022222222222104
0 0.14245 0.9810666666666668 0.07013333333333331 0.03784444444444438