0 0.7433333333333333 0.40801186943620177 0.04666666666666667 0.10089020771513353
0 0.42833333333333334 0.4332344213649852 0.051666666666666666 0.13649851632047477
0 0.4841666666666667 0.4332344213649852 0.05 0.1394658753709199
0 0.31833333333333336 0.4362017804154303 0.05 0.142433234421365
0 0.37083333333333335 0.4362017804154303 0.056666666666666664 0.1394658753709199
0 0.5641666666666667 0.44510385756676557 0.04833333333333333 0.1394658753709199
0 0.745 0.5029673590504451 0.043333333333333335 0.09198813056379822
0 0.43083333333333335 0.5756676557863502 0.058333333333333334 0.1513353115727003
0 0.48583333333333334 0.5771513353115727 0.055 0.142433234421365
0 0.31416666666666665 0.5786350148367952 0.051666666666666666 0.13056379821958458
0 0.36916666666666664 0.5786350148367952 0.056666666666666664 0.142433234421365
0 0.5608333333333333 0.5786350148367952 0.04833333333333333 0.142433234421365
0 0.7116666666666667 0.5905044510385756 0.056666666666666664 0.1394658753709199
0 0.6591666666666667 0.5934718100890207 0.043333333333333335 0.09198813056379822
0 0.8758333333333334 0.5934718100890207 0.055 0.13353115727002968
0 0.6116666666666667 0.6038575667655787 0.043333333333333335 0.11869436201780416
0 0.7641666666666667 0.6038575667655787 0.043333333333333335 0.10682492581602374
0 0.9358333333333333 0.13056379821958458 0.05 0.10682492581602374
0 0.7966666666666666 0.14540059347181009 0.06166666666666667 0.11572700296735905
0 0.5683333333333334 0.1543026706231454 0.06 0.12462908011869436
0 0.7466666666666667 0.15875370919881307 0.035 0.0830860534124629
0 0.67 0.16468842729970326 0.06166666666666667 0.08902077151335312