0 0.6908333333333333 0.4198813056379822 0.08 0.32344213649851633
0 0.37083333333333335 0.5519287833827893 0.175 0.4332344213649852
0 0.5541666666666667 0.6246290801186943 0.12333333333333334 0.3323442136498516
0 0.8166666666666667 0.6513353115727003 0.20166666666666666 0.5608308605341247
0 0.6791666666666667 0.685459940652819 0.065 0.2522255192878338
0 0.3858333333333333 0.8887240356083086 0.16 0.21068249258160238
0 0.5525 0.8946587537091988 0.165 0.20771513353115728
0 0.7175 0.09643916913946587 0.10333333333333333 0.19287833827893175
0 0.3641666666666667 0.16172106824925817 0.16333333333333333 0.2997032640949555
0 0.8608333333333333 0.19881305637982197 0.19 0.39762611275964393
0 0.5733333333333334 0.23887240356083086 0.15666666666666668 0.4391691394658754