0 0.55 0.022222222222222223 0.08833333333333333 0.044444444444444446
0 0.45666666666666667 0.028888888888888888 0.08666666666666667 0.05333333333333334
0 0.36916666666666664 0.03 0.08666666666666667 0.06
0 0.2775 0.03222222222222222 0.08833333333333333 0.06444444444444444
0 0.195 0.03333333333333333 0.085 0.06666666666666667
0 0.10916666666666666 0.035555555555555556 0.08166666666666667 0.07111111111111111
0 0.9516666666666667 0.3477777777777778 0.09 0.19777777777777777
0 0.8525 0.3488888888888889 0.10333333333333333 0.19111111111111112
0 0.745 0.3511111111111111 0.10333333333333333 0.17555555555555555
0 0.6425 0.35777777777777775 0.09333333333333334 0.17777777777777778
0 0.0425 0.36333333333333334 0.06833333333333333 0.17555555555555555
0 0.545 0.36444444444444446 0.09333333333333334 0.18
0 0.36833333333333335 0.3655555555555556 0.085 0.1711111111111111
0 0.455 0.36666666666666664 0.08333333333333333 0.17555555555555555
0 0.27416666666666667 0.3688888888888889 0.08 0.1622222222222222
0 0.1875 0.37 0.08 0.15777777777777777
0 0.1125 0.37444444444444447 0.06333333333333334 0.15777777777777777
0 0.1875 0.5377777777777778 0.08 0.18
0 0.11333333333333333 0.5377777777777778 0.06166666666666667 0.16666666666666666
0 0.043333333333333335 0.5411111111111111 0.07 0.17555555555555555
0 0.2758333333333333 0.5422222222222223 0.08666666666666667 0.18222222222222223
0 0.3625 0.5422222222222223 0.08333333333333333 0.17555555555555555
0 0.7416666666666667 0.5422222222222223 0.10333333333333333 0.20444444444444446
0 0.545 0.5433333333333333 0.095 0.18
0 0.6433333333333333 0.5444444444444444 0.095 0.18666666666666668
0 0.4525 0.5455555555555556 0.08333333333333333 0.17333333333333334
0 0.8533333333333334 0.5466666666666666 0.10666666666666667 0.2
0 0.9558333333333333 0.55 0.085 0.20666666666666667
0 0.17833333333333334 0.7355555555555555 0.085 0.16666666666666666
0 0.09833333333333333 0.7377777777777778 0.07833333333333334 0.14666666666666667
0 0.028333333333333332 0.74 0.056666666666666664 0.13777777777777778
0 0.26 0.7488888888888889 0.09166666666666666 0.1688888888888889
0 0.3475 0.7511111111111111 0.09333333333333334 0.1711111111111111
0 0.4425 0.7566666666666667 0.09166666666666666 0.17333333333333334
0 0.5333333333333333 0.7633333333333333 0.1 0.18
0 0.6308333333333334 0.7766666666666666 0.09666666666666666 0.19333333333333333
0 0.8391666666666666 0.7933333333333333 0.10666666666666667 0.20222222222222222
0 0.7358333333333333 0.7944444444444444 0.09833333333333333 0.19111111111111112
0 0.9516666666666667 0.8088888888888889 0.09333333333333334 0.20444444444444446
0 0.0275 0.8922222222222222 0.05 0.1711111111111111
0 0.09083333333333334 0.9066666666666666 0.075 0.16444444444444445
0 0.17333333333333334 0.9077777777777778 0.08 0.18
0 0.25583333333333336 0.9111111111111111 0.09166666666666666 0.17333333333333334
0 0.35083333333333333 0.9155555555555556 0.085 0.16444444444444445
0 0.44 0.92 0.1 0.15555555555555556
0 0.535 0.92 0.09 0.15555555555555556
0 0.6333333333333333 0.9322222222222222 0.09666666666666666 0.13111111111111112
0 0.7358333333333333 0.94 0.10833333333333334 0.11555555555555555
0 0.8441666666666666 0.9411111111111111 0.105 0.11333333333333333
0 0.9483333333333334 0.9544444444444444 0.1 0.08666666666666667
0 0.9516666666666667 0.11666666666666667 0.09333333333333334 0.17555555555555555
0 0.6466666666666666 0.12444444444444444 0.09666666666666666 0.17777777777777778
0 0.8541666666666666 0.12666666666666668 0.09833333333333333 0.1688888888888889
0 0.7475 0.13 0.11 0.16
0 0.5466666666666666 0.13444444444444445 0.08833333333333333 0.17777777777777778
0 0.36333333333333334 0.14666666666666667 0.09 0.1688888888888889
0 0.03833333333333333 0.14666666666666667 0.07666666666666666 0.18888888888888888
0 0.4558333333333333 0.14888888888888888 0.08833333333333333 0.18222222222222223
0 0.19083333333333333 0.15666666666666668 0.08833333333333333 0.18222222222222223
0 0.11583333333333333 0.16111111111111112 0.07333333333333333 0.1688888888888889
0 0.2708333333333333 0.16333333333333333 0.09 0.18