0 0.9375 0.33 0.115 0.28
0 0.7983333333333333 0.3322222222222222 0.14333333333333334 0.2733333333333333
0 0.6491666666666667 0.3422222222222222 0.14333333333333334 0.2688888888888889
0 0.51 0.35444444444444445 0.12833333333333333 0.26222222222222225
0 0.37916666666666665 0.3622222222222222 0.12 0.2644444444444444
0 0.13333333333333333 0.36333333333333334 0.11666666666666667 0.26
0 0.25416666666666665 0.36444444444444446 0.11333333333333333 0.26
0 0.0375 0.3688888888888889 0.07166666666666667 0.2511111111111111
0 0.9316666666666666 0.06111111111111111 0.13333333333333333 0.12222222222222222
0 0.7975 0.06111111111111111 0.16 0.12222222222222222
0 0.0375 0.62 0.07166666666666667 0.24888888888888888
0 0.6491666666666667 0.6211111111111111 0.14333333333333334 0.29333333333333333
0 0.13 0.6211111111111111 0.115 0.24888888888888888
0 0.25333333333333335 0.6244444444444445 0.12833333333333333 0.25333333333333335
0 0.505 0.6244444444444445 0.13666666666666666 0.27555555555555555
0 0.8 0.6255555555555555 0.15 0.3022222222222222
0 0.37833333333333335 0.6277777777777778 0.11833333333333333 0.2577777777777778
0 0.9383333333333334 0.6311111111111111 0.12 0.30666666666666664
0 0.6516666666666666 0.07333333333333333 0.13833333333333334 0.14666666666666667
0 0.5191666666666667 0.07777777777777778 0.14166666666666666 0.15555555555555556
0 0.38083333333333336 0.08222222222222222 0.14 0.16444444444444445
0 0.25333333333333335 0.08666666666666667 0.14333333333333334 0.17333333333333334
0 0.24333333333333335 0.8988888888888888 0.13666666666666666 0.19777777777777777
0 0.03333333333333333 0.8988888888888888 0.06666666666666667 0.19777777777777777
0 0.375 0.9011111111111111 0.13333333333333333 0.19333333333333333
0 0.1225 0.9044444444444445 0.125 0.18666666666666668
0 0.505 0.9088888888888889 0.12333333333333334 0.17555555555555555
0 0.64 0.9122222222222223 0.14 0.1711111111111111
0 0.79 0.9177777777777778 0.14 0.16
0 0.92 0.9255555555555556 0.15666666666666668 0.14
0 0.04083333333333333 0.09777777777777778 0.08166666666666667 0.19555555555555557
0 0.14333333333333334 0.09777777777777778 0.115 0.19555555555555557