0 0.08333333333333333 0.12333333333333334 0.12666666666666668 0.12333333333333334
0 0.1 0.43083333333333335 0.1711111111111111 0.19833333333333333
0 0.27444444444444444 0.43833333333333335 0.15777777777777777 0.17833333333333334
0 0.09777777777777778 0.6375 0.17333333333333334 0.19666666666666666
0 0.2788888888888889 0.6241666666666666 0.1622222222222222 0.18833333333333332
0 0.10444444444444445 0.8491666666666666 0.18444444444444444 0.215
0 0.2811111111111111 0.8141666666666667 0.1688888888888889 0.19
0 0.2388888888888889 0.13666666666666666 0.14666666666666667 0.15
0 0.0811111111111111 0.26 0.13555555555555557 0.14
0 0.25333333333333335 0.2825 0.13777777777777778 0.13833333333333334
0 0.38555555555555554 0.145 0.11555555555555555 0.12333333333333334
0 0.39555555555555555 0.2841666666666667 0.14 0.15333333333333332
0 0.4177777777777778 0.445 0.12444444444444444 0.16
0 0.4266666666666667 0.6075 0.12666666666666668 0.16833333333333333
0 0.43444444444444447 0.7833333333333333 0.14888888888888888 0.17166666666666666
0 0.5122222222222222 0.3016666666666667 0.1 0.13833333333333334
0 0.6144444444444445 0.3308333333333333 0.09333333333333334 0.10666666666666667
0 0.5311111111111111 0.45 0.1 0.155
0 0.6333333333333333 0.4525 0.10444444444444445 0.14
0 0.5422222222222223 0.6033333333333334 0.10666666666666667 0.15166666666666667
0 0.64 0.5933333333333334 0.09555555555555556 0.13833333333333334
0 0.5577777777777778 0.7558333333333334 0.11333333333333333 0.14666666666666667
0 0.6466666666666666 0.7333333333333333 0.1 0.14