0 0.095 0.4288888888888889 0.06833333333333333 0.09555555555555556
0 0.04666666666666667 0.5266666666666666 0.08 0.12666666666666668
0 0.030833333333333334 0.6677777777777778 0.056666666666666664 0.14666666666666667
0 0.5791666666666667 0.4822222222222222 0.085 0.13333333333333333
0 0.7316666666666667 0.4922222222222222 0.07 0.09555555555555556
0 0.20416666666666666 0.4766666666666667 0.06 0.07555555555555556
0 0.1175 0.55 0.07166666666666667 0.12222222222222222
0 0.0925 0.6744444444444444 0.075 0.14222222222222222
0 0.0675 0.8066666666666666 0.07666666666666666 0.11333333333333333
0 0.16416666666666666 0.7677777777777778 0.1 0.1622222222222222
0 0.18666666666666668 0.6022222222222222 0.10333333333333333 0.1622222222222222
0 0.36916666666666664 0.49666666666666665 0.085 0.14222222222222222
0 0.3591666666666667 0.6455555555555555 0.09 0.15777777777777777
0 0.3516666666666667 0.7833333333333333 0.09666666666666666 0.11777777777777777
0 0.6575 0.5022222222222222 0.06833333333333333 0.10666666666666667
0 0.2975 0.4488888888888889 0.056666666666666664 0.07111111111111111
0 0.275 0.54 0.07166666666666667 0.12444444444444444
0 0.2683333333333333 0.6655555555555556 0.07333333333333333 0.1288888888888889
0 0.25833333333333336 0.7877777777777778 0.08 0.11555555555555555
0 0.4533333333333333 0.49333333333333335 0.07666666666666666 0.13777777777777778
0 0.45416666666666666 0.6422222222222222 0.08833333333333333 0.15555555555555556
0 0.4533333333333333 0.7833333333333333 0.09166666666666666 0.12222222222222222
0 0.545 0.6333333333333333 0.09166666666666666 0.1622222222222222
0 0.6408333333333334 0.6311111111111111 0.095 0.1622222222222222
0 0.5483333333333333 0.7733333333333333 0.09666666666666666 0.11777777777777777
0 0.6458333333333334 0.7711111111111111 0.10333333333333333 0.11333333333333333
0 0.7483333333333333 0.7622222222222222 0.1 0.1288888888888889
0 0.7383333333333333 0.6177777777777778 0.09833333333333333 0.1511111111111111
0 0.9325 0.6044444444444445 0.11333333333333333 0.15333333333333332
0 0.9508333333333333 0.7455555555555555 0.09666666666666666 0.1288888888888889
0 0.8375 0.6077777777777778 0.11 0.1622222222222222
0 0.8591666666666666 0.7533333333333333 0.115 0.13111111111111112