0 0.35583333333333333 0.30712166172106825 0.085 0.2403560830860534
0 0.8616666666666667 0.31602373887240354 0.041666666666666664 0.10979228486646884
0 0.43083333333333335 0.3367952522255193 0.06166666666666667 0.22551928783382788
0 0.49166666666666664 0.3516320474777448 0.05333333333333334 0.20771513353115728
0 0.9725 0.35756676557863504 0.035 0.08605341246290801
0 0.5516666666666666 0.3664688427299703 0.055 0.20178041543026706
0 0.61 0.37537091988130566 0.06 0.19584569732937684
0 0.6591666666666667 0.3857566765578635 0.03666666666666667 0.17507418397626112
0 0.6983333333333334 0.39762611275964393 0.045 0.1632047477744807
0 0.8283333333333334 0.4035608308605341 0.018333333333333333 0.10385756676557864
0 0.7358333333333333 0.4050445103857567 0.03333333333333333 0.14836795252225518
0 0.7991666666666667 0.4050445103857567 0.043333333333333335 0.10089020771513353
0 0.8725 0.42729970326409494 0.03333333333333333 0.12759643916913946
0 0.9033333333333333 0.4317507418397626 0.025 0.12462908011869436
0 0.94 0.44807121661721067 0.03333333333333333 0.12462908011869436
0 0.9741666666666666 0.45845697329376855 0.03166666666666667 0.10682492581602374
0 0.765 0.4762611275964392 0.025 0.12462908011869436
0 0.925 0.49258160237388726 0.025 0.10385756676557864
0 0.8308333333333333 0.49554896142433236 0.018333333333333333 0.10385756676557864
0 0.8516666666666667 0.5089020771513353 0.023333333333333334 0.10979228486646884
0 0.7991666666666667 0.5089020771513353 0.03666666666666667 0.10385756676557864
0 0.1575 0.5222551928783383 0.10833333333333334 0.28486646884273
0 0.07833333333333334 0.543026706231454 0.045 0.2551928783382789
0 0.3541666666666667 0.5459940652818991 0.08166666666666667 0.23738872403560832
0 0.26166666666666666 0.5474777448071216 0.095 0.2522255192878338
0 0.9058333333333334 0.5519287833827893 0.02666666666666667 0.13649851632047477
0 0.8783333333333333 0.5563798219584569 0.028333333333333332 0.13649851632047477
0 0.495 0.5578635014836796 0.058333333333333334 0.20178041543026706
0 0.43166666666666664 0.5593471810089021 0.065 0.21364985163204747
0 0.5533333333333333 0.5608308605341247 0.06 0.19287833827893175
0 0.665 0.5608308605341247 0.04 0.17210682492581603
0 0.7391666666666666 0.5608308605341247 0.03333333333333333 0.14836795252225518
0 0.615 0.5623145400593472 0.06166666666666667 0.17804154302670624
0 0.7025 0.5667655786350149 0.04 0.16913946587537093
0 0.9641666666666666 0.5712166172106825 0.021666666666666667 0.1394658753709199
0 0.7691666666666667 0.6008902077151336 0.02 0.12166172106824925
0 0.8533333333333334 0.6083086053412463 0.021666666666666667 0.10385756676557864
0 0.79 0.6112759643916914 0.021666666666666667 0.11275964391691394
0 0.8316666666666667 0.6112759643916914 0.018333333333333333 0.12166172106824925
0 0.8108333333333333 0.615727002967359 0.025 0.10385756676557864
0 0.91 0.685459940652819 0.02666666666666667 0.13649851632047477
0 0.8808333333333334 0.6899109792284867 0.035 0.142433234421365
0 0.94 0.6899109792284867 0.02666666666666667 0.13649851632047477
0 0.9691666666666666 0.6958456973293768 0.02666666666666667 0.09792284866468842
0 0.7425 0.7181008902077152 0.03333333333333333 0.1661721068249258
0 0.855 0.7195845697329377 0.02666666666666667 0.10682492581602374
0 0.8333333333333334 0.7255192878338279 0.021666666666666667 0.10385756676557864
0 0.77 0.7299703264094956 0.025 0.12759643916913946
0 0.815 0.7299703264094956 0.02 0.10979228486646884
0 0.7041666666666667 0.7314540059347181 0.03833333333333333 0.1632047477744807
0 0.7933333333333333 0.7314540059347181 0.021666666666666667 0.11869436201780416
0 0.6708333333333333 0.7388724035608308 0.03833333333333333 0.17210682492581603
0 0.6166666666666667 0.7462908011869436 0.065 0.18397626112759644
0 0.555 0.7581602373887241 0.058333333333333334 0.19881305637982197
0 0.49666666666666665 0.771513353115727 0.06 0.2166172106824926
0 0.43166666666666664 0.7804154302670623 0.06666666666666667 0.21364985163204747
0 0.355 0.7893175074183977 0.08 0.2433234421364985
0 0.2633333333333333 0.8026706231454006 0.09833333333333333 0.24925816023738873
0 0.15166666666666667 0.814540059347181 0.11 0.2997032640949555
0 0.07166666666666667 0.8160237388724035 0.04 0.26409495548961426
0 0.15583333333333332 0.2314540059347181 0.105 0.2818991097922849
0 0.265 0.2893175074183976 0.10166666666666667 0.258160237388724
0 0.0775 0.29080118694362017 0.04666666666666667 0.2522255192878338