0 0.32666666666666666 0.5341246290801187 0.07 0.1661721068249258
0 0.31 0.6780415430267063 0.08166666666666667 0.14540059347181009
0 0.4066666666666667 0.5341246290801187 0.06166666666666667 0.1632047477744807
0 0.48833333333333334 0.5356083086053413 0.08 0.16023738872403562
0 0.5691666666666667 0.5504451038575667 0.07 0.16023738872403562
0 0.4866666666666667 0.6810089020771514 0.08 0.13056379821958458
0 0.5666666666666667 0.6839762611275965 0.075 0.10979228486646884
0 0.6741666666666667 0.5548961424332344 0.085 0.142433234421365
0 0.755 0.56973293768546 0.075 0.14540059347181009
0 0.69 0.7091988130563798 0.085 0.14836795252225518
0 0.7766666666666666 0.712166172106825 0.08166666666666667 0.142433234421365