0 0.9691666666666666 0.4495548961424332 0.03166666666666667 0.12462908011869436
0 0.9383333333333334 0.45548961424332346 0.041666666666666664 0.12759643916913946
0 0.9133333333333333 0.4910979228486647 0.02666666666666667 0.10979228486646884
0 0.885 0.49851632047477745 0.03 0.10979228486646884
0 0.8541666666666666 0.5029673590504451 0.035 0.10385756676557864
0 0.9908333333333333 0.5281899109792285 0.016666666666666666 0.14540059347181009
0 0.97 0.56973293768546 0.028333333333333332 0.11869436201780416
0 0.9425 0.5771513353115727 0.035 0.11869436201780416
0 0.7991666666666667 0.5949554896142433 0.03833333333333333 0.17804154302670624
0 0.9191666666666667 0.6008902077151336 0.025 0.10682492581602374
0 0.8916666666666667 0.6083086053412463 0.03 0.10979228486646884
0 0.7583333333333333 0.6142433234421365 0.05 0.17507418397626112
0 0.8575 0.6142433234421365 0.03333333333333333 0.11869436201780416
0 0.29583333333333334 0.06231454005934718 0.09666666666666666 0.11869436201780416
0 0.7091666666666666 0.6275964391691394 0.055 0.18694362017804153
0 0.6458333333333334 0.642433234421365 0.07166666666666667 0.20474777448071216
0 0.58 0.6572700296735905 0.07 0.20178041543026706
0 0.5125 0.6795252225519288 0.06666666666666667 0.21364985163204747
0 0.21166666666666667 0.06973293768545995 0.09166666666666666 0.12166172106824925
0 0.44 0.6943620178041543 0.08166666666666667 0.2433234421364985
0 0.11916666666666667 0.07270029673590504 0.09333333333333334 0.1394658753709199
0 0.355 0.712166172106825 0.08833333333333333 0.24925816023738873
0 0.25833333333333336 0.7462908011869436 0.11 0.26706231454005935
0 0.0625 0.755192878338279 0.04 0.26112759643916916
0 0.14916666666666667 0.7670623145400594 0.10166666666666667 0.2789317507418398
0 0.1725 0.2403560830860534 0.11333333333333333 0.27002967359050445
0 0.28583333333333333 0.24777448071216618 0.10166666666666667 0.24925816023738873
0 0.3875 0.25370919881305637 0.09166666666666666 0.2344213649851632
0 0.4791666666666667 0.2551928783382789 0.085 0.2195845697329377
0 0.6266666666666667 0.2596439169139466 0.06166666666666667 0.18991097922848665
0 0.6866666666666666 0.26112759643916916 0.06 0.18397626112759644
0 0.7391666666666666 0.26112759643916916 0.051666666666666666 0.18397626112759644
0 0.5608333333333333 0.26409495548961426 0.075 0.20474777448071216
0 0.8791666666666667 0.27002967359050445 0.04666666666666667 0.1661721068249258
0 0.9558333333333333 0.27002967359050445 0.035 0.1543026706231454
0 0.92 0.27299703264094954 0.03833333333333333 0.16023738872403562
0 0.7875 0.2744807121661721 0.041666666666666664 0.16023738872403562
0 0.8441666666666666 0.27596439169139464 0.03333333333333333 0.14540059347181009
0 0.9866666666666667 0.27596439169139464 0.023333333333333334 0.142433234421365