0 0.6991666666666667 0.03115727002967359 0.06166666666666667 0.06231454005934718
0 0.385 0.29673590504451036 0.055 0.09495548961424333
0 0.6359166666666667 0.035548961424332344 0.05303333333333342 0.07106824925816023
0 0.44083333333333335 0.05341246290801187 0.06 0.10682492581602374
0 0.38166666666666665 0.05637982195845697 0.04833333333333333 0.09495548961424333
0 0.4583333333333333 0.5801186943620178 0.06833333333333333 0.16913946587537093
0 0.4058333333333333 0.5890207715133531 0.03333333333333333 0.17210682492581603
0 0.91 0.05934718100890208 0.06 0.11869436201780416
0 0.935 0.6023738872403561 0.08666666666666667 0.18397626112759644
0 0.7658333333333334 0.6053412462908012 0.07833333333333334 0.17804154302670624
0 0.6066666666666667 0.6097922848664689 0.085 0.17507418397626112
0 0.6891666666666667 0.6097922848664689 0.075 0.16913946587537093
0 0.8533333333333334 0.612759643916914 0.08666666666666667 0.18694362017804153
0 0.18166666666666667 0.6172106824925816 0.06166666666666667 0.142433234421365
0 0.53 0.6172106824925816 0.075 0.17804154302670624
0 0.25666666666666665 0.6231454005934718 0.065 0.14836795252225518
0 0.9666666666666667 0.06973293768545995 0.056666666666666664 0.1394658753709199
0 0.46166666666666667 0.7685459940652819 0.07 0.18397626112759644
0 0.39 0.7700296735905044 0.06666666666666667 0.17210682492581603
0 0.5383333333333333 0.7789317507418397 0.075 0.1632047477744807
0 0.19583333333333333 0.7804154302670623 0.056666666666666664 0.1661721068249258
0 0.31666666666666665 0.7804154302670623 0.06166666666666667 0.16023738872403562
0 0.13416666666666666 0.7804154302670623 0.07 0.1661721068249258
0 0.61 0.7818991097922848 0.08166666666666667 0.17507418397626112
0 0.25583333333333336 0.7848664688427299 0.06666666666666667 0.1632047477744807
0 0.6891666666666667 0.7893175074183977 0.075 0.18397626112759644
0 0.77 0.7893175074183977 0.09 0.20178041543026706
0 0.9408333333333333 0.7908011869436202 0.07833333333333334 0.19287833827893175
0 0.8575 0.798219584569733 0.08833333333333333 0.17804154302670624
0 0.8383333333333334 0.08456973293768547 0.08 0.16913946587537093
0 0.7691666666666667 0.08902077151335312 0.06833333333333333 0.17804154302670624
0 0.7025 0.13501483679525222 0.065 0.14540059347181009
0 0.6358333333333334 0.142433234421365 0.06666666666666667 0.142433234421365
0 0.3858333333333333 0.17804154302670624 0.06333333333333334 0.13649851632047477
0 0.44 0.1795252225519288 0.055 0.13353115727002968
0 0.9166666666666666 0.21513353115727002 0.06 0.1572700296735905
0 0.9691666666666666 0.21810089020771514 0.058333333333333334 0.1513353115727003
0 0.7733333333333333 0.2344213649851632 0.06666666666666667 0.13649851632047477
0 0.8441666666666666 0.23887240356083086 0.07166666666666667 0.12759643916913946
0 0.7058333333333333 0.2655786350148368 0.065 0.09198813056379822
0 0.6408333333333334 0.26706231454005935 0.06333333333333334 0.09495548961424333
0 0.44 0.2878338278931751 0.045 0.0830860534124629