0 0.22833333333333333 0.30118694362017806 0.11666666666666667 0.2997032640949555
0 0.595 0.30415430267062316 0.12166666666666667 0.32344213649851633
0 0.1925 0.6335311572700296 0.1 0.34421364985163205
0 0.10083333333333333 0.6379821958456974 0.08666666666666667 0.29080118694362017
0 0.30916666666666665 0.6602373887240356 0.12833333333333333 0.37091988130563797
0 0.435 0.672106824925816 0.12333333333333334 0.3857566765578635
0 0.57 0.6824925816023739 0.13833333333333334 0.4391691394658754
0 0.7358333333333333 0.6988130563798219 0.18833333333333332 0.5014836795252225
0 0.92 0.7270029673590505 0.15666666666666668 0.5341246290801187
0 0.455 0.28486646884273 0.13333333333333333 0.36795252225519287
0 0.3325 0.2952522255192878 0.105 0.35014836795252224