0 0.0425 0.45845697329376855 0.025 0.11275964391691394
0 0.045 0.5786350148367952 0.02 0.11572700296735905
0 0.06916666666666667 0.45548961424332346 0.02666666666666667 0.11869436201780416
0 0.095 0.45548961424332346 0.025 0.13056379821958458
0 0.125 0.45252225519287836 0.03166666666666667 0.12759643916913946
0 0.06833333333333333 0.5816023738872403 0.023333333333333334 0.12759643916913946
0 0.09416666666666666 0.5845697329376854 0.028333333333333332 0.12759643916913946
0 0.12166666666666667 0.5845697329376854 0.03166666666666667 0.13353115727002968
0 0.07 0.7032640949554896 0.025 0.10979228486646884
0 0.0975 0.7106824925816023 0.02666666666666667 0.12166172106824925
0 0.125 0.7166172106824926 0.03 0.12759643916913946
0 0.15583333333333332 0.44807121661721067 0.035 0.14836795252225518
0 0.15583333333333332 0.5905044510385756 0.03166666666666667 0.13649851632047477
0 0.1575 0.7225519287833828 0.03166666666666667 0.12462908011869436
0 0.1875 0.44807121661721067 0.023333333333333334 0.142433234421365
0 0.21666666666666667 0.4391691394658754 0.043333333333333335 0.1513353115727003
0 0.18916666666666668 0.5934718100890207 0.03166666666666667 0.1513353115727003
0 0.22166666666666668 0.5964391691394659 0.04 0.16023738872403562
0 0.19 0.7344213649851632 0.03 0.11572700296735905
0 0.22583333333333333 0.7462908011869436 0.03833333333333333 0.14540059347181009
0 0.26 0.43026706231454004 0.045 0.1632047477744807
0 0.3075 0.4287833827893175 0.05 0.1661721068249258
0 0.26 0.5919881305637982 0.043333333333333335 0.1632047477744807
0 0.30416666666666664 0.5934718100890207 0.04666666666666667 0.1572700296735905
0 0.26416666666666666 0.7507418397626113 0.041666666666666664 0.1513353115727003
0 0.30833333333333335 0.7566765578635015 0.04833333333333333 0.1661721068249258
0 0.355 0.42136498516320475 0.045 0.17804154302670624
0 0.3541666666666667 0.5964391691394659 0.04833333333333333 0.18100890207715134
0 0.3591666666666667 0.7729970326409495 0.04666666666666667 0.16023738872403562
0 0.4033333333333333 0.40801186943620177 0.05 0.19584569732937684
0 0.405 0.5979228486646885 0.051666666666666666 0.18694362017804153
0 0.4083333333333333 0.7789317507418397 0.04833333333333333 0.17804154302670624
0 0.46 0.38130563798219586 0.058333333333333334 0.20771513353115728
0 0.45916666666666667 0.5875370919881305 0.058333333333333334 0.21068249258160238
0 0.46416666666666667 0.7922848664688428 0.06166666666666667 0.18397626112759644
0 0.5266666666666666 0.39465875370919884 0.06833333333333333 0.19881305637982197
0 0.5308333333333334 0.6053412462908012 0.06333333333333334 0.21364985163204747
0 0.5283333333333333 0.8086053412462908 0.06666666666666667 0.18397626112759644
0 0.5941666666666666 0.3857566765578635 0.06833333333333333 0.21364985163204747
0 0.5958333333333333 0.6008902077151336 0.07166666666666667 0.20771513353115728
0 0.5916666666666667 0.8071216617210683 0.065 0.18991097922848665
0 0.6766666666666666 0.37388724035608306 0.08333333333333333 0.22255192878338279
0 0.6733333333333333 0.5370919881305638 0.075 0.10979228486646884
0 0.7675 0.3590504451038576 0.095 0.24925816023738873
0 0.7791666666666667 0.6142433234421365 0.08666666666666667 0.2314540059347181
0 0.81 0.8635014836795252 0.06 0.2551928783382789