0 0.265 0.4732937685459941 0.10333333333333333 0.2878338278931751
0 0.3775 0.47477744807121663 0.10833333333333334 0.29080118694362017
0 0.9133333333333333 0.4762611275964392 0.14666666666666667 0.3887240356083086
0 0.48833333333333334 0.47774480712166173 0.11666666666666667 0.3026706231454006
0 0.7541666666666667 0.48516320474777447 0.13 0.3620178041543027
0 0.6108333333333333 0.486646884272997 0.125 0.3353115727002967
0 0.8883333333333333 0.05341246290801187 0.16 0.10682492581602374
0 0.7275 0.06231454005934718 0.145 0.12462908011869436
0 0.59 0.06824925816023739 0.12833333333333333 0.13649851632047477
0 0.3883333333333333 0.6988130563798219 0.09666666666666666 0.14540059347181009
0 0.49583333333333335 0.7151335311572701 0.10333333333333333 0.17210682492581603
0 0.6116666666666667 0.7314540059347181 0.11833333333333333 0.1543026706231454
0 0.4633333333333333 0.07863501483679525 0.13166666666666665 0.1572700296735905
0 0.7575 0.8130563798219584 0.13166666666666665 0.29376854599406527
0 0.9075 0.8308605341246291 0.15833333333333333 0.3323442136498516
0 0.34833333333333333 0.09792284866468842 0.11166666666666666 0.19584569732937684
0 0.23166666666666666 0.09940652818991098 0.12166666666666667 0.19881305637982197