0 0.25667655786350146 0.2525 0.0830860534124629 0.056666666666666664
0 0.3456973293768546 0.25583333333333336 0.08011869436201781 0.058333333333333334
0 0.4258160237388724 0.26 0.07418397626112759 0.04833333333333333
0 0.5089020771513353 0.2675 0.0712166172106825 0.05
0 0.5801186943620178 0.2725 0.05934718100890208 0.051666666666666666
0 0.6468842729970327 0.27666666666666667 0.06231454005934718 0.051666666666666666
0 0.7077151335311572 0.2866666666666667 0.05637982195845697 0.045
0 0.7700296735905044 0.2916666666666667 0.06231454005934718 0.045
0 0.8308605341246291 0.2966666666666667 0.05934718100890208 0.045
0 0.8931750741839762 0.2966666666666667 0.06528189910979229 0.043333333333333335
0 0.9821958456973294 0.3075 0.02967359050445104 0.055
0 0.2596439169139466 0.30916666666666665 0.08605341246290801 0.055
0 0.4258160237388724 0.31 0.07418397626112759 0.05333333333333334
0 0.3427299703264095 0.31166666666666665 0.08011869436201781 0.055
0 0.5103857566765578 0.31833333333333336 0.07418397626112759 0.051666666666666666
0 0.5816023738872403 0.3225 0.06528189910979229 0.05
0 0.6483679525222552 0.32666666666666666 0.06528189910979229 0.04666666666666667
0 0.7106824925816023 0.33666666666666667 0.05934718100890208 0.051666666666666666
0 0.771513353115727 0.3375 0.06231454005934718 0.045
0 0.8338278931750742 0.3416666666666667 0.05934718100890208 0.04833333333333333
0 0.8976261127596439 0.3416666666666667 0.06231454005934718 0.043333333333333335
0 0.4258160237388724 0.3616666666666667 0.0712166172106825 0.055
0 0.2551928783382789 0.36333333333333334 0.08902077151335312 0.051666666666666666
0 0.983679525222552 0.3641666666666667 0.026706231454005934 0.04833333333333333
0 0.3427299703264095 0.36583333333333334 0.08605341246290801 0.05333333333333334
0 0.5133531157270029 0.3725 0.0771513353115727 0.055
0 0.5845697329376854 0.37416666666666665 0.06824925816023739 0.051666666666666666
0 0.6513353115727003 0.3775 0.06824925816023739 0.055
0 0.7166172106824926 0.385 0.06231454005934718 0.05
0 0.7833827893175074 0.3858333333333333 0.05934718100890208 0.051666666666666666
0 0.8427299703264095 0.3883333333333333 0.06528189910979229 0.04833333333333333
0 0.9065281899109793 0.38916666666666666 0.05934718100890208 0.051666666666666666
0 0.9821958456973294 0.4083333333333333 0.02967359050445104 0.04666666666666667
0 0.2507418397626113 0.4166666666666667 0.09198813056379822 0.055
0 0.4258160237388724 0.41833333333333333 0.06824925816023739 0.058333333333333334
0 0.34421364985163205 0.42083333333333334 0.08902077151335312 0.051666666666666666
0 0.5118694362017804 0.4275 0.0771513353115727 0.051666666666666666
0 0.586053412462908 0.42916666666666664 0.0712166172106825 0.05333333333333334
0 0.655786350148368 0.43166666666666664 0.06231454005934718 0.051666666666666666
0 0.7210682492581603 0.43583333333333335 0.06231454005934718 0.05
0 0.7848664688427299 0.43833333333333335 0.05934718100890208 0.04833333333333333
0 0.8486646884272997 0.43833333333333335 0.05934718100890208 0.051666666666666666
0 0.9094955489614244 0.44083333333333335 0.06231454005934718 0.05
0 0.09940652818991098 0.48833333333333334 0.08902077151335312 0.06
0 0.18991097922848665 0.49166666666666664 0.08605341246290801 0.06166666666666667
0 0.29080118694362017 0.5016666666666667 0.07418397626112759 0.05333333333333334
0 0.36795252225519287 0.5025 0.0712166172106825 0.058333333333333334
0 0.443620178041543 0.505 0.0712166172106825 0.06
0 0.5148367952522255 0.5075 0.06528189910979229 0.05333333333333334
0 0.6513353115727003 0.5083333333333333 0.06528189910979229 0.051666666666666666
0 0.5830860534124629 0.5091666666666667 0.06824925816023739 0.055
0 0.7863501483679525 0.5116666666666667 0.06528189910979229 0.05
0 0.7166172106824926 0.5133333333333333 0.06528189910979229 0.051666666666666666
0 0.8516320474777448 0.5141666666666667 0.05934718100890208 0.05
0 0.9183976261127597 0.5166666666666667 0.06824925816023739 0.055
0 0.08753709198813056 0.5508333333333333 0.09198813056379822 0.065
0 0.1913946587537092 0.5525 0.09495548961424333 0.06333333333333334
0 0.2893175074183976 0.5575 0.07418397626112759 0.058333333333333334
0 0.3664688427299703 0.5616666666666666 0.07418397626112759 0.058333333333333334
0 0.443620178041543 0.5616666666666666 0.06824925816023739 0.056666666666666664
0 0.5133531157270029 0.5625 0.06824925816023739 0.058333333333333334
0 0.655786350148368 0.5641666666666667 0.0712166172106825 0.06
0 0.7922848664688428 0.5641666666666667 0.06231454005934718 0.055
0 0.5830860534124629 0.565 0.0712166172106825 0.058333333333333334
0 0.7240356083086054 0.5658333333333333 0.06528189910979229 0.055
0 0.8605341246290801 0.5666666666666667 0.06528189910979229 0.058333333333333334
0 0.9287833827893175 0.5691666666666667 0.06528189910979229 0.055
0 0.443620178041543 0.6175 0.0712166172106825 0.056666666666666664
0 0.18397626112759644 0.6175 0.08902077151335312 0.06333333333333334
0 0.28486646884273 0.6183333333333333 0.07418397626112759 0.06166666666666667
0 0.516320474777448 0.6191666666666666 0.0712166172106825 0.05333333333333334
0 0.36350148367952523 0.62 0.0771513353115727 0.056666666666666664
0 0.5845697329376854 0.62 0.0712166172106825 0.051666666666666666
0 0.655786350148368 0.6208333333333333 0.06824925816023739 0.051666666666666666
0 0.7255192878338279 0.6216666666666667 0.0712166172106825 0.05333333333333334
0 0.7952522255192879 0.6216666666666667 0.06231454005934718 0.056666666666666664
0 0.8635014836795252 0.6233333333333333 0.06824925816023739 0.055
0 0.9362017804154302 0.6233333333333333 0.06824925816023739 0.056666666666666664
0 0.4391691394658754 0.7016666666666667 0.0771513353115727 0.065
0 0.25667655786350146 0.7033333333333334 0.09792284866468842 0.06833333333333333
0 0.16172106824925817 0.7041666666666667 0.09198813056379822 0.07
0 0.35311572700296734 0.705 0.08902077151335312 0.06833333333333333
0 0.05637982195845697 0.705 0.10089020771513353 0.07
0 0.8694362017804155 0.7066666666666667 0.06824925816023739 0.055
0 0.6602373887240356 0.7075 0.0712166172106825 0.058333333333333334
0 0.9391691394658753 0.7075 0.0771513353115727 0.058333333333333334
0 0.5905044510385756 0.7091666666666666 0.06824925816023739 0.06
0 0.7314540059347181 0.71 0.05934718100890208 0.055
0 0.8026706231454006 0.71 0.0712166172106825 0.056666666666666664
0 0.516320474777448 0.7108333333333333 0.0712166172106825 0.058333333333333334
0 0.8738872403560831 0.7633333333333333 0.0712166172106825 0.06166666666666667
0 0.9451038575667656 0.7641666666666667 0.06528189910979229 0.058333333333333334
0 0.8026706231454006 0.7675 0.07418397626112759 0.06166666666666667
0 0.43768545994065283 0.7683333333333333 0.07418397626112759 0.06833333333333333
0 0.6646884272997032 0.7683333333333333 0.06528189910979229 0.06166666666666667
0 0.7329376854599406 0.7691666666666667 0.05934718100890208 0.06333333333333334
0 0.35311572700296734 0.7716666666666666 0.09495548961424333 0.065
0 0.5890207715133531 0.7725 0.0771513353115727 0.06666666666666667
0 0.5103857566765578 0.7733333333333333 0.0771513353115727 0.065
0 0.2551928783382789 0.7733333333333333 0.09495548961424333 0.07
0 0.1572700296735905 0.775 0.09495548961424333 0.07166666666666667
0 0.05341246290801187 0.7758333333333334 0.09792284866468842 0.07
0 0.9540059347181009 0.825 0.05934718100890208 0.065
0 0.884272997032641 0.8258333333333333 0.06824925816023739 0.065
0 0.8100890207715133 0.83 0.07418397626112759 0.065
0 0.6706231454005934 0.8325 0.0712166172106825 0.065
0 0.7418397626112759 0.8325 0.06528189910979229 0.06166666666666667
0 0.5905044510385756 0.8366666666666667 0.0712166172106825 0.06333333333333334
0 0.43768545994065283 0.8391666666666666 0.0771513353115727 0.06833333333333333
0 0.5148367952522255 0.8391666666666666 0.08011869436201781 0.065
0 0.3486646884272997 0.8425 0.09495548961424333 0.06833333333333333
0 0.2507418397626113 0.8433333333333334 0.10089020771513353 0.065
0 0.14836795252225518 0.8441666666666666 0.09792284866468842 0.06833333333333333
0 0.050445103857566766 0.8475 0.09198813056379822 0.07