0 0.03833333333333333 0.3466666666666667 0.075 0.17777777777777778
0 0.12166666666666667 0.3622222222222222 0.085 0.16444444444444445
0 0.35 0.37 0.07 0.14666666666666667
0 0.4166666666666667 0.37666666666666665 0.056666666666666664 0.13111111111111112
0 0.5766666666666667 0.4088888888888889 0.056666666666666664 0.1111111111111111
0 0.6275 0.4166666666666667 0.03833333333333333 0.1
0 0.3491666666666667 0.5111111111111111 0.07 0.13555555555555557
0 0.4175 0.5111111111111111 0.06833333333333333 0.13555555555555557
0 0.485 0.52 0.06333333333333334 0.12444444444444444
0 0.7583333333333333 0.5211111111111111 0.058333333333333334 0.1
0 0.12333333333333334 0.5211111111111111 0.08166666666666667 0.15333333333333332
0 0.5383333333333333 0.5222222222222223 0.04666666666666667 0.12222222222222222
0 0.041666666666666664 0.5233333333333333 0.08 0.16666666666666666
0 0.59 0.5233333333333333 0.051666666666666666 0.12
0 0.635 0.5233333333333333 0.03666666666666667 0.11333333333333333
0 0.6741666666666667 0.5244444444444445 0.04 0.1
0 0.7125 0.5244444444444445 0.03333333333333333 0.09111111111111111
0 0.2025 0.5511111111111111 0.06666666666666667 0.12666666666666668
0 0.2675 0.5666666666666667 0.058333333333333334 0.12
0 0.7783333333333333 0.6255555555555555 0.035 0.10222222222222223
0 0.7441666666666666 0.6288888888888889 0.03833333333333333 0.11333333333333333
0 0.6983333333333334 0.6377777777777778 0.055 0.12222222222222222
0 0.6391666666666667 0.6388888888888888 0.03833333333333333 0.11555555555555555
0 0.5975 0.64 0.05 0.11777777777777777
0 0.545 0.6444444444444445 0.04833333333333333 0.12
0 0.49 0.6466666666666666 0.065 0.13333333333333333
0 0.425 0.6488888888888888 0.06333333333333334 0.13777777777777778
0 0.3525 0.6544444444444445 0.07333333333333333 0.14444444444444443
0 0.27 0.6855555555555556 0.06 0.1111111111111111
0 0.2075 0.6866666666666666 0.065 0.13555555555555557
0 0.12666666666666668 0.6866666666666666 0.085 0.15555555555555556
0 0.04083333333333333 0.6888888888888889 0.07666666666666666 0.1711111111111111
0 0.8316666666666667 0.8311111111111111 0.05 0.11333333333333333
0 0.5458333333333333 0.8511111111111112 0.06333333333333334 0.10222222222222223
0 0.7791666666666667 0.8533333333333334 0.055 0.12222222222222222
0 0.735 0.8688888888888889 0.058333333333333334 0.12
0 0.44583333333333336 0.87 0.05333333333333334 0.1288888888888889
0 0.6916666666666667 0.8855555555555555 0.041666666666666664 0.13111111111111112
0 0.3925 0.8877777777777778 0.058333333333333334 0.1288888888888889
0 0.64 0.8977777777777778 0.07 0.13555555555555557
0 0.5991666666666666 0.9411111111111111 0.035 0.10222222222222223
0 0.5616666666666666 0.9477777777777778 0.04666666666666667 0.1
0 0.5091666666666667 0.9522222222222222 0.058333333333333334 0.09111111111111111