0 0.19166666666666668 0.27111111111111114 0.085 0.13555555555555557
0 0.275 0.28444444444444444 0.075 0.12
0 0.3491666666666667 0.3011111111111111 0.07166666666666667 0.12222222222222222
0 0.42083333333333334 0.30777777777777776 0.065 0.12
0 0.4875 0.31666666666666665 0.065 0.12
0 0.5475 0.33 0.05333333333333334 0.11777777777777777
0 0.7116666666666667 0.3411111111111111 0.058333333333333334 0.11555555555555555
0 0.6025 0.3422222222222222 0.05333333333333334 0.1111111111111111
0 0.66 0.3466666666666667 0.058333333333333334 0.1111111111111111
0 0.7566666666666667 0.35333333333333333 0.045 0.10666666666666667
0 0.7975 0.3655555555555556 0.045 0.09111111111111111
0 0.8416666666666667 0.3711111111111111 0.045 0.10666666666666667
0 0.8841666666666667 0.38 0.035 0.10666666666666667
0 0.9208333333333333 0.3844444444444444 0.035 0.09555555555555556
0 0.9691666666666666 0.3877777777777778 0.055 0.09555555555555556
0 0.19416666666666665 0.4088888888888889 0.085 0.13555555555555557
0 0.2791666666666667 0.41555555555555557 0.075 0.13333333333333333
0 0.3541666666666667 0.4255555555555556 0.075 0.12444444444444444
0 0.425 0.4288888888888889 0.06333333333333334 0.11555555555555555
0 0.4925 0.4388888888888889 0.06333333333333334 0.12
0 0.5541666666666667 0.45 0.06 0.12
0 0.6116666666666667 0.4533333333333333 0.04833333333333333 0.11555555555555555
0 0.7233333333333334 0.45666666666666667 0.058333333333333334 0.11777777777777777
0 0.6675 0.46111111111111114 0.055 0.11555555555555555
0 0.7691666666666667 0.46444444444444444 0.041666666666666664 0.11333333333333333
0 0.8616666666666667 0.47333333333333333 0.04666666666666667 0.12222222222222222
0 0.8166666666666667 0.47333333333333333 0.045 0.11777777777777777
0 0.8991666666666667 0.47444444444444445 0.03666666666666667 0.11555555555555555
0 0.935 0.4855555555555556 0.045 0.1
0 0.9766666666666667 0.4911111111111111 0.043333333333333335 0.11555555555555555
0 0.25 0.5822222222222222 0.055 0.10444444444444445
0 0.39 0.5888888888888889 0.055 0.08888888888888889
0 0.46166666666666667 0.5911111111111111 0.05 0.08444444444444445
0 0.5308333333333334 0.5977777777777777 0.051666666666666666 0.09777777777777778
0 0.695 0.5977777777777777 0.04833333333333333 0.07555555555555556
0 0.5875 0.5988888888888889 0.051666666666666666 0.08222222222222222
0 0.645 0.5988888888888889 0.05 0.08666666666666667
0 0.7483333333333333 0.6033333333333334 0.04666666666666667 0.07555555555555556
0 0.8641666666666666 0.6955555555555556 0.065 0.1288888888888889
0 0.4633333333333333 0.7011111111111111 0.065 0.14888888888888888
0 0.7108333333333333 0.7011111111111111 0.04666666666666667 0.12222222222222222
0 0.7591666666666667 0.7055555555555556 0.055 0.11777777777777777
0 0.5925 0.7066666666666667 0.065 0.1288888888888889
0 0.23833333333333334 0.7077777777777777 0.07166666666666667 0.1622222222222222
0 0.53 0.7077777777777777 0.06666666666666667 0.13333333333333333
0 0.6575 0.71 0.06666666666666667 0.13111111111111112
0 0.395 0.7133333333333334 0.075 0.14
0 0.7208333333333333 0.8511111111111112 0.056666666666666664 0.09333333333333334
0 0.7841666666666667 0.8511111111111112 0.058333333333333334 0.08888888888888889
0 0.665 0.8622222222222222 0.056666666666666664 0.09111111111111111
0 0.6041666666666666 0.8666666666666667 0.05333333333333334 0.09777777777777778
0 0.5383333333333333 0.8722222222222222 0.05333333333333334 0.09333333333333334
0 0.4658333333333333 0.88 0.056666666666666664 0.10666666666666667
0 0.38416666666666666 0.89 0.06333333333333334 0.10444444444444445
0 0.30333333333333334 0.8977777777777778 0.06333333333333334 0.10666666666666667
0 0.22666666666666666 0.91 0.051666666666666666 0.1111111111111111
0 0.7333333333333333 0.9455555555555556 0.055 0.10444444444444445
0 0.795 0.9477777777777778 0.07 0.09555555555555556
0 0.6783333333333333 0.9511111111111111 0.06166666666666667 0.09111111111111111
0 0.6133333333333333 0.9544444444444444 0.06666666666666667 0.08666666666666667
0 0.545 0.9622222222222222 0.06166666666666667 0.07333333333333333
0 0.4691666666666667 0.9688888888888889 0.07833333333333334 0.057777777777777775
0 0.39 0.9733333333333334 0.07666666666666666 0.04888888888888889