0 0.4583333333333333 0.24222222222222223 0.12666666666666668 0.24666666666666667
0 0.24083333333333334 0.30333333333333334 0.08666666666666667 0.18666666666666668
0 0.14083333333333334 0.3211111111111111 0.12 0.24444444444444444
0 0.5508333333333333 0.3288888888888889 0.09833333333333333 0.23555555555555555
0 0.6275 0.3655555555555556 0.08166666666666667 0.2088888888888889
0 0.6775 0.4066666666666667 0.043333333333333335 0.11777777777777777
0 0.8233333333333334 0.4266666666666667 0.055 0.15333333333333332
0 0.7183333333333334 0.47 0.043333333333333335 0.12444444444444444
0 0.3458333333333333 0.4711111111111111 0.17333333333333334 0.32666666666666666
0 0.3375 0.051111111111111114 0.12666666666666668 0.10222222222222223
0 0.7983333333333333 0.5044444444444445 0.075 0.19111111111111112
0 0.49083333333333334 0.51 0.125 0.2866666666666667
0 0.21416666666666667 0.5411111111111111 0.075 0.28444444444444444
0 0.59 0.5677777777777778 0.1 0.24666666666666667
0 0.6566666666666666 0.57 0.09166666666666666 0.21777777777777776
0 0.11083333333333334 0.58 0.11833333333333333 0.25555555555555554
0 0.7141666666666666 0.6255555555555555 0.043333333333333335 0.18444444444444444
0 0.7525 0.6544444444444445 0.05 0.16444444444444445
0 0.8275 0.66 0.058333333333333334 0.16444444444444445
0 0.7908333333333334 0.67 0.043333333333333335 0.13111111111111112
0 0.6991666666666667 0.7955555555555556 0.09333333333333334 0.2688888888888889
0 0.5141666666666667 0.8088888888888889 0.14833333333333334 0.30444444444444446
0 0.6258333333333334 0.8122222222222222 0.11166666666666666 0.2688888888888889
0 0.8566666666666667 0.8166666666666667 0.05 0.16666666666666666
0 0.3466666666666667 0.8233333333333334 0.18833333333333332 0.3288888888888889
0 0.8191666666666667 0.8233333333333334 0.058333333333333334 0.1688888888888889
0 0.7533333333333333 0.8266666666666667 0.051666666666666666 0.19111111111111112
0 0.7866666666666666 0.8266666666666667 0.043333333333333335 0.18
0 0.20333333333333334 0.8433333333333334 0.085 0.30444444444444446
0 0.245 0.11666666666666667 0.08166666666666667 0.18888888888888888
0 0.3475 0.20444444444444446 0.13833333333333334 0.2111111111111111