0 0.5483333333333333 0.3811111111111111 0.09166666666666666 0.14444444444444443
0 0.6358333333333334 0.4011111111111111 0.085 0.12444444444444444
0 0.485 0.45 0.07333333333333333 0.13111111111111112
0 0.5791666666666667 0.53 0.09333333333333334 0.13777777777777778
0 0.66 0.5366666666666666 0.075 0.13777777777777778
0 0.7283333333333334 0.5633333333333334 0.06666666666666667 0.13111111111111112
0 0.7733333333333333 0.5755555555555556 0.028333333333333332 0.10888888888888888
0 0.955 0.6155555555555555 0.08666666666666667 0.36444444444444446
0 0.8366666666666667 0.6144444444444445 0.056666666666666664 0.09777777777777778
0 0.8816666666666667 0.6233333333333333 0.03833333333333333 0.09111111111111111
0 0.915 0.6344444444444445 0.03166666666666667 0.08222222222222222
0 0.6825 0.6866666666666666 0.08666666666666667 0.1511111111111111
0 0.7558333333333334 0.6977777777777778 0.065 0.12666666666666668
0 0.8 0.7044444444444444 0.035 0.12222222222222222
0 0.8975 0.7155555555555555 0.04 0.09555555555555556
0 0.8541666666666666 0.7166666666666667 0.056666666666666664 0.09777777777777778
0 0.9358333333333333 0.7255555555555555 0.028333333333333332 0.09555555555555556