0 0.7344444444444445 0.19916666666666666 0.06 0.03
0 0.5622222222222222 0.20083333333333334 0.05333333333333334 0.025
0 0.6788888888888889 0.20083333333333334 0.05333333333333334 0.03166666666666667
0 0.62 0.20166666666666666 0.057777777777777775 0.023333333333333334
0 0.03888888888888889 0.22333333333333333 0.05555555555555555 0.10333333333333333
0 0.09111111111111111 0.26166666666666666 0.057777777777777775 0.1
0 0.83 0.27 0.057777777777777775 0.065
0 0.76 0.27166666666666667 0.06444444444444444 0.06333333333333334
0 0.6355555555555555 0.2725 0.057777777777777775 0.058333333333333334
0 0.44666666666666666 0.27416666666666667 0.06 0.058333333333333334
0 0.51 0.27416666666666667 0.05555555555555555 0.06
0 0.57 0.275 0.05555555555555555 0.06166666666666667
0 0.6955555555555556 0.2758333333333333 0.06 0.06
0 0.9644444444444444 0.2758333333333333 0.06222222222222222 0.065
0 0.1411111111111111 0.31666666666666665 0.07111111111111111 0.08166666666666667
0 0.028888888888888888 0.31916666666666665 0.05555555555555555 0.09
0 0.6333333333333333 0.3283333333333333 0.05555555555555555 0.051666666666666666
0 0.6966666666666667 0.33 0.06 0.05333333333333334
0 0.8288888888888889 0.33 0.06444444444444444 0.055
0 0.44555555555555554 0.3308333333333333 0.05555555555555555 0.05333333333333334
0 0.9633333333333334 0.3308333333333333 0.07111111111111111 0.065
0 0.5077777777777778 0.33166666666666667 0.057777777777777775 0.05
0 0.5722222222222222 0.33166666666666667 0.06 0.04833333333333333
0 0.7611111111111111 0.33166666666666667 0.06444444444444444 0.055
0 0.19 0.33416666666666667 0.03111111111111111 0.075
0 0.39222222222222225 0.33666666666666667 0.04888888888888889 0.04666666666666667
0 0.07666666666666666 0.3441666666666667 0.04888888888888889 0.105
0 0.21444444444444444 0.35333333333333333 0.03111111111111111 0.07166666666666667
0 0.24333333333333335 0.365 0.03111111111111111 0.06666666666666667
0 0.13444444444444445 0.3858333333333333 0.06222222222222222 0.09166666666666666
0 0.18444444444444444 0.40166666666666667 0.03333333333333333 0.065
0 0.024444444444444446 0.4058333333333333 0.04888888888888889 0.095
0 0.44222222222222224 0.41333333333333333 0.06222222222222222 0.06333333333333334
0 0.2088888888888889 0.4141666666666667 0.03111111111111111 0.056666666666666664
0 0.5077777777777778 0.41833333333333333 0.06 0.06333333333333334
0 0.57 0.41833333333333333 0.057777777777777775 0.06833333333333333
0 0.8244444444444444 0.42 0.06444444444444444 0.06833333333333333
0 0.3844444444444444 0.42083333333333334 0.04888888888888889 0.065
0 0.6333333333333333 0.42083333333333334 0.06444444444444444 0.07
0 0.8788888888888889 0.4216666666666667 0.03777777777777778 0.06666666666666667
0 0.9633333333333334 0.42333333333333334 0.06888888888888889 0.065
0 0.2388888888888889 0.4241666666666667 0.024444444444444446 0.06
0 0.06 0.4241666666666667 0.044444444444444446 0.09833333333333333
0 0.7588888888888888 0.425 0.06 0.06166666666666667
0 0.6988888888888889 0.4266666666666667 0.06 0.06
0 0.27555555555555555 0.43 0.04 0.08
0 0.2822222222222222 0.04416666666666667 0.04888888888888889 0.056666666666666664
0 0.10222222222222223 0.445 0.035555555555555556 0.08166666666666667
0 0.13777777777777778 0.4608333333333333 0.042222222222222223 0.07833333333333334
0 0.17 0.4708333333333333 0.02 0.06833333333333333
0 0.20222222222222222 0.4766666666666667 0.03111111111111111 0.065
0 0.43444444444444447 0.47833333333333333 0.057777777777777775 0.06666666666666667
0 0.38222222222222224 0.48 0.051111111111111114 0.058333333333333334
0 0.6322222222222222 0.4816666666666667 0.06 0.058333333333333334
0 0.6955555555555556 0.4816666666666667 0.06666666666666667 0.058333333333333334
0 0.5055555555555555 0.48333333333333334 0.06222222222222222 0.06166666666666667
0 0.8844444444444445 0.48333333333333334 0.035555555555555556 0.06
0 0.57 0.4841666666666667 0.06222222222222222 0.06
0 0.8311111111111111 0.4841666666666667 0.06444444444444444 0.06333333333333334
0 0.7611111111111111 0.485 0.06444444444444444 0.058333333333333334
0 0.96 0.48583333333333334 0.06666666666666667 0.06166666666666667
0 0.23222222222222222 0.48833333333333334 0.024444444444444446 0.065
0 0.27 0.5025 0.042222222222222223 0.06833333333333333
0 0.33666666666666667 0.051666666666666666 0.05555555555555555 0.058333333333333334
0 0.7333333333333333 0.051666666666666666 0.05555555555555555 0.04833333333333333
0 0.3933333333333333 0.05333333333333334 0.06222222222222222 0.058333333333333334
0 0.6222222222222222 0.05416666666666667 0.051111111111111114 0.04833333333333333
0 0.6755555555555556 0.055 0.051111111111111114 0.04666666666666667
0 0.5677777777777778 0.05583333333333333 0.05555555555555555 0.045
0 0.4444444444444444 0.5658333333333333 0.06222222222222222 0.06666666666666667
0 0.37777777777777777 0.5666666666666667 0.051111111111111114 0.065
0 0.5111111111111111 0.57 0.06222222222222222 0.065
0 0.03666666666666667 0.5708333333333333 0.07333333333333333 0.11333333333333333
0 0.5733333333333334 0.5708333333333333 0.06222222222222222 0.06333333333333334
0 0.7111111111111111 0.5708333333333333 0.06888888888888889 0.07333333333333333
0 0.6411111111111111 0.5716666666666667 0.06222222222222222 0.07
0 0.78 0.5733333333333334 0.06 0.07333333333333333
0 0.8477777777777777 0.5741666666666667 0.06888888888888889 0.07166666666666667
0 0.5088888888888888 0.058333333333333334 0.044444444444444446 0.045
0 0.97 0.5858333333333333 0.05555555555555555 0.06833333333333333
0 0.11333333333333333 0.5875 0.06 0.08666666666666667
0 0.45222222222222225 0.06 0.04666666666666667 0.04666666666666667
0 0.16 0.6025 0.035555555555555556 0.06333333333333334
0 0.1988888888888889 0.6091666666666666 0.035555555555555556 0.05
0 0.37555555555555553 0.6341666666666667 0.06222222222222222 0.06833333333333333
0 0.44333333333333336 0.635 0.057777777777777775 0.07
0 0.5088888888888888 0.6383333333333333 0.06444444444444444 0.07166666666666667
0 0.5744444444444444 0.6383333333333333 0.06666666666666667 0.07
0 0.6411111111111111 0.6408333333333334 0.06666666666666667 0.07166666666666667
0 0.71 0.6441666666666667 0.06888888888888889 0.07333333333333333
0 0.7788888888888889 0.645 0.07111111111111111 0.06833333333333333
0 0.85 0.6458333333333334 0.06222222222222222 0.06833333333333333
0 0.9722222222222222 0.6483333333333333 0.051111111111111114 0.08
0 0.27 0.6675 0.06 0.08666666666666667
0 0.028888888888888888 0.6733333333333333 0.05555555555555555 0.10166666666666667
0 0.22444444444444445 0.6741666666666667 0.022222222222222223 0.07333333333333333
0 0.19111111111111112 0.6741666666666667 0.03777777777777778 0.07833333333333334
0 0.11555555555555555 0.675 0.03111111111111111 0.085
0 0.15333333333333332 0.675 0.03777777777777778 0.07833333333333334
0 0.5766666666666667 0.7341666666666666 0.06888888888888889 0.075
0 0.6466666666666666 0.7366666666666667 0.06888888888888889 0.075
0 0.7188888888888889 0.7383333333333333 0.06666666666666667 0.075
0 0.8533333333333334 0.7383333333333333 0.06888888888888889 0.075
0 0.7855555555555556 0.74 0.06666666666666667 0.07333333333333333
0 0.2577777777777778 0.7441666666666666 0.057777777777777775 0.07333333333333333
0 0.21555555555555556 0.7491666666666666 0.03777777777777778 0.075
0 0.17777777777777778 0.755 0.04 0.08166666666666667
0 0.1411111111111111 0.7608333333333334 0.042222222222222223 0.09
0 0.09888888888888889 0.7641666666666667 0.03777777777777778 0.08833333333333333
0 0.022222222222222223 0.7733333333333333 0.044444444444444446 0.10166666666666667
0 0.5766666666666667 0.8108333333333333 0.06444444444444444 0.08166666666666667
0 0.6466666666666666 0.8133333333333334 0.06222222222222222 0.07666666666666666
0 0.72 0.8141666666666667 0.06888888888888889 0.07666666666666666
0 0.79 0.8158333333333333 0.06222222222222222 0.08333333333333333
0 0.8577777777777778 0.8175 0.06888888888888889 0.07833333333333334
0 0.7866666666666666 0.9375 0.05555555555555555 0.058333333333333334
0 0.6233333333333333 0.94 0.057777777777777775 0.07166666666666667
0 0.7322222222222222 0.9491666666666667 0.04888888888888889 0.06166666666666667
0 0.6822222222222222 0.9566666666666667 0.057777777777777775 0.06166666666666667
0 0.28 0.09916666666666667 0.05333333333333334 0.058333333333333334
0 0.33444444444444443 0.1 0.06444444444444444 0.05333333333333334
0 0.6222222222222222 0.10416666666666667 0.057777777777777775 0.051666666666666666
0 0.5622222222222222 0.105 0.05333333333333334 0.051666666666666666
0 0.7322222222222222 0.105 0.05333333333333334 0.051666666666666666
0 0.68 0.10666666666666667 0.04888888888888889 0.051666666666666666
0 0.39444444444444443 0.1075 0.051111111111111114 0.055
0 0.5055555555555555 0.1075 0.051111111111111114 0.05
0 0.44666666666666666 0.10916666666666666 0.04666666666666667 0.04666666666666667
0 0.5 0.15666666666666668 0.051111111111111114 0.051666666666666666
0 0.7333333333333333 0.15666666666666668 0.051111111111111114 0.05333333333333334
0 0.6777777777777778 0.16 0.051111111111111114 0.05333333333333334
0 0.5633333333333334 0.16083333333333333 0.05555555555555555 0.055
0 0.6222222222222222 0.16166666666666665 0.05555555555555555 0.058333333333333334