0 0.10666666666666667 0.6588888888888889 0.023333333333333334 0.07777777777777778
0 0.14166666666666666 0.4866666666666667 0.02 0.08
0 0.13666666666666666 0.57 0.023333333333333334 0.07777777777777778
0 0.13166666666666665 0.6555555555555556 0.021666666666666667 0.08666666666666667
0 0.16333333333333333 0.4766666666666667 0.02 0.08
0 0.1875 0.4688888888888889 0.025 0.09111111111111111
0 0.16 0.5633333333333334 0.02 0.08666666666666667
0 0.1825 0.5611111111111111 0.025 0.08666666666666667
0 0.1525 0.6533333333333333 0.023333333333333334 0.08888888888888889
0 0.17833333333333334 0.6544444444444445 0.023333333333333334 0.09333333333333334
0 0.21083333333333334 0.4622222222222222 0.018333333333333333 0.09777777777777778
0 0.2075 0.56 0.021666666666666667 0.08444444444444445
0 0.20166666666666666 0.6488888888888888 0.021666666666666667 0.09555555555555556
0 0.4666666666666667 0.4866666666666667 0.06166666666666667 0.12222222222222222
0 0.5133333333333333 0.6166666666666667 0.051666666666666666 0.1288888888888889
0 0.5766666666666667 0.32666666666666666 0.07333333333333333 0.13333333333333333
0 0.5733333333333334 0.46444444444444444 0.06666666666666667 0.14222222222222222
0 0.5716666666666667 0.6144444444444445 0.065 0.14666666666666667
0 0.23666666666666666 0.45111111111111113 0.035 0.09333333333333334
0 0.23666666666666666 0.5477777777777778 0.03 0.09111111111111111
0 0.23083333333333333 0.6422222222222222 0.03166666666666667 0.10222222222222223
0 0.2833333333333333 0.44222222222222224 0.056666666666666664 0.10222222222222223
0 0.2833333333333333 0.5422222222222223 0.055 0.09333333333333334
0 0.26416666666666666 0.6433333333333333 0.03 0.1
0 0.2966666666666667 0.64 0.03 0.10666666666666667
0 0.335 0.4166666666666667 0.03166666666666667 0.1
0 0.38166666666666665 0.3988888888888889 0.06 0.11555555555555555
0 0.3275 0.5233333333333333 0.028333333333333332 0.1111111111111111
0 0.36833333333333335 0.5144444444444445 0.043333333333333335 0.11555555555555555
0 0.325 0.6333333333333333 0.03 0.11333333333333333
0 0.3625 0.6322222222222222 0.03666666666666667 0.11555555555555555
0 0.41333333333333333 0.4955555555555556 0.04 0.11777777777777777
0 0.4083333333333333 0.6233333333333333 0.043333333333333335 0.13333333333333333
0 0.45666666666666667 0.6166666666666667 0.056666666666666664 0.14
0 0.7075 0.27 0.07333333333333333 0.14666666666666667
0 0.7708333333333334 0.2288888888888889 0.06833333333333333 0.1622222222222222
0 0.6441666666666667 0.4488888888888889 0.06666666666666667 0.14888888888888888
0 0.7066666666666667 0.42777777777777776 0.075 0.16444444444444445
0 0.7766666666666666 0.3988888888888889 0.06833333333333333 0.18
0 0.6391666666666667 0.6022222222222222 0.075 0.15555555555555556
0 0.7116666666666667 0.59 0.07333333333333333 0.18
0 0.78 0.58 0.065 0.19555555555555557
0 0.35083333333333333 0.9444444444444444 0.045 0.10222222222222223
0 0.3983333333333333 0.9588888888888889 0.05333333333333334 0.07333333333333333
0 0.45916666666666667 0.9688888888888889 0.065 0.057777777777777775