0 0.049166666666666664 0.13111111111111112 0.08166666666666667 0.1688888888888889
0 0.03 0.3322222222222222 0.055 0.21777777777777776
0 0.02666666666666667 0.5577777777777778 0.04833333333333333 0.2288888888888889
0 0.023333333333333334 0.79 0.041666666666666664 0.23555555555555555
0 0.11 0.32 0.11166666666666666 0.22
0 0.10833333333333334 0.5511111111111111 0.10666666666666667 0.2311111111111111
0 0.10083333333333333 0.79 0.115 0.24666666666666667
0 0.29333333333333333 0.07555555555555556 0.08166666666666667 0.14444444444444443
0 0.23333333333333334 0.27666666666666667 0.12166666666666667 0.24888888888888888
0 0.22416666666666665 0.5288888888888889 0.11833333333333333 0.25333333333333335
0 0.22166666666666668 0.7922222222222223 0.11833333333333333 0.2733333333333333
0 0.38 0.20777777777777778 0.08666666666666667 0.17555555555555555
0 0.37833333333333335 0.3522222222222222 0.09333333333333334 0.1
0 0.3566666666666667 0.5355555555555556 0.13833333333333334 0.25333333333333335
0 0.35583333333333333 0.7988888888888889 0.13166666666666665 0.2688888888888889
0 0.8733333333333333 0.8 0.21666666666666667 0.31777777777777777
0 0.8525 0.4866666666666667 0.20833333333333334 0.3088888888888889
0 0.84 0.18666666666666668 0.2 0.29555555555555557
0 0.47 0.07444444444444444 0.09333333333333334 0.10222222222222223
0 0.49 0.2644444444444444 0.13166666666666665 0.26222222222222225
0 0.49416666666666664 0.5266666666666666 0.13333333333333333 0.25555555555555554
0 0.49333333333333335 0.8011111111111111 0.13833333333333334 0.28888888888888886
0 0.65 0.21666666666666667 0.18166666666666667 0.28
0 0.6591666666666667 0.4988888888888889 0.16666666666666666 0.27555555555555555
0 0.6691666666666667 0.8 0.17833333333333334 0.30444444444444446
0 0.9591666666666666 0.1688888888888889 0.07333333333333333 0.3022222222222222
0 0.9708333333333333 0.4822222222222222 0.051666666666666666 0.3