0 0.5755555555555556 0.175 0.06888888888888889 0.085
0 0.4 0.22416666666666665 0.06222222222222222 0.07
0 0.3522222222222222 0.22916666666666666 0.03333333333333333 0.06666666666666667
0 0.7233333333333334 0.23666666666666666 0.04666666666666667 0.10333333333333333
0 0.30777777777777776 0.2475 0.05333333333333334 0.06666666666666667
0 0.6744444444444444 0.25083333333333335 0.04888888888888889 0.095
0 0.2633333333333333 0.25333333333333335 0.03333333333333333 0.06166666666666667
0 0.62 0.2575 0.05555555555555555 0.09333333333333334
0 0.23777777777777778 0.2608333333333333 0.022222222222222223 0.06
0 0.21444444444444444 0.2633333333333333 0.024444444444444446 0.05333333333333334
0 0.19444444444444445 0.2658333333333333 0.022222222222222223 0.04666666666666667
0 0.5644444444444444 0.2683333333333333 0.051111111111111114 0.09333333333333334
0 0.1711111111111111 0.27166666666666667 0.022222222222222223 0.04
0 0.47888888888888886 0.2783333333333333 0.06888888888888889 0.07666666666666666
0 0.4222222222222222 0.28833333333333333 0.042222222222222223 0.07166666666666667
0 0.38666666666666666 0.29583333333333334 0.03333333333333333 0.07
0 0.35 0.29833333333333334 0.03333333333333333 0.07166666666666667
0 0.3088888888888889 0.30916666666666665 0.05333333333333334 0.058333333333333334
0 0.2644444444444444 0.31416666666666665 0.028888888888888888 0.06333333333333334
0 0.19555555555555557 0.31833333333333336 0.02 0.05333333333333334
0 0.17333333333333334 0.31916666666666665 0.024444444444444446 0.056666666666666664
0 0.24222222222222223 0.32166666666666666 0.02 0.056666666666666664
0 0.21777777777777776 0.3225 0.022222222222222223 0.058333333333333334
0 0.6688888888888889 0.3458333333333333 0.057777777777777775 0.095
0 0.6088888888888889 0.35083333333333333 0.06 0.09166666666666666
0 0.5577777777777778 0.355 0.04666666666666667 0.07833333333333334
0 0.5122222222222222 0.3566666666666667 0.04 0.075
0 0.46444444444444444 0.3591666666666667 0.044444444444444446 0.08
0 0.42333333333333334 0.36083333333333334 0.03777777777777778 0.07333333333333333
0 0.3522222222222222 0.3675 0.03333333333333333 0.06833333333333333
0 0.3844444444444444 0.3675 0.035555555555555556 0.06833333333333333
0 0.32666666666666666 0.37166666666666665 0.024444444444444446 0.06166666666666667
0 0.29777777777777775 0.3725 0.03333333333333333 0.06333333333333334
0 0.26555555555555554 0.37666666666666665 0.03111111111111111 0.058333333333333334
0 0.21666666666666667 0.37666666666666665 0.02 0.051666666666666666
0 0.2411111111111111 0.3775 0.022222222222222223 0.04833333333333333
0 0.17444444444444446 0.3775 0.022222222222222223 0.058333333333333334
0 0.19444444444444445 0.37833333333333335 0.022222222222222223 0.056666666666666664
0 0.1511111111111111 0.38166666666666665 0.024444444444444446 0.04833333333333333
0 0.37444444444444447 0.5433333333333333 0.03777777777777778 0.06833333333333333
0 0.41444444444444445 0.5566666666666666 0.042222222222222223 0.07
0 0.5555555555555556 0.5666666666666667 0.04888888888888889 0.08333333333333333
0 0.46 0.5691666666666667 0.044444444444444446 0.07
0 0.6088888888888889 0.575 0.04666666666666667 0.08666666666666667
0 0.5066666666666667 0.5775 0.044444444444444446 0.07333333333333333
0 0.6733333333333333 0.5833333333333334 0.07111111111111111 0.095
0 0.3688888888888889 0.61 0.04 0.06333333333333334
0 0.41333333333333333 0.6225 0.042222222222222223 0.06666666666666667
0 0.45555555555555555 0.6383333333333333 0.04666666666666667 0.06666666666666667
0 0.5022222222222222 0.6483333333333333 0.05333333333333334 0.06666666666666667
0 0.5555555555555556 0.65 0.04888888888888889 0.08
0 0.6055555555555555 0.6616666666666666 0.04666666666666667 0.08833333333333333
0 0.37 0.6758333333333333 0.03777777777777778 0.065
0 0.67 0.6766666666666666 0.07555555555555556 0.1
0 0.41 0.6891666666666667 0.04888888888888889 0.06833333333333333
0 0.45444444444444443 0.7066666666666667 0.04 0.06333333333333334
0 0.49777777777777776 0.7191666666666666 0.044444444444444446 0.07
0 0.55 0.7308333333333333 0.051111111111111114 0.07666666666666666
0 0.6022222222222222 0.7508333333333334 0.04888888888888889 0.085
0 0.6655555555555556 0.7733333333333333 0.08 0.09166666666666666
0 0.4255555555555556 0.7858333333333334 0.03111111111111111 0.05
0 0.45666666666666667 0.8225 0.04 0.056666666666666664
0 0.42333333333333334 0.8333333333333334 0.03333333333333333 0.05
0 0.49666666666666665 0.8433333333333334 0.03333333333333333 0.055
0 0.5455555555555556 0.8533333333333334 0.05555555555555555 0.095
0 0.6066666666666667 0.8683333333333333 0.051111111111111114 0.08833333333333333
0 0.4177777777777778 0.885 0.028888888888888888 0.05333333333333334
0 0.4488888888888889 0.8891666666666667 0.04 0.07666666666666666
0 0.6677777777777778 0.91 0.057777777777777775 0.11
0 0.49 0.9108333333333334 0.03777777777777778 0.085
0 0.5333333333333333 0.935 0.06222222222222222 0.08333333333333333
0 0.4166666666666667 0.9358333333333333 0.022222222222222223 0.05
0 0.6 0.9558333333333333 0.06444444444444444 0.08666666666666667
0 0.44555555555555554 0.96 0.03777777777777778 0.06333333333333334
0 0.38 0.9791666666666666 0.04 0.03833333333333333
0 0.7277777777777777 0.12916666666666668 0.044444444444444446 0.105
0 0.6822222222222222 0.15 0.044444444444444446 0.105