0 0.4225 0.33086053412462907 0.03666666666666667 0.14540059347181009
0 0.5008333333333334 0.3456973293768546 0.04833333333333333 0.12166172106824925
0 0.37666666666666665 0.35014836795252224 0.06333333333333334 0.13353115727002968
0 0.545 0.36053412462908013 0.03833333333333333 0.12166172106824925
0 0.6475 0.36795252225519287 0.016666666666666666 0.10385756676557864
0 0.5725 0.3694362017804154 0.023333333333333334 0.10979228486646884
0 0.6216666666666667 0.37091988130563797 0.03833333333333333 0.10979228486646884
0 0.6875 0.39020771513353114 0.04 0.09495548961424333
0 0.7125 0.39762611275964393 0.013333333333333334 0.09198813056379822
0 0.13833333333333334 0.4421364985163205 0.08 0.17210682492581603
0 0.19083333333333333 0.44510385756676557 0.03666666666666667 0.1632047477744807
0 0.2825 0.44807121661721067 0.035 0.1632047477744807
0 0.23916666666666667 0.4495548961424332 0.058333333333333334 0.17507418397626112
0 0.32166666666666666 0.4540059347181009 0.04833333333333333 0.16023738872403562
0 0.42583333333333334 0.46735905044510384 0.03166666666666667 0.13056379821958458
0 0.4533333333333333 0.47477744807121663 0.023333333333333334 0.13353115727002968
0 0.48083333333333333 0.47477744807121663 0.028333333333333332 0.13056379821958458
0 0.5116666666666667 0.47477744807121663 0.03 0.12759643916913946
0 0.5333333333333333 0.4792284866468843 0.016666666666666666 0.11869436201780416
0 0.555 0.4792284866468843 0.021666666666666667 0.10682492581602374
0 0.40166666666666667 0.4807121661721068 0.023333333333333334 0.11275964391691394
0 0.5766666666666667 0.4807121661721068 0.018333333333333333 0.10979228486646884
0 0.6466666666666666 0.4821958456973294 0.021666666666666667 0.10385756676557864
0 0.7033333333333334 0.4821958456973294 0.02666666666666667 0.0830860534124629
0 0.37166666666666665 0.4836795252225519 0.03166666666666667 0.11869436201780416
0 0.6216666666666667 0.4836795252225519 0.028333333333333332 0.10385756676557864
0 0.6683333333333333 0.48813056379821956 0.02 0.09792284866468842
0 0.7591666666666667 0.4910979228486647 0.03333333333333333 0.0830860534124629
0 0.7283333333333334 0.49258160237388726 0.028333333333333332 0.08605341246290801
0 0.5933333333333334 0.5029673590504451 0.02 0.08605341246290801
0 0.7683333333333333 0.5771513353115727 0.02666666666666667 0.09792284866468842
0 0.7033333333333334 0.5816023738872403 0.03333333333333333 0.10089020771513353
0 0.6683333333333333 0.5890207715133531 0.02 0.09495548961424333
0 0.7408333333333333 0.5890207715133531 0.03 0.09792284866468842
0 0.5775 0.5919881305637982 0.021666666666666667 0.10979228486646884
0 0.625 0.5919881305637982 0.03333333333333333 0.10385756676557864
0 0.6491666666666667 0.5919881305637982 0.016666666666666666 0.10089020771513353
0 0.5558333333333333 0.5964391691394659 0.023333333333333334 0.11869436201780416
0 0.5366666666666666 0.5979228486646885 0.016666666666666666 0.12166172106824925
0 0.5975 0.6008902077151336 0.015 0.08605341246290801
0 0.5141666666666667 0.6053412462908012 0.03166666666666667 0.12759643916913946
0 0.4608333333333333 0.6097922848664689 0.023333333333333334 0.13056379821958458
0 0.48583333333333334 0.6097922848664689 0.03 0.12166172106824925
0 0.43083333333333335 0.6112759643916914 0.03166666666666667 0.13649851632047477
0 0.40166666666666667 0.612759643916914 0.03166666666666667 0.13056379821958458
0 0.3725 0.6172106824925816 0.028333333333333332 0.1394658753709199
0 0.32165 0.6177448071216617 0.04523333333333331 0.17804154302670624
0 0.28 0.6186943620178041 0.03666666666666667 0.17507418397626112
0 0.35 0.6201780415430267 0.016666666666666666 0.142433234421365
0 0.23333333333333334 0.6231454005934718 0.055 0.16913946587537093
0 0.3275 0.8115727002967359 0.065 0.142433234421365
0 0.25833333333333336 0.8234421364985163 0.058333333333333334 0.142433234421365
0 0.5583333333333333 0.8664688427299704 0.03333333333333333 0.142433234421365
0 0.5308333333333334 0.8753709198813057 0.023333333333333334 0.13056379821958458
0 0.5075 0.8827893175074184 0.028333333333333332 0.142433234421365
0 0.48 0.8931750741839762 0.03 0.1543026706231454
0 0.41333333333333333 0.9124629080118695 0.03666666666666667 0.16913946587537093
0 0.4508333333333333 0.9213649851632048 0.03 0.14836795252225518
0 0.37833333333333335 0.9228486646884273 0.03666666666666667 0.14836795252225518
0 0.35083333333333333 0.9347181008902077 0.03166666666666667 0.12462908011869436
0 0.31 0.9406528189910979 0.05333333333333334 0.11275964391691394
0 0.26666666666666666 0.9495548961424333 0.05 0.09495548961424333