0 0.5891666666666666 0.3022222222222222 0.16166666666666665 0.32666666666666666
0 0.43416666666666665 0.32 0.145 0.2911111111111111
0 0.06416666666666666 0.3211111111111111 0.12833333333333333 0.31333333333333335
0 0.2975 0.3288888888888889 0.13166666666666665 0.2311111111111111
0 0.17333333333333334 0.33666666666666667 0.15 0.20444444444444446
0 0.7475 0.35888888888888887 0.15666666666666668 0.31333333333333335
0 0.9183333333333333 0.3977777777777778 0.14666666666666667 0.30666666666666664
0 0.1925 0.5233333333333333 0.13666666666666666 0.18666666666666668
0 0.30916666666666665 0.5511111111111111 0.12166666666666667 0.2311111111111111
0 0.44083333333333335 0.5922222222222222 0.13833333333333334 0.25555555555555554
0 0.10833333333333334 0.5933333333333334 0.08333333333333333 0.23777777777777778
0 0.5841666666666666 0.5944444444444444 0.135 0.2577777777777778
0 0.735 0.6377777777777778 0.155 0.24222222222222223
0 0.8833333333333333 0.6544444444444445 0.14166666666666666 0.26
0 0.05333333333333334 0.6666666666666666 0.10666666666666667 0.2288888888888889
0 0.20666666666666667 0.6833333333333333 0.13666666666666666 0.16666666666666666
0 0.32166666666666666 0.7666666666666667 0.10833333333333334 0.20444444444444446
0 0.43416666666666665 0.0811111111111111 0.125 0.1622222222222222
0 0.1475 0.8011111111111111 0.051666666666666666 0.16444444444444445
0 0.445 0.8066666666666666 0.12333333333333334 0.2088888888888889
0 0.5783333333333334 0.8322222222222222 0.125 0.20666666666666667
0 0.22416666666666665 0.8333333333333334 0.11833333333333333 0.14
0 0.7166666666666667 0.8488888888888889 0.13166666666666665 0.22666666666666666
0 0.07083333333333333 0.8555555555555555 0.135 0.15555555555555556
0 0.82 0.8666666666666667 0.08 0.21777777777777776
0 0.7358333333333333 0.08888888888888889 0.07833333333333334 0.16666666666666666
0 0.2925 0.1111111111111111 0.11666666666666667 0.2
0 0.17666666666666667 0.11555555555555555 0.11 0.20222222222222222