0 0.8008333333333333 0.25333333333333335 0.06833333333333333 0.17777777777777778
0 0.7225 0.27444444444444444 0.11333333333333333 0.19111111111111112
0 0.5641666666666667 0.3277777777777778 0.10666666666666667 0.24222222222222223
0 0.8575 0.35444444444444445 0.043333333333333335 0.13111111111111112
0 0.8225 0.37 0.06333333333333334 0.1688888888888889
0 0.7583333333333333 0.4311111111111111 0.05 0.18666666666666668
0 0.685 0.44666666666666666 0.105 0.18
0 0.8558333333333333 0.45111111111111113 0.051666666666666666 0.1288888888888889
0 0.3675 0.45555555555555555 0.13833333333333334 0.24666666666666667
0 0.785 0.5177777777777778 0.058333333333333334 0.13555555555555557
0 0.065 0.5233333333333333 0.12833333333333333 0.24222222222222223
0 0.555 0.5377777777777778 0.08 0.18222222222222223
0 0.7225 0.5688888888888889 0.055 0.13555555555555557
0 0.8308333333333333 0.5788888888888889 0.043333333333333335 0.10888888888888888
0 0.6658333333333334 0.5988888888888889 0.07 0.1511111111111111
0 0.475 0.6011111111111112 0.10333333333333333 0.22666666666666666
0 0.6175 0.06555555555555556 0.125 0.13111111111111112
0 0.5983333333333334 0.6455555555555555 0.07666666666666666 0.16444444444444445
0 0.7533333333333333 0.6488888888888888 0.041666666666666664 0.12
0 0.235 0.6766666666666666 0.14 0.2644444444444444
0 0.35583333333333333 0.6833333333333333 0.115 0.20444444444444446
0 0.6991666666666667 0.6911111111111111 0.056666666666666664 0.12222222222222222
0 0.5341666666666667 0.7033333333333334 0.07 0.15333333333333332
0 0.64 0.7366666666666667 0.06666666666666667 0.13555555555555557
0 0.45 0.7855555555555556 0.09 0.16666666666666666
0 0.07916666666666666 0.7866666666666666 0.15166666666666667 0.29555555555555557
0 0.5766666666666667 0.7955555555555556 0.055 0.14
0 0.5108333333333334 0.8455555555555555 0.06666666666666667 0.12666666666666668
0 0.3466666666666667 0.86 0.105 0.15333333333333332
0 0.22666666666666666 0.9055555555555556 0.13 0.18444444444444444
0 0.43666666666666665 0.9311111111111111 0.08333333333333333 0.12666666666666668
0 0.3416666666666667 0.9688888888888889 0.10666666666666667 0.057777777777777775
0 0.8658333333333333 0.2111111111111111 0.06166666666666667 0.15777777777777777
0 0.8975 0.21333333333333335 0.03 0.14444444444444443