0 0.8191666666666667 0.023333333333333334 0.023333333333333334 0.04666666666666667
0 0.5625 0.24333333333333335 0.05333333333333334 0.13333333333333333
0 0.5141666666666667 0.24444444444444444 0.043333333333333335 0.08222222222222222
0 0.0325 0.2477777777777778 0.065 0.20222222222222222
0 0.14416666666666667 0.2922222222222222 0.08833333333333333 0.19111111111111112
0 0.8933333333333333 0.03222222222222222 0.02666666666666667 0.06444444444444444
0 0.24083333333333334 0.31777777777777777 0.09333333333333334 0.16444444444444445
0 0.8175 0.3888888888888889 0.07333333333333333 0.14
0 0.8766666666666667 0.41333333333333333 0.043333333333333335 0.1288888888888889
0 0.8425 0.04555555555555556 0.02666666666666667 0.07111111111111111
0 0.7525 0.04666666666666667 0.058333333333333334 0.07333333333333333
0 0.8133333333333334 0.5266666666666666 0.075 0.13777777777777778
0 0.9175 0.5411111111111111 0.03333333333333333 0.12444444444444444
0 0.8791666666666667 0.5433333333333333 0.05 0.12444444444444444
0 0.7933333333333333 0.06222222222222222 0.025 0.07555555555555556
0 0.35083333333333333 0.6522222222222223 0.07666666666666666 0.14
0 0.20166666666666666 0.6544444444444445 0.07 0.13555555555555557
0 0.018333333333333333 0.6555555555555556 0.03333333333333333 0.15333333333333332
0 0.12416666666666666 0.6555555555555556 0.06333333333333334 0.14222222222222222
0 0.4216666666666667 0.6566666666666666 0.06 0.12666666666666668
0 0.26916666666666667 0.6655555555555556 0.058333333333333334 0.13333333333333333
0 0.8658333333333333 0.06777777777777778 0.018333333333333333 0.06444444444444444
0 0.8183333333333334 0.6722222222222223 0.07833333333333334 0.14
0 0.9216666666666666 0.6755555555555556 0.028333333333333332 0.14
0 0.8816666666666667 0.6766666666666666 0.05 0.13111111111111112
0 0.1425 0.07111111111111111 0.06666666666666667 0.12666666666666668
0 0.8183333333333334 0.07666666666666666 0.021666666666666667 0.06666666666666667
0 0.82 0.82 0.07666666666666666 0.14222222222222222
0 0.8858333333333334 0.08555555555555555 0.018333333333333333 0.06222222222222222
0 0.4275 0.8833333333333333 0.06666666666666667 0.16666666666666666
0 0.36583333333333334 0.9 0.065 0.16666666666666666
0 0.2975 0.92 0.075 0.14666666666666667
0 0.21416666666666667 0.9244444444444444 0.095 0.14666666666666667
0 0.9058333333333334 0.10111111111111111 0.018333333333333333 0.05555555555555555
0 0.225 0.1111111111111111 0.08 0.13777777777777778
0 0.8416666666666667 0.11222222222222222 0.023333333333333334 0.057777777777777775
0 0.8658333333333333 0.13 0.018333333333333333 0.06666666666666667
0 0.8825 0.1511111111111111 0.021666666666666667 0.06888888888888889
0 0.5158333333333334 0.16111111111111112 0.035 0.1
0 0.9075 0.16111111111111112 0.018333333333333333 0.057777777777777775