0 0.6275 0.023333333333333334 0.041666666666666664 0.04666666666666667
0 0.36 0.24333333333333335 0.075 0.14888888888888888
0 0.45666666666666667 0.27555555555555555 0.06333333333333334 0.12
0 0.295 0.30666666666666664 0.05333333333333334 0.21555555555555556
0 0.19916666666666666 0.3377777777777778 0.041666666666666664 0.1711111111111111
0 0.5166666666666667 0.3466666666666667 0.058333333333333334 0.16
0 0.15583333333333332 0.35555555555555557 0.045 0.1688888888888889
0 0.58 0.3688888888888889 0.06333333333333334 0.14888888888888888
0 0.12166666666666667 0.37777777777777777 0.021666666666666667 0.14888888888888888
0 0.3641666666666667 0.39 0.07 0.14222222222222222
0 0.6741666666666667 0.3933333333333333 0.07 0.13777777777777778
0 0.45916666666666667 0.3977777777777778 0.06333333333333334 0.13111111111111112
0 0.6783333333333333 0.04 0.051666666666666666 0.08
0 0.7316666666666667 0.4 0.045 0.13111111111111112
0 0.775 0.4088888888888889 0.04 0.11777777777777777
0 0.8158333333333333 0.4166666666666667 0.041666666666666664 0.11555555555555555
0 0.8566666666666667 0.4222222222222222 0.03833333333333333 0.10888888888888888
0 0.9058333333333334 0.4255555555555556 0.03 0.08888888888888889
0 0.7233333333333334 0.04888888888888889 0.041666666666666664 0.09777777777777778
0 0.3 0.5111111111111111 0.056666666666666664 0.18888888888888888
0 0.5225 0.5111111111111111 0.058333333333333334 0.1622222222222222
0 0.19666666666666666 0.5155555555555555 0.04833333333333333 0.18222222222222223
0 0.5825 0.52 0.058333333333333334 0.14444444444444443
0 0.15166666666666667 0.5233333333333333 0.041666666666666664 0.17333333333333334
0 0.63 0.5244444444444445 0.03 0.13777777777777778
0 0.6775 0.53 0.07166666666666667 0.13333333333333333
0 0.7375 0.53 0.04666666666666667 0.12666666666666668
0 0.78 0.53 0.04666666666666667 0.12222222222222222
0 0.11916666666666667 0.5311111111111111 0.023333333333333334 0.15777777777777777
0 0.455 0.5322222222222223 0.06666666666666667 0.13111111111111112
0 0.8241666666666667 0.5322222222222223 0.03833333333333333 0.11555555555555555
0 0.36833333333333335 0.5355555555555556 0.07 0.14222222222222222
0 0.8633333333333333 0.5355555555555556 0.043333333333333335 0.11555555555555555
0 0.9016666666666666 0.5377777777777778 0.035 0.12
0 0.7616666666666667 0.06222222222222222 0.03833333333333333 0.12
0 0.8025 0.0811111111111111 0.041666666666666664 0.11777777777777777
0 0.5175 0.08222222222222222 0.07833333333333334 0.15777777777777777
0 0.5825 0.08888888888888889 0.056666666666666664 0.1511111111111111
0 0.6358333333333334 0.11555555555555555 0.05 0.14666666666666667
0 0.6808333333333333 0.14333333333333334 0.043333333333333335 0.13555555555555557
0 0.7183333333333334 0.15666666666666668 0.043333333333333335 0.13111111111111112
0 0.76 0.18666666666666668 0.03833333333333333 0.12222222222222222
0 0.8075 0.19666666666666666 0.03833333333333333 0.12222222222222222