0 0.2 0.5266666666666666 0.08166666666666667 0.13777777777777778
0 0.49916666666666665 0.53 0.07 0.13777777777777778
0 0.115 0.5311111111111111 0.08 0.14222222222222222
0 0.7866666666666666 0.5311111111111111 0.07333333333333333 0.1288888888888889
0 0.5741666666666667 0.5322222222222223 0.07 0.1288888888888889
0 0.6433333333333333 0.5322222222222223 0.06666666666666667 0.1288888888888889
0 0.8516666666666667 0.5333333333333333 0.06666666666666667 0.13555555555555557
0 0.7141666666666666 0.5344444444444445 0.07166666666666667 0.12444444444444444
0 0.2758333333333333 0.5355555555555556 0.07333333333333333 0.14222222222222222
0 0.42833333333333334 0.5444444444444444 0.06833333333333333 0.12222222222222222
0 0.35333333333333333 0.5511111111111111 0.075 0.12
0 0.7925 0.6533333333333333 0.07 0.11555555555555555
0 0.86 0.6555555555555556 0.06833333333333333 0.11555555555555555
0 0.5783333333333334 0.6566666666666666 0.065 0.10888888888888888
0 0.6508333333333334 0.6588888888888889 0.07333333333333333 0.11555555555555555
0 0.7225 0.6588888888888889 0.065 0.11777777777777777
0 0.5083333333333333 0.66 0.07 0.11333333333333333
0 0.19666666666666666 0.6611111111111111 0.075 0.12222222222222222
0 0.4325 0.6633333333333333 0.08 0.11777777777777777
0 0.115 0.6666666666666666 0.08 0.12222222222222222
0 0.28 0.6666666666666666 0.075 0.11333333333333333
0 0.35583333333333333 0.6677777777777778 0.07833333333333334 0.11555555555555555