0 0.7641666666666667 0.3655555555555556 0.05 0.14222222222222222
0 0.49416666666666664 0.37333333333333335 0.08833333333333333 0.1622222222222222
0 0.6708333333333333 0.38333333333333336 0.07333333333333333 0.14222222222222222
0 0.4008333333333333 0.3877777777777778 0.09 0.1711111111111111
0 0.5783333333333334 0.39222222222222225 0.08166666666666667 0.13333333333333333
0 0.30666666666666664 0.3933333333333333 0.08166666666666667 0.1711111111111111
0 0.20916666666666667 0.4022222222222222 0.075 0.15777777777777777
0 0.03916666666666667 0.43222222222222223 0.06833333333333333 0.13111111111111112
0 0.7575 0.58 0.07333333333333333 0.19777777777777777
0 0.6633333333333333 0.5844444444444444 0.09166666666666666 0.18444444444444444
0 0.5641666666666667 0.5922222222222222 0.09833333333333333 0.18888888888888888
0 0.37583333333333335 0.5977777777777777 0.08333333333333333 0.18
0 0.4666666666666667 0.5977777777777777 0.07833333333333334 0.18444444444444444
0 0.1275 0.61 0.045 0.17555555555555555
0 0.19583333333333333 0.6133333333333333 0.07333333333333333 0.14666666666666667
0 0.29 0.6133333333333333 0.08333333333333333 0.1622222222222222
0 0.02666666666666667 0.6166666666666667 0.05333333333333334 0.18888888888888888
0 0.04583333333333333 0.8033333333333333 0.02666666666666667 0.17777777777777778
0 0.17416666666666666 0.8111111111111111 0.075 0.12666666666666668
0 0.5125 0.8244444444444444 0.06166666666666667 0.12222222222222222
0 0.6816666666666666 0.8277777777777777 0.06666666666666667 0.1288888888888889
0 0.77 0.8277777777777777 0.05 0.13333333333333333
0 0.595 0.83 0.07166666666666667 0.12666666666666668
0 0.25833333333333336 0.8311111111111111 0.06166666666666667 0.09555555555555556
0 0.35 0.8311111111111111 0.05333333333333334 0.1
0 0.41583333333333333 0.8322222222222222 0.07 0.1111111111111111