0 0.2025 0.2388888888888889 0.155 0.33111111111111113
0 0.35083333333333333 0.25222222222222224 0.12833333333333333 0.3088888888888889
0 0.4691666666666667 0.2588888888888889 0.11 0.30444444444444446
0 0.5858333333333333 0.27 0.085 0.28444444444444444
0 0.6758333333333333 0.27555555555555555 0.095 0.2644444444444444
0 0.8533333333333334 0.2833333333333333 0.11333333333333333 0.23333333333333334
0 0.9491666666666667 0.29 0.08666666666666667 0.22444444444444445
0 0.9541666666666667 0.5844444444444444 0.07666666666666666 0.2288888888888889
0 0.8741666666666666 0.5955555555555555 0.075 0.2311111111111111
0 0.8191666666666667 0.6255555555555555 0.058333333333333334 0.23333333333333334
0 0.7508333333333334 0.6333333333333333 0.08666666666666667 0.2111111111111111
0 0.5783333333333334 0.6433333333333333 0.10166666666666667 0.2688888888888889
0 0.6641666666666667 0.6433333333333333 0.07666666666666666 0.2577777777777778
0 0.45166666666666666 0.6644444444444444 0.14 0.27111111111111114
0 0.31583333333333335 0.6755555555555556 0.12333333333333334 0.3
0 0.19083333333333333 0.6877777777777778 0.12666666666666668 0.28
0 0.06916666666666667 0.7111111111111111 0.095 0.27111111111111114
0 0.8675 0.8155555555555556 0.07833333333333334 0.09777777777777778
0 0.795 0.8811111111111111 0.055 0.2
0 0.7233333333333334 0.9033333333333333 0.07333333333333333 0.18888888888888888
0 0.6558333333333334 0.9122222222222223 0.07166666666666667 0.1711111111111111
0 0.5833333333333334 0.9222222222222223 0.10333333333333333 0.1511111111111111
0 0.4608333333333333 0.9288888888888889 0.135 0.13777777777777778
0 0.335 0.9422222222222222 0.13 0.1111111111111111