0 0.8833333333333333 0.37388724035608306 0.058333333333333334 0.12166172106824925
0 0.8258333333333333 0.3768545994065282 0.05 0.11572700296735905
0 0.5791666666666667 0.40801186943620177 0.04 0.10682492581602374
0 0.7783333333333333 0.4094955489614243 0.055 0.10682492581602374
0 0.7283333333333334 0.413946587537092 0.035 0.06824925816023739
0 0.5383333333333333 0.42433234421364985 0.03833333333333333 0.09792284866468842
0 0.49666666666666665 0.4287833827893175 0.041666666666666664 0.10089020771513353
0 0.46 0.4317507418397626 0.03666666666666667 0.09198813056379822
0 0.3825 0.4332344213649852 0.03833333333333333 0.09198813056379822
0 0.7266666666666667 0.4821958456973294 0.03833333333333333 0.05637982195845697
0 0.8883333333333333 0.48813056379821956 0.055 0.11572700296735905
0 0.9641666666666666 0.49258160237388726 0.05333333333333334 0.10979228486646884
0 0.8308333333333333 0.49554896142433236 0.05333333333333334 0.12166172106824925
0 0.5791666666666667 0.5133531157270029 0.03833333333333333 0.10089020771513353
0 0.78 0.516320474777448 0.05333333333333334 0.10979228486646884
0 0.5375 0.526706231454006 0.043333333333333335 0.10089020771513353
0 0.455 0.5281899109792285 0.03833333333333333 0.09495548961424333
0 0.4166666666666667 0.5296735905044511 0.03333333333333333 0.10089020771513353
0 0.49666666666666665 0.5311572700296736 0.041666666666666664 0.09792284866468842
0 0.37833333333333335 0.5341246290801187 0.03666666666666667 0.09792284866468842
0 0.73 0.5415430267062314 0.043333333333333335 0.05341246290801187
0 0.9691666666666666 0.6083086053412463 0.056666666666666664 0.13353115727002968
0 0.8891666666666667 0.612759643916914 0.04833333333333333 0.12462908011869436
0 0.835 0.6186943620178041 0.056666666666666664 0.11869436201780416
0 0.7791666666666667 0.6201780415430267 0.04833333333333333 0.10682492581602374
0 0.73 0.6261127596439169 0.051666666666666666 0.11275964391691394
0 0.4141666666666667 0.6305637982195845 0.041666666666666664 0.09495548961424333
0 0.5808333333333333 0.6305637982195845 0.041666666666666664 0.11869436201780416
0 0.6808333333333333 0.6305637982195845 0.04666666666666667 0.10979228486646884
0 0.45666666666666667 0.6320474777448071 0.035 0.09792284866468842
0 0.49333333333333335 0.6320474777448071 0.043333333333333335 0.10089020771513353
0 0.3333333333333333 0.6335311572700296 0.03666666666666667 0.09792284866468842
0 0.37416666666666665 0.6364985163204748 0.03666666666666667 0.09198813056379822
0 0.5375 0.6364985163204748 0.041666666666666664 0.10682492581602374
0 0.4266666666666667 0.8545994065281899 0.03333333333333333 0.11275964391691394
0 0.38666666666666666 0.8560830860534124 0.04 0.10089020771513353
0 0.46166666666666667 0.857566765578635 0.035 0.10979228486646884
0 0.5833333333333334 0.8620178041543026 0.03666666666666667 0.10385756676557864
0 0.7541666666666667 0.887240356083086 0.055 0.12462908011869436
0 0.805 0.8931750741839762 0.051666666666666666 0.12462908011869436
0 0.855 0.9094955489614244 0.05 0.10385756676557864
0 0.7058333333333333 0.9109792284866469 0.04833333333333333 0.10682492581602374
0 0.3458333333333333 0.9465875370919882 0.035 0.10089020771513353
0 0.4216666666666667 0.9510385756676558 0.035 0.0830860534124629
0 0.45666666666666667 0.9525222551928784 0.03666666666666667 0.09198813056379822
0 0.38416666666666666 0.9554896142433235 0.03833333333333333 0.08605341246290801
0 0.5833333333333334 0.9584569732937686 0.03333333333333333 0.0771513353115727
0 0.7591666666666667 0.973293768545994 0.045 0.04747774480712166
0 0.8083333333333333 0.9762611275964391 0.05333333333333334 0.04154302670623145