0 0.9223 0.224 0.023783333333333302 0.05631111111111112
0 0.8968666666666667 0.22464444444444445 0.0324333333333334 0.06015555555555554
0 0.9506166666666667 0.22526666666666667 0.03241666666666674 0.058888888888888886
0 0.5875 0.22555555555555556 0.03833333333333333 0.06888888888888889
0 0.6225 0.2288888888888889 0.03166666666666667 0.06888888888888889
0 0.9779666666666667 0.23040000000000002 0.02376666666666665 0.05631111111111112
0 0.6558333333333334 0.23333333333333334 0.03166666666666667 0.06666666666666667
0 0.6908333333333333 0.2388888888888889 0.028333333333333332 0.06444444444444444
0 0.31583333333333335 0.25555555555555554 0.041666666666666664 0.07777777777777778
0 0.3591666666666667 0.2588888888888889 0.043333333333333335 0.08222222222222222
0 0.4025 0.2688888888888889 0.03666666666666667 0.07333333333333333
0 0.44 0.27444444444444444 0.035 0.06888888888888889
0 0.9520500000000001 0.27646666666666664 0.02568333333333347 0.051200000000000016
0 0.9280666666666667 0.2784 0.021866666666666486 0.0499111111111111
0 0.9755666666666667 0.27904444444444443 0.026633333333333363 0.048644444444444414
0 0.89975 0.28095555555555557 0.028583333333333485 0.0524888888888889
0 0.4775 0.2822222222222222 0.03833333333333333 0.06666666666666667
0 0.5141666666666667 0.2833333333333333 0.035 0.06444444444444444
0 0.5516666666666666 0.2877777777777778 0.03333333333333333 0.07333333333333333
0 0.5866666666666667 0.2922222222222222 0.03333333333333333 0.06444444444444444
0 0.6583333333333333 0.29888888888888887 0.03333333333333333 0.06444444444444444
0 0.6233333333333333 0.3 0.035 0.06444444444444444
0 0.69 0.30444444444444446 0.03 0.057777777777777775
0 0.9794166666666666 0.33086666666666664 0.026633333333333363 0.06015555555555554
0 0.9040666666666668 0.3347111111111111 0.02955000000000003 0.049911111111111066
0 0.9559 0.3347111111111111 0.02759999999999991 0.0550444444444444
0 0.9304666666666667 0.3353555555555556 0.024733333333333198 0.051200000000000044
0 0.4083333333333333 0.43 0.03666666666666667 0.07777777777777778
0 0.36666666666666664 0.43222222222222223 0.03833333333333333 0.07333333333333333
0 0.4475 0.43444444444444447 0.035 0.07777777777777778
0 0.5225 0.43666666666666665 0.04 0.06888888888888889
0 0.9484833333333333 0.43706666666666666 0.023216666666666774 0.04624444444444445
0 0.92465 0.4382222222222222 0.032750000000000154 0.050866666666666636
0 0.4875 0.4411111111111111 0.03666666666666667 0.06888888888888889
0 0.5625 0.44555555555555554 0.03666666666666667 0.07777777777777778
0 0.6958333333333333 0.44555555555555554 0.03333333333333333 0.06888888888888889
0 0.7275 0.44666666666666666 0.03 0.06222222222222222
0 0.5983333333333334 0.45 0.028333333333333332 0.057777777777777775
0 0.6316666666666667 0.45555555555555555 0.035 0.06444444444444444
0 0.7633333333333333 0.45555555555555555 0.03 0.06666666666666667
0 0.7916666666666666 0.4577777777777778 0.02666666666666667 0.06222222222222222
0 0.8225 0.4577777777777778 0.03166666666666667 0.06444444444444444
0 0.6641666666666667 0.4588888888888889 0.03166666666666667 0.06666666666666667
0 0.525 0.5088888888888888 0.03833333333333333 0.07555555555555556
0 0.36916666666666664 0.5111111111111111 0.03833333333333333 0.07555555555555556
0 0.4058333333333333 0.5111111111111111 0.043333333333333335 0.07777777777777778
0 0.445 0.5122222222222222 0.043333333333333335 0.07555555555555556
0 0.48583333333333334 0.5155555555555555 0.035 0.07333333333333333
0 0.7316666666666667 0.5166666666666667 0.03 0.07333333333333333
0 0.5633333333333334 0.5177777777777778 0.035 0.06222222222222222
0 0.7 0.5188888888888888 0.03 0.07333333333333333
0 0.6675 0.5211111111111111 0.035 0.05555555555555555
0 0.6 0.5222222222222223 0.035 0.07555555555555556
0 0.6325 0.5233333333333333 0.03166666666666667 0.06222222222222222
0 0.7633333333333333 0.5233333333333333 0.028333333333333332 0.06444444444444444
0 0.7908333333333334 0.5233333333333333 0.025 0.06444444444444444
0 0.8208333333333333 0.5255555555555556 0.03 0.06222222222222222
0 0.5966666666666667 0.6033333333333334 0.02666666666666667 0.051111111111111114
0 0.63 0.6044444444444445 0.03 0.05555555555555555
0 0.6666666666666666 0.65 0.03666666666666667 0.07111111111111111
0 0.7025 0.65 0.025 0.07111111111111111
0 0.5291666666666667 0.6522222222222223 0.04 0.07333333333333333
0 0.49083333333333334 0.6566666666666666 0.03333333333333333 0.08222222222222222
0 0.45 0.66 0.043333333333333335 0.08666666666666667
0 0.6 0.66 0.03 0.06222222222222222
0 0.63 0.6611111111111111 0.03333333333333333 0.057777777777777775
0 0.4083333333333333 0.6622222222222223 0.03833333333333333 0.08222222222222222
0 0.36833333333333335 0.6655555555555556 0.04 0.08666666666666667
0 0.32916666666666666 0.6688888888888889 0.02666666666666667 0.08888888888888889
0 0.67 0.7255555555555555 0.03666666666666667 0.08
0 0.635 0.7266666666666667 0.03833333333333333 0.08
0 0.5241666666666667 0.7311111111111112 0.03666666666666667 0.07555555555555556
0 0.5983333333333334 0.7311111111111112 0.03666666666666667 0.07777777777777778
0 0.48833333333333334 0.7366666666666667 0.035 0.08
0 0.4483333333333333 0.7433333333333333 0.04 0.07555555555555556
0 0.4058333333333333 0.7444444444444445 0.043333333333333335 0.07777777777777778
0 0.3675 0.7466666666666667 0.03333333333333333 0.07555555555555556
0 0.33416666666666667 0.7511111111111111 0.021666666666666667 0.07333333333333333
0 0.6341666666666667 0.8033333333333333 0.035 0.06888888888888889
0 0.6 0.8077777777777778 0.035 0.07333333333333333
0 0.5308333333333334 0.8144444444444444 0.043333333333333335 0.08
0 0.5677 0.816711111111111 0.030966666666666736 0.06940000000000004
0 0.4875 0.8177777777777778 0.04 0.08
0 0.365 0.8266666666666667 0.04 0.08888888888888889
0 0.405 0.8266666666666667 0.041666666666666664 0.08222222222222222
0 0.44666666666666666 0.8266666666666667 0.041666666666666664 0.07777777777777778
0 0.33 0.8311111111111111 0.023333333333333334 0.08
0 0.6358333333333334 0.8966666666666666 0.04 0.07333333333333333
0 0.6016666666666667 0.9044444444444445 0.035 0.07777777777777778
0 0.5625 0.9088888888888889 0.04 0.08222222222222222
0 0.5216666666666666 0.9211111111111111 0.043333333333333335 0.07333333333333333
0 0.74 0.9522222222222222 0.03666666666666667 0.08222222222222222
0 0.7666666666666667 0.9544444444444444 0.015 0.07555555555555556
0 0.7083333333333334 0.96 0.03333333333333333 0.07555555555555556
0 0.6733333333333333 0.9655555555555555 0.03666666666666667 0.06444444444444444
0 0.6008333333333333 0.97 0.04 0.05555555555555555
0 0.635 0.97 0.03666666666666667 0.05555555555555555
0 0.5641666666666667 0.9777777777777777 0.041666666666666664 0.04
0 0.31666666666666665 0.10222222222222223 0.03833333333333333 0.08222222222222222
0 0.5141666666666667 0.14222222222222222 0.03666666666666667 0.06444444444444444
0 0.6225 0.1622222222222222 0.03833333333333333 0.06222222222222222
0 0.6575 0.16666666666666666 0.02666666666666667 0.06444444444444444
0 0.3175 0.18333333333333332 0.03833333333333333 0.06666666666666667
0 0.35833333333333334 0.18555555555555556 0.041666666666666664 0.06666666666666667
0 0.3958333333333333 0.19333333333333333 0.03666666666666667 0.07777777777777778
0 0.4375 0.20666666666666667 0.03666666666666667 0.06888888888888889
0 0.4775 0.2111111111111111 0.041666666666666664 0.07555555555555556
0 0.5141666666666667 0.21444444444444444 0.03666666666666667 0.06888888888888889
0 0.5516666666666666 0.22 0.03333333333333333 0.06888888888888889