0 0.7383333333333333 0.2288888888888889 0.085 0.1622222222222222
0 0.605 0.24333333333333335 0.08166666666666667 0.13777777777777778
0 0.8925 0.2477777777777778 0.08166666666666667 0.14222222222222222
0 0.5266666666666666 0.25555555555555554 0.085 0.1288888888888889
0 0.45916666666666667 0.25555555555555554 0.06 0.13333333333333333
0 0.028333333333333332 0.2577777777777778 0.03166666666666667 0.06222222222222222
0 0.0575 0.26 0.04666666666666667 0.06444444444444444
0 0.37 0.26555555555555554 0.07833333333333334 0.10666666666666667
0 0.2375 0.2688888888888889 0.041666666666666664 0.1
0 0.17166666666666666 0.2733333333333333 0.056666666666666664 0.08888888888888889
0 0.20916666666666667 0.2733333333333333 0.045 0.09333333333333334
0 0.13083333333333333 0.27444444444444444 0.043333333333333335 0.09333333333333334
0 0.2833333333333333 0.27444444444444444 0.06333333333333334 0.10222222222222223
0 0.6708333333333333 0.28555555555555556 0.06 0.11777777777777777
0 0.7758333333333334 0.03111111111111111 0.09166666666666666 0.06222222222222222
0 0.1075 0.2922222222222222 0.03333333333333333 0.06
0 0.81 0.2966666666666667 0.06666666666666667 0.10888888888888888
0 0.018333333333333333 0.31 0.03666666666666667 0.057777777777777775
0 0.31916666666666665 0.03111111111111111 0.03833333333333333 0.06222222222222222
0 0.13 0.03333333333333333 0.05 0.06666666666666667
0 0.041666666666666664 0.3111111111111111 0.03 0.051111111111111114
0 0.08666666666666667 0.31555555555555553 0.03333333333333333 0.06222222222222222
0 0.2866666666666667 0.035555555555555556 0.035 0.07111111111111111
0 0.6891666666666667 0.03666666666666667 0.08 0.07333333333333333
0 0.14916666666666667 0.35777777777777775 0.03666666666666667 0.08
0 0.18666666666666668 0.3611111111111111 0.05333333333333334 0.08444444444444445
0 0.1175 0.36333333333333334 0.03833333333333333 0.07777777777777778
0 0.2275 0.36777777777777776 0.03666666666666667 0.09333333333333334
0 0.02666666666666667 0.36777777777777776 0.03333333333333333 0.05555555555555555
0 0.05583333333333333 0.37 0.03 0.057777777777777775
0 0.09833333333333333 0.37 0.03 0.057777777777777775
0 0.4325 0.37333333333333335 0.058333333333333334 0.11777777777777777
0 0.2575 0.37333333333333335 0.04 0.10444444444444445
0 0.3375 0.37333333333333335 0.055 0.1
0 0.29 0.37555555555555553 0.058333333333333334 0.10222222222222223
0 0.745 0.37666666666666665 0.08166666666666667 0.13555555555555557
0 0.385 0.37777777777777777 0.055 0.10444444444444445
0 0.48083333333333333 0.38 0.055 0.11333333333333333
0 0.5316666666666666 0.3811111111111111 0.07 0.12222222222222222
0 0.6183333333333333 0.38222222222222224 0.07833333333333334 0.14
0 0.9691666666666666 0.38555555555555554 0.058333333333333334 0.20222222222222222
0 0.8958333333333334 0.39 0.08666666666666667 0.15555555555555556
0 0.25416666666666665 0.04111111111111111 0.041666666666666664 0.08222222222222222
0 0.6766666666666666 0.4 0.06333333333333334 0.10444444444444445
0 0.815 0.4033333333333333 0.06333333333333334 0.10888888888888888
0 0.22083333333333333 0.042222222222222223 0.035 0.08444444444444445
0 0.18833333333333332 0.043333333333333335 0.055 0.08666666666666667
0 0.6033333333333334 0.04555555555555556 0.07333333333333333 0.09111111111111111
0 0.018333333333333333 0.4444444444444444 0.03 0.05555555555555555
0 0.04 0.4533333333333333 0.03 0.06888888888888889
0 0.07166666666666667 0.45666666666666667 0.03666666666666667 0.05555555555555555
0 0.10333333333333333 0.47888888888888886 0.028333333333333332 0.06222222222222222
0 0.1925 0.49 0.03833333333333333 0.06
0 0.13333333333333333 0.49 0.035 0.057777777777777775
0 0.16416666666666666 0.49444444444444446 0.025 0.057777777777777775
0 0.27666666666666667 0.5022222222222222 0.045 0.09777777777777778
0 0.31583333333333335 0.5055555555555555 0.04833333333333333 0.09555555555555556
0 0.013333333333333334 0.5088888888888888 0.02 0.07111111111111111
0 0.06416666666666666 0.051111111111111114 0.07333333333333333 0.09555555555555556
0 0.54 0.052222222222222225 0.058333333333333334 0.10444444444444445
0 0.36333333333333334 0.5122222222222222 0.06 0.1
0 0.035 0.5155555555555555 0.03 0.06888888888888889
0 0.08166666666666667 0.5233333333333333 0.03 0.06444444444444444
0 0.059166666666666666 0.5255555555555556 0.03 0.06
0 0.44666666666666666 0.5388888888888889 0.04833333333333333 0.10444444444444445
0 0.1025 0.5388888888888889 0.011666666666666667 0.057777777777777775
0 0.1225 0.5455555555555556 0.028333333333333332 0.05555555555555555
0 0.4925 0.5466666666666666 0.04833333333333333 0.1111111111111111
0 0.5483333333333333 0.5533333333333333 0.058333333333333334 0.12222222222222222
0 0.1775 0.5544444444444444 0.03 0.06222222222222222
0 0.20666666666666667 0.5555555555555556 0.03666666666666667 0.06444444444444444
0 0.1525 0.5555555555555556 0.03 0.057777777777777775
0 0.6116666666666667 0.5644444444444444 0.07166666666666667 0.10888888888888888
0 0.495 0.06 0.055 0.10666666666666667
0 0.7941666666666667 0.5922222222222222 0.08333333333333333 0.15777777777777777
0 0.2941666666666667 0.5955555555555555 0.043333333333333335 0.08
0 0.3325 0.5966666666666667 0.04 0.08666666666666667
0 0.023333333333333334 0.06111111111111111 0.04666666666666667 0.09777777777777778
0 0.88 0.6022222222222222 0.085 0.15555555555555556
0 0.37666666666666665 0.6055555555555555 0.051666666666666666 0.09111111111111111
0 0.9641666666666666 0.6233333333333333 0.06833333333333333 0.1711111111111111
0 0.4608333333333333 0.6377777777777778 0.045 0.09555555555555556
0 0.5058333333333334 0.6511111111111111 0.05 0.10222222222222223
0 0.5583333333333333 0.6666666666666666 0.051666666666666666 0.10222222222222223
0 0.6166666666666667 0.68 0.06666666666666667 0.10666666666666667
0 0.6825 0.6866666666666666 0.07 0.12222222222222222
0 0.8008333333333333 0.7233333333333334 0.07333333333333333 0.1111111111111111
0 0.8808333333333334 0.7455555555555555 0.08166666666666667 0.14666666666666667
0 0.4475 0.07555555555555556 0.056666666666666664 0.09777777777777778
0 0.9616666666666667 0.7744444444444445 0.07333333333333333 0.15777777777777777
0 0.39916666666666667 0.08444444444444445 0.056666666666666664 0.1
0 0.36083333333333334 0.09 0.04 0.08444444444444445
0 0.32916666666666666 0.09888888888888889 0.043333333333333335 0.08222222222222222
0 0.2925 0.10777777777777778 0.04666666666666667 0.08888888888888889
0 0.26666666666666666 0.11 0.03833333333333333 0.08666666666666667
0 0.23916666666666667 0.11888888888888889 0.03666666666666667 0.08444444444444445
0 0.16083333333333333 0.12555555555555556 0.065 0.11777777777777777
0 0.12666666666666668 0.12777777777777777 0.05 0.10222222222222223
0 0.20416666666666666 0.12777777777777777 0.04666666666666667 0.08888888888888889
0 0.09833333333333333 0.13777777777777778 0.045 0.1
0 0.06916666666666667 0.14888888888888888 0.041666666666666664 0.09555555555555556
0 0.03666666666666667 0.15 0.045 0.09111111111111111
0 0.8941666666666667 0.15666666666666668 0.08 0.04666666666666667
0 0.8133333333333334 0.18777777777777777 0.07333333333333333 0.10888888888888888