0 0.15166666666666667 0.3977777777777778 0.075 0.14444444444444443
0 0.14916666666666667 0.55 0.085 0.15777777777777777
0 0.235 0.5477777777777778 0.07666666666666666 0.14222222222222222
0 0.235 0.4 0.06666666666666667 0.14666666666666667
0 0.2325 0.24222222222222223 0.07333333333333333 0.16666666666666666
0 0.31416666666666665 0.22444444444444445 0.08333333333333333 0.15333333333333332
0 0.31166666666666665 0.38 0.08333333333333333 0.15777777777777777
0 0.3125 0.5355555555555556 0.08333333333333333 0.15333333333333332
0 0.3858333333333333 0.5288888888888889 0.056666666666666664 0.14666666666666667
0 0.43166666666666664 0.5311111111111111 0.035 0.14222222222222222
0 0.3825 0.3888888888888889 0.055 0.12666666666666668
0 0.42833333333333334 0.39666666666666667 0.035 0.12222222222222222
0 0.37833333333333335 0.2511111111111111 0.04666666666666667 0.14
0 0.4241666666666667 0.26555555555555554 0.04 0.12666666666666668
0 0.45916666666666667 0.28888888888888886 0.03 0.13111111111111112
0 0.4891666666666667 0.3055555555555556 0.03 0.10666666666666667
0 0.4625 0.4166666666666667 0.03666666666666667 0.11555555555555555
0 0.4925 0.42333333333333334 0.028333333333333332 0.12
0 0.5133333333333333 0.43222222222222223 0.013333333333333334 0.10222222222222223
0 0.47 0.5344444444444445 0.03833333333333333 0.12222222222222222
0 0.5008333333333334 0.5388888888888889 0.021666666666666667 0.1111111111111111
0 0.5191666666666667 0.54 0.016666666666666666 0.10666666666666667
0 0.5425 0.43222222222222223 0.03833333333333333 0.09555555555555556
0 0.5725 0.43555555555555553 0.023333333333333334 0.09111111111111111
0 0.5908333333333333 0.44333333333333336 0.016666666666666666 0.08222222222222222
0 0.5475 0.5333333333333333 0.04 0.10888888888888888
0 0.5766666666666667 0.5344444444444445 0.021666666666666667 0.10444444444444445
0 0.5958333333333333 0.5377777777777778 0.02 0.09555555555555556