0 0.2525 0.023333333333333334 0.05333333333333334 0.04666666666666667
0 0.7203166666666667 0.2904222222222222 0.027466666666666698 0.04984444444444446
0 0.3333333333333333 0.03222222222222222 0.06166666666666667 0.06444444444444444
0 0.06833333333333333 0.32555555555555554 0.08166666666666667 0.14
0 0.6766666666666666 0.34444444444444444 0.02666666666666667 0.07333333333333333
0 0.6983333333333334 0.34444444444444444 0.016666666666666666 0.06888888888888889
0 0.605 0.35 0.016666666666666666 0.08444444444444445
0 0.6425 0.3522222222222222 0.02 0.07333333333333333
0 0.6216666666666667 0.35555555555555557 0.016666666666666666 0.08
0 0.58 0.36333333333333334 0.02 0.06888888888888889
0 0.5316666666666666 0.37 0.02666666666666667 0.08222222222222222
0 0.5566666666666666 0.37 0.03 0.07555555555555556
0 0.475 0.37777777777777777 0.035 0.08444444444444445
0 0.505 0.37777777777777777 0.02666666666666667 0.08666666666666667
0 0.44583333333333336 0.3811111111111111 0.03 0.08888888888888889
0 0.4175 0.3888888888888889 0.03333333333333333 0.10222222222222223
0 0.37916666666666665 0.39111111111111113 0.04833333333333333 0.1
0 0.33666666666666667 0.3988888888888889 0.043333333333333335 0.09777777777777778
0 0.6808333333333333 0.4088888888888889 0.015 0.06666666666666667
0 0.6633333333333333 0.41333333333333333 0.016666666666666666 0.06444444444444444
0 0.6966666666666667 0.41333333333333333 0.011666666666666667 0.06222222222222222
0 0.3025 0.42 0.043333333333333335 0.10888888888888888
0 0.4216666666666667 0.042222222222222223 0.056666666666666664 0.08444444444444445
0 0.6508333333333334 0.4222222222222222 0.016666666666666666 0.06222222222222222
0 0.25416666666666665 0.4255555555555556 0.05333333333333334 0.1111111111111111
0 0.635 0.4255555555555556 0.02 0.06444444444444444
0 0.6175 0.4311111111111111 0.016666666666666666 0.06888888888888889
0 0.6008333333333333 0.43222222222222223 0.016666666666666666 0.07333333333333333
0 0.2025 0.44 0.06166666666666667 0.12
0 0.5766666666666667 0.4411111111111111 0.016666666666666666 0.07111111111111111
0 0.555 0.44555555555555554 0.021666666666666667 0.08
0 0.13833333333333334 0.4488888888888889 0.06666666666666667 0.13111111111111112
0 0.5275 0.45222222222222225 0.03 0.08
0 0.06833333333333333 0.45555555555555555 0.08166666666666667 0.12666666666666668
0 0.5041666666666667 0.46111111111111114 0.021666666666666667 0.08222222222222222
0 0.475 0.46444444444444444 0.035 0.09333333333333334
0 0.44666666666666666 0.4777777777777778 0.03333333333333333 0.09555555555555556
0 0.4166666666666667 0.4855555555555556 0.03333333333333333 0.08222222222222222
0 0.3825 0.4922222222222222 0.03833333333333333 0.09111111111111111
0 0.3408333333333333 0.5088888888888888 0.041666666666666664 0.1
0 0.29833333333333334 0.5233333333333333 0.04 0.09777777777777778
0 0.25 0.5355555555555556 0.055 0.1
0 0.20583333333333334 0.55 0.05333333333333334 0.10888888888888888
0 0.14416666666666667 0.5655555555555556 0.06166666666666667 0.10888888888888888
0 0.07083333333333333 0.5811111111111111 0.07666666666666666 0.12666666666666668
0 0.5091666666666667 0.06888888888888889 0.04666666666666667 0.1
0 0.060833333333333336 0.07333333333333333 0.08166666666666667 0.14666666666666667
0 0.135 0.07555555555555556 0.058333333333333334 0.14444444444444443
0 0.5483333333333333 0.07888888888888888 0.025 0.09111111111111111
0 0.5758333333333333 0.08444444444444445 0.021666666666666667 0.08222222222222222
0 0.5991666666666666 0.09444444444444444 0.023333333333333334 0.07777777777777778
0 0.19583333333333333 0.09555555555555556 0.06166666666666667 0.13111111111111112
0 0.25083333333333335 0.10666666666666667 0.056666666666666664 0.13111111111111112
0 0.82 0.1111111111111111 0.018333333333333333 0.05333333333333334
0 0.30666666666666664 0.11444444444444445 0.045 0.12222222222222222
0 0.6683333333333333 0.12222222222222222 0.041666666666666664 0.07111111111111111
0 0.6958333333333333 0.12444444444444444 0.018333333333333333 0.06888888888888889
0 0.3525 0.12555555555555556 0.041666666666666664 0.12
0 0.7225 0.1322222222222222 0.028333333333333332 0.06222222222222222
0 0.38916666666666666 0.13333333333333333 0.035 0.12
0 0.7408333333333333 0.14 0.011666666666666667 0.06222222222222222
0 0.7516666666666667 0.14 0.01 0.057777777777777775
0 0.425 0.14333333333333334 0.041666666666666664 0.11777777777777777
0 0.465 0.14777777777777779 0.03166666666666667 0.10222222222222223
0 0.49416666666666664 0.15777777777777777 0.03166666666666667 0.09555555555555556
0 0.52 0.1622222222222222 0.023333333333333334 0.09111111111111111
0 0.5475 0.17 0.02666666666666667 0.08666666666666667
0 0.5741666666666667 0.17333333333333334 0.023333333333333334 0.09111111111111111
0 0.595 0.17555555555555555 0.023333333333333334 0.08
0 0.63 0.17888888888888888 0.03333333333333333 0.08222222222222222
0 0.6533333333333333 0.1811111111111111 0.015 0.07111111111111111
0 0.6891666666666667 0.19 0.018333333333333333 0.06666666666666667
0 0.6708333333333333 0.1922222222222222 0.021666666666666667 0.06222222222222222
0 0.7091666666666666 0.19444444444444445 0.015 0.06
0 0.7233333333333334 0.19777777777777777 0.013333333333333334 0.051111111111111114