0 0.45666666666666667 0.022222222222222223 0.04666666666666667 0.044444444444444446
0 0.3491666666666667 0.2777777777777778 0.04 0.08444444444444445
0 0.4891666666666667 0.2811111111111111 0.03 0.07333333333333333
0 0.22416666666666665 0.2811111111111111 0.05333333333333334 0.10444444444444445
0 0.5166666666666667 0.2822222222222222 0.028333333333333332 0.07333333333333333
0 0.4583333333333333 0.28444444444444444 0.041666666666666664 0.07555555555555556
0 0.17833333333333334 0.28555555555555556 0.041666666666666664 0.10444444444444445
0 0.12833333333333333 0.2911111111111111 0.055 0.1111111111111111
0 0.515 0.03111111111111111 0.023333333333333334 0.06
0 0.49166666666666664 0.03222222222222222 0.028333333333333332 0.06444444444444444
0 0.5416666666666666 0.034444444444444444 0.03166666666666667 0.06444444444444444
0 0.46166666666666667 0.35555555555555557 0.043333333333333335 0.08222222222222222
0 0.35333333333333333 0.3622222222222222 0.035 0.08444444444444445
0 0.2783333333333333 0.37555555555555553 0.03833333333333333 0.09777777777777778
0 0.32083333333333336 0.37555555555555553 0.03833333333333333 0.09111111111111111
0 0.23333333333333334 0.3788888888888889 0.051666666666666666 0.1
0 0.185 0.3888888888888889 0.051666666666666666 0.1111111111111111
0 0.13333333333333333 0.39555555555555555 0.058333333333333334 0.10444444444444445
0 0.57 0.04 0.03 0.07333333333333333
0 0.3566666666666667 0.44333333333333336 0.03333333333333333 0.06888888888888889
0 0.3225 0.45111111111111113 0.041666666666666664 0.06444444444444444
0 0.285 0.4577777777777778 0.043333333333333335 0.07111111111111111
0 0.23666666666666666 0.47888888888888886 0.05333333333333334 0.10444444444444445
0 0.13833333333333334 0.4855555555555556 0.04833333333333333 0.06888888888888889
0 0.615 0.051111111111111114 0.03333333333333333 0.06222222222222222
0 0.18833333333333332 0.49444444444444446 0.05 0.10444444444444445
0 0.6491666666666667 0.06111111111111111 0.035 0.06666666666666667
0 0.675 0.06555555555555556 0.016666666666666666 0.06666666666666667
0 0.6916666666666667 0.07111111111111111 0.016666666666666666 0.06444444444444444
0 0.7058333333333333 0.07888888888888888 0.011666666666666667 0.06
0 0.6475 0.015555555555555555 0.03166666666666667 0.03111111111111111
0 0.6733333333333333 0.016666666666666666 0.023333333333333334 0.03333333333333333
0 0.11583333333333333 0.17555555555555555 0.06166666666666667 0.11333333333333333
0 0.16916666666666666 0.17777777777777778 0.04666666666666667 0.10666666666666667
0 0.22 0.18 0.05333333333333334 0.09333333333333334
0 0.3433333333333333 0.18666666666666668 0.04666666666666667 0.08666666666666667
0 0.6916666666666667 0.02 0.015 0.04
0 0.7058333333333333 0.022222222222222223 0.011666666666666667 0.044444444444444446
0 0.49 0.20333333333333334 0.03 0.07777777777777778
0 0.4583333333333333 0.20444444444444446 0.041666666666666664 0.08666666666666667
0 0.5166666666666667 0.21555555555555556 0.025 0.07111111111111111