0 0.5108333333333334 0.2222222222222222 0.021666666666666667 0.07555555555555556
0 0.3333333333333333 0.2311111111111111 0.03166666666666667 0.10444444444444445
0 0.5341666666666667 0.23777777777777778 0.02 0.08
0 0.3675 0.24666666666666667 0.03833333333333333 0.10444444444444445
0 0.5541666666666667 0.2477777777777778 0.018333333333333333 0.07111111111111111
0 0.405 0.26222222222222225 0.03333333333333333 0.08666666666666667
0 0.43583333333333335 0.2677777777777778 0.03 0.08888888888888889
0 0.5733333333333334 0.2688888888888889 0.013333333333333334 0.044444444444444446
0 0.46416666666666667 0.2833333333333333 0.028333333333333332 0.08222222222222222
0 0.4891666666666667 0.29444444444444445 0.023333333333333334 0.07555555555555556
0 0.5125 0.29888888888888887 0.023333333333333334 0.08444444444444445
0 0.5358333333333334 0.31666666666666665 0.018333333333333333 0.07111111111111111
0 0.555 0.3188888888888889 0.016666666666666666 0.06666666666666667
0 0.5725 0.32555555555555554 0.016666666666666666 0.06666666666666667
0 0.3308333333333333 0.03333333333333333 0.03333333333333333 0.06222222222222222
0 0.30333333333333334 0.37777777777777777 0.021666666666666667 0.11555555555555555
0 0.3325 0.39 0.03666666666666667 0.1111111111111111
0 0.37166666666666665 0.39222222222222225 0.041666666666666664 0.1
0 0.41083333333333333 0.3977777777777778 0.035 0.10666666666666667
0 0.44 0.40444444444444444 0.023333333333333334 0.10222222222222223
0 0.7641666666666667 0.4088888888888889 0.03 0.057777777777777775
0 0.9858333333333333 0.41 0.025 0.06444444444444444
0 0.7916666666666666 0.4111111111111111 0.028333333333333332 0.05555555555555555
0 0.8225 0.4111111111111111 0.03 0.05555555555555555
0 0.8508333333333333 0.4111111111111111 0.03 0.06
0 0.9591666666666666 0.4111111111111111 0.028333333333333332 0.06
0 0.4775 0.4122222222222222 0.03833333333333333 0.08666666666666667
0 0.5116666666666667 0.41333333333333333 0.023333333333333334 0.07555555555555556
0 0.8933333333333333 0.41333333333333333 0.03 0.04666666666666667
0 0.9241666666666667 0.41444444444444445 0.03666666666666667 0.057777777777777775
0 0.5358333333333334 0.41555555555555557 0.018333333333333333 0.07333333333333333
0 0.5566666666666666 0.4211111111111111 0.016666666666666666 0.07777777777777778
0 0.5766666666666667 0.4211111111111111 0.015 0.06444444444444444
0 0.6383333333333333 0.42777777777777776 0.02666666666666667 0.057777777777777775
0 0.6666666666666666 0.44 0.021666666666666667 0.06444444444444444
0 0.985 0.46444444444444444 0.02666666666666667 0.06222222222222222
0 0.7625 0.46555555555555556 0.035 0.06444444444444444
0 0.795 0.46555555555555556 0.02666666666666667 0.06444444444444444
0 0.895 0.46555555555555556 0.02666666666666667 0.051111111111111114
0 0.3675 0.04777777777777778 0.03333333333333333 0.08666666666666667
0 0.9583333333333334 0.4666666666666667 0.035 0.05555555555555555
0 0.8558333333333333 0.4677777777777778 0.03 0.05333333333333334
0 0.9275 0.4677777777777778 0.03166666666666667 0.05333333333333334
0 0.825 0.4688888888888889 0.028333333333333332 0.06666666666666667
0 0.6183333333333333 0.49 0.013333333333333334 0.06888888888888889
0 0.6058333333333333 0.4911111111111111 0.01 0.07111111111111111
0 0.5816666666666667 0.4922222222222222 0.02666666666666667 0.07555555555555556
0 0.6333333333333333 0.4922222222222222 0.016666666666666666 0.06444444444444444
0 0.5333333333333333 0.4955555555555556 0.021666666666666667 0.08666666666666667
0 0.5158333333333334 0.49666666666666665 0.02 0.08888888888888889
0 0.37583333333333335 0.49777777777777776 0.043333333333333335 0.10888888888888888
0 0.65 0.49777777777777776 0.016666666666666666 0.06444444444444444
0 0.5575 0.4988888888888889 0.025 0.07777777777777778
0 0.305 0.5 0.021666666666666667 0.11777777777777777
0 0.49583333333333335 0.5011111111111111 0.02 0.08444444444444445
0 0.335 0.5022222222222222 0.03666666666666667 0.10888888888888888
0 0.4116666666666667 0.5022222222222222 0.03333333333333333 0.1
0 0.4675 0.5022222222222222 0.025 0.08444444444444445
0 0.44083333333333335 0.5033333333333333 0.02666666666666667 0.09333333333333334
0 0.6741666666666667 0.5055555555555555 0.015 0.06
0 0.8475 0.53 0.03166666666666667 0.05333333333333334
0 0.8875 0.5333333333333333 0.035 0.06222222222222222
0 0.8141666666666667 0.5344444444444445 0.028333333333333332 0.05333333333333334
0 0.9241666666666667 0.5344444444444445 0.03166666666666667 0.05333333333333334
0 0.7825 0.5366666666666666 0.028333333333333332 0.05555555555555555
0 0.755 0.54 0.02666666666666667 0.05333333333333334
0 0.6341666666666667 0.5566666666666666 0.013333333333333334 0.06888888888888889
0 0.6225 0.56 0.015 0.06222222222222222
0 0.6083333333333333 0.5633333333333334 0.013333333333333334 0.06666666666666667
0 0.6658333333333334 0.5633333333333334 0.015 0.06666666666666667
0 0.6477166666666666 0.5644444444444444 0.015433333333333318 0.06222222222222222
0 0.5841666666666666 0.57 0.021666666666666667 0.07555555555555556
0 0.565 0.5777777777777777 0.021666666666666667 0.07555555555555556
0 0.5433333333333333 0.58 0.021666666666666667 0.08
0 0.5241666666666667 0.5844444444444444 0.02 0.07777777777777778
0 0.85 0.5877777777777777 0.035 0.05555555555555555
0 0.49666666666666665 0.5888888888888889 0.02666666666666667 0.08222222222222222
0 0.785 0.5888888888888889 0.023333333333333334 0.051111111111111114
0 0.8866666666666667 0.5888888888888889 0.041666666666666664 0.06222222222222222
0 0.9225 0.5888888888888889 0.03333333333333333 0.06444444444444444
0 0.81455 0.5906666666666667 0.03240000000000009 0.052733333333333375
0 0.7583333333333333 0.5911111111111111 0.028333333333333332 0.05333333333333334
0 0.4708333333333333 0.5944444444444444 0.03 0.08666666666666667
0 0.40166666666666667 0.06111111111111111 0.03 0.10222222222222223
0 0.445 0.6 0.025 0.09333333333333334
0 0.4141666666666667 0.6044444444444445 0.03166666666666667 0.09333333333333334
0 0.375 0.6066666666666667 0.04666666666666667 0.10222222222222223
0 0.3375 0.6133333333333333 0.035 0.11555555555555555
0 0.30666666666666664 0.62 0.025 0.11777777777777777
0 0.7858333333333334 0.6411111111111111 0.02666666666666667 0.051111111111111114
0 0.7591666666666667 0.6422222222222222 0.025 0.04666666666666667
0 0.8525 0.6433333333333333 0.03666666666666667 0.04888888888888889
0 0.8166666666666667 0.6444444444444445 0.03333333333333333 0.05555555555555555
0 0.9258333333333333 0.6488888888888888 0.03166666666666667 0.057777777777777775
0 0.8908333333333334 0.65 0.03833333333333333 0.051111111111111114
0 0.585 0.6722222222222223 0.023333333333333334 0.06888888888888889
0 0.5683333333333334 0.6822222222222222 0.013333333333333334 0.06888888888888889
0 0.55 0.6922222222222222 0.021666666666666667 0.08
0 0.5241666666666667 0.7033333333333334 0.028333333333333332 0.08222222222222222
0 0.5016666666666667 0.7066666666666667 0.018333333333333333 0.08888888888888889
0 0.47583333333333333 0.7222222222222222 0.02666666666666667 0.1
0 0.4483333333333333 0.7322222222222222 0.03 0.09333333333333334
0 0.41583333333333333 0.7455555555555555 0.041666666666666664 0.10444444444444445
0 0.59 0.7466666666666667 0.025 0.07777777777777778
0 0.38 0.7544444444444445 0.03333333333333333 0.10666666666666667
0 0.5725 0.7588888888888888 0.018333333333333333 0.07333333333333333
0 0.345 0.7711111111111111 0.03833333333333333 0.10888888888888888
0 0.5525 0.7722222222222223 0.028333333333333332 0.07555555555555556
0 0.3125 0.7844444444444445 0.025 0.11555555555555555
0 0.5266666666666666 0.7877777777777778 0.03 0.08444444444444445
0 0.5041666666666667 0.8011111111111111 0.02 0.09777777777777778
0 0.48 0.82 0.02666666666666667 0.09555555555555556
0 0.43166666666666664 0.08333333333333333 0.028333333333333332 0.1
0 0.5958333333333333 0.8277777777777777 0.023333333333333334 0.07777777777777778
0 0.5775 0.8333333333333334 0.02 0.08666666666666667
0 0.45416666666666666 0.8344444444444444 0.028333333333333332 0.10444444444444445
0 0.4175 0.8477777777777777 0.045 0.1111111111111111
0 0.5583333333333333 0.8522222222222222 0.02666666666666667 0.08666666666666667
0 0.38 0.8688888888888889 0.03666666666666667 0.11777777777777777
0 0.5316666666666666 0.88 0.025 0.08888888888888889
0 0.3491666666666667 0.89 0.03666666666666667 0.12666666666666668
0 0.5066666666666667 0.8944444444444445 0.03 0.09555555555555556
0 0.31333333333333335 0.9111111111111111 0.028333333333333332 0.12444444444444444
0 0.4841666666666667 0.9155555555555556 0.025 0.08888888888888889
0 0.45916666666666667 0.9377777777777778 0.028333333333333332 0.08666666666666667
0 0.4241666666666667 0.9533333333333334 0.04 0.09111111111111111
0 0.38666666666666666 0.9611111111111111 0.03333333333333333 0.06444444444444444
0 0.30083333333333334 0.10111111111111111 0.025 0.11777777777777777
0 0.46166666666666667 0.10222222222222223 0.028333333333333332 0.09777777777777778
0 0.33 0.12333333333333334 0.03333333333333333 0.11555555555555555
0 0.48583333333333334 0.12444444444444444 0.02 0.09111111111111111
0 0.5108333333333334 0.14 0.021666666666666667 0.08666666666666667
0 0.3675 0.14222222222222222 0.041666666666666664 0.10444444444444445
0 0.5341666666666667 0.15555555555555556 0.02 0.08666666666666667
0 0.4033333333333333 0.16333333333333333 0.03 0.1
0 0.5533333333333333 0.1688888888888889 0.016666666666666666 0.07777777777777778
0 0.4325 0.17666666666666667 0.025 0.09111111111111111
0 0.46166666666666667 0.19777777777777777 0.02666666666666667 0.09111111111111111
0 0.4875 0.2111111111111111 0.02 0.08222222222222222
0 0.3025 0.21555555555555556 0.03 0.10888888888888888