0 0.4725 0.6133333333333333 0.04 0.08444444444444445
0 0.5175 0.6188888888888889 0.04 0.08444444444444445
0 0.5975 0.62 0.03833333333333333 0.07777777777777778
0 0.4325 0.6211111111111111 0.035 0.08
0 0.5575 0.6211111111111111 0.03333333333333333 0.07777777777777778
0 0.6375 0.6233333333333333 0.03666666666666667 0.07777777777777778
0 0.7083333333333334 0.6233333333333333 0.03 0.07111111111111111
0 0.675 0.6244444444444445 0.035 0.07555555555555556
0 0.745 0.6277777777777778 0.03833333333333333 0.07777777777777778
0 0.7766666666666666 0.6277777777777778 0.025 0.07333333333333333
0 0.8433333333333334 0.6288888888888889 0.03666666666666667 0.06888888888888889
0 0.6741666666666667 0.7011111111111111 0.03166666666666667 0.07333333333333333
0 0.4725 0.7033333333333334 0.04666666666666667 0.08888888888888889
0 0.5566666666666666 0.7033333333333334 0.03666666666666667 0.08888888888888889
0 0.8475 0.7033333333333334 0.03666666666666667 0.08
0 0.4275 0.7044444444444444 0.03833333333333333 0.08444444444444445
0 0.5966666666666667 0.7044444444444444 0.041666666666666664 0.08
0 0.81 0.7044444444444444 0.03166666666666667 0.08
0 0.6375 0.7055555555555556 0.03666666666666667 0.07555555555555556
0 0.5158333333333334 0.7077777777777777 0.043333333333333335 0.08666666666666667
0 0.745 0.7077777777777777 0.03166666666666667 0.07777777777777778
0 0.7775 0.7088888888888889 0.028333333333333332 0.07333333333333333
0 0.3933333333333333 0.8311111111111111 0.03833333333333333 0.09111111111111111
0 0.4395333333333334 0.906711111111111 0.044883333333333296 0.06173333333333327