0 0.8669666666666666 0.2346888888888889 0.02844999999999999 0.05802222222222219
0 0.89365 0.23864444444444444 0.02646666666666685 0.060644444444444424
0 0.9223333333333333 0.23995555555555556 0.024483333333333423 0.05802222222222219
0 0.9440833333333334 0.24391111111111113 0.024466666666666772 0.05537777777777775
0 0.5666666666666667 0.024444444444444446 0.03666666666666667 0.044444444444444446
0 0.9677999999999999 0.2511555555555555 0.022483333333333348 0.05406666666666669
0 0.6041666666666666 0.027777777777777776 0.03666666666666667 0.05555555555555555
0 0.2916666666666667 0.03222222222222222 0.04833333333333333 0.06444444444444444
0 0.23916666666666667 0.31333333333333335 0.056666666666666664 0.09111111111111111
0 0.29583333333333334 0.31777777777777777 0.05 0.10666666666666667
0 0.3458333333333333 0.32666666666666666 0.05 0.09777777777777778
0 0.3983333333333333 0.3333333333333333 0.043333333333333335 0.09333333333333334
0 0.88795 0.34873333333333334 0.022883333333333363 0.059133333333333364
0 0.9103833333333333 0.3508888888888889 0.01966666666666659 0.05486666666666666
0 0.5291666666666667 0.35333333333333333 0.03166666666666667 0.06888888888888889
0 0.6458333333333334 0.35444444444444445 0.03333333333333333 0.07777777777777778
0 0.9453666666666667 0.35942222222222225 0.025533333333333227 0.04773333333333337
0 0.5708333333333333 0.36 0.035 0.07777777777777778
0 0.6833333333333333 0.36 0.03666666666666667 0.08222222222222222
0 0.98785 0.36048888888888886 0.023916666666666517 0.04986666666666666
0 0.9662000000000001 0.3608444444444444 0.02125 0.05199999999999995
0 0.6083333333333333 0.3622222222222222 0.03833333333333333 0.07555555555555556
0 0.7183333333333334 0.36444444444444446 0.03 0.07555555555555556
0 0.7483333333333333 0.36444444444444446 0.028333333333333332 0.07333333333333333
0 0.4725 0.3655555555555556 0.028333333333333332 0.07111111111111111
0 0.44 0.36666666666666664 0.035 0.07111111111111111
0 0.7825 0.3688888888888889 0.028333333333333332 0.07555555555555556
0 0.3416666666666667 0.03777777777777778 0.04833333333333333 0.07555555555555556
0 0.8879333333333334 0.40502222222222223 0.022883333333333363 0.05199999999999995
0 0.9109166666666666 0.4060888888888889 0.02394999999999982 0.04986666666666666
0 0.9464333333333333 0.4085777777777778 0.022333333333333486 0.04773333333333337
0 0.24083333333333334 0.4111111111111111 0.055 0.1
0 0.9891833333333333 0.41215555555555555 0.020183333333333168 0.050577777777777756
0 0.9694166666666666 0.41286666666666666 0.02125 0.04631111111111105
0 0.29833333333333334 0.41888888888888887 0.04833333333333333 0.09333333333333334
0 0.35083333333333333 0.4222222222222222 0.051666666666666666 0.09111111111111111
0 0.4008333333333333 0.4266666666666667 0.043333333333333335 0.09333333333333334
0 0.5308333333333334 0.43333333333333335 0.043333333333333335 0.08666666666666667
0 0.44083333333333335 0.43777777777777777 0.035 0.06444444444444444
0 0.6475 0.43777777777777777 0.03833333333333333 0.08
0 0.47583333333333333 0.44 0.03333333333333333 0.06888888888888889
0 0.5741666666666667 0.44 0.03833333333333333 0.07333333333333333
0 0.7825 0.4411111111111111 0.03 0.07333333333333333
0 0.6125 0.44222222222222224 0.035 0.07555555555555556
0 0.7166666666666667 0.44333333333333336 0.035 0.07111111111111111
0 0.39 0.044444444444444446 0.043333333333333335 0.08444444444444445
0 0.6825 0.4444444444444444 0.03166666666666667 0.07555555555555556
0 0.7508333333333334 0.4444444444444444 0.03166666666666667 0.07555555555555556
0 0.8906166666666667 0.4584666666666667 0.02181666666666653 0.056288888888888854
0 0.9101166666666668 0.4595333333333333 0.01806666666666653 0.05557777777777776
0 0.9298833333333333 0.45988888888888885 0.022333333333333486 0.050577777777777756
0 0.9488499999999999 0.4613111111111111 0.01964999999999994 0.050577777777777756
0 0.9696833333333332 0.46273333333333333 0.020716666666666772 0.04773333333333337
0 0.9886500000000001 0.46273333333333333 0.018033333333333228 0.050577777777777756
0 0.5683333333333334 0.5311111111111111 0.04 0.06666666666666667
0 0.4925 0.5477777777777778 0.04833333333333333 0.09111111111111111
0 0.435 0.056666666666666664 0.04 0.09111111111111111
0 0.7216666666666667 0.5855555555555556 0.03666666666666667 0.08
0 0.7533333333333333 0.5877777777777777 0.02666666666666667 0.08
0 0.7766666666666666 0.5877777777777777 0.021666666666666667 0.07555555555555556
0 0.6508333333333334 0.5888888888888889 0.035 0.08888888888888889
0 0.6875 0.5888888888888889 0.035 0.08
0 0.6133333333333333 0.5922222222222222 0.04 0.08222222222222222
0 0.45166666666666666 0.5977777777777777 0.045 0.08888888888888889
0 0.4033333333333333 0.6 0.043333333333333335 0.09555555555555556
0 0.5741666666666667 0.6011111111111112 0.04 0.06444444444444444
0 0.5366666666666666 0.6022222222222222 0.035 0.07111111111111111
0 0.3575 0.6033333333333334 0.04833333333333333 0.09333333333333334
0 0.305 0.6055555555555555 0.051666666666666666 0.10666666666666667
0 0.20083333333333334 0.61 0.03166666666666667 0.10222222222222223
0 0.24833333333333332 0.61 0.055 0.10444444444444445
0 0.49916666666666665 0.6422222222222222 0.041666666666666664 0.08666666666666667
0 0.755 0.6644444444444444 0.03 0.07777777777777778
0 0.48 0.06666666666666667 0.045 0.09111111111111111
0 0.6891666666666667 0.67 0.04 0.07777777777777778
0 0.725 0.67 0.028333333333333332 0.07777777777777778
0 0.6566666666666666 0.6744444444444444 0.035 0.07555555555555556
0 0.5766666666666667 0.6777777777777778 0.03833333333333333 0.08444444444444445
0 0.6183333333333333 0.6788888888888889 0.041666666666666664 0.08444444444444445
0 0.5366666666666666 0.6855555555555556 0.041666666666666664 0.08
0 0.44916666666666666 0.6922222222222222 0.04666666666666667 0.09111111111111111
0 0.39916666666666667 0.6933333333333334 0.04833333333333333 0.09777777777777778
0 0.3516666666666667 0.7011111111111111 0.045 0.09777777777777778
0 0.30333333333333334 0.7077777777777777 0.051666666666666666 0.09555555555555556
0 0.20166666666666666 0.7111111111111111 0.035 0.09333333333333334
0 0.24666666666666667 0.7111111111111111 0.05 0.09777777777777778
0 0.495 0.7188888888888889 0.03833333333333333 0.06444444444444444
0 0.725 0.75 0.03166666666666667 0.08
0 0.6933333333333334 0.7533333333333333 0.035 0.08
0 0.6575 0.7566666666666667 0.04 0.08222222222222222
0 0.5775 0.7633333333333333 0.03833333333333333 0.08222222222222222
0 0.6175 0.7633333333333333 0.043333333333333335 0.08444444444444445
0 0.5341666666666667 0.7722222222222223 0.04833333333333333 0.09111111111111111
0 0.5241666666666667 0.07777777777777778 0.03833333333333333 0.09111111111111111
0 0.49166666666666664 0.7855555555555556 0.03333333333333333 0.06
0 0.45 0.7866666666666666 0.045 0.09555555555555556
0 0.40166666666666667 0.7922222222222223 0.04666666666666667 0.09333333333333334
0 0.35333333333333333 0.7977777777777778 0.04833333333333333 0.1
0 0.3 0.8044444444444444 0.05 0.09777777777777778
0 0.24583333333333332 0.8144444444444444 0.05333333333333334 0.10666666666666667
0 0.19916666666666666 0.8155555555555556 0.03666666666666667 0.10888888888888888
0 0.17666666666666667 0.08333333333333333 0.04833333333333333 0.10222222222222223
0 0.5741666666666667 0.8733333333333333 0.04 0.09555555555555556
0 0.5366666666666666 0.8877777777777778 0.041666666666666664 0.08888888888888889
0 0.4891666666666667 0.8977777777777778 0.051666666666666666 0.09777777777777778
0 0.5658333333333333 0.09111111111111111 0.03833333333333333 0.07777777777777778
0 0.44333333333333336 0.9166666666666666 0.04833333333333333 0.08444444444444445
0 0.2325 0.09444444444444444 0.056666666666666664 0.1
0 0.6966666666666667 0.9433333333333334 0.03833333333333333 0.08888888888888889
0 0.6591666666666667 0.9533333333333334 0.041666666666666664 0.08888888888888889
0 0.6041666666666666 0.09555555555555556 0.03833333333333333 0.08444444444444445
0 0.6166666666666667 0.96 0.043333333333333335 0.07555555555555556
0 0.5766666666666667 0.9644444444444444 0.043333333333333335 0.06666666666666667
0 0.5316666666666666 0.9677777777777777 0.05 0.06
0 0.49583333333333335 0.97 0.051666666666666666 0.05555555555555555
0 0.64 0.09888888888888889 0.03666666666666667 0.08222222222222222
0 0.8629999999999999 0.1081111111111111 0.03241666666666674 0.07120000000000001
0 0.2891666666666667 0.10888888888888888 0.04833333333333333 0.08888888888888889
0 0.8897 0.1114 0.02251666666666665 0.05933333333333334
0 0.34 0.12222222222222222 0.05 0.08666666666666667
0 0.9158999999999999 0.12262222222222222 0.02546666666666662 0.06064444444444446
0 0.9406166666666667 0.13053333333333333 0.02546666666666662 0.05802222222222222
0 0.39166666666666666 0.1322222222222222 0.04666666666666667 0.09333333333333334
0 0.9658333333333333 0.1358 0.020516666666666575 0.052733333333333327
0 0.4375 0.14666666666666667 0.043333333333333335 0.08222222222222222
0 0.48 0.15555555555555556 0.04666666666666667 0.08666666666666667
0 0.5241666666666667 0.16666666666666666 0.041666666666666664 0.08
0 0.5675 0.16666666666666666 0.04 0.08444444444444445
0 0.8635 0.17337777777777777 0.031433333333333265 0.06459999999999999
0 0.6066666666666667 0.17555555555555555 0.03666666666666667 0.07777777777777778
0 0.8911833333333334 0.17733333333333332 0.027466666666666698 0.06459999999999999
0 0.9183666666666667 0.1826 0.03240000000000009 0.06197777777777781
0 0.6441666666666667 0.18444444444444444 0.03 0.08222222222222222
0 0.9440833333333334 0.18788888888888888 0.0225 0.05933333333333331
0 0.9658333333333333 0.19446666666666668 0.022483333333333348 0.06197777777777781