0 0.4775 0.2411111111111111 0.06 0.12222222222222222
0 0.5325 0.2477777777777778 0.04666666666666667 0.11777777777777777
0 0.635 0.25222222222222224 0.055 0.13333333333333333
0 0.5816666666666667 0.25666666666666665 0.05333333333333334 0.13111111111111112
0 0.755 0.2644444444444444 0.07333333333333333 0.1511111111111111
0 0.6875 0.28444444444444444 0.051666666666666666 0.1
0 0.8183333333333334 0.28444444444444444 0.055 0.13111111111111112
0 0.13 0.28555555555555556 0.02666666666666667 0.07333333333333333
0 0.15333333333333332 0.29 0.025 0.06444444444444444
0 0.8975 0.29333333333333333 0.07833333333333334 0.17555555555555555
0 0.9666666666666667 0.3022222222222222 0.06333333333333334 0.18222222222222223
0 0.18 0.31666666666666665 0.023333333333333334 0.06
0 0.205 0.33 0.023333333333333334 0.057777777777777775
0 0.23 0.33555555555555555 0.023333333333333334 0.06
0 0.25833333333333336 0.3388888888888889 0.03 0.06222222222222222
0 0.325 0.3522222222222222 0.03666666666666667 0.1
0 0.13666666666666666 0.3566666666666667 0.021666666666666667 0.06
0 0.15666666666666668 0.36 0.023333333333333334 0.06666666666666667
0 0.35833333333333334 0.3622222222222222 0.03333333333333333 0.08444444444444445
0 0.395 0.3711111111111111 0.05333333333333334 0.09777777777777778
0 0.185 0.37555555555555553 0.025 0.06
0 0.21083333333333334 0.39444444444444443 0.028333333333333332 0.06222222222222222
0 0.23666666666666666 0.3988888888888889 0.023333333333333334 0.06
0 0.9083333333333333 0.042222222222222223 0.08666666666666667 0.08444444444444445
0 0.4633333333333333 0.4 0.03333333333333333 0.10222222222222223
0 0.2608333333333333 0.4066666666666667 0.03166666666666667 0.06222222222222222
0 0.5058333333333334 0.41333333333333333 0.04666666666666667 0.09777777777777778
0 0.5541666666666667 0.4266666666666667 0.04833333333333333 0.11555555555555555
0 0.3308333333333333 0.44222222222222224 0.035 0.08
0 0.6075 0.44666666666666666 0.056666666666666664 0.12444444444444444
0 0.36583333333333334 0.4577777777777778 0.035 0.09333333333333334
0 0.6708333333333333 0.4588888888888889 0.06833333333333333 0.13111111111111112
0 0.4008333333333333 0.46555555555555556 0.04 0.1
0 0.7883333333333333 0.49777777777777776 0.075 0.17555555555555555
0 0.47 0.5055555555555555 0.03333333333333333 0.10444444444444445
0 0.51 0.52 0.04666666666666667 0.10444444444444445
0 0.56 0.54 0.045 0.10888888888888888
0 0.9533333333333334 0.5455555555555556 0.09 0.18444444444444444
0 0.8691666666666666 0.5566666666666666 0.08333333333333333 0.12
0 0.6116666666666667 0.5677777777777778 0.05333333333333334 0.11333333333333333
0 0.6758333333333333 0.5877777777777777 0.06833333333333333 0.1288888888888889
0 0.78 0.6455555555555555 0.07333333333333333 0.13333333333333333
0 0.86 0.6788888888888889 0.07666666666666666 0.16
0 0.8341666666666666 0.07111111111111111 0.075 0.13111111111111112
0 0.9375 0.7155555555555555 0.08333333333333333 0.16444444444444445
0 0.16666666666666666 0.1 0.03333333333333333 0.05333333333333334
0 0.14166666666666666 0.10111111111111111 0.023333333333333334 0.05333333333333334
0 0.7525 0.1111111111111111 0.06666666666666667 0.17333333333333334
0 0.6408333333333334 0.11444444444444445 0.06166666666666667 0.13555555555555557
0 0.21666666666666667 0.11666666666666667 0.035 0.08
0 0.9708333333333333 0.11777777777777777 0.055 0.18222222222222223
0 0.32416666666666666 0.11777777777777777 0.06 0.1
0 0.2783333333333333 0.12 0.03333333333333333 0.08888888888888889
0 0.5316666666666666 0.12 0.05333333333333334 0.12444444444444444
0 0.58 0.12111111111111111 0.06 0.13111111111111112
0 0.9058333333333334 0.14555555555555555 0.07 0.13777777777777778
0 0.12416666666666666 0.14888888888888888 0.028333333333333332 0.05333333333333334
0 0.15 0.1511111111111111 0.021666666666666667 0.04888888888888889
0 0.17583333333333334 0.15444444444444444 0.028333333333333332 0.05333333333333334
0 0.6908333333333333 0.17222222222222222 0.05 0.12
0 0.8241666666666667 0.19666666666666666 0.065 0.13111111111111112
0 0.12666666666666668 0.1988888888888889 0.025 0.051111111111111114
0 0.20333333333333334 0.2 0.02666666666666667 0.08444444444444445
0 0.14916666666666667 0.20222222222222222 0.021666666666666667 0.05555555555555555
0 0.225 0.20333333333333334 0.023333333333333334 0.09111111111111111
0 0.2475 0.20666666666666667 0.023333333333333334 0.08888888888888889
0 0.27 0.21222222222222223 0.02666666666666667 0.08888888888888889
0 0.18416666666666667 0.21333333333333335 0.028333333333333332 0.05555555555555555
0 0.2916666666666667 0.21333333333333335 0.021666666666666667 0.08444444444444445
0 0.36 0.22111111111111112 0.06166666666666667 0.1
0 0.31583333333333335 0.22111111111111112 0.03166666666666667 0.09333333333333334