0 0.44916666666666666 0.2311111111111111 0.021666666666666667 0.10222222222222223
0 0.2891666666666667 0.28555555555555556 0.08 0.16
0 0.2075 0.29888888888888887 0.08 0.14666666666666667
0 0.355 0.29888888888888887 0.041666666666666664 0.13333333333333333
0 0.11083333333333334 0.29888888888888887 0.08166666666666667 0.1511111111111111
0 0.3925 0.31777777777777777 0.03333333333333333 0.12666666666666668
0 0.42833333333333334 0.33444444444444443 0.03166666666666667 0.12222222222222222
0 0.455 0.3411111111111111 0.02 0.11333333333333333
0 0.47833333333333333 0.3566666666666667 0.02666666666666667 0.10222222222222223
0 0.5041666666666667 0.36777777777777776 0.02 0.09555555555555556
0 0.5266666666666666 0.37222222222222223 0.021666666666666667 0.08888888888888889
0 0.5466666666666666 0.37777777777777777 0.015 0.08444444444444445
0 0.6637333333333334 0.3972666666666667 0.025433333333333318 0.057111111111111085
0 0.5973166666666666 0.4154666666666667 0.035283333333333264 0.05464444444444439
0 0.6671166666666667 0.44235555555555556 0.020166666666666704 0.045088888888888935
0 0.2916666666666667 0.44555555555555554 0.08333333333333333 0.15555555555555556
0 0.35833333333333334 0.44666666666666666 0.045 0.14888888888888888
0 0.20583333333333334 0.4488888888888889 0.08333333333333333 0.14888888888888888
0 0.11416666666666667 0.45 0.08333333333333333 0.15333333333333332
0 0.6463833333333333 0.45011111111111113 0.02023333333333331 0.040622222222222164
0 0.3983333333333333 0.45111111111111113 0.03 0.1288888888888889
0 0.43 0.45555555555555555 0.03 0.12222222222222222
0 0.4558333333333333 0.4622222222222222 0.02 0.11555555555555555
0 0.4816666666666667 0.4622222222222222 0.03 0.10888888888888888
0 0.53 0.46555555555555556 0.021666666666666667 0.1
0 0.5066666666666667 0.4677777777777778 0.018333333333333333 0.1
0 0.5475 0.4677777777777778 0.016666666666666666 0.09555555555555556
0 0.20583333333333334 0.14888888888888888 0.08166666666666667 0.14444444444444443
0 0.275 0.15222222222222223 0.051666666666666666 0.09777777777777778
0 0.3383333333333333 0.16666666666666666 0.07 0.1288888888888889
0 0.3925 0.18333333333333332 0.03166666666666667 0.1288888888888889
0 0.42333333333333334 0.20777777777777778 0.02666666666666667 0.1288888888888889