0 0.37583333333333335 0.42 0.021666666666666667 0.04666666666666667
0 0.37166666666666665 0.4666666666666667 0.02666666666666667 0.051111111111111114
0 0.44 0.42 0.03166666666666667 0.051111111111111114
0 0.4058333333333333 0.41333333333333333 0.03 0.05555555555555555
0 0.4083333333333333 0.4688888888888889 0.03 0.04666666666666667
0 0.43916666666666665 0.47 0.03333333333333333 0.044444444444444446
0 0.47 0.43222222222222223 0.023333333333333334 0.042222222222222223
0 0.4691666666666667 0.47444444444444445 0.023333333333333334 0.035555555555555556
0 0.49333333333333335 0.39666666666666667 0.02666666666666667 0.03333333333333333
0 0.495 0.43444444444444447 0.023333333333333334 0.03777777777777778
0 0.49416666666666664 0.47444444444444445 0.025 0.03777777777777778
0 0.5216666666666666 0.4288888888888889 0.028333333333333332 0.042222222222222223
0 0.5216666666666666 0.4711111111111111 0.03 0.042222222222222223
0 0.5491666666666667 0.4222222222222222 0.03 0.051111111111111114
0 0.58 0.4222222222222222 0.03 0.04888888888888889
0 0.5533333333333333 0.47 0.03 0.044444444444444446
0 0.5841666666666666 0.4711111111111111 0.03 0.044444444444444446
0 0.6108333333333333 0.41888888888888887 0.03333333333333333 0.057777777777777775
0 0.6433333333333333 0.4211111111111111 0.02666666666666667 0.057777777777777775
0 0.6166666666666667 0.4722222222222222 0.03333333333333333 0.042222222222222223
0 0.645 0.47333333333333333 0.025 0.03777777777777778