0 0.4875 0.03115727002967359 0.085 0.06231454005934718
0 0.4975 0.30712166172106825 0.06 0.2551928783382789
0 0.43833333333333335 0.3115727002967359 0.055 0.2403560830860534
0 0.03166666666666667 0.3323442136498516 0.03166666666666667 0.10979228486646884
0 0.33166666666666667 0.3545994065281899 0.041666666666666664 0.20474777448071216
0 0.37833333333333335 0.3545994065281899 0.05 0.21364985163204747
0 0.0075 0.3545994065281899 0.015 0.10089020771513353
0 0.26166666666666666 0.39762611275964393 0.016666666666666666 0.18397626112759644
0 0.2375 0.4094955489614243 0.03 0.17210682492581603
0 0.20333333333333334 0.42433234421364985 0.028333333333333332 0.1513353115727003
0 0.12833333333333333 0.46142433234421365 0.04666666666666667 0.10385756676557864
0 0.24583333333333332 0.04896142433234421 0.065 0.09792284866468842
0 0.17083333333333334 0.4896142433234421 0.03666666666666667 0.11869436201780416
0 0.42 0.05192878338278932 0.04833333333333333 0.10385756676557864
0 0.015 0.5222551928783383 0.03 0.12166172106824925
0 0.9183333333333333 0.5237388724035609 0.16166666666666665 0.4035608308605341
0 0.08833333333333333 0.5385756676557863 0.028333333333333332 0.09495548961424333
0 0.7858333333333334 0.5400593471810089 0.12166666666666667 0.34718100890207715
0 0.12083333333333333 0.5489614243323442 0.045 0.09495548961424333
0 0.6691666666666667 0.5489614243323442 0.105 0.32047477744807124
0 0.4325 0.5548961424332344 0.05333333333333334 0.23738872403560832
0 0.5716666666666667 0.5608308605341247 0.09 0.2818991097922849
0 0.49333333333333335 0.5623145400593472 0.06833333333333333 0.258160237388724
0 0.3258333333333333 0.5652818991097923 0.04666666666666667 0.22255192878338279
0 0.37583333333333335 0.5756676557863502 0.051666666666666666 0.228486646884273
0 0.19833333333333333 0.5905044510385756 0.035 0.17804154302670624
0 0.25666666666666665 0.5919881305637982 0.016666666666666666 0.17507418397626112
0 0.22833333333333333 0.5934718100890207 0.02666666666666667 0.18397626112759644
0 0.16666666666666666 0.612759643916914 0.03166666666666667 0.13056379821958458
0 0.07666666666666666 0.6350148367952523 0.03 0.10089020771513353
0 0.1275 0.6394658753709199 0.03 0.13056379821958458
0 0.36833333333333335 0.0712166172106825 0.04833333333333333 0.142433234421365
0 0.07083333333333333 0.7537091988130564 0.03 0.11572700296735905
0 0.09833333333333333 0.7655786350148368 0.028333333333333332 0.11572700296735905
0 0.18666666666666668 0.7729970326409495 0.03 0.16913946587537093
0 0.125 0.7744807121661721 0.03333333333333333 0.13056379821958458
0 0.15833333333333333 0.7759643916913946 0.035 0.1513353115727003
0 0.21916666666666668 0.7848664688427299 0.03 0.17210682492581603
0 0.2475 0.787833827893175 0.023333333333333334 0.19287833827893175
0 0.3175 0.7908011869436202 0.04666666666666667 0.2314540059347181
0 0.36916666666666664 0.8011869436201781 0.06166666666666667 0.23738872403560832
0 0.43083333333333335 0.8100890207715133 0.056666666666666664 0.26112759643916916
0 0.49333333333333335 0.8323442136498517 0.06833333333333333 0.27002967359050445
0 0.5725 0.8501483679525222 0.09166666666666666 0.29080118694362017
0 0.7916666666666666 0.8560830860534124 0.12666666666666668 0.27596439169139464
0 0.6725 0.857566765578635 0.11166666666666666 0.2789317507418398
0 0.9258333333333333 0.8649851632047477 0.13833333333333334 0.258160237388724
0 0.3283333333333333 0.11572700296735905 0.03833333333333333 0.12462908011869436
0 0.11083333333333334 0.13353115727002968 0.023333333333333334 0.14836795252225518
0 0.2425 0.1632047477744807 0.06666666666666667 0.1513353115727003
0 0.9166666666666666 0.16468842729970326 0.15166666666666667 0.31750741839762614
0 0.7766666666666666 0.1884272997032641 0.12333333333333334 0.34124629080118696
0 0.034166666666666665 0.2166172106824926 0.025 0.10979228486646884
0 0.6683333333333333 0.2403560830860534 0.1 0.29376854599406527
0 0.10333333333333333 0.27299703264094954 0.023333333333333334 0.11869436201780416
0 0.57 0.2818991097922849 0.095 0.27299703264094954