0 0.31916666666666665 0.5029673590504451 0.075 0.20474777448071216
0 0.2758333333333333 0.7002967359050445 0.08833333333333333 0.20474777448071216
0 0.4116666666666667 0.3486646884272997 0.06833333333333333 0.1632047477744807
0 0.395 0.5222551928783383 0.07333333333333333 0.19881305637982197
0 0.36333333333333334 0.712166172106825 0.08166666666666667 0.21068249258160238
0 0.4791666666666667 0.34718100890207715 0.07 0.17210682492581603
0 0.4666666666666667 0.5237388724035609 0.06333333333333334 0.17210682492581603
0 0.445 0.7151335311572701 0.07833333333333334 0.2195845697329377
0 0.5575 0.3249258160237389 0.085 0.18397626112759644
0 0.5441666666666667 0.5133531157270029 0.09 0.18694362017804153
0 0.5291666666666667 0.7225519287833828 0.09166666666666666 0.2195845697329377
0 0.6433333333333333 0.3189910979228487 0.08166666666666667 0.17210682492581603
0 0.6325 0.5118694362017804 0.08666666666666667 0.18991097922848665
0 0.625 0.728486646884273 0.09666666666666666 0.22551928783382788
0 0.7341666666666666 0.29673590504451036 0.09166666666666666 0.18991097922848665
0 0.725 0.5 0.09666666666666666 0.20178041543026706
0 0.7275 0.7314540059347181 0.10333333333333333 0.2403560830860534
0 0.8466666666666667 0.5029673590504451 0.10833333333333334 0.2314540059347181
0 0.8491666666666666 0.7462908011869436 0.11166666666666666 0.23738872403560832
0 0.8491666666666666 0.3456973293768546 0.09833333333333333 0.08605341246290801
0 0.9441666666666667 0.2685459940652819 0.10166666666666667 0.22255192878338279
0 0.9491666666666667 0.5 0.1 0.2403560830860534
0 0.95 0.7418397626112759 0.09333333333333334 0.26409495548961426
0 0.365 0.37091988130563797 0.03833333333333333 0.10385756676557864