0 0.18916666666666668 0.26112759643916916 0.015 0.07418397626112759
0 0.20916666666666667 0.24925816023738873 0.023333333333333334 0.07418397626112759
0 0.23083333333333333 0.24183976261127596 0.021666666666666667 0.0771513353115727
0 0.25083333333333335 0.23590504451038577 0.021666666666666667 0.0771513353115727
0 0.2725 0.22997032640949555 0.02666666666666667 0.08902077151335312
0 0.3 0.22700296735905046 0.028333333333333332 0.08605341246290801
0 0.32666666666666666 0.21810089020771514 0.025 0.0830860534124629
0 0.3516666666666667 0.20919881305637983 0.02666666666666667 0.09198813056379822
0 0.37833333333333335 0.20029673590504452 0.02666666666666667 0.08902077151335312
0 0.4041666666666667 0.19584569732937684 0.03166666666666667 0.09198813056379822
0 0.44083333333333335 0.18545994065281898 0.041666666666666664 0.09495548961424333
0 0.1825 0.33086053412462907 0.023333333333333334 0.06528189910979229
0 0.2075 0.32344213649851633 0.021666666666666667 0.08011869436201781
0 0.22666666666666666 0.3264094955489614 0.018333333333333333 0.08011869436201781
0 0.24583333333333332 0.3189910979228487 0.013333333333333334 0.0771513353115727
0 0.265 0.31750741839762614 0.025 0.0712166172106825
0 0.29333333333333333 0.314540059347181 0.025 0.06528189910979229
0 0.31833333333333336 0.30712166172106825 0.018333333333333333 0.08011869436201781
0 0.33916666666666667 0.3056379821958457 0.02 0.09198813056379822
0 0.3675 0.29673590504451036 0.02666666666666667 0.09495548961424333
0 0.39916666666666667 0.2893175074183976 0.03 0.08902077151335312
0 0.4275 0.2893175074183976 0.02666666666666667 0.09495548961424333
0 0.45916666666666667 0.2774480712166172 0.03333333333333333 0.08902077151335312
0 0.175 0.41097922848664686 0.02 0.0771513353115727
0 0.19583333333333333 0.4035608308605341 0.018333333333333333 0.0712166172106825
0 0.21666666666666667 0.4050445103857567 0.025 0.08011869436201781
0 0.24 0.4035608308605341 0.021666666666666667 0.08011869436201781
0 0.2608333333333333 0.39762611275964393 0.02 0.0830860534124629
0 0.285 0.39762611275964393 0.028333333333333332 0.08605341246290801
0 0.31166666666666665 0.39465875370919884 0.023333333333333334 0.08011869436201781
0 0.335 0.39465875370919884 0.023333333333333334 0.0830860534124629
0 0.3616666666666667 0.3887240356083086 0.028333333333333332 0.08605341246290801
0 0.39 0.3857566765578635 0.03166666666666667 0.08605341246290801
0 0.4216666666666667 0.3827893175074184 0.03166666666666667 0.09495548961424333
0 0.455 0.37537091988130566 0.035 0.10682492581602374
0 0.13666666666666666 0.8219584569732937 0.018333333333333333 0.08902077151335312
0 0.15916666666666668 0.8308605341246291 0.018333333333333333 0.0830860534124629
0 0.13 0.8976261127596439 0.02666666666666667 0.06824925816023739
0 0.7266666666666667 0.09050445103857567 0.04666666666666667 0.12759643916913946
0 0.7791666666666667 0.07418397626112759 0.05 0.13353115727002968
0 0.725 0.21513353115727002 0.04666666666666667 0.12462908011869436
0 0.7766666666666666 0.20178041543026706 0.055 0.11572700296735905
0 0.835 0.1824925816023739 0.06 0.12166172106824925
0 0.84 0.06379821958456973 0.05333333333333334 0.11869436201780416
0 0.89 0.06528189910979229 0.03166666666666667 0.10682492581602374
0 0.895 0.16765578635014836 0.051666666666666666 0.11275964391691394
0 0.7166666666666667 0.33827893175074186 0.051666666666666666 0.12166172106824925
0 0.7741666666666667 0.3293768545994065 0.055 0.13056379821958458
0 0.8316666666666667 0.3189910979228487 0.06 0.1513353115727003
0 0.89 0.3086053412462908 0.051666666666666666 0.1513353115727003
0 0.5058333333333334 0.16172106824925817 0.04 0.09198813056379822
0 0.49666666666666665 0.26112759643916916 0.03666666666666667 0.09198813056379822
0 0.49333333333333335 0.37091988130563797 0.03833333333333333 0.10682492581602374
0 0.5466666666666666 0.14094955489614244 0.04 0.09792284866468842
0 0.5875 0.12462908011869436 0.04 0.10089020771513353
0 0.6341666666666667 0.11869436201780416 0.04833333333333333 0.11869436201780416
0 0.6791666666666667 0.10385756676557864 0.043333333333333335 0.12166172106824925
0 0.54 0.2507418397626113 0.04 0.09792284866468842
0 0.58 0.2403560830860534 0.04 0.11572700296735905
0 0.6241666666666666 0.23738872403560832 0.05 0.11869436201780416
0 0.6733333333333333 0.2314540059347181 0.04666666666666667 0.11572700296735905
0 0.5341666666666667 0.3620178041543027 0.04 0.10979228486646884
0 0.5766666666666667 0.3560830860534125 0.043333333333333335 0.12166172106824925
0 0.6208333333333333 0.35014836795252224 0.043333333333333335 0.11869436201780416
0 0.6641666666666667 0.34718100890207715 0.043333333333333335 0.11869436201780416
0 0.18666666666666668 0.8367952522255193 0.03333333333333333 0.0830860534124629
0 0.1525 0.913946587537092 0.018333333333333333 0.0771513353115727
0 0.17916666666666667 0.93026706231454 0.03 0.0830860534124629
0 0.215 0.8427299703264095 0.023333333333333334 0.08011869436201781
0 0.23583333333333334 0.8456973293768546 0.02 0.0830860534124629
0 0.2575 0.857566765578635 0.021666666666666667 0.08902077151335312
0 0.2825 0.8620178041543026 0.023333333333333334 0.08902077151335312
0 0.215 0.9406528189910979 0.03 0.0830860534124629
0 0.30083333333333334 0.8798219584569733 0.028333333333333332 0.09198813056379822
0 0.3333333333333333 0.8976261127596439 0.03666666666666667 0.09495548961424333
0 0.29333333333333333 0.9658753709198813 0.02666666666666667 0.05341246290801187
0 0.2625 0.9599406528189911 0.035 0.07418397626112759
0 0.3625 0.9020771513353115 0.02 0.09495548961424333
0 0.3933333333333333 0.9065281899109793 0.03833333333333333 0.08605341246290801
0 0.30416666666666664 0.5385756676557863 0.03 0.09495548961424333
0 0.2608333333333333 0.5400593471810089 0.013333333333333334 0.07418397626112759
0 0.2783333333333333 0.5385756676557863 0.016666666666666666 0.06528189910979229
0 0.2425 0.6246290801186943 0.02 0.0830860534124629
0 0.2675 0.6231454005934718 0.023333333333333334 0.0830860534124629
0 0.2966666666666667 0.6261127596439169 0.03166666666666667 0.08605341246290801
0 0.23416666666666666 0.7106824925816023 0.02666666666666667 0.08902077151335312
0 0.25916666666666666 0.7136498516320475 0.023333333333333334 0.09792284866468842
0 0.285 0.7166172106824926 0.03 0.09495548961424333
0 0.23583333333333334 0.5311572700296736 0.035 0.0830860534124629
0 0.22 0.615727002967359 0.025 0.08011869436201781
0 0.20583333333333334 0.7077151335311572 0.023333333333333334 0.09495548961424333
0 0.16333333333333333 0.5326409495548962 0.021666666666666667 0.0830860534124629
0 0.18416666666666667 0.5296735905044511 0.021666666666666667 0.07418397626112759
0 0.1525 0.6142433234421365 0.023333333333333334 0.0712166172106825
0 0.175 0.6083086053412463 0.025 0.0771513353115727
0 0.14333333333333334 0.6988130563798219 0.02 0.08902077151335312
0 0.16583333333333333 0.6973293768545994 0.025 0.08902077151335312
0 0.2075 0.5326409495548962 0.02 0.07418397626112759
0 0.19583333333333333 0.6112759643916914 0.018333333333333333 0.08011869436201781
0 0.18916666666666668 0.701780415430267 0.021666666666666667 0.08605341246290801
0 0.5783333333333334 0.5400593471810089 0.03666666666666667 0.11869436201780416
0 0.6208333333333333 0.5459940652818991 0.043333333333333335 0.11869436201780416
0 0.6658333333333334 0.5415430267062314 0.04666666666666667 0.12759643916913946
0 0.7225 0.5415430267062314 0.05333333333333334 0.1394658753709199
0 0.5775 0.6646884272997032 0.04 0.10979228486646884
0 0.6183333333333333 0.6646884272997032 0.04 0.11572700296735905
0 0.6658333333333334 0.672106824925816 0.04666666666666667 0.13353115727002968
0 0.7175 0.6810089020771514 0.05333333333333334 0.12759643916913946
0 0.5691666666666667 0.7863501483679525 0.041666666666666664 0.13353115727002968
0 0.6125 0.7893175074183977 0.045 0.13649851632047477
0 0.6583333333333333 0.8100890207715133 0.04833333333333333 0.1394658753709199
0 0.71 0.8189910979228486 0.04833333333333333 0.14836795252225518
0 0.3325 0.5356083086053413 0.025 0.09495548961424333
0 0.36083333333333334 0.5445103857566765 0.028333333333333332 0.09495548961424333
0 0.3925 0.543026706231454 0.035 0.10385756676557864
0 0.42333333333333334 0.5385756676557863 0.03 0.10385756676557864
0 0.4558333333333333 0.5415430267062314 0.028333333333333332 0.10682492581602374
0 0.48833333333333334 0.5400593471810089 0.03333333333333333 0.11275964391691394
0 0.5275 0.5385756676557863 0.041666666666666664 0.11869436201780416
0 0.3275 0.6335311572700296 0.023333333333333334 0.08902077151335312
0 0.3541666666666667 0.6409495548961425 0.03166666666666667 0.09495548961424333
0 0.385 0.6468842729970327 0.03166666666666667 0.09495548961424333
0 0.41583333333333333 0.6498516320474778 0.03333333333333333 0.10089020771513353
0 0.4508333333333333 0.6543026706231454 0.03333333333333333 0.10979228486646884
0 0.48333333333333334 0.6528189910979229 0.03333333333333333 0.11275964391691394
0 0.5208333333333334 0.6572700296735905 0.03833333333333333 0.10979228486646884
0 0.32 0.7299703264094956 0.028333333333333332 0.10089020771513353
0 0.34833333333333333 0.7359050445103857 0.028333333333333332 0.10682492581602374
0 0.38 0.7462908011869436 0.035 0.10385756676557864
0 0.4116666666666667 0.7581602373887241 0.03 0.10385756676557864
0 0.4425 0.7626112759643917 0.03 0.10385756676557864
0 0.4741666666666667 0.7670623145400594 0.03333333333333333 0.11572700296735905
0 0.5116666666666667 0.7685459940652819 0.041666666666666664 0.11572700296735905
0 0.7933333333333333 0.5519287833827893 0.051666666666666666 0.11869436201780416
0 0.8466666666666667 0.5504451038575667 0.05333333333333334 0.11869436201780416
0 0.9016666666666666 0.5474777448071216 0.041666666666666664 0.12462908011869436
0 0.7708333333333334 0.6899109792284867 0.04666666666666667 0.142433234421365
0 0.8283333333333334 0.6958456973293768 0.06 0.14836795252225518
0 0.8875 0.7002967359050445 0.055 0.1543026706231454
0 0.7633333333333333 0.8382789317507419 0.05333333333333334 0.14836795252225518
0 0.825 0.8501483679525222 0.06166666666666667 0.1513353115727003
0 0.8841666666666667 0.8620178041543026 0.04666666666666667 0.16023738872403562