0 0.8125 0.31008902077151335 0.15166666666666667 0.3560830860534125
0 0.6716666666666666 0.3249258160237389 0.13666666666666666 0.3353115727002967
0 0.5425 0.3397626112759644 0.12666666666666668 0.32344213649851633
0 0.22833333333333333 0.34421364985163205 0.095 0.27299703264094954
0 0.4275 0.3486646884272997 0.09833333333333333 0.3026706231454006
0 0.32166666666666666 0.36053412462908013 0.10166666666666667 0.27596439169139464
0 0.07083333333333333 0.37091988130563797 0.07333333333333333 0.23738872403560832
0 0.020833333333333332 0.3827893175074184 0.041666666666666664 0.24925816023738873
0 0.145 0.3857566765578635 0.075 0.20771513353115728
0 0.21666666666666667 0.6364985163204748 0.09166666666666666 0.32344213649851633
0 0.0575 0.6364985163204748 0.07666666666666666 0.27596439169139464
0 0.135 0.6379821958456974 0.075 0.29080118694362017
0 0.01 0.6439169139465876 0.02 0.26706231454005935
0 0.3175 0.6528189910979229 0.105 0.2878338278931751
0 0.42833333333333334 0.6602373887240356 0.10333333333333333 0.3115727002967359
0 0.6725 0.6632047477744807 0.13666666666666666 0.34421364985163205
0 0.545 0.6646884272997032 0.12666666666666668 0.3293768545994065
0 0.8183333333333334 0.6765578635014837 0.15666666666666668 0.3649851632047478
0 0.9483333333333334 0.6780415430267063 0.09833333333333333 0.40059347181008903
0 0.05333333333333334 0.9332344213649851 0.08666666666666667 0.12759643916913946
0 0.12083333333333333 0.9376854599406528 0.06166666666666667 0.11869436201780416
0 0.17916666666666667 0.9421364985163204 0.06166666666666667 0.10979228486646884
0 0.25666666666666665 0.9451038575667656 0.09333333333333334 0.10385756676557864
0 0.945 0.2818991097922849 0.105 0.3768545994065282