0 0.7158333333333333 0.43768545994065283 0.04833333333333333 0.10979228486646884
0 0.5983333333333334 0.4406528189910979 0.035 0.09792284866468842
0 0.5591666666666667 0.4421364985163205 0.035 0.09198813056379822
0 0.6358333333333334 0.4421364985163205 0.03833333333333333 0.08902077151335312
0 0.5208333333333334 0.44510385756676557 0.03833333333333333 0.08902077151335312
0 0.675 0.44510385756676557 0.03666666666666667 0.09495548961424333
0 0.48583333333333334 0.45103857566765576 0.03 0.08605341246290801
0 0.45 0.4599406528189911 0.03666666666666667 0.08902077151335312
0 0.42083333333333334 0.4658753709198813 0.021666666666666667 0.06231454005934718
0 0.32 0.4792284866468843 0.035 0.08605341246290801
0 0.2575 0.4807121661721068 0.03 0.08605341246290801
0 0.28833333333333333 0.4807121661721068 0.023333333333333334 0.0771513353115727
0 0.39916666666666667 0.4821958456973294 0.03 0.0712166172106825
0 0.23 0.4836795252225519 0.025 0.0830860534124629
0 0.36833333333333335 0.48813056379821956 0.03 0.0830860534124629
0 0.5575 0.5385756676557863 0.03833333333333333 0.10682492581602374
0 0.5966666666666667 0.5385756676557863 0.035 0.09495548961424333
0 0.6341666666666667 0.5415430267062314 0.03666666666666667 0.10385756676557864
0 0.6766666666666666 0.5415430267062314 0.045 0.09792284866468842
0 0.7183333333333334 0.5415430267062314 0.04 0.09792284866468842
0 0.5183333333333333 0.543026706231454 0.04 0.08902077151335312
0 0.48333333333333334 0.5459940652818991 0.03166666666666667 0.09792284866468842
0 0.4475 0.5489614243323442 0.03666666666666667 0.08605341246290801
0 0.4141666666666667 0.5504451038575667 0.03166666666666667 0.08605341246290801
0 0.22166666666666668 0.5623145400593472 0.03 0.08011869436201781
0 0.2791666666666667 0.5637982195845698 0.03333333333333333 0.0830860534124629
0 0.2525 0.5652818991097923 0.02666666666666667 0.0771513353115727
0 0.31666666666666665 0.5652818991097923 0.04 0.08902077151335312
0 0.3883333333333333 0.5652818991097923 0.018333333333333333 0.09198813056379822
0 0.05583333333333333 0.5667655786350149 0.023333333333333334 0.06824925816023739
0 0.030833333333333334 0.56973293768546 0.021666666666666667 0.07418397626112759
0 0.365 0.5756676557863502 0.03 0.08605341246290801
0 0.04583333333333333 0.6335311572700296 0.023333333333333334 0.06824925816023739
0 0.5183333333333333 0.6409495548961425 0.04 0.10089020771513353
0 0.4791666666666667 0.642433234421365 0.03666666666666667 0.09792284866468842
0 0.5933333333333334 0.642433234421365 0.03666666666666667 0.10089020771513353
0 0.6308333333333334 0.642433234421365 0.04 0.09792284866468842
0 0.41333333333333333 0.6439169139465876 0.02666666666666667 0.09792284866468842
0 0.44083333333333335 0.6439169139465876 0.03333333333333333 0.09198813056379822
0 0.555 0.6439169139465876 0.03833333333333333 0.09792284866468842
0 0.6758333333333333 0.6439169139465876 0.045 0.09792284866468842
0 0.7208333333333333 0.6439169139465876 0.04666666666666667 0.09792284866468842
0 0.21333333333333335 0.6454005934718101 0.028333333333333332 0.0830860534124629
0 0.024166666666666666 0.6468842729970327 0.023333333333333334 0.07418397626112759
0 0.345 0.6468842729970327 0.03666666666666667 0.08902077151335312
0 0.24416666666666667 0.6483679525222552 0.028333333333333332 0.0830860534124629
0 0.30833333333333335 0.6483679525222552 0.03833333333333333 0.08902077151335312
0 0.27416666666666667 0.6498516320474778 0.03166666666666667 0.08605341246290801
0 0.3858333333333333 0.6513353115727003 0.021666666666666667 0.0771513353115727
0 0.0425 0.7091988130563798 0.023333333333333334 0.08902077151335312
0 0.016666666666666666 0.7181008902077152 0.02666666666666667 0.0830860534124629
0 0.20666666666666667 0.7759643916913946 0.028333333333333332 0.09198813056379822
0 0.4125 0.7759643916913946 0.04666666666666667 0.10682492581602374
0 0.23583333333333334 0.7774480712166172 0.035 0.09495548961424333
0 0.2683333333333333 0.7804154302670623 0.03 0.09495548961424333
0 0.37166666666666665 0.7818991097922848 0.04 0.09495548961424333
0 0.4608333333333333 0.7818991097922848 0.03833333333333333 0.09792284866468842
0 0.3358333333333333 0.7848664688427299 0.03833333333333333 0.10089020771513353
0 0.30083333333333334 0.7863501483679525 0.03666666666666667 0.09495548961424333
0 0.5025 0.787833827893175 0.03666666666666667 0.09198813056379822
0 0.5416666666666666 0.787833827893175 0.03833333333333333 0.09792284866468842
0 0.5866666666666667 0.787833827893175 0.043333333333333335 0.10089020771513353
0 0.6283333333333333 0.7922848664688428 0.041666666666666664 0.11869436201780416
0 0.7216666666666667 0.7967359050445104 0.05333333333333334 0.11275964391691394
0 0.675 0.8011869436201781 0.045 0.10979228486646884
0 0.03833333333333333 0.8456973293768546 0.025 0.07418397626112759
0 0.014166666666666666 0.8456973293768546 0.025 0.0712166172106825
0 0.09166666666666666 0.8545994065281899 0.025 0.08011869436201781
0 0.11666666666666667 0.8560830860534124 0.021666666666666667 0.0712166172106825
0 0.14166666666666666 0.8590504451038575 0.03166666666666667 0.08011869436201781
0 0.1975 0.8664688427299704 0.035 0.0830860534124629
0 0.2325 0.8679525222551929 0.03166666666666667 0.0830860534124629
0 0.4091666666666667 0.8753709198813057 0.041666666666666664 0.09792284866468842
0 0.2966666666666667 0.8783382789317508 0.028333333333333332 0.09495548961424333
0 0.33 0.8798219584569733 0.03666666666666667 0.09792284866468842
0 0.4575 0.8798219584569733 0.03833333333333333 0.10979228486646884
0 0.265 0.8813056379821959 0.028333333333333332 0.09198813056379822
0 0.36833333333333335 0.8813056379821959 0.03666666666666667 0.09198813056379822
0 0.54 0.8902077151335311 0.041666666666666664 0.10089020771513353
0 0.4975 0.8916913946587537 0.043333333333333335 0.10682492581602374
0 0.5866666666666667 0.8961424332344213 0.043333333333333335 0.11572700296735905
0 0.6291666666666667 0.9065281899109793 0.041666666666666664 0.10089020771513353
0 0.7266666666666667 0.9124629080118695 0.04666666666666667 0.11275964391691394
0 0.6783333333333333 0.9154302670623146 0.04666666666666667 0.10089020771513353
0 0.010833333333333334 0.9213649851632048 0.021666666666666667 0.07418397626112759
0 0.03333333333333333 0.9243323442136498 0.025 0.0771513353115727
0 0.08416666666666667 0.9317507418397626 0.028333333333333332 0.0771513353115727
0 0.0575 0.9332344213649851 0.023333333333333334 0.0712166172106825
0 0.11083333333333334 0.9376854599406528 0.025 0.0771513353115727
0 0.13833333333333334 0.9451038575667656 0.02666666666666667 0.0771513353115727
0 0.225 0.9525222551928784 0.035 0.0830860534124629
0 0.1875 0.9554896142433235 0.035 0.08605341246290801
0 0.2575 0.9584569732937686 0.02666666666666667 0.06528189910979229
0 0.3283333333333333 0.9614243323442137 0.035 0.05934718100890208
0 0.3641666666666667 0.9629080118694362 0.03666666666666667 0.06231454005934718
0 0.29083333333333333 0.9643916913946587 0.035 0.06528189910979229
0 0.4 0.9658753709198813 0.03666666666666667 0.05934718100890208
0 0.4558333333333333 0.9673590504451038 0.041666666666666664 0.05934718100890208
0 0.5408333333333334 0.9688427299703264 0.041666666666666664 0.05637982195845697
0 0.4975 0.9703264094955489 0.045 0.05341246290801187
0 0.5848833333333333 0.9779228486646885 0.04623333333333335 0.04412462908011871