0 0.69 0.29821958456973297 0.07333333333333333 0.2166172106824926
0 0.6166666666666667 0.314540059347181 0.075 0.20178041543026706
0 0.5433333333333333 0.34124629080118696 0.07 0.16913946587537093
0 0.485 0.34718100890207715 0.05333333333333334 0.18100890207715134
0 0.37833333333333335 0.3664688427299703 0.04666666666666667 0.1572700296735905
0 0.42916666666666664 0.36795252225519287 0.045 0.1513353115727003
0 0.3283333333333333 0.38427299703264095 0.043333333333333335 0.1632047477744807
0 0.2825 0.3857566765578635 0.04666666666666667 0.14836795252225518
0 0.23666666666666666 0.39020771513353114 0.03833333333333333 0.14540059347181009
0 0.16583333333333333 0.4020771513353116 0.03666666666666667 0.12166172106824925
0 0.20083333333333334 0.4035608308605341 0.035 0.14540059347181009
0 0.6916666666666667 0.5089020771513353 0.08 0.20178041543026706
0 0.5475 0.5222551928783383 0.06333333333333334 0.18397626112759644
0 0.615 0.5222551928783383 0.065 0.19881305637982197
0 0.4191666666666667 0.5281899109792285 0.05333333333333334 0.17210682492581603
0 0.36833333333333335 0.5341246290801187 0.051666666666666666 0.1632047477744807
0 0.23166666666666666 0.5356083086053413 0.043333333333333335 0.13649851632047477
0 0.4791666666666667 0.5356083086053413 0.058333333333333334 0.1661721068249258
0 0.32416666666666666 0.5370919881305638 0.04666666666666667 0.142433234421365
0 0.27666666666666667 0.5415430267062314 0.045 0.14836795252225518
0 0.15583333333333332 0.5445103857566765 0.03333333333333333 0.1394658753709199
0 0.19416666666666665 0.5459940652818991 0.03833333333333333 0.13649851632047477
0 0.12083333333333333 0.5459940652818991 0.04 0.10089020771513353
0 0.0825 0.7359050445103857 0.028333333333333332 0.11869436201780416
0 0.1125 0.7388724035608308 0.03166666666666667 0.12759643916913946
0 0.14916666666666667 0.7492581602373887 0.03333333333333333 0.14540059347181009
0 0.18416666666666667 0.7566765578635015 0.045 0.14836795252225518
0 0.22333333333333333 0.7670623145400594 0.03833333333333333 0.1572700296735905
0 0.26416666666666666 0.7744807121661721 0.04666666666666667 0.1661721068249258
0 0.31166666666666665 0.7804154302670623 0.041666666666666664 0.16913946587537093
0 0.36333333333333334 0.787833827893175 0.05333333333333334 0.16913946587537093
0 0.4191666666666667 0.8011869436201781 0.056666666666666664 0.17804154302670624
0 0.47833333333333333 0.8056379821958457 0.056666666666666664 0.18100890207715134
0 0.5433333333333333 0.8130563798219584 0.075 0.2195845697329377
0 0.62 0.8353115727002968 0.06833333333333333 0.2314540059347181
0 0.695 0.844213649851632 0.08 0.2344213649851632
0 0.08083333333333333 0.8649851632047477 0.016666666666666666 0.11572700296735905
0 0.10666666666666667 0.8724035608308606 0.03333333333333333 0.12166172106824925
0 0.13916666666666666 0.884272997032641 0.03333333333333333 0.12462908011869436
0 0.17583333333333334 0.8946587537091988 0.045 0.12462908011869436
0 0.2175 0.9154302670623146 0.041666666666666664 0.13353115727002968
0 0.6966666666666667 0.09347181008902077 0.07666666666666666 0.18694362017804153
0 0.25833333333333336 0.9258160237388724 0.043333333333333335 0.13056379821958458
0 0.30416666666666664 0.9347181008902077 0.041666666666666664 0.12759643916913946
0 0.3616666666666667 0.9391691394658753 0.056666666666666664 0.11572700296735905
0 0.4175 0.9465875370919882 0.051666666666666666 0.10089020771513353
0 0.4775 0.9495548961424333 0.06166666666666667 0.09495548961424333
0 0.5441666666666667 0.9584569732937686 0.06 0.07418397626112759
0 0.8108333333333333 0.10534124629080119 0.08333333333333333 0.19287833827893175
0 0.6191666666666666 0.1083086053412463 0.07333333333333333 0.20178041543026706
0 0.555 0.15875370919881307 0.06 0.18694362017804153
0 0.49333333333333335 0.17359050445103857 0.06 0.16023738872403562
0 0.43333333333333335 0.2032640949554896 0.04833333333333333 0.1513353115727003
0 0.3325 0.22403560830860533 0.04666666666666667 0.1572700296735905
0 0.2891666666666667 0.24480712166172106 0.04666666666666667 0.13056379821958458
0 0.24666666666666667 0.25370919881305637 0.03833333333333333 0.13353115727002968
0 0.20583333333333334 0.26112759643916916 0.043333333333333335 0.1394658753709199
0 0.17 0.27299703264094954 0.03833333333333333 0.13353115727002968
0 0.7741666666666667 0.2744807121661721 0.08333333333333333 0.21364985163204747