0 0.6791666666666667 0.3560830860534125 0.125 0.35311572700296734
0 0.5625 0.4050445103857567 0.10666666666666667 0.3115727002967359
0 0.8075 0.4094955489614243 0.10833333333333334 0.34124629080118696
0 0.4625 0.41839762611275966 0.09666666666666666 0.29080118694362017
0 0.36916666666666664 0.4421364985163205 0.08 0.26409495548961426
0 0.29833333333333334 0.46439169139465875 0.065 0.26112759643916916
0 0.23583333333333334 0.4910979228486647 0.051666666666666666 0.23738872403560832
0 0.18166666666666667 0.5014836795252225 0.065 0.2314540059347181
0 0.555 0.7166172106824926 0.10333333333333333 0.314540059347181
0 0.3566666666666667 0.7181008902077152 0.07 0.2818991097922849
0 0.445 0.7181008902077152 0.11333333333333333 0.3026706231454006
0 0.6875 0.7240356083086054 0.135 0.3649851632047478
0 0.2808333333333333 0.7270029673590505 0.07833333333333334 0.24925816023738873
0 0.21416666666666667 0.7314540059347181 0.06333333333333334 0.2403560830860534
0 0.15333333333333332 0.7329376854599406 0.065 0.22255192878338279
0 0.8183333333333334 0.7581602373887241 0.11666666666666667 0.3323442136498516