0 0.8058333333333333 0.4362017804154303 0.17 0.41543026706231456
0 0.9466666666666667 0.4391691394658754 0.10166666666666667 0.41839762611275966
0 0.6308333333333334 0.4540059347181009 0.14333333333333334 0.35311572700296734
0 0.4766666666666667 0.456973293768546 0.155 0.3620178041543027
0 0.3358333333333333 0.47181008902077154 0.14333333333333334 0.3293768545994065
0 0.22833333333333333 0.49258160237388726 0.12666666666666668 0.3086053412462908
0 0.8158333333333333 0.8115727002967359 0.17833333333333334 0.36795252225519287
0 0.45 0.8115727002967359 0.17 0.37091988130563797
0 0.6225 0.8130563798219584 0.165 0.36795252225519287
0 0.30833333333333335 0.8130563798219584 0.16 0.36795252225519287
0 0.19166666666666668 0.8175074183976261 0.13 0.3590504451038576
0 0.9525 0.8234421364985163 0.09166666666666666 0.34718100890207715
0 0.8041666666666667 0.13204747774480713 0.16166666666666665 0.258160237388724
0 0.9458333333333333 0.13501483679525222 0.105 0.27002967359050445
0 0.6366666666666667 0.14985163204747776 0.14 0.29376854599406527
0 0.49583333333333335 0.1513353115727003 0.145 0.3026706231454006
0 0.3625 0.16765578635014836 0.13 0.3056379821958457
0 0.26666666666666666 0.1943620178041543 0.10833333333333334 0.27596439169139464