0 0.5358333333333334 0.29673590504451036 0.03333333333333333 0.08605341246290801
0 0.5716666666666667 0.30415430267062316 0.03833333333333333 0.10089020771513353
0 0.6466666666666666 0.3086053412462908 0.03166666666666667 0.10385756676557864
0 0.6791666666666667 0.3086053412462908 0.028333333333333332 0.10089020771513353
0 0.6116666666666667 0.3115727002967359 0.03666666666666667 0.09495548961424333
0 0.7066666666666667 0.3219584569732938 0.03 0.10089020771513353
0 0.7366666666666667 0.327893175074184 0.02666666666666667 0.09495548961424333
0 0.7658333333333334 0.33086053412462907 0.03166666666666667 0.09495548961424333
0 0.25416666666666665 0.36053412462908013 0.04666666666666667 0.13353115727002968
0 0.305 0.3664688427299703 0.04833333333333333 0.12462908011869436
0 0.36 0.36795252225519287 0.05 0.12759643916913946
0 0.4475 0.38130563798219586 0.041666666666666664 0.12166172106824925
0 0.4075 0.3827893175074184 0.043333333333333335 0.12166172106824925
0 0.4866666666666667 0.040059347181008904 0.04 0.07418397626112759
0 0.4925 0.39465875370919884 0.041666666666666664 0.12759643916913946
0 0.5341666666666667 0.3961424332344214 0.04 0.11275964391691394
0 0.57 0.4065281899109792 0.03 0.10089020771513353
0 0.61 0.4124629080118694 0.04 0.09792284866468842
0 0.6458333333333334 0.413946587537092 0.02666666666666667 0.10979228486646884
0 0.6766666666666666 0.4169139465875371 0.03 0.10682492581602374
0 0.71 0.4287833827893175 0.02666666666666667 0.10385756676557864
0 0.74 0.43026706231454004 0.03166666666666667 0.09792284866468842
0 0.77 0.4332344213649852 0.03333333333333333 0.08902077151335312
0 0.5275 0.04747774480712166 0.045 0.08605341246290801
0 0.5666666666666667 0.5311572700296736 0.03 0.08011869436201781
0 0.5308333333333334 0.5341246290801187 0.035 0.09198813056379822
0 0.5691666666666667 0.05934718100890208 0.03333333333333333 0.09792284866468842
0 0.4475 0.6097922848664689 0.051666666666666666 0.12166172106824925
0 0.3575 0.6112759643916914 0.05333333333333334 0.13353115727002968
0 0.7083333333333334 0.6112759643916914 0.03333333333333333 0.10979228486646884
0 0.7716666666666666 0.612759643916914 0.02666666666666667 0.09198813056379822
0 0.21583333333333332 0.615727002967359 0.02 0.13649851632047477
0 0.255 0.615727002967359 0.05 0.12462908011869436
0 0.30666666666666664 0.615727002967359 0.051666666666666666 0.13056379821958458
0 0.4041666666666667 0.615727002967359 0.045 0.12462908011869436
0 0.6091666666666666 0.615727002967359 0.03833333333333333 0.10385756676557864
0 0.6766666666666666 0.615727002967359 0.03166666666666667 0.10682492581602374
0 0.7416666666666667 0.615727002967359 0.025 0.08902077151335312
0 0.5675 0.6172106824925816 0.03166666666666667 0.08902077151335312
0 0.6458333333333334 0.6172106824925816 0.03166666666666667 0.10385756676557864
0 0.5316666666666666 0.6246290801186943 0.03666666666666667 0.08605341246290801
0 0.6058333333333333 0.06676557863501484 0.03333333333333333 0.10089020771513353
0 0.7675 0.7091988130563798 0.028333333333333332 0.09792284866468842
0 0.7391666666666666 0.7151335311572701 0.028333333333333332 0.09495548961424333
0 0.7083333333333334 0.7181008902077152 0.03166666666666667 0.10979228486646884
0 0.6441666666666667 0.7240356083086054 0.03 0.09792284866468842
0 0.6075 0.7270029673590505 0.03 0.11869436201780416
0 0.6783333333333333 0.7270029673590505 0.03166666666666667 0.10089020771513353
0 0.5291666666666667 0.7299703264094956 0.04666666666666667 0.12166172106824925
0 0.44416666666666665 0.7314540059347181 0.04666666666666667 0.12166172106824925
0 0.5716666666666667 0.7344213649851632 0.03666666666666667 0.12462908011869436
0 0.4 0.7403560830860534 0.04833333333333333 0.12759643916913946
0 0.355 0.7418397626112759 0.04666666666666667 0.12759643916913946
0 0.30083333333333334 0.7462908011869436 0.055 0.13649851632047477
0 0.25 0.7507418397626113 0.045 0.142433234421365
0 0.21416666666666667 0.7566765578635015 0.018333333333333333 0.142433234421365
0 0.6416666666666667 0.07863501483679525 0.035 0.10089020771513353
0 0.7666666666666667 0.798219584569733 0.028333333333333332 0.0771513353115727
0 0.7416666666666667 0.8100890207715133 0.028333333333333332 0.0830860534124629
0 0.7108333333333333 0.8204747774480712 0.03 0.10682492581602374
0 0.645 0.827893175074184 0.035 0.11275964391691394
0 0.6791666666666667 0.8308605341246291 0.035 0.10385756676557864
0 0.6075 0.841246290801187 0.04 0.10385756676557864
0 0.5741666666666667 0.8471810089020771 0.03166666666666667 0.10682492581602374
0 0.5333333333333333 0.857566765578635 0.03833333333333333 0.10682492581602374
0 0.44333333333333336 0.8620178041543026 0.043333333333333335 0.12759643916913946
0 0.495 0.8694362017804155 0.03833333333333333 0.09495548961424333
0 0.35083333333333333 0.8724035608308606 0.051666666666666666 0.13649851632047477
0 0.40166666666666667 0.8724035608308606 0.04666666666666667 0.12759643916913946
0 0.30333333333333334 0.8857566765578635 0.05333333333333334 0.13649851632047477
0 0.25083333333333335 0.8916913946587537 0.04666666666666667 0.13353115727002968
0 0.21416666666666667 0.900593471810089 0.02 0.13649851632047477
0 0.25833333333333336 0.22255192878338279 0.04833333333333333 0.13353115727002968
0 0.3075 0.23293768545994065 0.04666666666666667 0.13649851632047477
0 0.3566666666666667 0.24629080118694363 0.04666666666666667 0.12462908011869436
0 0.4058333333333333 0.25667655786350146 0.043333333333333335 0.12462908011869436
0 0.4508333333333333 0.2685459940652819 0.045 0.12166172106824925
0 0.49666666666666665 0.2789317507418398 0.04 0.11869436201780416