0 0.19416666666666665 0.06676557863501484 0.043333333333333335 0.12462908011869436
0 0.18833333333333332 0.1943620178041543 0.04666666666666667 0.12166172106824925
0 0.18666666666666668 0.31602373887240354 0.05333333333333334 0.11869436201780416
0 0.6841666666666667 0.5089020771513353 0.05 0.11572700296735905
0 0.6866666666666666 0.6320474777448071 0.04833333333333333 0.12462908011869436
0 0.6883333333333334 0.7566765578635015 0.051666666666666666 0.12462908011869436
0 0.24333333333333335 0.06528189910979229 0.043333333333333335 0.12759643916913946
0 0.24416666666666667 0.18694362017804153 0.05 0.12166172106824925
0 0.2975 0.07270029673590504 0.056666666666666664 0.10682492581602374
0 0.29833333333333334 0.1884272997032641 0.04666666666666667 0.11869436201780416
0 0.24166666666666667 0.31750741839762614 0.04666666666666667 0.11869436201780416
0 0.29833333333333334 0.31750741839762614 0.05333333333333334 0.11275964391691394
0 0.5975 0.2032640949554896 0.043333333333333335 0.11572700296735905
0 0.5941666666666666 0.08160237388724036 0.045 0.12759643916913946
0 0.64 0.07566765578635015 0.045 0.12759643916913946
0 0.6858333333333333 0.0830860534124629 0.043333333333333335 0.12462908011869436
0 0.7333333333333333 0.08011869436201781 0.043333333333333335 0.12166172106824925
0 0.7825 0.09792284866468842 0.03833333333333333 0.10979228486646884
0 0.8291666666666667 0.10237388724035608 0.03666666666666667 0.10385756676557864
0 0.8708333333333333 0.09643916913946587 0.04666666666666667 0.10385756676557864
0 0.6416666666666667 0.20029673590504452 0.045 0.11572700296735905
0 0.6891666666666667 0.20474777448071216 0.04666666666666667 0.11869436201780416
0 0.7358333333333333 0.19881305637982197 0.04666666666666667 0.13056379821958458
0 0.7858333333333334 0.21068249258160238 0.045 0.11869436201780416
0 0.8291666666666667 0.20771513353115728 0.041666666666666664 0.11572700296735905
0 0.875 0.20771513353115728 0.04833333333333333 0.11275964391691394
0 0.5983333333333334 0.31750741839762614 0.041666666666666664 0.11572700296735905
0 0.645 0.32344213649851633 0.04833333333333333 0.12462908011869436
0 0.6925 0.327893175074184 0.04666666666666667 0.11572700296735905
0 0.7425 0.3293768545994065 0.04833333333333333 0.13056379821958458
0 0.7891666666666667 0.3293768545994065 0.05 0.11275964391691394
0 0.8358333333333333 0.3293768545994065 0.045 0.12462908011869436
0 0.885 0.327893175074184 0.045 0.11572700296735905
0 0.3491666666666667 0.0771513353115727 0.04666666666666667 0.11572700296735905
0 0.39916666666666667 0.11275964391691394 0.04666666666666667 0.11275964391691394
0 0.4475 0.1142433234421365 0.041666666666666664 0.10979228486646884
0 0.34833333333333333 0.1943620178041543 0.04833333333333333 0.11275964391691394
0 0.4 0.21216617210682492 0.04666666666666667 0.09792284866468842
0 0.4475 0.22255192878338279 0.04 0.10979228486646884
0 0.4483333333333333 0.33086053412462907 0.043333333333333335 0.10385756676557864
0 0.34833333333333333 0.314540059347181 0.04833333333333333 0.11572700296735905
0 0.3975 0.3219584569732938 0.04833333333333333 0.10979228486646884
0 0.495 0.09643916913946587 0.043333333333333335 0.08902077151335312
0 0.5391666666666667 0.0771513353115727 0.051666666666666666 0.12759643916913946
0 0.49666666666666665 0.2062314540059347 0.04666666666666667 0.12166172106824925
0 0.5425 0.20178041543026706 0.05333333333333334 0.13353115727002968
0 0.49666666666666665 0.3249258160237389 0.04666666666666667 0.11869436201780416
0 0.5475 0.32344213649851633 0.05 0.11572700296735905
0 0.185 0.4970326409495549 0.051666666666666666 0.13353115727002968
0 0.1825 0.6275964391691394 0.05 0.13056379821958458
0 0.175 0.755192878338279 0.058333333333333334 0.13353115727002968
0 0.23833333333333334 0.4940652818991098 0.051666666666666666 0.13353115727002968
0 0.23333333333333334 0.6275964391691394 0.05333333333333334 0.13056379821958458
0 0.23166666666666666 0.7611275964391692 0.05333333333333334 0.14540059347181009
0 0.17666666666666667 0.9436201780415431 0.04833333333333333 0.09792284866468842
0 0.23083333333333333 0.9451038575667656 0.05333333333333334 0.10682492581602374
0 0.29 0.9436201780415431 0.05333333333333334 0.10682492581602374
0 0.345 0.9362017804154302 0.056666666666666664 0.11275964391691394
0 0.2941666666666667 0.4970326409495549 0.05333333333333334 0.12759643916913946
0 0.34833333333333333 0.5044510385756676 0.055 0.12166172106824925
0 0.4041666666666667 0.5029673590504451 0.05 0.12759643916913946
0 0.4558333333333333 0.5014836795252225 0.051666666666666666 0.1394658753709199
0 0.5091666666666667 0.49258160237388726 0.04666666666666667 0.12759643916913946
0 0.29333333333333333 0.6305637982195845 0.05 0.13649851632047477
0 0.3441666666666667 0.6231454005934718 0.056666666666666664 0.12462908011869436
0 0.40166666666666667 0.6335311572700296 0.051666666666666666 0.12462908011869436
0 0.45416666666666666 0.6335311572700296 0.051666666666666666 0.12166172106824925
0 0.5083333333333333 0.6216617210682492 0.06 0.13649851632047477
0 0.2916666666666667 0.7670623145400594 0.05 0.12759643916913946
0 0.345 0.7626112759643917 0.051666666666666666 0.1394658753709199
0 0.4008333333333333 0.7611275964391692 0.058333333333333334 0.13056379821958458
0 0.455 0.7626112759643917 0.04666666666666667 0.13649851632047477
0 0.5075 0.7626112759643917 0.06 0.13056379821958458
0 0.5758333333333333 0.5059347181008902 0.04666666666666667 0.11572700296735905
0 0.6291666666666667 0.5059347181008902 0.051666666666666666 0.12759643916913946
0 0.5791666666666667 0.6320474777448071 0.04666666666666667 0.11572700296735905
0 0.6291666666666667 0.6305637982195845 0.051666666666666666 0.11572700296735905
0 0.5866666666666667 0.7537091988130564 0.045 0.13353115727002968
0 0.6325 0.7522255192878339 0.04666666666666667 0.12462908011869436
0 0.735 0.5103857566765578 0.05 0.12462908011869436
0 0.7358333333333333 0.6320474777448071 0.055 0.12759643916913946
0 0.7425 0.7626112759643917 0.055 0.12166172106824925
0 0.40166666666666667 0.9362017804154302 0.05333333333333334 0.10979228486646884
0 0.45916666666666667 0.9406528189910979 0.055 0.11275964391691394
0 0.5125 0.9332344213649851 0.055 0.12759643916913946
0 0.5791666666666667 0.9421364985163204 0.04833333333333333 0.10979228486646884
0 0.8866666666666667 0.5103857566765578 0.04833333333333333 0.12462908011869436
0 0.8933333333333333 0.6335311572700296 0.04666666666666667 0.11275964391691394
0 0.8941666666666667 0.7537091988130564 0.051666666666666666 0.12462908011869436
0 0.7883333333333333 0.5029673590504451 0.04666666666666667 0.12462908011869436
0 0.8391666666666666 0.5074183976261127 0.05 0.11572700296735905
0 0.7908333333333334 0.6305637982195845 0.05 0.12462908011869436
0 0.8441666666666666 0.6261127596439169 0.051666666666666666 0.11572700296735905
0 0.7991666666666667 0.7581602373887241 0.05333333333333334 0.13056379821958458
0 0.8433333333333334 0.7462908011869436 0.04 0.12759643916913946