0 0.1661721068249258 0.17333333333333334 0.05637982195845697 0.06
0 0.13056379821958458 0.1825 0.04451038575667656 0.05333333333333334
0 0.36350148367952523 0.18416666666666667 0.06528189910979229 0.06
0 0.7388724035608308 0.18416666666666667 0.11275964391691394 0.08666666666666667
0 0.08902077151335312 0.19333333333333333 0.04154302670623145 0.058333333333333334
0 0.3264094955489614 0.19916666666666666 0.03857566765578635 0.056666666666666664
0 0.05341246290801187 0.20416666666666666 0.04154302670623145 0.06166666666666667
0 0.5741839762611276 0.20833333333333334 0.08011869436201781 0.08666666666666667
0 0.6513353115727003 0.2125 0.07418397626112759 0.06666666666666667
0 0.019287833827893175 0.21333333333333335 0.03857566765578635 0.055
0 0.2344213649851632 0.2225 0.08011869436201781 0.06
0 0.5029673590504451 0.22416666666666665 0.08605341246290801 0.085
0 0.18545994065281898 0.23083333333333333 0.050445103857566766 0.05333333333333334
0 0.14094955489614244 0.23666666666666666 0.04451038575667656 0.051666666666666666
0 0.4317507418397626 0.24083333333333334 0.06824925816023739 0.07333333333333333
0 0.10237388724035608 0.24666666666666667 0.050445103857566766 0.058333333333333334
0 0.3768545994065282 0.2525 0.06824925816023739 0.07166666666666667
0 0.06528189910979229 0.25916666666666666 0.04747774480712166 0.05333333333333334
0 0.33382789317507416 0.2633333333333333 0.03857566765578635 0.06
0 0.032640949554896145 0.2675 0.03857566765578635 0.05
0 0.011869436201780416 0.2708333333333333 0.020771513353115726 0.05333333333333334
0 0.24183976261127596 0.2783333333333333 0.0830860534124629 0.06166666666666667
0 0.1884272997032641 0.28833333333333333 0.04747774480712166 0.056666666666666664
0 0.1513353115727003 0.29333333333333333 0.04747774480712166 0.056666666666666664
0 0.6750741839762612 0.29833333333333334 0.08011869436201781 0.08666666666666667
0 0.11572700296735905 0.30083333333333334 0.050445103857566766 0.04833333333333333
0 0.7611275964391692 0.3016666666666667 0.09198813056379822 0.06333333333333334
0 0.07418397626112759 0.31 0.04451038575667656 0.05333333333333334
0 0.5979228486646885 0.31166666666666665 0.08011869436201781 0.075
0 0.037091988130563795 0.3175 0.03560830860534125 0.045
0 0.01483679525222552 0.32083333333333336 0.02967359050445104 0.045
0 0.5341246290801187 0.3225 0.08011869436201781 0.07666666666666666
0 0.4629080118694362 0.3258333333333333 0.06528189910979229 0.065
0 0.4094955489614243 0.3575 0.03857566765578635 0.05
0 0.15875370919881307 0.37 0.07418397626112759 0.051666666666666666
0 0.10385756676557864 0.375 0.03560830860534125 0.05
0 0.06973293768545995 0.37666666666666665 0.04154302670623145 0.04666666666666667
0 0.771513353115727 0.37833333333333335 0.11275964391691394 0.08666666666666667
0 0.6765578635014837 0.38416666666666666 0.07418397626112759 0.08166666666666667
0 0.6083086053412463 0.3875 0.0712166172106825 0.07666666666666666
0 0.5400593471810089 0.3958333333333333 0.0712166172106825 0.07
0 0.4658753709198813 0.39666666666666667 0.06824925816023739 0.07166666666666667
0 0.36350148367952523 0.4041666666666667 0.05341246290801187 0.06166666666666667
0 0.30712166172106825 0.41083333333333333 0.04451038575667656 0.058333333333333334
0 0.4094955489614243 0.41083333333333333 0.04747774480712166 0.04666666666666667
0 0.2596439169139466 0.4125 0.04747774480712166 0.058333333333333334
0 0.2062314540059347 0.4216666666666667 0.07418397626112759 0.056666666666666664
0 0.15281899109792285 0.425 0.04747774480712166 0.051666666666666666
0 0.11275964391691394 0.4266666666666667 0.04154302670623145 0.05
0 0.07566765578635015 0.42833333333333334 0.03857566765578635 0.04833333333333333
0 0.04302670623145401 0.43 0.02967359050445104 0.04833333333333333
0 0.7700296735905044 0.4633333333333333 0.11572700296735905 0.08333333333333333
0 0.6112759643916914 0.465 0.0712166172106825 0.075
0 0.685459940652819 0.4666666666666667 0.0771513353115727 0.07666666666666666
0 0.543026706231454 0.4683333333333333 0.06824925816023739 0.07166666666666667
0 0.47774480712166173 0.4691666666666667 0.0712166172106825 0.06833333333333333
0 0.3649851632047478 0.4708333333333333 0.05637982195845697 0.06833333333333333
0 0.4169139465875371 0.4708333333333333 0.04747774480712166 0.06666666666666667
0 0.26706231454005935 0.4725 0.04747774480712166 0.06
0 0.314540059347181 0.475 0.050445103857566766 0.06166666666666667
0 0.21216617210682492 0.47833333333333333 0.0712166172106825 0.06
0 0.1543026706231454 0.47833333333333333 0.05341246290801187 0.056666666666666664
0 0.05489614243323442 0.4791666666666667 0.03857566765578635 0.05
0 0.1142433234421365 0.48 0.03857566765578635 0.055
0 0.08456973293768547 0.48 0.04451038575667656 0.05333333333333334
0 0.019287833827893175 0.48083333333333333 0.03857566765578635 0.05
0 0.03857566765578635 0.5408333333333334 0.050445103857566766 0.04666666666666667
0 0.008902077151335312 0.5425 0.017804154302670624 0.051666666666666666
0 0.10979228486646884 0.5458333333333333 0.07418397626112759 0.055
0 0.19881305637982197 0.5466666666666666 0.04451038575667656 0.05333333333333334
0 0.3056379821958457 0.5475 0.06528189910979229 0.06
0 0.37833827893175076 0.5483333333333333 0.05934718100890208 0.06
0 0.24629080118694363 0.5491666666666667 0.05341246290801187 0.06
0 0.4391691394658754 0.5516666666666666 0.05934718100890208 0.06
0 0.5029673590504451 0.5533333333333333 0.06528189910979229 0.06833333333333333
0 0.5741839762611276 0.555 0.07418397626112759 0.07333333333333333
0 0.6468842729970327 0.5608333333333333 0.07418397626112759 0.07
0 0.04896142433234421 0.5883333333333334 0.05934718100890208 0.04666666666666667
0 0.013353115727002967 0.5883333333333334 0.026706231454005934 0.045
0 0.7195845697329377 0.5916666666666667 0.05934718100890208 0.06666666666666667
0 0.7908011869436202 0.5958333333333333 0.08011869436201781 0.06833333333333333
0 0.09792284866468842 0.5958333333333333 0.04451038575667656 0.04833333333333333
0 0.14985163204747776 0.5983333333333334 0.06824925816023739 0.051666666666666666
0 0.20771513353115728 0.6008333333333333 0.04154302670623145 0.055
0 0.25370919881305637 0.6083333333333333 0.04747774480712166 0.056666666666666664
0 0.314540059347181 0.6108333333333333 0.07418397626112759 0.06166666666666667
0 0.38724035608308605 0.6166666666666667 0.06231454005934718 0.07
0 0.45103857566765576 0.6208333333333333 0.05637982195845697 0.07166666666666667
0 0.5089020771513353 0.6241666666666666 0.05637982195845697 0.06833333333333333
0 0.5727002967359051 0.6316666666666667 0.06824925816023739 0.07166666666666667
0 0.016320474777448073 0.635 0.032640949554896145 0.043333333333333335
0 0.6498516320474778 0.6366666666666667 0.0771513353115727 0.08333333333333333
0 0.05192878338278932 0.6375 0.05934718100890208 0.04833333333333333
0 0.10237388724035608 0.6466666666666666 0.032640949554896145 0.05
0 0.14836795252225518 0.65 0.06528189910979229 0.051666666666666666
0 0.7225519287833828 0.6608333333333334 0.06231454005934718 0.07
0 0.21216617210682492 0.6616666666666666 0.04747774480712166 0.055
0 0.25667655786350146 0.6683333333333333 0.05934718100890208 0.055
0 0.7952522255192879 0.6691666666666667 0.0830860534124629 0.075
0 0.32047477744807124 0.6716666666666666 0.06528189910979229 0.05333333333333334
0 0.04154302670623145 0.6841666666666667 0.03560830860534125 0.03
0 0.3916913946587537 0.6858333333333333 0.06231454005934718 0.06666666666666667
0 0.0712166172106825 0.6883333333333334 0.02373887240356083 0.028333333333333332
0 0.45548961424332346 0.6925 0.05934718100890208 0.065
0 0.10385756676557864 0.6925 0.04747774480712166 0.028333333333333332
0 0.5148367952522255 0.6958333333333333 0.06824925816023739 0.07166666666666667
0 0.5816023738872403 0.705 0.06528189910979229 0.07166666666666667
0 0.01483679525222552 0.705 0.02967359050445104 0.03333333333333333
0 0.17804154302670624 0.7066666666666667 0.026706231454005934 0.03166666666666667
0 0.2166172106824926 0.7108333333333333 0.05637982195845697 0.03166666666666667
0 0.6305637982195845 0.0725 0.0712166172106825 0.065
0 0.655786350148368 0.7183333333333334 0.08011869436201781 0.08
0 0.09643916913946587 0.7241666666666666 0.032640949554896145 0.03333333333333333
0 0.7299703264094956 0.7325 0.05341246290801187 0.07
0 0.1543026706231454 0.735 0.03560830860534125 0.03833333333333333
0 0.00741839762611276 0.7383333333333333 0.01483679525222552 0.03
0 0.02373887240356083 0.7408333333333333 0.020771513353115726 0.03166666666666667
0 0.18100890207715134 0.7408333333333333 0.032640949554896145 0.03666666666666667
0 0.8041543026706232 0.7416666666666667 0.0830860534124629 0.07
0 0.21810089020771514 0.7441666666666666 0.05934718100890208 0.035
0 0.04747774480712166 0.7466666666666667 0.032640949554896145 0.028333333333333332
0 0.07566765578635015 0.7516666666666667 0.03560830860534125 0.03
0 0.1142433234421365 0.7708333333333334 0.05637982195845697 0.041666666666666664
0 0.18100890207715134 0.7766666666666666 0.02967359050445104 0.03666666666666667
0 0.14391691394658754 0.7783333333333333 0.05637982195845697 0.043333333333333335
0 0.050445103857566766 0.78 0.02967359050445104 0.03166666666666667
0 0.2195845697329377 0.78 0.04747774480712166 0.04
0 0.0771513353115727 0.7833333333333333 0.032640949554896145 0.03
0 0.10237388724035608 0.8091666666666667 0.032640949554896145 0.035
0 0.18545994065281898 0.8125 0.02967359050445104 0.041666666666666664
0 0.14540059347181009 0.8166666666666667 0.05934718100890208 0.035
0 0.21216617210682492 0.82 0.02967359050445104 0.03666666666666667
0 0.46439169139465875 0.84 0.05637982195845697 0.06
0 0.4688427299703264 0.9066666666666666 0.05637982195845697 0.06833333333333333
0 0.7270029673590505 0.09416666666666666 0.11869436201780416 0.08666666666666667
0 0.5682492581602374 0.12333333333333334 0.07418397626112759 0.08166666666666667
0 0.642433234421365 0.14083333333333334 0.0712166172106825 0.06833333333333333
0 0.48813056379821956 0.14333333333333334 0.08011869436201781 0.075
0 0.4228486646884273 0.16416666666666666 0.0712166172106825 0.07333333333333333
0 0.22255192878338279 0.16583333333333333 0.07418397626112759 0.06333333333333334