0 0.37083333333333335 0.43555555555555553 0.045 0.06444444444444444
0 0.6875 0.46 0.04666666666666667 0.06
0 0.03 0.4855555555555556 0.055 0.08
0 0.0875 0.4888888888888889 0.05333333333333334 0.08
0 0.31583333333333335 0.49777777777777776 0.045 0.06888888888888889
0 0.37083333333333335 0.5 0.043333333333333335 0.06888888888888889
0 0.6441666666666667 0.5177777777777778 0.04666666666666667 0.06444444444444444
0 0.7008333333333333 0.5233333333333333 0.043333333333333335 0.06666666666666667
0 0.4825 0.5311111111111111 0.043333333333333335 0.06666666666666667
0 0.4275 0.5322222222222223 0.045 0.06444444444444444
0 0.021666666666666667 0.5633333333333334 0.043333333333333335 0.08444444444444445
0 0.07333333333333333 0.5688888888888889 0.06333333333333334 0.09333333333333334
0 0.31083333333333335 0.5755555555555556 0.05333333333333334 0.08
0 0.37 0.5755555555555556 0.04833333333333333 0.07555555555555556
0 0.14166666666666666 0.5777777777777777 0.04833333333333333 0.08888888888888889
0 0.6508333333333334 0.5833333333333334 0.045 0.06
0 0.26166666666666666 0.5877777777777777 0.035 0.05555555555555555
0 0.7041666666666667 0.5877777777777777 0.051666666666666666 0.07777777777777778
0 0.42833333333333334 0.59 0.05 0.07333333333333333
0 0.4841666666666667 0.5955555555555555 0.04666666666666667 0.07555555555555556