0 0.9266666666666666 0.027777777777777776 0.07166666666666667 0.051111111111111114
0 0.8533333333333334 0.03 0.06 0.057777777777777775
0 0.9825 0.2911111111111111 0.03166666666666667 0.12
0 0.9266666666666666 0.2922222222222222 0.07333333333333333 0.12666666666666668
0 0.8525 0.29555555555555557 0.065 0.1111111111111111
0 0.7808333333333334 0.29777777777777775 0.06 0.10888888888888888
0 0.7133333333333334 0.3022222222222222 0.065 0.10888888888888888
0 0.59 0.31 0.055 0.11555555555555555
0 0.6516666666666666 0.31 0.058333333333333334 0.11777777777777777
0 0.5333333333333333 0.31333333333333335 0.05333333333333334 0.10666666666666667
0 0.3308333333333333 0.31666666666666665 0.04 0.09777777777777778
0 0.47833333333333333 0.31666666666666665 0.051666666666666666 0.10222222222222223
0 0.4175 0.32 0.05 0.10222222222222223
0 0.2866666666666667 0.3244444444444444 0.043333333333333335 0.09777777777777778
0 0.2425 0.3288888888888889 0.04833333333333333 0.10222222222222223
0 0.09666666666666666 0.33111111111111113 0.043333333333333335 0.09111111111111111
0 0.19416666666666665 0.3333333333333333 0.045 0.09555555555555556
0 0.05583333333333333 0.33444444444444443 0.041666666666666664 0.09111111111111111
0 0.0175 0.33555555555555555 0.03166666666666667 0.08888888888888889
0 0.14583333333333334 0.33555555555555555 0.041666666666666664 0.08888888888888889
0 0.7866666666666666 0.03666666666666667 0.06166666666666667 0.06666666666666667
0 0.7183333333333334 0.03888888888888889 0.06166666666666667 0.07555555555555556
0 0.9808333333333333 0.41555555555555557 0.03333333333333333 0.12222222222222222
0 0.7825 0.4177777777777778 0.06166666666666667 0.12222222222222222
0 0.9283333333333333 0.41888888888888887 0.06333333333333334 0.12
0 0.33 0.42 0.03666666666666667 0.10444444444444445
0 0.855 0.42 0.06666666666666667 0.12444444444444444
0 0.6541666666666667 0.042222222222222223 0.056666666666666664 0.08444444444444445
0 0.6558333333333334 0.42444444444444446 0.06 0.10666666666666667
0 0.7191666666666666 0.42444444444444446 0.06166666666666667 0.12
0 0.2891666666666667 0.4255555555555556 0.04666666666666667 0.1
0 0.5341666666666667 0.4255555555555556 0.05 0.10444444444444445
0 0.5925 0.4255555555555556 0.055 0.10666666666666667
0 0.42 0.4266666666666667 0.051666666666666666 0.10888888888888888
0 0.24083333333333334 0.42777777777777776 0.04666666666666667 0.09333333333333334
0 0.4766666666666667 0.4288888888888889 0.05 0.10666666666666667
0 0.015833333333333335 0.4288888888888889 0.028333333333333332 0.09555555555555556
0 0.10083333333333333 0.43 0.05 0.1
0 0.14833333333333334 0.4311111111111111 0.04666666666666667 0.09555555555555556
0 0.05416666666666667 0.43222222222222223 0.045 0.09555555555555556
0 0.195 0.43666666666666665 0.04666666666666667 0.09777777777777778
0 0.59 0.04555555555555556 0.051666666666666666 0.08222222222222222
0 0.5316666666666666 0.04777777777777778 0.051666666666666666 0.09111111111111111
0 0.4791666666666667 0.056666666666666664 0.055 0.09555555555555556
0 0.1075 0.5655555555555556 0.03666666666666667 0.09111111111111111
0 0.14916666666666667 0.5655555555555556 0.045 0.08666666666666667
0 0.020833333333333332 0.5677777777777778 0.03833333333333333 0.09777777777777778
0 0.245 0.5677777777777778 0.04833333333333333 0.1
0 0.0625 0.5688888888888889 0.043333333333333335 0.10222222222222223
0 0.19416666666666665 0.57 0.043333333333333335 0.09111111111111111
0 0.335 0.5711111111111111 0.041666666666666664 0.1
0 0.4241666666666667 0.5744444444444444 0.058333333333333334 0.1
0 0.2925 0.5755555555555556 0.043333333333333335 0.10222222222222223
0 0.49416666666666664 0.5755555555555556 0.06 0.09777777777777778
0 0.415 0.058888888888888886 0.04833333333333333 0.08666666666666667
0 0.6175 0.5811111111111111 0.056666666666666664 0.1111111111111111
0 0.6766666666666666 0.5844444444444444 0.051666666666666666 0.11777777777777777
0 0.5575 0.5855555555555556 0.05333333333333334 0.10666666666666667
0 0.7416666666666667 0.59 0.06166666666666667 0.1111111111111111
0 0.815 0.5955555555555555 0.06 0.11777777777777777
0 0.9616666666666667 0.5955555555555555 0.07333333333333333 0.12
0 0.885 0.5977777777777777 0.07 0.1288888888888889
0 0.3308333333333333 0.06555555555555556 0.03666666666666667 0.10444444444444445
0 0.15166666666666667 0.6566666666666666 0.03666666666666667 0.09777777777777778
0 0.018333333333333333 0.6611111111111111 0.03666666666666667 0.08888888888888889
0 0.11 0.6611111111111111 0.045 0.09555555555555556
0 0.19333333333333333 0.6644444444444444 0.041666666666666664 0.1
0 0.060833333333333336 0.6655555555555556 0.04666666666666667 0.09333333333333334
0 0.24083333333333334 0.6722222222222223 0.045 0.09555555555555556
0 0.425 0.6777777777777778 0.05 0.10444444444444445
0 0.2925 0.6788888888888889 0.04666666666666667 0.10444444444444445
0 0.3358333333333333 0.6788888888888889 0.03833333333333333 0.10666666666666667
0 0.4925 0.6822222222222222 0.05333333333333334 0.10444444444444445
0 0.6133333333333333 0.6944444444444444 0.056666666666666664 0.1111111111111111
0 0.555 0.6966666666666667 0.05333333333333334 0.10444444444444445
0 0.6783333333333333 0.7033333333333334 0.06166666666666667 0.11333333333333333
0 0.7458333333333333 0.7044444444444444 0.06333333333333334 0.12222222222222222
0 0.8125 0.71 0.06333333333333334 0.11555555555555555
0 0.9625 0.7211111111111111 0.06666666666666667 0.12222222222222222
0 0.885 0.7233333333333334 0.07166666666666667 0.11333333333333333
0 0.28583333333333333 0.07666666666666666 0.04666666666666667 0.10444444444444445
0 0.01 0.7833333333333333 0.02 0.08444444444444445
0 0.08916666666666667 0.7933333333333333 0.03833333333333333 0.08888888888888889
0 0.04583333333333333 0.7955555555555556 0.043333333333333335 0.09111111111111111
0 0.13333333333333333 0.7988888888888889 0.045 0.09555555555555556
0 0.18 0.8077777777777778 0.04666666666666667 0.1
0 0.23166666666666666 0.8088888888888889 0.04666666666666667 0.10222222222222223
0 0.2825 0.8166666666666667 0.04833333333333333 0.10666666666666667
0 0.3333333333333333 0.82 0.041666666666666664 0.1
0 0.23416666666666666 0.08333333333333333 0.04666666666666667 0.10222222222222223
0 0.42333333333333334 0.8355555555555556 0.04833333333333333 0.11333333333333333
0 0.4775 0.8388888888888889 0.056666666666666664 0.11333333333333333
0 0.5383333333333333 0.8511111111111112 0.058333333333333334 0.11777777777777777
0 0.6025 0.8611111111111112 0.058333333333333334 0.12222222222222222
0 0.6675 0.8644444444444445 0.05333333333333334 0.12
0 0.7316666666666667 0.8755555555555555 0.06166666666666667 0.11777777777777777
0 0.014166666666666666 0.8788888888888889 0.028333333333333332 0.08888888888888889
0 0.8016666666666666 0.8811111111111111 0.07 0.12444444444444444
0 0.08583333333333333 0.8811111111111111 0.041666666666666664 0.06444444444444444
0 0.04583333333333333 0.8822222222222222 0.03833333333333333 0.08
0 0.8733333333333333 0.8911111111111111 0.06333333333333334 0.1288888888888889
0 0.33 0.8966666666666666 0.043333333333333335 0.05333333333333334
0 0.945 0.8977777777777778 0.07333333333333333 0.12666666666666668
0 0.13 0.9011111111111111 0.045 0.08888888888888889
0 0.2841666666666667 0.9022222222222223 0.04 0.051111111111111114
0 0.17833333333333334 0.9033333333333333 0.04666666666666667 0.09111111111111111
0 0.19166666666666668 0.09222222222222222 0.05 0.08666666666666667
0 0.23083333333333333 0.9122222222222223 0.05 0.09555555555555556
0 0.4216666666666667 0.92 0.051666666666666666 0.044444444444444446
0 0.4766666666666667 0.9266666666666666 0.056666666666666664 0.05333333333333334
0 0.5416666666666666 0.9344444444444444 0.058333333333333334 0.05333333333333334
0 0.6041666666666666 0.9533333333333334 0.056666666666666664 0.06444444444444444
0 0.665 0.96 0.06333333333333334 0.06888888888888889
0 0.7316666666666667 0.9666666666666667 0.06 0.06444444444444444
0 0.8 0.9711111111111111 0.06 0.05555555555555555
0 0.145 0.09777777777777778 0.03833333333333333 0.09777777777777778
0 0.09916666666666667 0.10333333333333333 0.03833333333333333 0.08666666666666667
0 0.985 0.10444444444444445 0.028333333333333332 0.13111111111111112
0 0.049166666666666664 0.11222222222222222 0.045 0.09333333333333334
0 0.9275 0.11333333333333333 0.07 0.11777777777777777
0 0.015 0.11888888888888889 0.03 0.08444444444444445
0 0.8541666666666666 0.12111111111111111 0.065 0.11777777777777777
0 0.7858333333333334 0.13 0.06333333333333334 0.10222222222222223
0 0.7191666666666666 0.13666666666666666 0.06 0.10666666666666667
0 0.6516666666666666 0.14333333333333334 0.056666666666666664 0.10888888888888888
0 0.5925 0.15222222222222223 0.055 0.11333333333333333
0 0.5333333333333333 0.15777777777777777 0.04666666666666667 0.12222222222222222
0 0.47583333333333333 0.16111111111111112 0.05 0.11333333333333333
0 0.42 0.16555555555555557 0.055 0.11777777777777777
0 0.3283333333333333 0.1711111111111111 0.04666666666666667 0.09777777777777778
0 0.2816666666666667 0.17777777777777778 0.04666666666666667 0.09111111111111111
0 0.2375 0.18444444444444444 0.045 0.09333333333333334
0 0.18583333333333332 0.18666666666666668 0.04666666666666667 0.09333333333333334
0 0.14333333333333334 0.19111111111111112 0.035 0.08888888888888889
0 0.09833333333333333 0.19666666666666666 0.051666666666666666 0.08222222222222222
0 0.05 0.20777777777777778 0.043333333333333335 0.08888888888888889
0 0.013333333333333334 0.2111111111111111 0.02666666666666667 0.08666666666666667