0 0.9783333333333334 0.24222222222222223 0.04 0.24888888888888888
0 0.44333333333333336 0.2544444444444444 0.135 0.2911111111111111
0 0.2825 0.28 0.165 0.31555555555555553
0 0.11333333333333333 0.29 0.17333333333333334 0.30444444444444446
0 0.8983333333333333 0.48333333333333334 0.13666666666666666 0.2866666666666667
0 0.9791666666666666 0.48777777777777775 0.03833333333333333 0.2511111111111111
0 0.755 0.4988888888888889 0.14166666666666666 0.31333333333333335
0 0.6 0.51 0.17 0.34
0 0.4508333333333333 0.5477777777777778 0.14 0.2733333333333333
0 0.30333333333333334 0.57 0.15 0.25555555555555554
0 0.125 0.5877777777777777 0.16666666666666666 0.2822222222222222
0 0.935 0.8744444444444445 0.12666666666666668 0.24666666666666667
0 0.3725 0.8911111111111111 0.14833333333333334 0.21333333333333335
0 0.8058333333333333 0.8966666666666666 0.16166666666666665 0.20222222222222222
0 0.21666666666666667 0.9044444444444445 0.17333333333333334 0.18666666666666668
0 0.0675 0.9055555555555556 0.135 0.18444444444444444
0 0.6625 0.9344444444444444 0.13833333333333334 0.12666666666666668
0 0.5833333333333334 0.17333333333333334 0.155 0.3244444444444444
0 0.74 0.17777777777777778 0.15 0.31555555555555553
0 0.8933333333333333 0.20222222222222222 0.14 0.2733333333333333