0 0.18583333333333332 0.3377777777777778 0.04833333333333333 0.07555555555555556
0 0.30666666666666664 0.3388888888888889 0.04666666666666667 0.08222222222222222
0 0.245 0.34 0.04833333333333333 0.08444444444444445
0 0.3616666666666667 0.34 0.05 0.08666666666666667
0 0.68 0.34 0.04666666666666667 0.08222222222222222
0 0.4225 0.3422222222222222 0.04666666666666667 0.08444444444444445
0 0.55 0.34444444444444444 0.05 0.1
0 0.61 0.34444444444444444 0.043333333333333335 0.09111111111111111
0 0.485 0.34555555555555556 0.045 0.07555555555555556
0 0.9383333333333334 0.04 0.07833333333333334 0.05333333333333334
0 0.2125 0.4411111111111111 0.055 0.10888888888888888
0 0.15583333333333332 0.44555555555555554 0.058333333333333334 0.10444444444444445
0 0.27666666666666667 0.4477777777777778 0.06333333333333334 0.11333333333333333
0 0.3375 0.45111111111111113 0.06 0.1111111111111111
0 0.3983333333333333 0.45222222222222225 0.06 0.11333333333333333
0 0.5333333333333333 0.45444444444444443 0.06333333333333334 0.12
0 0.6716666666666666 0.45444444444444443 0.08333333333333333 0.1288888888888889
0 0.8275 0.45444444444444443 0.07666666666666666 0.13111111111111112
0 0.465 0.45555555555555555 0.06833333333333333 0.12222222222222222
0 0.595 0.45555555555555555 0.06 0.12222222222222222
0 0.9108333333333334 0.45555555555555555 0.075 0.13333333333333333
0 0.7525 0.4622222222222222 0.07 0.1288888888888889
0 0.2825 0.05444444444444444 0.06 0.04666666666666667
0 0.21166666666666667 0.5577777777777778 0.051666666666666666 0.11333333333333333
0 0.15666666666666668 0.5611111111111111 0.051666666666666666 0.10666666666666667
0 0.27166666666666667 0.5644444444444444 0.06333333333333334 0.11333333333333333
0 0.3416666666666667 0.5666666666666667 0.06 0.10666666666666667
0 0.4033333333333333 0.5711111111111111 0.055 0.12222222222222222
0 0.5316666666666666 0.5766666666666667 0.06666666666666667 0.12
0 0.2225 0.057777777777777775 0.055 0.04888888888888889
0 0.3433333333333333 0.057777777777777775 0.058333333333333334 0.06222222222222222
0 0.15833333333333333 0.058888888888888886 0.06833333333333333 0.057777777777777775
0 0.46416666666666667 0.5777777777777777 0.056666666666666664 0.11333333333333333
0 0.6 0.5788888888888889 0.058333333333333334 0.12444444444444444
0 0.8266666666666667 0.58 0.07666666666666666 0.12222222222222222
0 0.9058333333333334 0.5822222222222222 0.06833333333333333 0.11333333333333333
0 0.75 0.5866666666666667 0.07166666666666667 0.12444444444444444
0 0.6716666666666666 0.5877777777777777 0.08 0.12
0 0.7975 0.06222222222222222 0.06833333333333333 0.12444444444444444
0 0.7241666666666666 0.06777777777777778 0.06833333333333333 0.13555555555555557
0 0.66 0.07777777777777778 0.07166666666666667 0.15555555555555556
0 0.4683333333333333 0.0811111111111111 0.058333333333333334 0.12444444444444444
0 0.5266666666666666 0.08333333333333333 0.065 0.12
0 0.405 0.08777777777777777 0.06166666666666667 0.12
0 0.9225 0.11222222222222222 0.058333333333333334 0.09333333333333334
0 0.9783333333333334 0.11333333333333333 0.041666666666666664 0.09111111111111111
0 0.6391666666666667 0.11555555555555555 0.065 0.09555555555555556
0 0.5866666666666667 0.11555555555555555 0.04833333333333333 0.08888888888888889
0 0.13583333333333333 0.12111111111111111 0.058333333333333334 0.08888888888888889
0 0.1875 0.12222222222222222 0.05 0.08222222222222222
0 0.24 0.12222222222222222 0.045 0.08222222222222222
0 0.28833333333333333 0.12333333333333334 0.04833333333333333 0.08
0 0.3408333333333333 0.1288888888888889 0.06166666666666667 0.08
0 0.7933333333333333 0.17555555555555555 0.06833333333333333 0.12666666666666668
0 0.7216666666666667 0.18333333333333332 0.075 0.1288888888888889
0 0.4666666666666667 0.18777777777777777 0.058333333333333334 0.1111111111111111
0 0.5216666666666666 0.18888888888888888 0.06833333333333333 0.12
0 0.4041666666666667 0.19111111111111112 0.06666666666666667 0.11333333333333333
0 0.24166666666666667 0.19666666666666666 0.051666666666666666 0.08444444444444445
0 0.6941666666666667 0.19777777777777777 0.05333333333333334 0.08666666666666667
0 0.5825 0.1988888888888889 0.05 0.08888888888888889
0 0.9225 0.2 0.06 0.09111111111111111
0 0.6383333333333333 0.2011111111111111 0.055 0.09777777777777778
0 0.9775 0.20222222222222222 0.041666666666666664 0.09777777777777778
0 0.1375 0.20222222222222222 0.055 0.07555555555555556
0 0.3433333333333333 0.20333333333333334 0.065 0.08
0 0.2875 0.20444444444444446 0.05 0.07777777777777778
0 0.19166666666666668 0.20444444444444446 0.055 0.07333333333333333