0 0.8541666666666666 0.29821958456973297 0.03333333333333333 0.11275964391691394
0 0.8075 0.34421364985163205 0.05 0.14540059347181009
0 0.7541666666666667 0.35756676557863504 0.055 0.14836795252225518
0 0.7041666666666667 0.3694362017804154 0.045 0.1543026706231454
0 0.44916666666666666 0.03857566765578635 0.06833333333333333 0.0712166172106825
0 0.6491666666666667 0.3857566765578635 0.06 0.1572700296735905
0 0.5825 0.4035608308605341 0.06333333333333334 0.1661721068249258
0 0.2916666666666667 0.04451038575667656 0.08 0.08902077151335312
0 0.3725 0.04451038575667656 0.08 0.08902077151335312
0 0.4091666666666667 0.4169139465875371 0.06666666666666667 0.142433234421365
0 0.3416666666666667 0.43471810089020774 0.06333333333333334 0.1543026706231454
0 0.6091666666666666 0.04599406528189911 0.058333333333333334 0.08902077151335312
0 0.26 0.45548961424332346 0.08 0.17507418397626112
0 0.8958333333333334 0.4599406528189911 0.043333333333333335 0.12759643916913946
0 0.8508333333333333 0.47477744807121663 0.04833333333333333 0.142433234421365
0 0.18583333333333332 0.4792284866468843 0.07166666666666667 0.16913946587537093
0 0.7983333333333333 0.49258160237388726 0.04666666666666667 0.14836795252225518
0 0.7466666666666667 0.5074183976261127 0.04833333333333333 0.1513353115727003
0 0.105 0.5148367952522255 0.08666666666666667 0.19584569732937684
0 0.6933333333333334 0.526706231454006 0.05333333333333334 0.14836795252225518
0 0.0275 0.526706231454006 0.055 0.19881305637982197
0 0.12416666666666666 0.05489614243323442 0.08333333333333333 0.10979228486646884
0 0.6425 0.5563798219584569 0.055 0.1632047477744807
0 0.21 0.05637982195845697 0.08666666666666667 0.10682492581602374
0 0.585 0.5637982195845698 0.056666666666666664 0.142433234421365
0 0.5258333333333334 0.5919881305637982 0.06166666666666667 0.1572700296735905
0 0.4558333333333333 0.615727002967359 0.07666666666666666 0.16023738872403562
0 0.385 0.6468842729970327 0.06666666666666667 0.16913946587537093
0 0.31416666666666665 0.6750741839762612 0.06666666666666667 0.1632047477744807
0 0.23083333333333333 0.6884272997032641 0.09 0.17507418397626112
0 0.14416666666666667 0.712166172106825 0.09166666666666666 0.2195845697329377
0 0.051666666666666666 0.7477744807121661 0.10333333333333333 0.228486646884273
0 0.04083333333333333 0.08902077151335312 0.08166666666666667 0.16913946587537093
0 0.935 0.11275964391691394 0.05333333333333334 0.13353115727002968
0 0.8283333333333334 0.1201780415430267 0.05333333333333334 0.1513353115727003
0 0.8958333333333334 0.12462908011869436 0.045 0.12462908011869436
0 0.8658333333333333 0.13204747774480713 0.03166666666666667 0.10385756676557864
0 0.7766666666666666 0.13353115727002968 0.056666666666666664 0.16023738872403562
0 0.7241666666666666 0.14094955489614244 0.05333333333333334 0.1513353115727003
0 0.6633333333333333 0.14985163204747776 0.06 0.1543026706231454
0 0.6075 0.16172106824925817 0.06 0.1572700296735905
0 0.47333333333333333 0.1661721068249258 0.08 0.18991097922848665
0 0.3958333333333333 0.17804154302670624 0.09 0.20771513353115728
0 0.5416666666666666 0.17804154302670624 0.065 0.16023738872403562
0 0.31416666666666665 0.1913946587537092 0.095 0.2166172106824926
0 0.2175 0.1913946587537092 0.08 0.19584569732937684
0 0.14083333333333334 0.22255192878338279 0.11166666666666666 0.2195845697329377
0 0.045 0.2655786350148368 0.09 0.17210682492581603