0 0.24 0.30712166172106825 0.09166666666666666 0.17210682492581603
0 0.6066666666666667 0.314540059347181 0.065 0.12462908011869436
0 0.0625 0.3249258160237389 0.09666666666666666 0.1513353115727003
0 0.6658333333333334 0.3353115727002967 0.06833333333333333 0.11869436201780416
0 0.4066666666666667 0.37833827893175076 0.07666666666666666 0.14540059347181009
0 0.7633333333333333 0.39020771513353114 0.08 0.12759643916913946
0 0.4866666666666667 0.4065281899109792 0.085 0.1394658753709199
0 0.8183333333333334 0.4094955489614243 0.05 0.10682492581602374
0 0.855 0.41543026706231456 0.056666666666666664 0.09495548961424333
0 0.9008333333333334 0.4228486646884273 0.05 0.08902077151335312
0 0.5658333333333333 0.4258160237388724 0.08 0.142433234421365
0 0.05416666666666667 0.4332344213649852 0.09333333333333334 0.0771513353115727
0 0.63 0.44510385756676557 0.075 0.142433234421365
0 0.24166666666666667 0.46735905044510384 0.09166666666666666 0.11869436201780416
0 0.6966666666666667 0.47181008902077154 0.07 0.13353115727002968
0 0.975 0.4792284866468843 0.04666666666666667 0.11869436201780416
0 0.3375 0.48516320474777447 0.07333333333333333 0.09792284866468842
0 0.7491666666666666 0.486646884272997 0.065 0.12462908011869436
0 0.42083333333333334 0.5074183976261127 0.08166666666666667 0.09792284866468842
0 0.8041666666666667 0.5148367952522255 0.058333333333333334 0.11275964391691394
0 0.85 0.5178041543026706 0.058333333333333334 0.12166172106824925
0 0.5033333333333333 0.5281899109792285 0.08166666666666667 0.08605341246290801
0 0.9425 0.5341246290801187 0.06 0.10682492581602374
0 0.8958333333333334 0.5370919881305638 0.06 0.10979228486646884
0 0.5866666666666667 0.5415430267062314 0.07166666666666667 0.08605341246290801
0 0.6558333333333334 0.5593471810089021 0.06 0.07418397626112759
0 0.8391666666666666 0.6216617210682492 0.04666666666666667 0.0771513353115727
0 0.018333333333333333 0.06379821958456973 0.03666666666666667 0.12759643916913946
0 0.8883333333333333 0.6261127596439169 0.051666666666666666 0.0771513353115727
0 0.935 0.6305637982195845 0.065 0.08902077151335312
0 0.06833333333333333 0.17507418397626112 0.08666666666666667 0.14540059347181009
0 0.015 0.18397626112759644 0.03 0.16913946587537093
0 0.4675 0.2551928783382789 0.075 0.142433234421365
0 0.5458333333333333 0.28338278931750743 0.07666666666666666 0.1394658753709199