0 0.29833333333333334 0.4599406528189911 0.11166666666666666 0.2878338278931751
0 0.41083333333333333 0.4599406528189911 0.10833333333333334 0.28486646884273
0 0.53 0.46142433234421365 0.115 0.27299703264094954
0 0.645 0.46439169139465875 0.11 0.2789317507418398
0 0.895 0.5059347181008902 0.12333333333333334 0.24925816023738873
0 0.5433333333333333 0.755192878338279 0.12 0.29673590504451036
0 0.665 0.755192878338279 0.12166666666666667 0.29080118694362017
0 0.29833333333333334 0.7596439169139466 0.115 0.3056379821958457
0 0.42083333333333334 0.7611275964391692 0.12333333333333334 0.3026706231454006
0 0.9191666666666667 0.7700296735905044 0.135 0.258160237388724
0 0.785 0.7700296735905044 0.13666666666666666 0.26706231454005935
0 0.28833333333333333 0.17210682492581603 0.1 0.2878338278931751
0 0.4075 0.17210682492581603 0.11833333333333333 0.2878338278931751
0 0.5275 0.18397626112759644 0.10666666666666667 0.27299703264094954
0 0.8841666666666667 0.2507418397626113 0.125 0.24629080118694363