0 0.82 0.38130563798219586 0.075 0.16913946587537093
0 0.8925 0.39020771513353114 0.075 0.18100890207715134
0 0.7541666666666667 0.39020771513353114 0.06333333333333334 0.1394658753709199
0 0.4 0.39317507418397624 0.04833333333333333 0.13353115727002968
0 0.4583333333333333 0.39317507418397624 0.055 0.1394658753709199
0 0.6908333333333333 0.39317507418397624 0.06666666666666667 0.12759643916913946
0 0.175 0.3961424332344214 0.05 0.13353115727002968
0 0.3433333333333333 0.39762611275964393 0.051666666666666666 0.12759643916913946
0 0.6325 0.3991097922848665 0.058333333333333334 0.13353115727002968
0 0.5125 0.40059347181008903 0.056666666666666664 0.13353115727002968
0 0.23333333333333334 0.40059347181008903 0.05333333333333334 0.13056379821958458
0 0.5691666666666667 0.4050445103857567 0.056666666666666664 0.142433234421365
0 0.29 0.40801186943620177 0.05333333333333334 0.12759643916913946
0 0.8308333333333333 0.5875370919881305 0.05333333333333334 0.10682492581602374
0 0.615 0.5905044510385756 0.056666666666666664 0.09495548961424333
0 0.6641666666666667 0.5949554896142433 0.051666666666666666 0.09792284866468842
0 0.5691666666666667 0.6305637982195845 0.056666666666666664 0.09792284866468842
0 0.5125 0.6320474777448071 0.043333333333333335 0.11275964391691394
0 0.775 0.6468842729970327 0.051666666666666666 0.10089020771513353
0 0.7175 0.6513353115727003 0.051666666666666666 0.10682492581602374
0 0.6683333333333333 0.6928783382789317 0.05 0.08605341246290801
0 0.10333333333333333 0.6928783382789317 0.05333333333333334 0.13353115727002968
0 0.6183333333333333 0.6943620178041543 0.05 0.10979228486646884
0 0.8341666666666666 0.6958456973293768 0.058333333333333334 0.10682492581602374
0 0.9383333333333334 0.6973293768545994 0.06 0.11572700296735905
0 0.1625 0.6973293768545994 0.056666666666666664 0.142433234421365
0 0.33166666666666667 0.7002967359050445 0.06166666666666667 0.142433234421365
0 0.2758333333333333 0.7032640949554896 0.055 0.1513353115727003
0 0.3983333333333333 0.7077151335311572 0.051666666666666666 0.1543026706231454
0 0.5683333333333334 0.7433234421364985 0.04666666666666667 0.12166172106824925
0 0.4575 0.7477744807121661 0.041666666666666664 0.11869436201780416
0 0.5125 0.7507418397626113 0.041666666666666664 0.11275964391691394
0 0.7775 0.7596439169139466 0.051666666666666666 0.11869436201780416
0 0.7266666666666667 0.7640949554896143 0.045 0.12462908011869436
0 0.6166666666666667 0.7908011869436202 0.05333333333333334 0.11572700296735905
0 0.6725 0.7952522255192879 0.056666666666666664 0.10682492581602374
0 0.8908333333333334 0.8011869436201781 0.055 0.11275964391691394
0 0.8358333333333333 0.8026706231454006 0.058333333333333334 0.10979228486646884
0 0.9441666666666667 0.8041543026706232 0.06333333333333334 0.11275964391691394
0 0.0925 0.844213649851632 0.058333333333333334 0.14836795252225518
0 0.2125 0.8471810089020771 0.05333333333333334 0.1543026706231454
0 0.3308333333333333 0.8501483679525222 0.06 0.1543026706231454
0 0.15416666666666667 0.8501483679525222 0.051666666666666666 0.14836795252225518
0 0.2758333333333333 0.8531157270029673 0.04833333333333333 0.1394658753709199
0 0.39416666666666667 0.857566765578635 0.058333333333333334 0.1513353115727003
0 0.455 0.8724035608308606 0.051666666666666666 0.12166172106824925
0 0.5141666666666667 0.8768545994065282 0.04666666666666667 0.13353115727002968
0 0.5691666666666667 0.8768545994065282 0.04666666666666667 0.142433234421365
0 0.7825 0.8902077151335311 0.051666666666666666 0.14540059347181009
0 0.7308333333333333 0.8931750741839762 0.04666666666666667 0.13353115727002968
0 0.6183333333333333 0.9020771513353115 0.058333333333333334 0.10682492581602374
0 0.6716666666666666 0.9109792284866469 0.056666666666666664 0.10979228486646884
0 0.8941666666666667 0.9124629080118695 0.056666666666666664 0.10089020771513353
0 0.8358333333333333 0.913946587537092 0.056666666666666664 0.12462908011869436
0 0.9491666666666667 0.913946587537092 0.06 0.11869436201780416
0 0.8158333333333333 0.22106824925816024 0.065 0.14836795252225518
0 0.8875 0.22551928783382788 0.075 0.16023738872403562
0 0.7516666666666667 0.23738872403560832 0.06166666666666667 0.1572700296735905
0 0.18166666666666667 0.2596439169139466 0.04666666666666667 0.12759643916913946
0 0.4608333333333333 0.2596439169139466 0.056666666666666664 0.13353115727002968
0 0.69 0.26409495548961426 0.06 0.12462908011869436
0 0.23666666666666666 0.2655786350148368 0.05 0.13353115727002968
0 0.39916666666666667 0.2655786350148368 0.04833333333333333 0.11572700296735905
0 0.57 0.26706231454005935 0.058333333333333334 0.12462908011869436
0 0.6325 0.27002967359050445 0.06166666666666667 0.13056379821958458
0 0.2975 0.27002967359050445 0.06333333333333334 0.13056379821958458
0 0.5183333333333333 0.27596439169139464 0.055 0.12166172106824925