0 0.8408333333333333 0.30712166172106825 0.04 0.19584569732937684
0 0.39666666666666667 0.3264094955489614 0.11833333333333333 0.35311572700296734
0 0.8908333333333334 0.3367952522255193 0.055 0.16913946587537093
0 0.505 0.37388724035608306 0.08666666666666667 0.3026706231454006
0 0.5908333333333333 0.41543026706231456 0.08 0.29080118694362017
0 0.9475 0.4258160237388724 0.05333333333333334 0.11572700296735905
0 0.6633333333333333 0.4421364985163205 0.07 0.2522255192878338
0 0.7408333333333333 0.47032640949554894 0.07333333333333333 0.2166172106824926
0 0.8016666666666666 0.49851632047477745 0.04666666666666667 0.2166172106824926
0 0.8508333333333333 0.5089020771513353 0.043333333333333335 0.21068249258160238
0 0.8975 0.526706231454006 0.051666666666666666 0.19881305637982197
0 0.9483333333333334 0.5786350148367952 0.04666666666666667 0.1632047477744807
0 0.9866666666666667 0.5786350148367952 0.023333333333333334 0.1661721068249258
0 0.24916666666666668 0.6543026706231454 0.14333333333333334 0.40059347181008903
0 0.06583333333333333 0.6646884272997032 0.13166666666666665 0.3887240356083086
0 0.3858333333333333 0.6765578635014837 0.13166666666666665 0.34718100890207715
0 0.8508333333333333 0.6765578635014837 0.051666666666666666 0.12462908011869436
0 0.5008333333333334 0.6824925816023739 0.09833333333333333 0.32344213649851633
0 0.5941666666666666 0.7047477744807121 0.07666666666666666 0.29080118694362017
0 0.6641666666666667 0.7106824925816023 0.06 0.27002967359050445
0 0.7408333333333333 0.7166172106824926 0.08 0.27299703264094954
0 0.8 0.7270029673590505 0.058333333333333334 0.26112759643916916
0 0.7158333333333333 0.23887240356083086 0.09166666666666666 0.228486646884273
0 0.2658333333333333 0.2655786350148368 0.125 0.3798219584569733
0 0.0725 0.2789317507418398 0.145 0.40059347181008903
0 0.795 0.28338278931750743 0.055 0.22255192878338279