0 0.5875 0.29673590504451036 0.045 0.11275964391691394
0 0.63 0.2997032640949555 0.045 0.11275964391691394
0 0.6741666666666667 0.2997032640949555 0.03833333333333333 0.11572700296735905
0 0.7166666666666667 0.30118694362017806 0.03666666666666667 0.10385756676557864
0 0.76 0.3056379821958457 0.03833333333333333 0.11275964391691394
0 0.8 0.314540059347181 0.03666666666666667 0.10682492581602374
0 0.8383333333333334 0.314540059347181 0.03833333333333333 0.11572700296735905
0 0.8758333333333334 0.3189910979228487 0.03833333333333333 0.10385756676557864
0 0.945 0.32344213649851633 0.03833333333333333 0.09198813056379822
0 0.98 0.3249258160237389 0.03666666666666667 0.10385756676557864
0 0.9141666666666667 0.3264094955489614 0.03333333333333333 0.10385756676557864
0 0.3933333333333333 0.4317507418397626 0.041666666666666664 0.13056379821958458
0 0.44333333333333336 0.443620178041543 0.04 0.11275964391691394
0 0.4875 0.4465875370919881 0.045 0.12759643916913946
0 0.5383333333333333 0.4465875370919881 0.041666666666666664 0.11869436201780416
0 0.58 0.4495548961424332 0.03666666666666667 0.12166172106824925
0 0.7108333333333333 0.45103857566765576 0.04 0.10979228486646884
0 0.6691666666666667 0.45252225519287836 0.035 0.11572700296735905
0 0.8366666666666667 0.45252225519287836 0.03666666666666667 0.10385756676557864
0 0.7566666666666667 0.4540059347181009 0.03833333333333333 0.10682492581602374
0 0.9475 0.45548961424332346 0.051666666666666666 0.10385756676557864
0 0.63 0.456973293768546 0.04666666666666667 0.11572700296735905
0 0.9841666666666666 0.45845697329376855 0.028333333333333332 0.10385756676557864
0 0.7966666666666666 0.46142433234421365 0.04 0.11275964391691394
0 0.8383333333333334 0.5608308605341247 0.03666666666666667 0.10385756676557864
0 0.395 0.5652818991097923 0.05 0.12759643916913946
0 0.9858333333333333 0.5667655786350149 0.025 0.10682492581602374
0 0.9525 0.5667655786350149 0.04 0.11869436201780416
0 0.8775 0.5667655786350149 0.035 0.11275964391691394
0 0.7158333333333333 0.5667655786350149 0.035 0.10979228486646884
0 0.6283333333333333 0.5682492581602374 0.04 0.09792284866468842
0 0.915 0.5682492581602374 0.03666666666666667 0.11275964391691394
0 0.445 0.56973293768546 0.043333333333333335 0.11869436201780416
0 0.48583333333333334 0.5712166172106825 0.043333333333333335 0.12166172106824925
0 0.5375 0.5712166172106825 0.045 0.12166172106824925
0 0.6716666666666666 0.5712166172106825 0.03833333333333333 0.10682492581602374
0 0.8 0.5712166172106825 0.043333333333333335 0.09792284866468842
0 0.3383333333333333 0.5727002967359051 0.055 0.12759643916913946
0 0.7541666666666667 0.5727002967359051 0.04 0.10682492581602374
0 0.5875 0.5741839762611276 0.03666666666666667 0.11572700296735905
0 0.5316666666666666 0.7151335311572701 0.03666666666666667 0.10682492581602374
0 0.5675 0.7195845697329377 0.03333333333333333 0.08605341246290801
0 0.6091666666666666 0.7210682492581603 0.03333333333333333 0.09495548961424333
0 0.6466666666666666 0.7210682492581603 0.035 0.09792284866468842
0 0.955 0.7270029673590505 0.028333333333333332 0.0830860534124629
0 0.49166666666666664 0.7270029673590505 0.041666666666666664 0.10385756676557864
0 0.8991666666666667 0.7344213649851632 0.028333333333333332 0.08011869436201781
0 0.43416666666666665 0.7344213649851632 0.035 0.09495548961424333
0 0.9291666666666667 0.7359050445103857 0.03 0.09198813056379822
0 0.3725 0.7477744807121661 0.041666666666666664 0.09495548961424333
0 0.33166666666666667 0.7537091988130564 0.03666666666666667 0.09792284866468842
0 0.7708333333333334 0.7937685459940653 0.043333333333333335 0.10979228486646884
0 0.6825 0.7967359050445104 0.04 0.12166172106824925
0 0.7283333333333334 0.7967359050445104 0.043333333333333335 0.10682492581602374
0 0.9833333333333333 0.798219584569733 0.03 0.0830860534124629
0 0.9575 0.8086053412462908 0.028333333333333332 0.06824925816023739
0 0.9316666666666666 0.8086053412462908 0.03 0.0771513353115727
0 0.9033333333333333 0.8115727002967359 0.03 0.0830860534124629
0 0.6083333333333333 0.8160237388724035 0.03166666666666667 0.10089020771513353
0 0.5691666666666667 0.8175074183976261 0.03666666666666667 0.09198813056379822
0 0.6416666666666667 0.8189910979228486 0.03833333333333333 0.10089020771513353
0 0.5333333333333333 0.8219584569732937 0.035 0.09792284866468842
0 0.45416666666666666 0.8323442136498517 0.03666666666666667 0.08605341246290801
0 0.495 0.8338278931750742 0.035 0.08902077151335312
0 0.41333333333333333 0.8367952522255193 0.03666666666666667 0.09198813056379822
0 0.375 0.8486646884272997 0.03333333333333333 0.09198813056379822
0 0.33 0.8620178041543026 0.045 0.09198813056379822
0 0.9525 0.9391691394658753 0.035 0.08902077151335312
0 0.9258333333333333 0.9495548961424333 0.03166666666666667 0.09495548961424333
0 0.8958333333333334 0.9510385756676558 0.03833333333333333 0.09198813056379822
0 0.8683333333333333 0.9525222551928784 0.03333333333333333 0.08902077151335312
0 0.8333333333333334 0.9540059347181009 0.04 0.08605341246290801
0 0.8033333333333333 0.9584569732937686 0.03666666666666667 0.0771513353115727
0 0.7375 0.9599406528189911 0.03166666666666667 0.07418397626112759
0 0.6766666666666666 0.9614243323442137 0.03333333333333333 0.0712166172106825
0 0.7075 0.9658753709198813 0.03833333333333333 0.06231454005934718
0 0.535 0.9658753709198813 0.03666666666666667 0.06231454005934718
0 0.49333333333333335 0.9673590504451038 0.04 0.05934718100890208
0 0.57 0.9703264094955489 0.03333333333333333 0.05341246290801187
0 0.6408333333333334 0.9703264094955489 0.035 0.05341246290801187
0 0.37666666666666665 0.973293768545994 0.043333333333333335 0.04747774480712166
0 0.4533333333333333 0.973293768545994 0.03666666666666667 0.04747774480712166
0 0.41583333333333333 0.9747774480712166 0.03833333333333333 0.04451038575667656
0 0.3308333333333333 0.9792284866468842 0.03833333333333333 0.03560830860534125
0 0.3466666666666667 0.14540059347181009 0.045 0.11869436201780416
0 0.3975 0.14985163204747776 0.05 0.12166172106824925
0 0.44916666666666666 0.1572700296735905 0.05 0.13056379821958458
0 0.6291666666666667 0.1824925816023739 0.05 0.12759643916913946
0 0.7558333333333334 0.1943620178041543 0.041666666666666664 0.10682492581602374
0 0.7975 0.20474777448071216 0.03666666666666667 0.10682492581602374
0 0.94 0.20919881305637983 0.05 0.11869436201780416
0 0.9825 0.2195845697329377 0.03166666666666667 0.11869436201780416
0 0.43666666666666665 0.26706231454005935 0.0016666666666666668 0.002967359050445104
0 0.3466666666666667 0.271513353115727 0.045 0.12462908011869436
0 0.395 0.2774480712166172 0.045 0.12759643916913946
0 0.44583333333333336 0.28041543026706234 0.043333333333333335 0.11869436201780416
0 0.49666666666666665 0.28338278931750743 0.04 0.12166172106824925
0 0.5408333333333334 0.2893175074183976 0.043333333333333335 0.12166172106824925