0 0.7108333333333333 0.23 0.04833333333333333 0.08
0 0.6683333333333333 0.23555555555555555 0.04666666666666667 0.07777777777777778
0 0.8316666666666667 0.23777777777777778 0.041666666666666664 0.06
0 0.6225 0.23777777777777778 0.04 0.07111111111111111
0 0.7925 0.24222222222222223 0.041666666666666664 0.05333333333333334
0 0.5816666666666667 0.24555555555555555 0.035 0.06888888888888889
0 0.435 0.2477777777777778 0.03833333333333333 0.051111111111111114
0 0.9891666666666666 0.25 0.018333333333333333 0.07333333333333333
0 0.7533333333333333 0.2511111111111111 0.043333333333333335 0.05333333333333334
0 0.3958333333333333 0.25222222222222224 0.03166666666666667 0.057777777777777775
0 0.5433333333333333 0.25555555555555554 0.035 0.06444444444444444
0 0.9591666666666666 0.2577777777777778 0.05333333333333334 0.06444444444444444
0 0.18583333333333332 0.27111111111111114 0.03 0.06222222222222222
0 0.4725 0.2722222222222222 0.035 0.06
0 0.9133333333333333 0.2722222222222222 0.045 0.057777777777777775
0 0.24333333333333335 0.2733333333333333 0.02666666666666667 0.05333333333333334
0 0.125 0.2788888888888889 0.028333333333333332 0.06444444444444444
0 0.875 0.28 0.041666666666666664 0.051111111111111114
0 0.15666666666666668 0.28 0.03 0.06222222222222222
0 0.09583333333333334 0.28444444444444444 0.02666666666666667 0.06444444444444444
0 0.8366666666666667 0.2922222222222222 0.043333333333333335 0.05555555555555555
0 0.795 0.29444444444444445 0.041666666666666664 0.05333333333333334
0 0.36 0.29777777777777775 0.03666666666666667 0.06666666666666667
0 0.7158333333333333 0.3011111111111111 0.04666666666666667 0.07111111111111111
0 0.29333333333333333 0.3022222222222222 0.028333333333333332 0.044444444444444446
0 0.43416666666666665 0.30444444444444446 0.035 0.051111111111111114
0 0.755 0.30666666666666664 0.03833333333333333 0.04666666666666667
0 0.32416666666666666 0.30666666666666664 0.04 0.07555555555555556
0 0.395 0.30777777777777776 0.03833333333333333 0.051111111111111114
0 0.6233333333333333 0.3088888888888889 0.041666666666666664 0.06666666666666667
0 0.6691666666666667 0.3088888888888889 0.051666666666666666 0.07555555555555556
0 0.585 0.31666666666666665 0.035 0.06444444444444444
0 0.5475 0.32222222222222224 0.03666666666666667 0.06
0 0.21416666666666667 0.32555555555555554 0.02666666666666667 0.06
0 0.23916666666666667 0.3277777777777778 0.025 0.057777777777777775
0 0.18166666666666667 0.33 0.03333333333333333 0.06222222222222222
0 0.4708333333333333 0.3388888888888889 0.04 0.07333333333333333
0 0.5075 0.34 0.035 0.057777777777777775
0 0.15166666666666667 0.3433333333333333 0.025 0.05333333333333334
0 0.12166666666666667 0.34444444444444444 0.028333333333333332 0.06
0 0.08916666666666667 0.34555555555555556 0.03666666666666667 0.05555555555555555
0 0.2925 0.34555555555555556 0.02666666666666667 0.042222222222222223
0 0.2658333333333333 0.35 0.023333333333333334 0.042222222222222223
0 0.43333333333333335 0.35777777777777775 0.03666666666666667 0.05555555555555555
0 0.3575 0.36 0.03833333333333333 0.06444444444444444
0 0.3958333333333333 0.36 0.03833333333333333 0.05555555555555555
0 0.3225 0.36777777777777776 0.035 0.05333333333333334
0 0.2375 0.38333333333333336 0.02666666666666667 0.04888888888888889
0 0.2125 0.3844444444444444 0.021666666666666667 0.051111111111111114
0 0.2916666666666667 0.38666666666666666 0.02666666666666667 0.03333333333333333
0 0.2633333333333333 0.39 0.025 0.03111111111111111
0 0.18 0.3933333333333333 0.03166666666666667 0.05555555555555555
0 0.12166666666666667 0.4 0.03 0.06222222222222222
0 0.15083333333333335 0.4011111111111111 0.02666666666666667 0.057777777777777775
0 0.08833333333333333 0.4022222222222222 0.035 0.051111111111111114
0 0.9725 0.40555555555555556 0.051666666666666666 0.08222222222222222
0 0.9308333333333333 0.4166666666666667 0.05333333333333334 0.08
0 0.7525 0.42333333333333334 0.04 0.07111111111111111
0 0.7091666666666666 0.42444444444444446 0.03833333333333333 0.08222222222222222
0 0.8716666666666667 0.42777777777777776 0.04666666666666667 0.06888888888888889
0 0.6666666666666666 0.43 0.04 0.07777777777777778
0 0.8366666666666667 0.43222222222222223 0.04 0.06888888888888889
0 0.8008333333333333 0.43555555555555553 0.035 0.06666666666666667
0 0.6258333333333334 0.44222222222222224 0.04 0.07333333333333333
0 0.5875 0.44555555555555554 0.04 0.07555555555555556
0 0.5483333333333333 0.45111111111111113 0.03666666666666667 0.07111111111111111
0 0.51 0.4533333333333333 0.03166666666666667 0.06888888888888889
0 0.43583333333333335 0.46 0.03333333333333333 0.06666666666666667
0 0.4008333333333333 0.46444444444444444 0.03 0.07111111111111111
0 0.33166666666666667 0.4777777777777778 0.03666666666666667 0.06888888888888889
0 0.295 0.47888888888888886 0.035 0.06444444444444444
0 0.9775 0.48 0.043333333333333335 0.06888888888888889
0 0.2633333333333333 0.48 0.028333333333333332 0.06222222222222222
0 0.23416666666666666 0.48444444444444446 0.025 0.07111111111111111
0 0.9358333333333333 0.49444444444444446 0.043333333333333335 0.07555555555555556
0 0.8375 0.4955555555555556 0.03833333333333333 0.06444444444444444
0 0.7625 0.49666666666666665 0.041666666666666664 0.07555555555555556
0 0.8016666666666666 0.49777777777777776 0.03333333333333333 0.06444444444444444
0 0.8775 0.49777777777777776 0.045 0.06222222222222222
0 0.715 0.5022222222222222 0.043333333333333335 0.06888888888888889
0 0.67 0.51 0.041666666666666664 0.07111111111111111
0 0.59 0.5155555555555555 0.03333333333333333 0.06222222222222222
0 0.63 0.5177777777777778 0.04 0.06666666666666667
0 0.5491666666666667 0.52 0.04 0.06222222222222222
0 0.5141666666666667 0.5222222222222223 0.028333333333333332 0.07333333333333333
0 0.43666666666666665 0.5288888888888889 0.035 0.07333333333333333
0 0.4025 0.5355555555555556 0.03333333333333333 0.06444444444444444
0 0.2633333333333333 0.5422222222222223 0.03666666666666667 0.06666666666666667
0 0.29583333333333334 0.5433333333333333 0.03166666666666667 0.06666666666666667
0 0.32916666666666666 0.5433333333333333 0.03666666666666667 0.057777777777777775
0 0.23083333333333333 0.5522222222222222 0.03166666666666667 0.06222222222222222
0 0.7441666666666666 0.6033333333333334 0.04833333333333333 0.07777777777777778
0 0.9775 0.6122222222222222 0.041666666666666664 0.07333333333333333
0 0.8958333333333334 0.6188888888888889 0.043333333333333335 0.07333333333333333
0 0.8575 0.6188888888888889 0.03833333333333333 0.07111111111111111
0 0.935 0.62 0.045 0.07555555555555556
0 0.43583333333333335 0.6211111111111111 0.043333333333333335 0.06666666666666667
0 0.39666666666666667 0.6233333333333333 0.035 0.07111111111111111
0 0.6691666666666667 0.6233333333333333 0.03666666666666667 0.06222222222222222
0 0.8208333333333333 0.6266666666666667 0.03333333333333333 0.07111111111111111
0 0.3616666666666667 0.6277777777777778 0.035 0.06888888888888889
0 0.6358333333333334 0.63 0.03 0.06222222222222222
0 0.32416666666666666 0.6311111111111111 0.03166666666666667 0.07111111111111111
0 0.57 0.6366666666666667 0.03 0.06
0 0.2625 0.6377777777777778 0.03333333333333333 0.06
0 0.5066666666666667 0.64 0.02666666666666667 0.057777777777777775
0 0.5383333333333333 0.6411111111111111 0.028333333333333332 0.06
0 0.94 0.6733333333333333 0.043333333333333335 0.03777777777777778
0 0.43833333333333335 0.6844444444444444 0.04 0.04666666666666667
0 0.7883333333333333 0.6844444444444444 0.03 0.08888888888888889
0 0.7441666666666666 0.6866666666666666 0.055 0.09111111111111111
0 0.9016666666666666 0.6888888888888889 0.04 0.06666666666666667
0 0.8625 0.6911111111111111 0.041666666666666664 0.07111111111111111
0 0.6691666666666667 0.6922222222222222 0.03166666666666667 0.06888888888888889
0 0.3983333333333333 0.6933333333333334 0.03833333333333333 0.06222222222222222
0 0.6041666666666666 0.6933333333333334 0.03333333333333333 0.051111111111111114
0 0.6375 0.6944444444444444 0.043333333333333335 0.06666666666666667
0 0.8233333333333334 0.6944444444444444 0.03833333333333333 0.06222222222222222
0 0.36 0.6966666666666667 0.035 0.07111111111111111
0 0.7025 0.7 0.03166666666666667 0.06444444444444444
0 0.3283333333333333 0.7011111111111111 0.03333333333333333 0.06666666666666667
0 0.5108333333333334 0.7011111111111111 0.03333333333333333 0.06222222222222222
0 0.5716666666666667 0.7011111111111111 0.025 0.06444444444444444
0 0.5416666666666666 0.7066666666666667 0.028333333333333332 0.06222222222222222
0 0.22333333333333333 0.7077777777777777 0.035 0.06
0 0.9875 0.16777777777777778 0.021666666666666667 0.10444444444444445
0 0.825 0.17222222222222222 0.043333333333333335 0.06666666666666667
0 0.9508333333333333 0.17888888888888888 0.06 0.08888888888888889
0 0.7875 0.18666666666666668 0.04 0.057777777777777775
0 0.7491666666666666 0.19555555555555557 0.04 0.05333333333333334
0 0.9091666666666667 0.20555555555555555 0.043333333333333335 0.06444444444444444
0 0.8691666666666666 0.21666666666666667 0.041666666666666664 0.06444444444444444