0 0.06416666666666666 0.18694362017804153 0.12166666666666667 0.29376854599406527
0 0.115 0.526706231454006 0.17833333333333334 0.35311572700296734
0 0.16666666666666666 0.8560830860534124 0.19333333333333333 0.2818991097922849
0 0.2125 0.19584569732937684 0.05 0.22255192878338279
0 0.2775 0.1513353115727003 0.11333333333333333 0.2403560830860534
0 0.23916666666666667 0.42136498516320475 0.056666666666666664 0.24925816023738873
0 0.30333333333333334 0.3857566765578635 0.11666666666666667 0.2314540059347181
0 0.39166666666666666 0.6186943620178041 0.11333333333333333 0.2314540059347181
0 0.4125 0.8635014836795252 0.11833333333333333 0.2522255192878338
0 0.30916666666666665 0.6394658753709199 0.075 0.2344213649851632
0 0.2675 0.6394658753709199 0.055 0.19287833827893175
0 0.2975 0.857566765578635 0.051666666666666666 0.22551928783382788
0 0.3425 0.8649851632047477 0.06166666666666667 0.21068249258160238
0 0.6175 0.13501483679525222 0.07666666666666666 0.22551928783382788
0 0.6808333333333333 0.1261127596439169 0.065 0.21068249258160238
0 0.6325 0.3516320474777448 0.07 0.20474777448071216
0 0.6883333333333334 0.3293768545994065 0.043333333333333335 0.2166172106824926
0 0.7541666666666667 0.3189910979228487 0.095 0.2195845697329377
0 0.6533333333333333 0.5652818991097923 0.08166666666666667 0.20771513353115728
0 0.6741666666666667 0.7774480712166172 0.065 0.19881305637982197
0 0.6983333333333334 0.5356083086053413 0.035 0.19881305637982197
0 0.72 0.7329376854599406 0.051666666666666666 0.20474777448071216
0 0.77 0.5370919881305638 0.095 0.21068249258160238
0 0.79 0.7477744807121661 0.095 0.21068249258160238
0 0.915 0.22551928783382788 0.0016666666666666668 0.002967359050445104
0 0.52 0.1261127596439169 0.10333333333333333 0.24629080118694363
0 0.5558333333333333 0.3857566765578635 0.10166666666666667 0.24925816023738873
0 0.5766666666666667 0.6409495548961425 0.1 0.2551928783382789
0 0.6041666666666666 0.8827893175074184 0.09833333333333333 0.228486646884273
0 0.48583333333333334 0.4169139465875371 0.07333333333333333 0.29080118694362017
0 0.5116666666666667 0.7002967359050445 0.07 0.27299703264094954
0 0.5425 0.9094955489614244 0.051666666666666666 0.17210682492581603
0 0.035833333333333335 0.8694362017804155 0.06 0.258160237388724
0 0.8658333333333333 0.08605341246290801 0.058333333333333334 0.1572700296735905
0 0.8808333333333334 0.27596439169139464 0.058333333333333334 0.19881305637982197
0 0.895 0.47181008902077154 0.06666666666666667 0.19584569732937684
0 0.9166666666666666 0.658753709198813 0.065 0.16913946587537093
0 0.9125 0.08456973293768547 0.04 0.1394658753709199
0 0.9458333333333333 0.0830860534124629 0.03166666666666667 0.14836795252225518
0 0.9808333333333333 0.07566765578635015 0.03666666666666667 0.13649851632047477
0 0.97 0.24629080118694363 0.058333333333333334 0.17507418397626112
0 0.9758333333333333 0.4198813056379822 0.04666666666666667 0.16023738872403562
0 0.93 0.25667655786350146 0.04666666666666667 0.18397626112759644
0 0.9416666666666667 0.4362017804154303 0.05333333333333334 0.18694362017804153
0 0.9633333333333334 0.629080118694362 0.041666666666666664 0.18100890207715134