0 0.045 0.39465875370919884 0.09 0.33827893175074186
0 0.31583333333333335 0.40801186943620177 0.11166666666666666 0.26112759643916916
0 0.14583333333333334 0.443620178041543 0.14333333333333334 0.2997032640949555
0 0.44166666666666665 0.45548961424332346 0.10333333333333333 0.26112759643916916
0 0.5508333333333333 0.47477744807121663 0.105 0.2344213649851632
0 0.7616666666666667 0.49851632047477745 0.13 0.22551928783382788
0 0.6625 0.5 0.10666666666666667 0.2403560830860534
0 0.10916666666666666 0.701780415430267 0.16833333333333333 0.27596439169139464
0 0.30916666666666665 0.7032640949554896 0.12833333333333333 0.314540059347181
0 0.024166666666666666 0.7106824925816023 0.04833333333333333 0.2997032640949555
0 0.4425 0.7270029673590505 0.125 0.2789317507418398
0 0.5633333333333334 0.7359050445103857 0.11166666666666666 0.2818991097922849
0 0.6816666666666666 0.7522255192878339 0.115 0.24925816023738873
0 0.7916666666666666 0.7522255192878339 0.13333333333333333 0.27299703264094954