0 0.955 0.6023738872403561 0.07 0.1394658753709199
0 0.8775 0.6053412462908012 0.07333333333333333 0.13353115727002968
0 0.8041666666666667 0.6261127596439169 0.058333333333333334 0.13353115727002968
0 0.7433333333333333 0.6364985163204748 0.056666666666666664 0.12166172106824925
0 0.6841666666666667 0.6528189910979229 0.058333333333333334 0.11869436201780416
0 0.6258333333333334 0.655786350148368 0.051666666666666666 0.10979228486646884
0 0.5775 0.6646884272997032 0.03666666666666667 0.12166172106824925
0 0.53 0.6691394658753709 0.055 0.11572700296735905
0 0.4816666666666667 0.6824925816023739 0.041666666666666664 0.10385756676557864
0 0.44166666666666665 0.6928783382789317 0.04666666666666667 0.10089020771513353
0 0.4141666666666667 0.6928783382789317 0.05 0.12166172106824925
0 0.37166666666666665 0.7002967359050445 0.051666666666666666 0.10385756676557864
0 0.33666666666666667 0.7106824925816023 0.041666666666666664 0.11275964391691394
0 0.30416666666666664 0.7210682492581603 0.04 0.10089020771513353
0 0.265 0.7240356083086054 0.04666666666666667 0.10385756676557864
0 0.235 0.7359050445103857 0.03833333333333333 0.11572700296735905
0 0.875 0.744807121661721 0.07166666666666667 0.1543026706231454
0 0.9541666666666667 0.7492581602373887 0.07166666666666667 0.1513353115727003
0 0.20583333333333334 0.7492581602373887 0.03166666666666667 0.11572700296735905
0 0.1275 0.7492581602373887 0.02666666666666667 0.09792284866468842
0 0.1475 0.7507418397626113 0.035 0.09792284866468842
0 0.18166666666666667 0.7522255192878339 0.051666666666666666 0.10385756676557864
0 0.7983333333333333 0.7522255192878339 0.06333333333333334 0.13353115727002968
0 0.10166666666666667 0.7611275964391692 0.03166666666666667 0.09792284866468842
0 0.735 0.771513353115727 0.056666666666666664 0.13649851632047477
0 0.035 0.7804154302670623 0.045 0.0830860534124629
0 0.625 0.7804154302670623 0.05333333333333334 0.13056379821958458
0 0.6783333333333333 0.7818991097922848 0.056666666666666664 0.13056379821958458
0 0.5708333333333333 0.7937685459940653 0.05 0.12166172106824925
0 0.5183333333333333 0.7967359050445104 0.04666666666666667 0.11869436201780416
0 0.4741666666666667 0.7997032640949555 0.043333333333333335 0.12759643916913946
0 0.43083333333333335 0.8056379821958457 0.043333333333333335 0.11869436201780416
0 0.3933333333333333 0.8115727002967359 0.04 0.10385756676557864
0 0.355 0.8204747774480712 0.04666666666666667 0.09198813056379822
0 0.2808333333333333 0.8234421364985163 0.03666666666666667 0.09495548961424333
0 0.24916666666666668 0.827893175074184 0.045 0.09198813056379822
0 0.31333333333333335 0.8293768545994066 0.04 0.09792284866468842
0 0.21916666666666668 0.8323442136498517 0.035 0.08605341246290801
0 0.18666666666666668 0.8382789317507419 0.035 0.09198813056379822
0 0.12416666666666666 0.8471810089020771 0.03333333333333333 0.10682492581602374
0 0.14916666666666667 0.8471810089020771 0.03666666666666667 0.10682492581602374
0 0.1025 0.8501483679525222 0.03 0.10089020771513353
0 0.0825 0.8516320474777448 0.03 0.10682492581602374
0 0.059166666666666666 0.8590504451038575 0.03666666666666667 0.10089020771513353
0 0.0325 0.8649851632047477 0.04 0.10682492581602374
0 0.8016666666666666 0.870919881305638 0.06 0.10682492581602374
0 0.67 0.8887240356083086 0.06 0.08605341246290801
0 0.7358333333333333 0.8887240356083086 0.06166666666666667 0.09198813056379822
0 0.6116666666666667 0.8916913946587537 0.051666666666666666 0.08011869436201781
0 0.8758333333333334 0.9020771513353115 0.075 0.13649851632047477
0 0.9625 0.9050445103857567 0.07166666666666667 0.14836795252225518
0 0.4608333333333333 0.9169139465875371 0.05 0.11572700296735905
0 0.5558333333333333 0.9169139465875371 0.04666666666666667 0.11869436201780416
0 0.5091666666666667 0.9183976261127597 0.045 0.11869436201780416
0 0.4116666666666667 0.9243323442136498 0.045 0.10979228486646884
0 0.3375 0.9258160237388724 0.04666666666666667 0.11572700296735905
0 0.3775 0.93026706231454 0.051666666666666666 0.11572700296735905
0 0.2991666666666667 0.93026706231454 0.04833333333333333 0.12166172106824925
0 0.23166666666666666 0.9317507418397626 0.04666666666666667 0.13056379821958458
0 0.2625 0.9317507418397626 0.041666666666666664 0.13056379821958458
0 0.19333333333333333 0.9347181008902077 0.04666666666666667 0.12462908011869436
0 0.16916666666666666 0.9406528189910979 0.041666666666666664 0.11572700296735905
0 0.13416666666666666 0.9436201780415431 0.04833333333333333 0.10682492581602374
0 0.05416666666666667 0.9495548961424333 0.03 0.09495548961424333
0 0.07916666666666666 0.9495548961424333 0.028333333333333332 0.09495548961424333
0 0.1 0.9495548961424333 0.04 0.09495548961424333
0 0.03166666666666667 0.9540059347181009 0.03166666666666667 0.07418397626112759
0 0.010833333333333334 0.9554896142433235 0.021666666666666667 0.0830860534124629