0 0.5883333333333334 0.526706231454006 0.051666666666666666 0.11572700296735905
0 0.6441666666666667 0.543026706231454 0.04666666666666667 0.12166172106824925
0 0.525 0.5637982195845698 0.05333333333333334 0.12759643916913946
0 0.19166666666666668 0.5756676557863502 0.075 0.1513353115727003
0 0.5866666666666667 0.6483679525222552 0.05 0.13056379821958458
0 0.1075 0.6513353115727003 0.07166666666666667 0.11869436201780416
0 0.6466666666666666 0.672106824925816 0.055 0.12462908011869436
0 0.4633333333333333 0.6869436201780416 0.04833333333333333 0.13649851632047477
0 0.8341666666666666 0.6884272997032641 0.05333333333333334 0.13056379821958458
0 0.9375 0.6943620178041543 0.06 0.08902077151335312
0 0.5241666666666667 0.6943620178041543 0.055 0.12462908011869436
0 0.885 0.7032640949554896 0.065 0.1543026706231454
0 0.1625 0.7166172106824926 0.07 0.1513353115727003
0 0.9766666666666667 0.7433234421364985 0.043333333333333335 0.16913946587537093
0 0.5916666666666667 0.7848664688427299 0.056666666666666664 0.14836795252225518
0 0.9475 0.7952522255192879 0.065 0.10089020771513353
0 0.8466666666666667 0.8011869436201781 0.04 0.11275964391691394
0 0.655 0.8026706231454006 0.055 0.13353115727002968
0 0.8941666666666667 0.814540059347181 0.05333333333333334 0.0712166172106825
0 0.5241666666666667 0.8189910979228486 0.06166666666666667 0.10979228486646884
0 0.46 0.8219584569732937 0.055 0.13353115727002968
0 0.1175 0.8620178041543026 0.065 0.142433234421365
0 0.28583333333333333 0.8887240356083086 0.075 0.1572700296735905
0 0.59 0.9050445103857567 0.06666666666666667 0.09495548961424333
0 0.7366666666666667 0.9124629080118695 0.058333333333333334 0.13649851632047477
0 0.6558333333333334 0.9169139465875371 0.058333333333333334 0.09198813056379822
0 0.8433333333333334 0.9213649851632048 0.06333333333333334 0.1513353115727003
0 0.9516666666666667 0.9213649851632048 0.06666666666666667 0.1513353115727003
0 0.7925 0.9228486646884273 0.065 0.14836795252225518
0 0.8958333333333334 0.9258160237388724 0.075 0.142433234421365
0 0.525 0.9376854599406528 0.07 0.11869436201780416
0 0.45916666666666667 0.9436201780415431 0.06 0.10385756676557864