0 0.6591666666666667 0.3293768545994065 0.155 0.3827893175074184
0 0.5175 0.3916913946587537 0.12 0.35311572700296734
0 0.25416666666666665 0.42136498516320475 0.15166666666666667 0.3323442136498516
0 0.41833333333333333 0.45103857566765576 0.08166666666666667 0.314540059347181
0 0.8541666666666666 0.7240356083086054 0.22333333333333333 0.5252225519287834
0 0.6658333333333334 0.7522255192878339 0.17333333333333334 0.4362017804154303
0 0.31666666666666665 0.7611275964391692 0.10833333333333334 0.4124629080118694
0 0.5133333333333333 0.7729970326409495 0.13166666666666665 0.40059347181008903
0 0.2125 0.7744807121661721 0.115 0.3827893175074184
0 0.4008333333333333 0.7937685459940653 0.09333333333333334 0.3560830860534125
0 0.8283333333333334 0.23887240356083086 0.20333333333333334 0.4391691394658754