0 0.9358333333333333 0.22555555555555556 0.085 0.1
0 0.715 0.24444444444444444 0.07166666666666667 0.14888888888888888
0 0.8216666666666667 0.3011111111111111 0.08166666666666667 0.12444444444444444
0 0.89 0.3111111111111111 0.055 0.13111111111111112
0 0.9483333333333334 0.33444444444444443 0.07833333333333334 0.11555555555555555
0 0.1425 0.3711111111111111 0.17833333333333334 0.3422222222222222
0 0.635 0.03777777777777778 0.08833333333333333 0.07555555555555556
0 0.425 0.41888888888888887 0.135 0.2866666666666667
0 0.555 0.44333333333333336 0.11166666666666666 0.2644444444444444
0 0.6566666666666666 0.4577777777777778 0.09333333333333334 0.23777777777777778
0 0.7391666666666666 0.4777777777777778 0.07 0.21555555555555556
0 0.8108333333333333 0.4888888888888889 0.07166666666666667 0.19333333333333333
0 0.2975 0.5 0.10666666666666667 0.23555555555555555
0 0.8783333333333333 0.5 0.06833333333333333 0.19111111111111112
0 0.8208333333333333 0.6988888888888889 0.07 0.2111111111111111
0 0.8883333333333333 0.7011111111111111 0.065 0.19777777777777777
0 0.7491666666666666 0.7022222222222222 0.075 0.2222222222222222
0 0.5558333333333333 0.7077777777777777 0.11333333333333333 0.2644444444444444
0 0.6633333333333333 0.7077777777777777 0.1 0.2511111111111111
0 0.4266666666666667 0.7155555555555555 0.135 0.29555555555555557
0 0.13 0.7266666666666667 0.19 0.36666666666666664
0 0.295 0.7477777777777778 0.12 0.2577777777777778
0 0.25416666666666665 0.07666666666666666 0.16833333333333333 0.15333333333333332
0 0.7083333333333334 0.10111111111111111 0.07333333333333333 0.1511111111111111
0 0.925 0.10444444444444445 0.07666666666666666 0.1288888888888889
0 0.4041666666666667 0.10555555555555556 0.14333333333333334 0.2111111111111111
0 0.53 0.13333333333333333 0.11666666666666667 0.2511111111111111
0 0.815 0.15777777777777777 0.10166666666666667 0.14444444444444443
0 0.6325 0.18333333333333332 0.09 0.22444444444444445