0 0.6068249258160238 0.17583333333333334 0.09792284866468842 0.075
0 0.5118694362017804 0.19 0.0830860534124629 0.07333333333333333
0 0.42433234421364985 0.20166666666666666 0.09495548961424333 0.075
0 0.33827893175074186 0.20916666666666667 0.07418397626112759 0.06833333333333333
0 0.1884272997032641 0.215 0.0830860534124629 0.065
0 0.10089020771513353 0.22166666666666668 0.07418397626112759 0.058333333333333334
0 0.03560830860534125 0.2325 0.0712166172106825 0.07666666666666666
0 0.814540059347181 0.23333333333333334 0.10682492581602374 0.08333333333333333
0 0.7091988130563798 0.24416666666666667 0.10089020771513353 0.08166666666666667
0 0.6097922848664689 0.25416666666666665 0.09792284866468842 0.08
0 0.5222551928783383 0.2658333333333333 0.08902077151335312 0.07833333333333334
0 0.42136498516320475 0.27416666666666667 0.10089020771513353 0.07833333333333334
0 0.10385756676557864 0.28583333333333333 0.08605341246290801 0.056666666666666664
0 0.3367952522255193 0.28583333333333333 0.06231454005934718 0.075
0 0.1943620178041543 0.29083333333333333 0.0830860534124629 0.06
0 0.03560830860534125 0.30083333333333334 0.06231454005934718 0.06333333333333334
0 0.9332344213649851 0.3525 0.11275964391691394 0.08833333333333333
0 0.1943620178041543 0.3525 0.0830860534124629 0.06666666666666667
0 0.1083086053412463 0.3625 0.09495548961424333 0.07
0 0.8175074183976261 0.36333333333333334 0.10979228486646884 0.08666666666666667
0 0.04154302670623145 0.3641666666666667 0.0830860534124629 0.056666666666666664
0 0.712166172106825 0.36916666666666664 0.09792284866468842 0.08166666666666667
0 0.6172106824925816 0.37583333333333335 0.09198813056379822 0.08166666666666667
0 0.5222551928783383 0.38666666666666666 0.09198813056379822 0.08166666666666667
0 0.43471810089020774 0.3875 0.08902077151335312 0.07833333333333334
0 0.35014836795252224 0.3975 0.08902077151335312 0.07333333333333333
0 0.1943620178041543 0.42583333333333334 0.10682492581602374 0.06666666666666667
0 0.03560830860534125 0.4325 0.0712166172106825 0.06
0 0.11869436201780416 0.43333333333333335 0.07418397626112759 0.06833333333333333
0 0.9332344213649851 0.4425 0.10979228486646884 0.08833333333333333
0 0.8175074183976261 0.44916666666666666 0.10979228486646884 0.08833333333333333
0 0.7166172106824926 0.45166666666666666 0.10385756676557864 0.08333333333333333
0 0.6216617210682492 0.4583333333333333 0.09495548961424333 0.07833333333333334
0 0.5311572700296736 0.4608333333333333 0.09495548961424333 0.07666666666666666
0 0.4406528189910979 0.4658333333333333 0.08605341246290801 0.07666666666666666
0 0.35014836795252224 0.47 0.10089020771513353 0.07
0 0.9406528189910979 0.5316666666666666 0.11572700296735905 0.09166666666666666
0 0.8264094955489614 0.5341666666666667 0.10682492581602374 0.08333333333333333
0 0.7195845697329377 0.5366666666666666 0.10089020771513353 0.085
0 0.6231454005934718 0.5391666666666667 0.08902077151335312 0.08
0 0.5296735905044511 0.54 0.09495548961424333 0.07666666666666666
0 0.4421364985163205 0.5416666666666666 0.08605341246290801 0.07333333333333333
0 0.35311572700296734 0.5441666666666667 0.08605341246290801 0.07166666666666667
0 0.22551928783382788 0.5533333333333333 0.10682492581602374 0.06666666666666667
0 0.13501483679525222 0.5541666666666667 0.0830860534124629 0.056666666666666664
0 0.025222551928783383 0.6175 0.050445103857566766 0.075
0 0.1142433234421365 0.6225 0.0771513353115727 0.06
0 0.19732937685459942 0.6275 0.10385756676557864 0.06666666666666667
0 0.3590504451038576 0.6491666666666667 0.0771513353115727 0.08
0 0.44510385756676557 0.6525 0.08011869436201781 0.08166666666666667
0 0.9495548961424333 0.66 0.09198813056379822 0.09
0 0.5370919881305638 0.6608333333333334 0.08902077151335312 0.08
0 0.7329376854599406 0.6641666666666667 0.09198813056379822 0.085
0 0.6379821958456974 0.6658333333333334 0.09495548961424333 0.08166666666666667
0 0.8056379821958457 0.0675 0.11572700296735905 0.08166666666666667
0 0.8427299703264095 0.6691666666666667 0.10385756676557864 0.08833333333333333
0 0.10979228486646884 0.6866666666666666 0.08605341246290801 0.06833333333333333
0 0.037091988130563795 0.6883333333333334 0.0712166172106825 0.058333333333333334
0 0.20178041543026706 0.6975 0.11275964391691394 0.06833333333333333
0 0.3620178041543027 0.7333333333333333 0.0771513353115727 0.07666666666666666
0 0.4495548961424332 0.7358333333333333 0.0830860534124629 0.08333333333333333
0 0.5385756676557863 0.7425 0.08902077151335312 0.08166666666666667
0 0.6364985163204748 0.7475 0.09792284866468842 0.085
0 0.7403560830860534 0.7508333333333334 0.10682492581602374 0.08333333333333333
0 0.9510385756676558 0.7541666666666667 0.09495548961424333 0.09666666666666666
0 0.04747774480712166 0.7558333333333334 0.09495548961424333 0.07333333333333333
0 0.8501483679525222 0.7566666666666667 0.11275964391691394 0.08666666666666667
0 0.1172106824925816 0.7591666666666667 0.08902077151335312 0.075
0 0.2062314540059347 0.7675 0.10385756676557864 0.07833333333333334
0 0.3649851632047478 0.8141666666666667 0.08011869436201781 0.07333333333333333
0 0.45103857566765576 0.8191666666666667 0.08011869436201781 0.07833333333333334
0 0.5445103857566765 0.8258333333333333 0.09198813056379822 0.07833333333333334
0 0.701780415430267 0.08333333333333333 0.10682492581602374 0.07333333333333333
0 0.6394658753709199 0.8333333333333334 0.10089020771513353 0.08333333333333333
0 0.7462908011869436 0.8391666666666666 0.11275964391691394 0.09166666666666666
0 0.8560830860534124 0.8483333333333334 0.10979228486646884 0.09166666666666666
0 0.9554896142433235 0.8525 0.0830860534124629 0.09666666666666666
0 0.14985163204747776 0.895 0.0830860534124629 0.085
0 0.06528189910979229 0.9033333333333333 0.08902077151335312 0.11
0 0.3649851632047478 0.9341666666666667 0.0830860534124629 0.08333333333333333
0 0.45252225519287836 0.9408333333333333 0.08605341246290801 0.08666666666666667
0 0.5415430267062314 0.9458333333333333 0.0830860534124629 0.08166666666666667
0 0.642433234421365 0.955 0.10089020771513353 0.085
0 0.7537091988130564 0.9608333333333333 0.10089020771513353 0.075
0 0.9614243323442137 0.965 0.07418397626112759 0.06333333333333334
0 0.8649851632047477 0.9666666666666667 0.10682492581602374 0.065
0 0.1513353115727003 0.9691666666666666 0.09495548961424333 0.058333333333333334
0 0.06824925816023739 0.9791666666666666 0.10089020771513353 0.03833333333333333
0 0.6023738872403561 0.09833333333333333 0.09198813056379822 0.07666666666666666
0 0.5089020771513353 0.11166666666666666 0.09198813056379822 0.07666666666666666
0 0.4198813056379822 0.12333333333333334 0.09198813056379822 0.07333333333333333
0 0.3353115727002967 0.1375 0.0771513353115727 0.07166666666666667
0 0.8100890207715133 0.15083333333333335 0.11572700296735905 0.08
0 0.7032640949554896 0.16166666666666665 0.09495548961424333 0.08333333333333333