0 0.6691666666666667 0.24 0.058333333333333334 0.12
0 0.46166666666666667 0.24333333333333335 0.058333333333333334 0.10888888888888888
0 0.53 0.24888888888888888 0.06166666666666667 0.12666666666666668
0 0.40166666666666667 0.25 0.051666666666666666 0.10888888888888888
0 0.3383333333333333 0.25333333333333335 0.06 0.11777777777777777
0 0.6041666666666666 0.26666666666666666 0.06333333333333334 0.08222222222222222
0 0.2916666666666667 0.2866666666666667 0.03 0.09333333333333334
0 0.46166666666666667 0.3622222222222222 0.06166666666666667 0.12222222222222222
0 0.4 0.3655555555555556 0.06 0.11333333333333333
0 0.17583333333333334 0.36666666666666664 0.045 0.12666666666666668
0 0.5933333333333334 0.36777777777777776 0.06833333333333333 0.11777777777777777
0 0.06 0.3688888888888889 0.055 0.12222222222222222
0 0.11666666666666667 0.3688888888888889 0.06 0.12222222222222222
0 0.5241666666666667 0.3688888888888889 0.06666666666666667 0.11777777777777777
0 0.6658333333333334 0.3688888888888889 0.065 0.12
0 0.3358333333333333 0.37 0.06 0.11555555555555555
0 0.020833333333333332 0.37555555555555553 0.041666666666666664 0.11777777777777777
0 0.285 0.37666666666666665 0.03333333333333333 0.09333333333333334
0 0.23916666666666667 0.3844444444444444 0.051666666666666666 0.10444444444444445
0 0.25666666666666665 0.51 0.065 0.1111111111111111
0 0.3225 0.5155555555555555 0.058333333333333334 0.12444444444444444
0 0.39 0.5166666666666667 0.07 0.12222222222222222
0 0.6591666666666667 0.5166666666666667 0.06666666666666667 0.13111111111111112
0 0.45916666666666667 0.5177777777777778 0.06666666666666667 0.1288888888888889
0 0.5266666666666666 0.5188888888888888 0.065 0.13333333333333333
0 0.5941666666666666 0.5211111111111111 0.06333333333333334 0.1288888888888889
0 0.03 0.6222222222222222 0.056666666666666664 0.14
0 0.1425 0.6255555555555555 0.06333333333333334 0.13333333333333333
0 0.085 0.6277777777777778 0.06166666666666667 0.14222222222222222
0 0.24583333333333332 0.6311111111111111 0.065 0.12666666666666668
0 0.31416666666666665 0.6388888888888888 0.06833333333333333 0.12
0 0.38416666666666666 0.6411111111111111 0.06666666666666667 0.1288888888888889
0 0.4533333333333333 0.6444444444444445 0.06666666666666667 0.12222222222222222
0 0.5208333333333334 0.6511111111111111 0.06833333333333333 0.12
0 0.5933333333333334 0.6522222222222223 0.07 0.13333333333333333
0 0.665 0.6544444444444445 0.06666666666666667 0.14
0 0.22916666666666666 0.7955555555555556 0.06 0.1288888888888889
0 0.2941666666666667 0.8 0.06333333333333334 0.13555555555555557
0 0.36083333333333334 0.8055555555555556 0.07333333333333333 0.14222222222222222
0 0.435 0.8077777777777778 0.07 0.14
0 0.5116666666666667 0.8166666666666667 0.08 0.14222222222222222
0 0.6591666666666667 0.8166666666666667 0.06666666666666667 0.15555555555555556
0 0.59 0.8188888888888889 0.06833333333333333 0.14444444444444443
0 0.21833333333333332 0.9255555555555556 0.075 0.13555555555555557
0 0.29 0.9266666666666666 0.06666666666666667 0.14222222222222222
0 0.355 0.9344444444444444 0.07333333333333333 0.12666666666666668
0 0.42916666666666664 0.94 0.08166666666666667 0.11777777777777777
0 0.5083333333333333 0.9422222222222222 0.07666666666666666 0.10888888888888888
0 0.5875 0.9444444444444444 0.07333333333333333 0.10222222222222223
0 0.6641666666666667 0.9511111111111111 0.06833333333333333 0.09333333333333334