0 0.9041666666666667 0.4035608308605341 0.045 0.08605341246290801
0 0.8591666666666666 0.4065281899109792 0.03833333333333333 0.08902077151335312
0 0.8125 0.41097922848664686 0.03666666666666667 0.08605341246290801
0 0.7683333333333333 0.4124629080118694 0.03833333333333333 0.0830860534124629
0 0.6991666666666667 0.41839762611275966 0.041666666666666664 0.08605341246290801
0 0.66 0.42433234421364985 0.035 0.09198813056379822
0 0.625 0.42729970326409494 0.035 0.08902077151335312
0 0.59 0.4287833827893175 0.03 0.0830860534124629
0 0.43916666666666665 0.43026706231454004 0.035 0.0830860534124629
0 0.5091666666666667 0.43026706231454004 0.028333333333333332 0.0771513353115727
0 0.5541666666666667 0.43026706231454004 0.035 0.08902077151335312
0 0.4025 0.4332344213649852 0.03333333333333333 0.07418397626112759
0 0.4766666666666667 0.4332344213649852 0.035 0.0771513353115727
0 0.35583333333333333 0.43471810089020774 0.028333333333333332 0.0712166172106825
0 0.21833333333333332 0.4362017804154303 0.028333333333333332 0.08011869436201781
0 0.16916666666666666 0.43768545994065283 0.02666666666666667 0.0771513353115727
0 0.2875 0.43768545994065283 0.03 0.07418397626112759
0 0.3225 0.4391691394658754 0.03 0.0771513353115727
0 0.13916666666666666 0.4406528189910979 0.03 0.08011869436201781
0 0.25416666666666665 0.443620178041543 0.03166666666666667 0.08011869436201781
0 0.07416666666666667 0.443620178041543 0.025 0.0771513353115727
0 0.04083333333333333 0.44510385756676557 0.03333333333333333 0.0830860534124629
0 0.10666666666666667 0.4465875370919881 0.03166666666666667 0.0771513353115727
0 0.9108333333333334 0.49258160237388726 0.04 0.08902077151335312
0 0.7708333333333334 0.49554896142433236 0.03666666666666667 0.08011869436201781
0 0.865 0.49554896142433236 0.04 0.08605341246290801
0 0.8141666666666667 0.49851632047477745 0.041666666666666664 0.08902077151335312
0 0.7008333333333333 0.5074183976261127 0.041666666666666664 0.09198813056379822
0 0.6258333333333334 0.5089020771513353 0.03666666666666667 0.08605341246290801
0 0.3525 0.5103857566765578 0.03 0.0771513353115727
0 0.5083333333333333 0.5103857566765578 0.03166666666666667 0.08902077151335312
0 0.6641666666666667 0.5103857566765578 0.035 0.08011869436201781
0 0.39916666666666667 0.5118694362017804 0.03166666666666667 0.0830860534124629
0 0.59 0.5118694362017804 0.035 0.0771513353115727
0 0.4725 0.5133531157270029 0.035 0.0830860534124629
0 0.5533333333333333 0.5133531157270029 0.035 0.0712166172106825
0 0.20916666666666667 0.5148367952522255 0.03166666666666667 0.08011869436201781
0 0.31916666666666665 0.5148367952522255 0.03333333333333333 0.07418397626112759
0 0.43583333333333335 0.5148367952522255 0.035 0.0771513353115727
0 0.2825 0.516320474777448 0.035 0.0830860534124629
0 0.16 0.5192878338278932 0.02666666666666667 0.0771513353115727
0 0.24916666666666668 0.5222551928783383 0.03166666666666667 0.07418397626112759
0 0.02666666666666667 0.5252225519287834 0.035 0.07418397626112759
0 0.06333333333333334 0.5252225519287834 0.03166666666666667 0.07418397626112759
0 0.13083333333333333 0.5252225519287834 0.03166666666666667 0.08011869436201781
0 0.0975 0.526706231454006 0.035 0.0712166172106825
0 0.8175 0.5845697329376854 0.043333333333333335 0.08902077151335312
0 0.9175 0.586053412462908 0.043333333333333335 0.08902077151335312
0 0.7775 0.5875370919881305 0.04 0.09198813056379822
0 0.87 0.5890207715133531 0.041666666666666664 0.08605341246290801
0 0.5533333333333333 0.5905044510385756 0.035 0.08902077151335312
0 0.5891666666666666 0.5919881305637982 0.03666666666666667 0.08902077151335312
0 0.6641666666666667 0.5934718100890207 0.03666666666666667 0.08605341246290801
0 0.7041666666666667 0.5934718100890207 0.041666666666666664 0.0830860534124629
0 0.3975 0.5949554896142433 0.035 0.0830860534124629
0 0.3475 0.5964391691394659 0.03166666666666667 0.0830860534124629
0 0.505 0.5964391691394659 0.028333333333333332 0.07418397626112759
0 0.6266666666666667 0.5964391691394659 0.03833333333333333 0.0830860534124629
0 0.31583333333333335 0.5979228486646885 0.035 0.08902077151335312
0 0.4708333333333333 0.5979228486646885 0.03333333333333333 0.08011869436201781
0 0.2425 0.599406528189911 0.03833333333333333 0.07418397626112759
0 0.43666666666666665 0.599406528189911 0.03333333333333333 0.0830860534124629
0 0.20416666666666666 0.6008902077151336 0.03833333333333333 0.0830860534124629
0 0.020833333333333332 0.6023738872403561 0.03333333333333333 0.08011869436201781
0 0.28 0.6023738872403561 0.03333333333333333 0.08011869436201781
0 0.05416666666666667 0.6053412462908012 0.03166666666666667 0.0771513353115727
0 0.1225 0.6053412462908012 0.028333333333333332 0.08011869436201781
0 0.1525 0.6053412462908012 0.03 0.0771513353115727
0 0.09 0.6068249258160238 0.03333333333333333 0.07418397626112759
0 0.5941666666666666 0.7744807121661721 0.04 0.0830860534124629
0 0.39 0.7759643916913946 0.035 0.09495548961424333
0 0.7183333333333334 0.7774480712166172 0.03833333333333333 0.09495548961424333
0 0.9025 0.7774480712166172 0.04666666666666667 0.10682492581602374
0 0.10333333333333333 0.7774480712166172 0.03 0.09495548961424333
0 0.19 0.7789317507418397 0.035 0.08902077151335312
0 0.3375 0.7789317507418397 0.035 0.09792284866468842
0 0.6358333333333334 0.7789317507418397 0.03833333333333333 0.09198813056379822
0 0.6766666666666666 0.7789317507418397 0.03833333333333333 0.10089020771513353
0 0.95 0.7789317507418397 0.043333333333333335 0.09792284866468842
0 0.13666666666666666 0.7789317507418397 0.02666666666666667 0.09495548961424333
0 0.22833333333333333 0.7804154302670623 0.04 0.09792284866468842
0 0.2675 0.7804154302670623 0.03333333333333333 0.09792284866468842
0 0.3025 0.7804154302670623 0.03666666666666667 0.09495548961424333
0 0.46416666666666667 0.7804154302670623 0.035 0.10385756676557864
0 0.5516666666666666 0.7804154302670623 0.04 0.09495548961424333
0 0.775 0.7804154302670623 0.03333333333333333 0.10385756676557864
0 0.034166666666666665 0.7818991097922848 0.03833333333333333 0.08902077151335312
0 0.42583333333333334 0.7818991097922848 0.03833333333333333 0.09792284866468842
0 0.07333333333333333 0.7818991097922848 0.03166666666666667 0.09792284866468842
0 0.8141666666666667 0.7818991097922848 0.04666666666666667 0.10385756676557864
0 0.8591666666666666 0.7818991097922848 0.045 0.11275964391691394
0 0.5008333333333334 0.7863501483679525 0.03666666666666667 0.0830860534124629
0 0.38416666666666666 0.8531157270029673 0.03666666666666667 0.05934718100890208
0 0.425 0.8635014836795252 0.043333333333333335 0.05637982195845697
0 0.18083333333333335 0.870919881305638 0.03333333333333333 0.0830860534124629
0 0.025 0.870919881305638 0.03666666666666667 0.0830860534124629
0 0.09416666666666666 0.870919881305638 0.03 0.0771513353115727
0 0.12833333333333333 0.870919881305638 0.03166666666666667 0.08011869436201781
0 0.5008333333333334 0.8724035608308606 0.03666666666666667 0.09198813056379822
0 0.5966666666666667 0.8724035608308606 0.04 0.10089020771513353
0 0.6391666666666667 0.8724035608308606 0.041666666666666664 0.09495548961424333
0 0.22166666666666668 0.8738872403560831 0.03833333333333333 0.08902077151335312
0 0.06166666666666667 0.8738872403560831 0.03666666666666667 0.0830860534124629
0 0.3308333333333333 0.8753709198813057 0.04 0.09792284866468842
0 0.5541666666666667 0.8753709198813057 0.03833333333333333 0.09198813056379822
0 0.7258333333333333 0.8768545994065282 0.043333333333333335 0.10089020771513353
0 0.26 0.8783382789317508 0.03166666666666667 0.08902077151335312
0 0.6833333333333333 0.8783382789317508 0.03666666666666667 0.10089020771513353
0 0.2941666666666667 0.8798219584569733 0.03166666666666667 0.08902077151335312
0 0.4625 0.8798219584569733 0.035 0.08902077151335312
0 0.9583333333333334 0.8798219584569733 0.04833333333333333 0.10682492581602374
0 0.775 0.8827893175074184 0.04 0.10089020771513353
0 0.9108333333333334 0.8827893175074184 0.045 0.10089020771513353
0 0.8666666666666667 0.887240356083086 0.04666666666666667 0.09792284866468842
0 0.82 0.8887240356083086 0.04666666666666667 0.09792284866468842
0 0.0575 0.9465875370919882 0.03333333333333333 0.07418397626112759
0 0.020833333333333332 0.9480712166172107 0.03666666666666667 0.06528189910979229
0 0.09083333333333334 0.9480712166172107 0.035 0.06528189910979229
0 0.125 0.9510385756676558 0.028333333333333332 0.0712166172106825
0 0.49833333333333335 0.9525222551928784 0.04 0.06528189910979229
0 0.46 0.9554896142433235 0.03333333333333333 0.06824925816023739
0 0.16833333333333333 0.956973293768546 0.025 0.0712166172106825
0 0.2916666666666667 0.9599406528189911 0.043333333333333335 0.07418397626112759
0 0.5983333333333334 0.9614243323442137 0.03666666666666667 0.06528189910979229
0 0.6425 0.9614243323442137 0.03833333333333333 0.0712166172106825
0 0.25166666666666665 0.9629080118694362 0.03833333333333333 0.06528189910979229
0 0.33 0.9629080118694362 0.035 0.0712166172106825
0 0.6833333333333333 0.9643916913946587 0.035 0.05934718100890208
0 0.7258333333333333 0.9643916913946587 0.043333333333333335 0.06528189910979229
0 0.5541666666666667 0.9658753709198813 0.035 0.06231454005934718
0 0.7858333333333334 0.9658753709198813 0.03833333333333333 0.06528189910979229
0 0.8275 0.9658753709198813 0.04 0.05934718100890208
0 0.9175 0.9658753709198813 0.04666666666666667 0.05934718100890208
0 0.8691666666666666 0.9673590504451038 0.04666666666666667 0.06231454005934718
0 0.965 0.9703264094955489 0.04666666666666667 0.05341246290801187