0 0.9033333333333333 0.46111111111111114 0.08 0.06888888888888889
0 0.7766666666666666 0.48333333333333334 0.06166666666666667 0.11333333333333333
0 0.7116666666666667 0.49333333333333335 0.06 0.10888888888888888
0 0.6475 0.49444444444444446 0.05 0.10666666666666667
0 0.59 0.4955555555555556 0.055 0.1
0 0.30333333333333334 0.49666666666666665 0.04833333333333333 0.08444444444444445
0 0.4075 0.4988888888888889 0.056666666666666664 0.09555555555555556
0 0.3525 0.5 0.05 0.09777777777777778
0 0.5233333333333333 0.5011111111111111 0.058333333333333334 0.1
0 0.20333333333333334 0.5022222222222222 0.04833333333333333 0.09333333333333334
0 0.2525 0.5022222222222222 0.04666666666666667 0.08888888888888889
0 0.4633333333333333 0.5022222222222222 0.05 0.1
0 0.9091666666666667 0.5355555555555556 0.08 0.06222222222222222
0 0.24916666666666668 0.5988888888888889 0.04666666666666667 0.09555555555555556
0 0.4083333333333333 0.5988888888888889 0.05 0.11333333333333333
0 0.19583333333333333 0.6011111111111112 0.04666666666666667 0.10222222222222223
0 0.4633333333333333 0.6011111111111112 0.056666666666666664 0.10666666666666667
0 0.355 0.6033333333333334 0.051666666666666666 0.10222222222222223
0 0.3 0.6044444444444445 0.051666666666666666 0.09777777777777778
0 0.785 0.6044444444444445 0.055 0.11333333333333333
0 0.5241666666666667 0.6066666666666667 0.051666666666666666 0.09777777777777778
0 0.59 0.6066666666666667 0.055 0.10666666666666667
0 0.6541666666666667 0.6066666666666667 0.058333333333333334 0.1111111111111111
0 0.7175 0.6077777777777778 0.055 0.10888888888888888
0 0.9108333333333334 0.6188888888888889 0.07666666666666666 0.09333333333333334
0 0.64 0.74 0.043333333333333335 0.06222222222222222
0 0.6741666666666667 0.7433333333333333 0.025 0.06222222222222222
0 0.7016666666666667 0.7433333333333333 0.035 0.06222222222222222
0 0.7608333333333334 0.7455555555555555 0.03333333333333333 0.057777777777777775