0 0.03 0.17083333333333334 0.04666666666666667 0.08
0 0.8055555555555556 0.17416666666666666 0.04 0.041666666666666664
0 0.9144444444444444 0.17583333333333334 0.044444444444444446 0.04
0 0.2 0.17666666666666667 0.09555555555555556 0.10333333333333333
0 0.28555555555555556 0.18833333333333332 0.07555555555555556 0.1
0 0.8577777777777778 0.19 0.03333333333333333 0.035
0 0.8877777777777778 0.195 0.024444444444444446 0.03
0 0.36333333333333334 0.19916666666666666 0.07555555555555556 0.08833333333333333
0 0.43 0.21 0.051111111111111114 0.08166666666666667
0 0.8111111111111111 0.21166666666666667 0.035555555555555556 0.03166666666666667
0 0.4855555555555556 0.2125 0.06 0.08166666666666667
0 0.5388888888888889 0.2225 0.04888888888888889 0.075
0 0.86 0.22333333333333333 0.04 0.028333333333333332
0 0.89 0.22833333333333333 0.02666666666666667 0.03166666666666667
0 0.5866666666666667 0.22833333333333333 0.04888888888888889 0.075
0 0.6344444444444445 0.23166666666666666 0.04666666666666667 0.07
0 0.34 0.029166666666666667 0.07333333333333333 0.058333333333333334
0 0.7477777777777778 0.2891666666666667 0.042222222222222223 0.06333333333333334
0 0.9022222222222223 0.2966666666666667 0.03333333333333333 0.043333333333333335
0 0.8622222222222222 0.3016666666666667 0.05333333333333334 0.04833333333333333
0 0.9588888888888889 0.3016666666666667 0.042222222222222223 0.041666666666666664
0 0.9155555555555556 0.3441666666666667 0.05555555555555555 0.051666666666666666
0 0.96 0.3466666666666667 0.03777777777777778 0.04666666666666667
0 0.7511111111111111 0.3475 0.044444444444444446 0.056666666666666664
0 0.8366666666666667 0.3491666666666667 0.04888888888888889 0.051666666666666666
0 0.8677777777777778 0.3491666666666667 0.051111111111111114 0.04833333333333333
0 0.7933333333333333 0.35 0.05333333333333334 0.051666666666666666
0 0.96 0.39166666666666666 0.044444444444444446 0.043333333333333335
0 0.9166666666666666 0.39416666666666667 0.05555555555555555 0.05
0 0.8755555555555555 0.3983333333333333 0.03777777777777778 0.045
0 0.6077777777777778 0.4 0.044444444444444446 0.03
0 0.41 0.04083333333333333 0.06222222222222222 0.07666666666666666
0 0.8177777777777778 0.40166666666666667 0.042222222222222223 0.05333333333333334
0 0.8466666666666667 0.4025 0.04 0.05
0 0.7844444444444445 0.4041666666666667 0.028888888888888888 0.055
0 0.7488888888888889 0.4041666666666667 0.04666666666666667 0.056666666666666664
0 0.1811111111111111 0.4075 0.10888888888888888 0.10666666666666667
0 0.37666666666666665 0.4091666666666667 0.07333333333333333 0.09166666666666666
0 0.48 0.4091666666666667 0.06888888888888889 0.075
0 0.5644444444444444 0.4116666666666667 0.042222222222222223 0.04666666666666667
0 0.31666666666666665 0.41333333333333333 0.05333333333333334 0.09333333333333334
0 0.07111111111111111 0.4216666666666667 0.11777777777777777 0.10666666666666667
0 0.6155555555555555 0.43833333333333335 0.04888888888888889 0.04666666666666667
0 0.6588888888888889 0.44916666666666666 0.028888888888888888 0.04
0 0.47 0.04583333333333333 0.05333333333333334 0.08666666666666667
0 0.9577777777777777 0.4533333333333333 0.02666666666666667 0.03833333333333333
0 0.9255555555555556 0.45666666666666667 0.03333333333333333 0.04
0 0.8933333333333333 0.4633333333333333 0.04888888888888889 0.041666666666666664
0 0.8566666666666667 0.4675 0.042222222222222223 0.041666666666666664
0 0.5444444444444444 0.4775 0.044444444444444446 0.07166666666666667
0 0.5033333333333333 0.48583333333333334 0.044444444444444446 0.075
0 0.5922222222222222 0.48833333333333334 0.04888888888888889 0.056666666666666664
0 0.6311111111111111 0.4891666666666667 0.028888888888888888 0.04666666666666667
0 0.4488888888888889 0.49 0.06 0.07833333333333334
0 0.6644444444444444 0.49333333333333335 0.03333333333333333 0.04666666666666667
0 0.9611111111111111 0.49916666666666665 0.02666666666666667 0.04
0 0.38333333333333336 0.49916666666666665 0.06888888888888889 0.085
0 0.9322222222222222 0.5 0.03333333333333333 0.041666666666666664
0 0.32666666666666666 0.5075 0.051111111111111114 0.09333333333333334
0 0.9011111111111111 0.5083333333333333 0.042222222222222223 0.041666666666666664
0 0.8655555555555555 0.5133333333333333 0.04 0.04666666666666667
0 0.1988888888888889 0.5141666666666667 0.1 0.09833333333333333
0 0.09666666666666666 0.5341666666666667 0.09777777777777778 0.10833333333333334
0 0.7733333333333333 0.5383333333333333 0.057777777777777775 0.06666666666666667
0 0.023333333333333334 0.5408333333333334 0.044444444444444446 0.115
0 0.6688888888888889 0.5425 0.03333333333333333 0.043333333333333335
0 0.6355555555555555 0.5441666666666667 0.03333333333333333 0.055
0 0.5988888888888889 0.5475 0.051111111111111114 0.056666666666666664
0 0.5522222222222222 0.5516666666666666 0.04666666666666667 0.06666666666666667
0 0.51 0.5591666666666667 0.04888888888888889 0.07
0 0.4533333333333333 0.5708333333333333 0.06 0.08166666666666667
0 0.08333333333333333 0.059166666666666666 0.1111111111111111 0.1
0 0.39555555555555555 0.585 0.06666666666666667 0.08
0 0.3377777777777778 0.5991666666666666 0.051111111111111114 0.09
0 0.5266666666666666 0.0625 0.06222222222222222 0.08333333333333333
0 0.21555555555555556 0.6175 0.10222222222222223 0.09833333333333333
0 0.6622222222222223 0.6275 0.07777777777777778 0.06166666666666667
0 0.11666666666666667 0.645 0.10888888888888888 0.10333333333333333
0 0.03111111111111111 0.6583333333333333 0.057777777777777775 0.12
0 0.6711111111111111 0.6925 0.04888888888888889 0.06166666666666667
0 0.18444444444444444 0.07083333333333333 0.09111111111111111 0.10833333333333334
0 0.6188888888888889 0.7041666666666667 0.06222222222222222 0.085
0 0.5555555555555556 0.7216666666666667 0.06 0.06833333333333333
0 0.49777777777777776 0.75 0.07555555555555556 0.07666666666666666
0 0.6811111111111111 0.7566666666666667 0.044444444444444446 0.06
0 0.4211111111111111 0.7708333333333334 0.08444444444444445 0.08
0 0.6255555555555555 0.7758333333333334 0.06666666666666667 0.065
0 0.5766666666666667 0.07916666666666666 0.04888888888888889 0.08333333333333333
0 0.5622222222222222 0.7933333333333333 0.05333333333333334 0.06666666666666667
0 0.6844444444444444 0.8191666666666667 0.044444444444444446 0.058333333333333334
0 0.5022222222222222 0.8258333333333333 0.06444444444444444 0.07166666666666667
0 0.6355555555555555 0.8383333333333334 0.06444444444444444 0.065
0 0.43666666666666665 0.8466666666666667 0.07555555555555556 0.07666666666666666
0 0.5688888888888889 0.865 0.06 0.07
0 0.2722222222222222 0.08916666666666667 0.07777777777777778 0.1
0 0.3811111111111111 0.8883333333333333 0.06 0.06833333333333333
0 0.5111111111111111 0.8991666666666667 0.06888888888888889 0.07
0 0.06777777777777778 0.9175 0.12444444444444444 0.1
0 0.44333333333333336 0.9258333333333333 0.07333333333333333 0.08166666666666667
0 0.62 0.09333333333333334 0.04666666666666667 0.08
0 0.27666666666666667 0.9433333333333334 0.09111111111111111 0.08833333333333333
0 0.39111111111111113 0.9608333333333333 0.06 0.07166666666666667
0 0.19555555555555557 0.9683333333333334 0.09777777777777778 0.06
0 0.3511111111111111 0.10583333333333333 0.07555555555555556 0.095
0 0.41555555555555557 0.12333333333333334 0.06666666666666667 0.09
0 0.4766666666666667 0.13083333333333333 0.051111111111111114 0.085
0 0.5277777777777778 0.145 0.051111111111111114 0.07666666666666666
0 0.5777777777777777 0.15583333333333332 0.04888888888888889 0.06833333333333333
0 0.1 0.16333333333333333 0.11777777777777777 0.10666666666666667
0 0.6266666666666667 0.16416666666666666 0.042222222222222223 0.065