0 0.8141666666666667 0.31750741839762614 0.115 0.26112759643916916
0 0.6916666666666667 0.3264094955489614 0.11166666666666666 0.26706231454005935
0 0.58 0.3427299703264095 0.10166666666666667 0.24629080118694363
0 0.38416666666666666 0.3724035608308605 0.095 0.24629080118694363
0 0.28833333333333333 0.3768545994065282 0.09333333333333334 0.2344213649851632
0 0.48 0.3857566765578635 0.09166666666666666 0.22551928783382788
0 0.19916666666666666 0.4169139465875371 0.085 0.20474777448071216
0 0.12 0.42729970326409494 0.07333333333333333 0.2166172106824926
0 0.9 0.4406528189910979 0.06333333333333334 0.1513353115727003
0 0.82 0.599406528189911 0.125 0.2878338278931751
0 0.6941666666666667 0.6023738872403561 0.11333333333333333 0.2878338278931751
0 0.5791666666666667 0.6038575667655787 0.11 0.27299703264094954
0 0.2758333333333333 0.6112759643916914 0.09166666666666666 0.2403560830860534
0 0.4708333333333333 0.6216617210682492 0.10166666666666667 0.24629080118694363
0 0.37 0.6231454005934718 0.09166666666666666 0.2403560830860534
0 0.09666666666666666 0.6335311572700296 0.085 0.20474777448071216
0 0.185 0.6350148367952523 0.08666666666666667 0.21364985163204747
0 0.0275 0.6617210682492581 0.055 0.18397626112759644