0 0.6661721068249258 0.1675 0.13649851632047477 0.125
0 0.8204747774480712 0.1675 0.1394658753709199 0.12666666666666668
0 0.5133531157270029 0.16916666666666666 0.13649851632047477 0.125
0 0.2032640949554896 0.1725 0.142433234421365 0.11
0 0.36795252225519287 0.02666666666666667 0.14540059347181009 0.051666666666666666
0 0.06973293768545995 0.02666666666666667 0.13056379821958458 0.05333333333333334
0 0.21068249258160238 0.02666666666666667 0.14540059347181009 0.05
0 0.6780415430267063 0.0275 0.14540059347181009 0.055
0 0.06379821958456973 0.2875 0.12462908011869436 0.12166666666666667
0 0.20771513353115728 0.2891666666666667 0.1513353115727003 0.11833333333333333
0 0.8204747774480712 0.29 0.1543026706231454 0.11833333333333333
0 0.3590504451038576 0.29083333333333333 0.14540059347181009 0.12
0 0.6646884272997032 0.2916666666666667 0.1394658753709199 0.115
0 0.9495548961424333 0.2916666666666667 0.09495548961424333 0.12
0 0.5089020771513353 0.2925 0.14540059347181009 0.11833333333333333
0 0.6795252225519288 0.03 0.1543026706231454 0.055
0 0.07863501483679525 0.43333333333333335 0.13353115727002968 0.12333333333333334
0 0.3724035608308605 0.43666666666666665 0.13353115727002968 0.125
0 0.5207715133531158 0.44083333333333335 0.13056379821958458 0.11833333333333333
0 0.6646884272997032 0.44083333333333335 0.13649851632047477 0.11833333333333333
0 0.22403560830860533 0.44083333333333335 0.14836795252225518 0.12333333333333334
0 0.8130563798219584 0.4508333333333333 0.12759643916913946 0.11666666666666667
0 0.9436201780415431 0.45166666666666666 0.10682492581602374 0.11833333333333333
0 0.08160237388724036 0.5525 0.1394658753709199 0.11166666666666666
0 0.22403560830860533 0.5566666666666666 0.1394658753709199 0.10666666666666667
0 0.37388724035608306 0.5583333333333333 0.13353115727002968 0.11
0 0.5148367952522255 0.5583333333333333 0.1394658753709199 0.11833333333333333
0 0.6602373887240356 0.5591666666666667 0.1394658753709199 0.11333333333333333
0 0.8115727002967359 0.5658333333333333 0.13649851632047477 0.11166666666666666
0 0.9406528189910979 0.5675 0.10979228486646884 0.11166666666666666
0 0.09198813056379822 0.7791666666666667 0.17507418397626112 0.12
0 0.46439169139465875 0.7833333333333333 0.18397626112759644 0.12666666666666668
0 0.658753709198813 0.7866666666666666 0.1661721068249258 0.13
0 0.2789317507418398 0.7866666666666666 0.18100890207715134 0.12333333333333334
0 0.844213649851632 0.7891666666666667 0.18100890207715134 0.13
0 0.06231454005934718 0.16416666666666666 0.12166172106824925 0.12333333333333334
0 0.3590504451038576 0.165 0.1572700296735905 0.12833333333333333
0 0.9510385756676558 0.16583333333333333 0.09198813056379822 0.12666666666666668