0 0.2789317507418398 0.33416666666666667 0.20771513353115728 0.20333333333333334
0 0.5 0.3516666666666667 0.2195845697329377 0.20333333333333334
0 0.7626112759643917 0.3858333333333333 0.27299703264094954 0.22
0 0.28635014836795253 0.5525 0.20178041543026706 0.21
0 0.5118694362017804 0.5633333333333334 0.2344213649851632 0.21
0 0.7729970326409495 0.5991666666666666 0.26112759643916916 0.20333333333333334
0 0.31305637982195844 0.7575 0.16913946587537093 0.18833333333333332
0 0.5118694362017804 0.7691666666666667 0.2166172106824926 0.2
0 0.7596439169139466 0.8025 0.2551928783382789 0.19666666666666666
0 0.32344213649851633 0.9291666666666667 0.1661721068249258 0.13833333333333334
0 0.5178041543026706 0.9358333333333333 0.20771513353115728 0.12666666666666668
0 0.7922848664688428 0.95 0.2878338278931751 0.09666666666666666
0 0.28041543026706234 0.12166666666666667 0.21364985163204747 0.21333333333333335
0 0.5044510385756676 0.13166666666666665 0.22255192878338279 0.225
0 0.7789317507418397 0.15916666666666668 0.33827893175074186 0.21333333333333335