0 0.15083333333333335 0.44510385756676557 0.16833333333333333 0.26706231454005935
0 0.09916666666666667 0.7344213649851632 0.18333333333333332 0.3115727002967359
0 0.43 0.4495548961424332 0.12333333333333334 0.27596439169139464
0 0.41 0.7270029673590505 0.14166666666666666 0.27596439169139464
0 0.2991666666666667 0.44807121661721067 0.12166666666666667 0.27299703264094954
0 0.265 0.7255192878338279 0.14166666666666666 0.2818991097922849
0 0.5666666666666667 0.44510385756676557 0.13166666666666665 0.27596439169139464
0 0.5741666666666667 0.7225519287833828 0.14666666666666667 0.27002967359050445
0 0.7075 0.41543026706231456 0.14666666666666667 0.26112759643916916
0 0.7366666666666667 0.6988130563798219 0.16333333333333333 0.29080118694362017
0 0.87 0.4065281899109792 0.16833333333333333 0.2522255192878338
0 0.9091666666666667 0.6958456973293768 0.17666666666666667 0.29673590504451036