0 0.9508333333333333 0.32047477744807124 0.03833333333333333 0.08011869436201781
0 0.985 0.327893175074184 0.025 0.07418397626112759
0 0.55 0.3353115727002967 0.03666666666666667 0.1394658753709199
0 0.6541666666666667 0.3367952522255193 0.06333333333333334 0.17210682492581603
0 0.5925 0.33827893175074186 0.051666666666666666 0.1513353115727003
0 0.7133333333333334 0.34718100890207715 0.05 0.1632047477744807
0 0.8125 0.34718100890207715 0.04666666666666667 0.16023738872403562
0 0.8583333333333333 0.3486646884272997 0.041666666666666664 0.1543026706231454
0 0.7641666666666667 0.3516320474777448 0.045 0.1543026706231454
0 0.8966666666666666 0.3545994065281899 0.03333333333333333 0.142433234421365
0 0.30083333333333334 0.3694362017804154 0.023333333333333334 0.0830860534124629
0 0.3175 0.37388724035608306 0.013333333333333334 0.08902077151335312
0 0.3425 0.3768545994065282 0.01 0.09792284866468842
0 0.3283333333333333 0.3798219584569733 0.015 0.08605341246290801
0 0.35583333333333333 0.38130563798219586 0.015 0.09495548961424333
0 0.3725 0.3827893175074184 0.016666666666666666 0.10089020771513353
0 0.3908333333333333 0.38724035608308605 0.016666666666666666 0.10682492581602374
0 0.41083333333333333 0.39465875370919884 0.02 0.11275964391691394
0 0.4325 0.3991097922848665 0.02 0.10089020771513353
0 0.45916666666666667 0.4169139465875371 0.03166666666666667 0.13056379821958458
0 0.95 0.4169139465875371 0.03666666666666667 0.08902077151335312
0 0.985 0.4258160237388724 0.02666666666666667 0.09198813056379822
0 0.4891666666666667 0.4362017804154303 0.02 0.1513353115727003
0 0.2725 0.47181008902077154 0.016666666666666666 0.08605341246290801
0 0.2808333333333333 0.4762611275964392 0.013333333333333334 0.0771513353115727
0 0.2891666666666667 0.47774480712166173 0.015 0.0771513353115727
0 0.5425 0.4807121661721068 0.03333333333333333 0.14836795252225518
0 0.29583333333333334 0.4896142433234421 0.015 0.08011869436201781
0 0.89 0.4910979228486647 0.03666666666666667 0.14540059347181009
0 0.5875 0.4940652818991098 0.05333333333333334 0.1572700296735905
0 0.30833333333333335 0.4970326409495549 0.015 0.08605341246290801
0 0.6508333333333334 0.5014836795252225 0.06166666666666667 0.1513353115727003
0 0.855 0.5029673590504451 0.035 0.14540059347181009
0 0.31666666666666665 0.5044510385756676 0.013333333333333334 0.08011869436201781
0 0.7125 0.5044510385756676 0.051666666666666666 0.16023738872403562
0 0.765 0.5044510385756676 0.041666666666666664 0.14836795252225518
0 0.8116666666666666 0.5044510385756676 0.04666666666666667 0.1513353115727003
0 0.3325 0.5237388724035609 0.011666666666666667 0.0830860534124629
0 0.3475 0.5237388724035609 0.018333333333333333 0.0830860534124629
0 0.365 0.5341246290801187 0.013333333333333334 0.09198813056379822
0 0.9441666666666667 0.5385756676557863 0.03166666666666667 0.08605341246290801
0 0.9758333333333333 0.5415430267062314 0.03166666666666667 0.10979228486646884
0 0.385 0.5519287833827893 0.023333333333333334 0.10385756676557864
0 0.4066666666666667 0.5608308605341247 0.02 0.10979228486646884
0 0.4241666666666667 0.5741839762611276 0.02 0.12462908011869436
0 0.30666666666666664 0.5816023738872403 0.016666666666666666 0.0830860534124629
0 0.2925 0.5816023738872403 0.015 0.0830860534124629
0 0.3175 0.5919881305637982 0.015 0.09792284866468842
0 0.45 0.5979228486646885 0.03 0.10682492581602374
0 0.33166666666666667 0.6083086053412463 0.015 0.09198813056379822
0 0.4716666666666667 0.6083086053412463 0.023333333333333334 0.12759643916913946
0 0.94 0.6335311572700296 0.03666666666666667 0.0712166172106825
0 0.34833333333333333 0.6350148367952523 0.016666666666666666 0.09198813056379822
0 0.3641666666666667 0.6394658753709199 0.016666666666666666 0.10385756676557864
0 0.9716666666666667 0.6409495548961425 0.03333333333333333 0.08011869436201781
0 0.3825 0.6572700296735905 0.023333333333333334 0.10089020771513353
0 0.4025 0.6676557863501483 0.016666666666666666 0.10979228486646884
0 0.8383333333333334 0.6735905044510386 0.045 0.11275964391691394
0 0.8791666666666667 0.6810089020771514 0.03166666666666667 0.08902077151335312
0 0.22416666666666665 0.685459940652819 0.015 0.07418397626112759
0 0.7925 0.6884272997032641 0.04666666666666667 0.13056379821958458
0 0.42333333333333334 0.6943620178041543 0.023333333333333334 0.10979228486646884
0 0.23416666666666666 0.6943620178041543 0.018333333333333333 0.06824925816023739
0 0.74 0.6988130563798219 0.04666666666666667 0.12759643916913946
0 0.6891666666666667 0.7077151335311572 0.051666666666666666 0.13353115727002968
0 0.24416666666666667 0.7106824925816023 0.013333333333333334 0.06824925816023739
0 0.6258333333333334 0.712166172106825 0.055 0.1513353115727003
0 0.4508333333333333 0.7136498516320475 0.025 0.11869436201780416
0 0.255 0.7255192878338279 0.015 0.0771513353115727
0 0.9116666666666666 0.7255192878338279 0.03333333333333333 0.08902077151335312
0 0.4691666666666667 0.7418397626112759 0.018333333333333333 0.11869436201780416
0 0.26666666666666666 0.7477744807121661 0.016666666666666666 0.08011869436201781
0 0.2791666666666667 0.7700296735905044 0.013333333333333334 0.09792284866468842
0 0.485 0.771513353115727 0.02 0.12462908011869436
0 0.29083333333333333 0.7848664688427299 0.015 0.09495548961424333
0 0.8766666666666667 0.7922848664688428 0.035 0.12166172106824925
0 0.54 0.7997032640949555 0.035 0.13056379821958458
0 0.8375 0.8041543026706232 0.041666666666666664 0.1394658753709199
0 0.30416666666666664 0.8086053412462908 0.016666666666666666 0.09495548961424333
0 0.7891666666666667 0.8234421364985163 0.04833333333333333 0.1394658753709199
0 0.9116666666666666 0.8249258160237388 0.03 0.09198813056379822
0 0.31583333333333335 0.8249258160237388 0.016666666666666666 0.08902077151335312
0 0.5733333333333334 0.8308605341246291 0.03666666666666667 0.142433234421365
0 0.945 0.8323442136498517 0.045 0.09495548961424333
0 0.74 0.8367952522255193 0.043333333333333335 0.13353115727002968
0 0.3308333333333333 0.8516320474777448 0.021666666666666667 0.10089020771513353
0 0.6883333333333334 0.8545994065281899 0.051666666666666666 0.14836795252225518
0 0.9808333333333333 0.857566765578635 0.03333333333333333 0.10385756676557864
0 0.6275 0.8738872403560831 0.06333333333333334 0.1632047477744807
0 0.3516666666666667 0.8857566765578635 0.016666666666666666 0.10089020771513353
0 0.6658333333333334 0.09198813056379822 0.06 0.17210682492581603
0 0.36916666666666664 0.9213649851632048 0.016666666666666666 0.10385756676557864
0 0.3908333333333333 0.9451038575667656 0.021666666666666667 0.09792284866468842
0 0.5958333333333333 0.09495548961424333 0.06 0.1661721068249258
0 0.41833333333333333 0.9643916913946587 0.02666666666666667 0.06528189910979229
0 0.725 0.09792284866468842 0.051666666666666666 0.1661721068249258
0 0.7791666666666667 0.10385756676557864 0.043333333333333335 0.14836795252225518
0 0.43666666666666665 0.11275964391691394 0.04666666666666667 0.09792284866468842
0 0.5491666666666667 0.1142433234421365 0.03166666666666667 0.1394658753709199
0 0.4008333333333333 0.11869436201780416 0.03 0.09495548961424333
0 0.825 0.1201780415430267 0.03833333333333333 0.14836795252225518
0 0.8675 0.1261127596439169 0.03666666666666667 0.13056379821958458
0 0.37833333333333335 0.13056379821958458 0.025 0.08902077151335312
0 0.9408333333333333 0.13204747774480713 0.03166666666666667 0.06231454005934718
0 0.9883333333333333 0.13353115727002968 0.02 0.0712166172106825
0 0.36333333333333334 0.13353115727002968 0.02 0.09198813056379822
0 0.9641666666666666 0.13649851632047477 0.023333333333333334 0.0771513353115727
0 0.9175 0.1394658753709199 0.03 0.05637982195845697
0 0.2808333333333333 0.1661721068249258 0.03166666666666667 0.0712166172106825
0 0.9133333333333333 0.19287833827893175 0.021666666666666667 0.04154302670623145
0 0.9358333333333333 0.19287833827893175 0.028333333333333332 0.050445103857566766
0 0.9633333333333334 0.20771513353115728 0.025 0.06824925816023739
0 0.9875 0.21068249258160238 0.021666666666666667 0.0771513353115727
0 0.4583333333333333 0.2774480712166172 0.03333333333333333 0.12759643916913946
0 0.3933333333333333 0.28041543026706234 0.02 0.10089020771513353
0 0.3416666666666667 0.28338278931750743 0.02 0.08011869436201781
0 0.35833333333333334 0.28338278931750743 0.013333333333333334 0.09495548961424333
0 0.4891666666666667 0.28338278931750743 0.021666666666666667 0.12166172106824925
0 0.415 0.28486646884273 0.02 0.10682492581602374
0 0.43583333333333335 0.28486646884273 0.018333333333333333 0.10385756676557864
0 0.37416666666666665 0.28635014836795253 0.018333333333333333 0.08902077151335312