0 0.21364985163204747 0.37416666666666665 0.20474777448071216 0.16
0 0.21216617210682492 0.535 0.20474777448071216 0.16
0 0.22106824925816024 0.7025 0.21068249258160238 0.17166666666666666
0 0.4124629080118694 0.3675 0.20178041543026706 0.16166666666666665
0 0.41839762611275966 0.53 0.20178041543026706 0.16
0 0.4332344213649852 0.6975 0.20771513353115728 0.175
0 0.5578635014836796 0.5225 0.0771513353115727 0.16833333333333333
0 0.5741839762611276 0.6966666666666667 0.0712166172106825 0.17166666666666666
0 0.6988130563798219 0.5008333333333334 0.2433234421364985 0.19666666666666666
0 0.7299703264094956 0.7025 0.2522255192878338 0.20666666666666667
0 0.9094955489614244 0.30333333333333334 0.17210682492581603 0.18333333333333332
0 0.7818991097922848 0.33666666666666667 0.10385756676557864 0.135