0 0.9475 0.4287833827893175 0.056666666666666664 0.12462908011869436
0 0.9058333333333334 0.43026706231454004 0.05 0.12759643916913946
0 0.86 0.43471810089020774 0.058333333333333334 0.12759643916913946
0 0.7616666666666667 0.43768545994065283 0.056666666666666664 0.142433234421365
0 0.6566666666666666 0.4391691394658754 0.056666666666666664 0.1513353115727003
0 0.71 0.4391691394658754 0.058333333333333334 0.14540059347181009
0 0.8116666666666666 0.4391691394658754 0.056666666666666664 0.13353115727002968
0 0.33916666666666667 0.44510385756676557 0.07166666666666667 0.19287833827893175
0 0.6008333333333333 0.44510385756676557 0.06166666666666667 0.1572700296735905
0 0.26416666666666666 0.44807121661721067 0.08166666666666667 0.19287833827893175
0 0.5383333333333333 0.44807121661721067 0.06833333333333333 0.1632047477744807
0 0.41 0.45252225519287836 0.06833333333333333 0.17210682492581603
0 0.475 0.45252225519287836 0.07 0.1632047477744807
0 0.18 0.4540059347181009 0.08666666666666667 0.17507418397626112
0 0.0925 0.46142433234421365 0.095 0.19287833827893175
0 0.96 0.5608308605341247 0.04833333333333333 0.13056379821958458
0 0.9208333333333333 0.5652818991097923 0.04 0.13353115727002968
0 0.8725 0.56973293768546 0.058333333333333334 0.142433234421365
0 0.8216666666666667 0.5786350148367952 0.05 0.1394658753709199
0 0.7725 0.5845697329376854 0.055 0.1394658753709199
0 0.7216666666666667 0.5905044510385756 0.058333333333333334 0.14540059347181009
0 0.665 0.5949554896142433 0.056666666666666664 0.1572700296735905
0 0.605 0.6023738872403561 0.06333333333333334 0.1661721068249258
0 0.545 0.6097922848664689 0.06166666666666667 0.1572700296735905
0 0.4791666666666667 0.6172106824925816 0.06666666666666667 0.1572700296735905
0 0.415 0.6275964391691394 0.065 0.16023738872403562
0 0.3466666666666667 0.629080118694362 0.07 0.1632047477744807
0 0.2683333333333333 0.6350148367952523 0.08 0.16913946587537093
0 0.185 0.6364985163204748 0.07666666666666666 0.18991097922848665
0 0.0975 0.6528189910979229 0.09 0.18694362017804153
0 0.8541666666666666 0.7344213649851632 0.03666666666666667 0.10089020771513353
0 0.8925 0.7507418397626113 0.03666666666666667 0.10682492581602374
0 0.9616666666666667 0.7611275964391692 0.06166666666666667 0.1513353115727003
0 0.8191666666666667 0.7744807121661721 0.043333333333333335 0.13056379821958458
0 0.7558333333333334 0.7848664688427299 0.07166666666666667 0.18100890207715134
0 0.6525 0.814540059347181 0.06 0.16913946587537093
0 0.5966666666666667 0.827893175074184 0.055 0.17210682492581603
0 0.5358333333333334 0.8323442136498517 0.06333333333333334 0.1661721068249258
0 0.4675 0.8501483679525222 0.06833333333333333 0.17507418397626112
0 0.8608333333333333 0.8516320474777448 0.04 0.11869436201780416
0 0.9 0.8649851632047477 0.035 0.10385756676557864
0 0.3983333333333333 0.8694362017804155 0.075 0.19881305637982197
0 0.27 0.8931750741839762 0.075 0.21068249258160238
0 0.18666666666666668 0.900593471810089 0.08333333333333333 0.19584569732937684
0 0.0975 0.9020771513353115 0.09166666666666666 0.18991097922848665
0 0.9725 0.9094955489614244 0.05333333333333334 0.13056379821958458
0 0.8275 0.9213649851632048 0.06166666666666667 0.1513353115727003
0 0.7125 0.9332344213649851 0.05333333333333334 0.12759643916913946
0 0.77 0.9332344213649851 0.05333333333333334 0.12759643916913946
0 0.6566666666666666 0.9451038575667656 0.06166666666666667 0.09495548961424333
0 0.6016666666666667 0.9525222551928784 0.055 0.0830860534124629
0 0.8725 0.9554896142433235 0.035 0.08011869436201781
0 0.09 0.2522255192878338 0.08833333333333333 0.21068249258160238
0 0.26 0.2551928783382789 0.07333333333333333 0.17804154302670624
0 0.17833333333333334 0.25667655786350146 0.075 0.20771513353115728
0 0.4008333333333333 0.26706231454005935 0.07166666666666667 0.16913946587537093
0 0.4691666666666667 0.271513353115727 0.06166666666666667 0.1661721068249258
0 0.5333333333333333 0.2744807121661721 0.065 0.1543026706231454
0 0.595 0.2789317507418398 0.055 0.1632047477744807
0 0.6525 0.2818991097922849 0.051666666666666666 0.16913946587537093
0 0.7075 0.28338278931750743 0.05333333333333334 0.1572700296735905
0 0.7541666666666667 0.28338278931750743 0.055 0.1572700296735905
0 0.8558333333333333 0.2878338278931751 0.04 0.13649851632047477
0 0.9408333333333333 0.2893175074183976 0.045 0.1394658753709199
0 0.805 0.29080118694362017 0.05 0.142433234421365
0 0.8983333333333333 0.29080118694362017 0.041666666666666664 0.1394658753709199
0 0.9775 0.2952522255192878 0.043333333333333335 0.142433234421365