0 0.22777777777777777 0.17083333333333334 0.08666666666666667 0.14
0 0.31777777777777777 0.19333333333333333 0.08666666666666667 0.12833333333333333
0 0.6033333333333334 0.19833333333333333 0.06888888888888889 0.075
0 0.6622222222222223 0.215 0.04666666666666667 0.08
0 0.4 0.21916666666666668 0.07111111111111111 0.11333333333333333
0 0.7111111111111111 0.22666666666666666 0.04666666666666667 0.07833333333333334
0 0.9744444444444444 0.2325 0.04666666666666667 0.05333333333333334
0 0.7477777777777778 0.23916666666666667 0.024444444444444446 0.07166666666666667
0 0.47444444444444445 0.24 0.06666666666666667 0.105
0 0.7766666666666666 0.2475 0.02666666666666667 0.06
0 0.5355555555555556 0.24916666666666668 0.051111111111111114 0.09833333333333333
0 0.8088888888888889 0.255 0.028888888888888888 0.06833333333333333
0 0.5888888888888889 0.265 0.051111111111111114 0.09
0 0.6288888888888889 0.28 0.028888888888888888 0.085
0 0.9744444444444444 0.29 0.04666666666666667 0.056666666666666664
0 0.9211111111111111 0.2916666666666667 0.05555555555555555 0.05333333333333334
0 0.6655555555555556 0.2941666666666667 0.04666666666666667 0.07666666666666666
0 0.23222222222222222 0.29583333333333334 0.08 0.13666666666666666
0 0.71 0.30083333333333334 0.04 0.07166666666666667
0 0.7477777777777778 0.31 0.03111111111111111 0.06666666666666667
0 0.32222222222222224 0.31083333333333335 0.09111111111111111 0.11666666666666667
0 0.7822222222222223 0.3125 0.03333333333333333 0.07333333333333333
0 0.8122222222222222 0.32416666666666666 0.024444444444444446 0.07
0 0.4 0.3275 0.06888888888888889 0.11
0 0.47 0.33916666666666667 0.06888888888888889 0.09166666666666666
0 0.07666666666666666 0.33916666666666667 0.14 0.14
0 0.5355555555555556 0.3441666666666667 0.05333333333333334 0.09
0 0.9766666666666667 0.3475 0.042222222222222223 0.058333333333333334
0 0.9266666666666666 0.34833333333333333 0.05333333333333334 0.058333333333333334
0 0.5933333333333334 0.35333333333333333 0.057777777777777775 0.08666666666666667
0 0.6355555555555555 0.3616666666666667 0.028888888888888888 0.075
0 0.6711111111111111 0.36833333333333335 0.042222222222222223 0.07166666666666667
0 0.7177777777777777 0.37333333333333335 0.042222222222222223 0.07166666666666667
0 0.7533333333333333 0.37833333333333335 0.024444444444444446 0.06833333333333333
0 0.7811111111111111 0.3825 0.02666666666666667 0.06833333333333333
0 0.8122222222222222 0.3908333333333333 0.028888888888888888 0.06333333333333334
0 0.8422222222222222 0.3933333333333333 0.03111111111111111 0.06166666666666667
0 0.9244444444444444 0.4008333333333333 0.051111111111111114 0.04833333333333333
0 0.9766666666666667 0.4025 0.042222222222222223 0.04833333333333333
0 0.23333333333333334 0.48 0.06666666666666667 0.075
0 0.07222222222222222 0.4825 0.14444444444444443 0.12666666666666668
0 0.8511111111111112 0.49583333333333335 0.02 0.058333333333333334
0 0.8277777777777777 0.49666666666666665 0.024444444444444446 0.06333333333333334
0 0.7988888888888889 0.4975 0.03111111111111111 0.065
0 0.7422222222222222 0.49833333333333335 0.03777777777777778 0.07166666666666667
0 0.7733333333333333 0.49833333333333335 0.017777777777777778 0.065
0 0.6344444444444445 0.49916666666666665 0.04888888888888889 0.08666666666666667
0 0.6933333333333334 0.49916666666666665 0.06 0.07333333333333333
0 0.06222222222222222 0.050833333333333335 0.12444444444444444 0.10166666666666667
0 0.5855555555555556 0.5 0.04888888888888889 0.08833333333333333
0 0.5288888888888889 0.5008333333333334 0.05555555555555555 0.09333333333333334
0 0.4677777777777778 0.5033333333333333 0.06444444444444444 0.1
0 0.39666666666666667 0.5041666666666667 0.07555555555555556 0.10833333333333334
0 0.31222222222222223 0.505 0.09111111111111111 0.12
0 0.9266666666666666 0.5108333333333334 0.057777777777777775 0.06666666666666667
0 0.9788888888888889 0.5133333333333333 0.03777777777777778 0.07
0 0.22555555555555556 0.05416666666666667 0.08 0.10666666666666667
0 0.8511111111111112 0.5541666666666667 0.024444444444444446 0.055
0 0.8311111111111111 0.5608333333333333 0.017777777777777778 0.056666666666666664
0 0.8022222222222222 0.5625 0.03111111111111111 0.06
0 0.7744444444444445 0.5658333333333333 0.024444444444444446 0.06666666666666667
0 0.7455555555555555 0.5691666666666667 0.04 0.065
0 0.7111111111111111 0.5725 0.03333333333333333 0.075
0 0.6744444444444444 0.5766666666666667 0.04 0.07833333333333334
0 0.6333333333333333 0.5791666666666667 0.04666666666666667 0.08
0 0.9866666666666667 0.5891666666666666 0.022222222222222223 0.075
0 0.5877777777777777 0.5891666666666666 0.051111111111111114 0.085
0 0.9522222222222222 0.5891666666666666 0.06 0.06833333333333333
0 0.5322222222222223 0.5933333333333334 0.05555555555555555 0.09333333333333334
0 0.47333333333333333 0.6033333333333334 0.06666666666666667 0.095
0 0.4 0.6133333333333333 0.08444444444444445 0.10333333333333333
0 0.07666666666666666 0.6183333333333333 0.15333333333333332 0.12666666666666668
0 0.31777777777777777 0.6225 0.08 0.11166666666666666
0 0.99 0.6483333333333333 0.015555555555555555 0.056666666666666664
0 0.9577777777777777 0.65 0.051111111111111114 0.06
0 0.81 0.6525 0.03111111111111111 0.06333333333333334
0 0.77 0.66 0.04888888888888889 0.06333333333333334
0 0.7166666666666667 0.6791666666666667 0.035555555555555556 0.07166666666666667
0 0.68 0.6883333333333334 0.03777777777777778 0.07333333333333333
0 0.9777777777777777 0.7158333333333333 0.04 0.06166666666666667
0 0.8133333333333334 0.7158333333333333 0.03111111111111111 0.06833333333333333
0 0.5922222222222222 0.7208333333333333 0.057777777777777775 0.09166666666666666
0 0.7866666666666666 0.7283333333333334 0.028888888888888888 0.065
0 0.9355555555555556 0.7308333333333333 0.042222222222222223 0.05
0 0.5322222222222223 0.7325 0.057777777777777775 0.09333333333333334
0 0.31222222222222223 0.07333333333333333 0.08444444444444445 0.12833333333333333
0 0.7555555555555555 0.7391666666666666 0.035555555555555556 0.06833333333333333
0 0.4722222222222222 0.7525 0.06666666666666667 0.10333333333333333
0 0.7233333333333334 0.7533333333333333 0.03333333333333333 0.06833333333333333
0 0.6911111111111111 0.7683333333333333 0.03111111111111111 0.08166666666666667
0 0.4022222222222222 0.7758333333333334 0.08 0.115
0 0.9744444444444444 0.7775 0.04666666666666667 0.07166666666666667
0 0.9322222222222222 0.7791666666666667 0.042222222222222223 0.045
0 0.8544444444444445 0.7933333333333333 0.028888888888888888 0.06
0 0.31444444444444447 0.7983333333333333 0.09555555555555556 0.12333333333333334
0 0.5933333333333334 0.81 0.06 0.08166666666666667
0 0.83 0.8183333333333334 0.03111111111111111 0.06833333333333333
0 0.24222222222222223 0.8233333333333334 0.06 0.135
0 0.5366666666666666 0.83 0.06 0.09666666666666666
0 0.8022222222222222 0.8316666666666667 0.04666666666666667 0.07
0 0.8811111111111111 0.84 0.03777777777777778 0.06166666666666667
0 0.9388888888888889 0.8516666666666667 0.06222222222222222 0.06666666666666667
0 0.47333333333333333 0.8533333333333334 0.06888888888888889 0.095
0 0.7866666666666666 0.8533333333333334 0.03777777777777778 0.06833333333333333
0 0.9788888888888889 0.86 0.03777777777777778 0.07666666666666666
0 0.027777777777777776 0.8616666666666667 0.05555555555555555 0.15166666666666667
0 0.8577777777777778 0.8616666666666667 0.03777777777777778 0.065
0 0.7566666666666667 0.865 0.044444444444444446 0.075
0 0.8377777777777777 0.8841666666666667 0.028888888888888888 0.075
0 0.40444444444444444 0.885 0.07111111111111111 0.10166666666666667
0 0.7166666666666667 0.885 0.04888888888888889 0.085
0 0.8911111111111111 0.9033333333333333 0.028888888888888888 0.05
0 0.8122222222222222 0.9041666666666667 0.051111111111111114 0.07
0 0.6722222222222223 0.9058333333333334 0.05333333333333334 0.09333333333333334
0 0.9366666666666666 0.9091666666666667 0.06 0.05333333333333334
0 0.8666666666666667 0.9166666666666666 0.03777777777777778 0.041666666666666664
0 0.32222222222222224 0.9183333333333333 0.09111111111111111 0.11166666666666666
0 0.7877777777777778 0.92 0.03111111111111111 0.07666666666666666
0 0.98 0.9275 0.035555555555555556 0.075
0 0.8433333333333334 0.9433333333333334 0.042222222222222223 0.04833333333333333
0 0.6222222222222222 0.945 0.07555555555555556 0.105
0 0.24888888888888888 0.9458333333333333 0.06444444444444444 0.105
0 0.7577777777777778 0.9516666666666667 0.051111111111111114 0.08333333333333333
0 0.5666666666666667 0.955 0.07111111111111111 0.08333333333333333
0 0.5066666666666667 0.9616666666666667 0.08444444444444445 0.07333333333333333
0 0.8222222222222222 0.9666666666666667 0.044444444444444446 0.06
0 0.7222222222222222 0.9658333333333333 0.04888888888888889 0.065
0 0.028888888888888888 0.97 0.044444444444444446 0.056666666666666664
0 0.6788888888888889 0.9766666666666667 0.04666666666666667 0.043333333333333335
0 0.7877777777777778 0.9775 0.04666666666666667 0.041666666666666664
0 0.3888888888888889 0.10833333333333334 0.07111111111111111 0.11666666666666667
0 0.06555555555555556 0.1425 0.11777777777777777 0.08333333333333333
0 0.5155555555555555 0.15916666666666668 0.07777777777777778 0.07666666666666666