0 0.7783333333333333 0.22777777777777777 0.07666666666666666 0.2
0 0.32666666666666666 0.23333333333333334 0.11166666666666666 0.19333333333333333
0 0.5691666666666667 0.34555555555555556 0.11333333333333333 0.23333333333333334
0 0.44916666666666666 0.35444444444444445 0.11666666666666667 0.22444444444444445
0 0.7891666666666667 0.45666666666666667 0.13333333333333333 0.27111111111111114
0 0.6675 0.4622222222222222 0.11833333333333333 0.25333333333333335
0 0.9258333333333333 0.46444444444444444 0.14666666666666667 0.26666666666666666
0 0.06166666666666667 0.4777777777777778 0.12333333333333334 0.29555555555555557
0 0.3308333333333333 0.48 0.13333333333333333 0.2577777777777778
0 0.19583333333333333 0.48444444444444446 0.15 0.2866666666666667
0 0.5633333333333334 0.5633333333333334 0.10333333333333333 0.19555555555555557
0 0.4525 0.5733333333333334 0.11333333333333333 0.19777777777777777
0 0.3258333333333333 0.06444444444444444 0.12333333333333334 0.1288888888888889
0 0.7833333333333333 0.7 0.12666666666666668 0.2222222222222222
0 0.66 0.7044444444444444 0.11333333333333333 0.22444444444444445
0 0.9225 0.7133333333333334 0.14666666666666667 0.23555555555555555
0 0.3383333333333333 0.7266666666666667 0.125 0.2311111111111111
0 0.06833333333333333 0.7344444444444445 0.135 0.2288888888888889
0 0.20333333333333334 0.7433333333333333 0.135 0.23555555555555555
0 0.5575 0.7522222222222222 0.095 0.1711111111111111
0 0.4558333333333333 0.7688888888888888 0.11 0.18666666666666668
0 0.44916666666666666 0.12111111111111111 0.11833333333333333 0.24222222222222223
0 0.93 0.17555555555555555 0.13833333333333334 0.29333333333333333
0 0.1825 0.18666666666666668 0.16833333333333333 0.29777777777777775
0 0.6741666666666667 0.19444444444444445 0.13166666666666665 0.27111111111111114
0 0.051666666666666666 0.22111111111111112 0.10333333333333333 0.22666666666666666