0 0.4075 0.24333333333333335 0.09333333333333334 0.1622222222222222
0 0.32166666666666666 0.25555555555555554 0.085 0.14
0 0.49833333333333335 0.2644444444444444 0.08166666666666667 0.15555555555555556
0 0.5816666666666667 0.2722222222222222 0.08 0.14888888888888888
0 0.6666666666666666 0.28444444444444444 0.08 0.13555555555555557
0 0.7316666666666667 0.2966666666666667 0.06166666666666667 0.12222222222222222
0 0.8358333333333333 0.31444444444444447 0.075 0.12
0 0.8983333333333333 0.31555555555555553 0.06166666666666667 0.11777777777777777
0 0.9516666666666667 0.31777777777777777 0.05 0.12444444444444444
0 0.6816666666666666 0.5122222222222222 0.11333333333333333 0.18666666666666668
0 0.5266666666666666 0.5188888888888888 0.09333333333333334 0.19777777777777777
0 0.9533333333333334 0.5244444444444445 0.07166666666666667 0.17333333333333334
0 0.32666666666666666 0.5255555555555556 0.09833333333333333 0.21333333333333335
0 0.7825 0.5255555555555556 0.1 0.1711111111111111
0 0.8766666666666667 0.5288888888888889 0.09 0.17333333333333334
0 0.4275 0.53 0.095 0.19777777777777777
0 0.595 0.5333333333333333 0.04833333333333333 0.1622222222222222
0 0.9625 0.6955555555555556 0.07166666666666667 0.1688888888888889
0 0.6908333333333333 0.6988888888888889 0.115 0.19333333333333333
0 0.6016666666666667 0.7033333333333334 0.05333333333333334 0.1688888888888889
0 0.7908333333333334 0.7077777777777777 0.09333333333333334 0.17555555555555555
0 0.8875 0.7088888888888889 0.09333333333333334 0.17777777777777778
0 0.5308333333333334 0.7155555555555555 0.095 0.19111111111111112
0 0.42833333333333334 0.73 0.09666666666666666 0.19333333333333333
0 0.3258333333333333 0.7388888888888889 0.10666666666666667 0.20666666666666667
0 0.4066666666666667 0.08666666666666667 0.095 0.16666666666666666
0 0.965 0.87 0.06666666666666667 0.1688888888888889
0 0.8925 0.88 0.08833333333333333 0.17333333333333334
0 0.595 0.8844444444444445 0.08 0.1711111111111111
0 0.7983333333333333 0.8877777777777778 0.09166666666666666 0.1688888888888889
0 0.6966666666666667 0.8888888888888888 0.11333333333333333 0.19777777777777777
0 0.5308333333333334 0.9033333333333333 0.09666666666666666 0.18888888888888888
0 0.43 0.9122222222222223 0.09666666666666666 0.1711111111111111
0 0.32083333333333336 0.9255555555555556 0.10833333333333334 0.14666666666666667
0 0.3225 0.1 0.08166666666666667 0.1688888888888889
0 0.495 0.10222222222222223 0.08333333333333333 0.1688888888888889
0 0.5808333333333333 0.11333333333333333 0.07833333333333334 0.1622222222222222
0 0.6633333333333333 0.1322222222222222 0.07833333333333334 0.15777777777777777
0 0.7283333333333334 0.1622222222222222 0.065 0.15333333333333332
0 0.8208333333333333 0.18555555555555556 0.07833333333333334 0.12666666666666668
0 0.8891666666666667 0.19666666666666666 0.05 0.12