0 0.5916666666666667 0.3244444444444444 0.08166666666666667 0.20444444444444446
0 0.44 0.33666666666666667 0.05333333333333334 0.15777777777777777
0 0.535 0.35333333333333333 0.041666666666666664 0.18
0 0.4866666666666667 0.37333333333333335 0.04833333333333333 0.15777777777777777
0 0.4066666666666667 0.37444444444444447 0.025 0.12444444444444444
0 0.38333333333333336 0.3788888888888889 0.03833333333333333 0.15555555555555556
0 0.3616666666666667 0.4077777777777778 0.021666666666666667 0.15333333333333332
0 0.325 0.44 0.041666666666666664 0.09777777777777778
0 0.2875 0.44333333333333336 0.06166666666666667 0.12
0 0.9541666666666667 0.46555555555555556 0.08833333333333333 0.42
0 0.82 0.47555555555555556 0.18833333333333332 0.35555555555555557
0 0.6766666666666666 0.4955555555555556 0.09833333333333333 0.28444444444444444
0 0.42916666666666664 0.52 0.07166666666666667 0.2
0 0.585 0.5266666666666666 0.07666666666666666 0.19555555555555557
0 0.37583333333333335 0.5322222222222223 0.04 0.15555555555555556
0 0.4825 0.5355555555555556 0.05 0.16
0 0.5308333333333334 0.5366666666666666 0.041666666666666664 0.17777777777777778
0 0.31083333333333335 0.5455555555555556 0.02666666666666667 0.09777777777777778
0 0.3433333333333333 0.5466666666666666 0.018333333333333333 0.10666666666666667
0 0.3275 0.5488888888888889 0.018333333333333333 0.10444444444444445
0 0.2775 0.5522222222222222 0.04 0.09777777777777778
0 0.24083333333333334 0.7544444444444445 0.07 0.16
0 0.43166666666666664 0.7788888888888889 0.08333333333333333 0.042222222222222223
0 0.2683333333333333 0.7944444444444444 0.03666666666666667 0.11555555555555555
0 0.3408333333333333 0.8244444444444444 0.09 0.19777777777777777
0 0.4741666666666667 0.9033333333333333 0.14166666666666666 0.19111111111111112
0 0.5633333333333334 0.9466666666666667 0.15 0.10222222222222223
0 0.9583333333333334 0.12111111111111111 0.08 0.24222222222222223
0 0.8325 0.14888888888888888 0.18 0.29777777777777775
0 0.6933333333333334 0.18555555555555556 0.115 0.3288888888888889