0 0.7708333333333334 0.2288888888888889 0.051666666666666666 0.14
0 0.91 0.32666666666666666 0.04833333333333333 0.10888888888888888
0 0.3 0.39111111111111113 0.135 0.3933333333333333
0 0.06583333333333333 0.4066666666666667 0.13166666666666665 0.3844444444444444
0 0.5316666666666666 0.4166666666666667 0.11 0.30444444444444446
0 0.635 0.4211111111111111 0.10833333333333334 0.27111111111111114
0 0.9125 0.44333333333333336 0.05333333333333334 0.1111111111111111
0 0.8541666666666666 0.4444444444444444 0.07166666666666667 0.11777777777777777
0 0.7175 0.4488888888888889 0.075 0.22666666666666666
0 0.7883333333333333 0.47333333333333333 0.075 0.19333333333333333
0 0.4241666666666667 0.5111111111111111 0.13 0.2822222222222222
0 0.915 0.5588888888888889 0.06 0.12222222222222222
0 0.8591666666666666 0.5644444444444444 0.07 0.11777777777777777
0 0.8 0.6711111111111111 0.07833333333333334 0.2111111111111111
0 0.9216666666666666 0.6777777777777778 0.06166666666666667 0.13333333333333333
0 0.7308333333333333 0.6877777777777778 0.08 0.23555555555555555
0 0.8633333333333333 0.6888888888888889 0.06666666666666667 0.14
0 0.65 0.7077777777777777 0.11833333333333333 0.28
0 0.5433333333333333 0.7311111111111112 0.11 0.31777777777777777
0 0.30666666666666664 0.7888888888888889 0.13833333333333334 0.39555555555555555
0 0.43416666666666665 0.7888888888888889 0.125 0.2866666666666667
0 0.06833333333333333 0.8122222222222222 0.13666666666666666 0.3711111111111111
0 0.295 0.1 0.115 0.19333333333333333
0 0.595 0.19 0.1 0.2
0 0.6675 0.19666666666666666 0.06 0.17777777777777778
0 0.41833333333333333 0.21777777777777776 0.13333333333333333 0.2911111111111111
0 0.7175 0.22111111111111112 0.055 0.1511111111111111