0 0.013333333333333334 0.02967359050445104 0.02666666666666667 0.05934718100890208
0 0.04 0.03115727002967359 0.04 0.05934718100890208
0 0.7108333333333333 0.032640949554896145 0.03666666666666667 0.05341246290801187
0 0.07416666666666667 0.032640949554896145 0.04 0.06528189910979229
0 0.30666666666666664 0.29673590504451036 0.043333333333333335 0.10979228486646884
0 0.35 0.29821958456973297 0.043333333333333335 0.10682492581602374
0 0.395 0.29821958456973297 0.045 0.10979228486646884
0 0.26416666666666666 0.30118694362017806 0.041666666666666664 0.11572700296735905
0 0.6641666666666667 0.03412462908011869 0.041666666666666664 0.06824925816023739
0 0.21916666666666668 0.33382789317507416 0.043333333333333335 0.10089020771513353
0 0.13333333333333333 0.3353115727002967 0.043333333333333335 0.09198813056379822
0 0.17416666666666666 0.3397626112759644 0.045 0.10682492581602374
0 0.0925 0.34124629080118696 0.043333333333333335 0.09792284866468842
0 0.055 0.34124629080118696 0.041666666666666664 0.08605341246290801
0 0.018333333333333333 0.35014836795252224 0.03666666666666667 0.10089020771513353
0 0.6225 0.03857566765578635 0.041666666666666664 0.06824925816023739
0 0.5358333333333334 0.040059347181008904 0.045 0.0712166172106825
0 0.7941666666666667 0.3961424332344214 0.058333333333333334 0.13353115727002968
0 0.635 0.40059347181008903 0.04833333333333333 0.12462908011869436
0 0.6825 0.40059347181008903 0.04833333333333333 0.12759643916913946
0 0.7375 0.40059347181008903 0.05 0.12462908011869436
0 0.5358333333333334 0.4020771513353116 0.041666666666666664 0.11869436201780416
0 0.4875 0.4035608308605341 0.051666666666666666 0.12759643916913946
0 0.5858333333333333 0.4035608308605341 0.04833333333333333 0.12462908011869436
0 0.29833333333333334 0.4050445103857567 0.043333333333333335 0.11869436201780416
0 0.345 0.40801186943620177 0.04 0.12166172106824925
0 0.255 0.4094955489614243 0.041666666666666664 0.10979228486646884
0 0.39416666666666667 0.4094955489614243 0.04666666666666667 0.12166172106824925
0 0.43916666666666665 0.41097922848664686 0.043333333333333335 0.11869436201780416
0 0.5775 0.04451038575667656 0.041666666666666664 0.05934718100890208
0 0.21166666666666667 0.43471810089020774 0.045 0.08605341246290801
0 0.12833333333333333 0.4362017804154303 0.04833333333333333 0.10979228486646884
0 0.1675 0.43768545994065283 0.04666666666666667 0.10089020771513353
0 0.04583333333333333 0.43768545994065283 0.041666666666666664 0.09792284866468842
0 0.0875 0.4406528189910979 0.043333333333333335 0.10385756676557864
0 0.49333333333333335 0.04599406528189911 0.043333333333333335 0.06528189910979229
0 0.014166666666666666 0.44510385756676557 0.028333333333333332 0.10385756676557864
0 0.3425 0.5222551928783383 0.041666666666666664 0.11869436201780416
0 0.39 0.5222551928783383 0.04666666666666667 0.11869436201780416
0 0.48333333333333334 0.5222551928783383 0.04833333333333333 0.12166172106824925
0 0.5308333333333334 0.5237388724035609 0.05333333333333334 0.11572700296735905
0 0.635 0.5237388724035609 0.045 0.12166172106824925
0 0.6858333333333333 0.5237388724035609 0.04833333333333333 0.12166172106824925
0 0.24833333333333332 0.5252225519287834 0.043333333333333335 0.12166172106824925
0 0.2941666666666667 0.5252225519287834 0.04666666666666667 0.12462908011869436
0 0.43583333333333335 0.5252225519287834 0.041666666666666664 0.11572700296735905
0 0.5841666666666666 0.5252225519287834 0.04833333333333333 0.12166172106824925
0 0.7958333333333333 0.526706231454006 0.055 0.142433234421365
0 0.7391666666666666 0.5281899109792285 0.051666666666666666 0.13353115727002968
0 0.20666666666666667 0.5341246290801187 0.045 0.09792284866468842
0 0.1625 0.5341246290801187 0.041666666666666664 0.10682492581602374
0 0.41 0.05489614243323442 0.045 0.05934718100890208
0 0.45166666666666666 0.05489614243323442 0.04 0.05341246290801187
0 0.1175 0.5356083086053413 0.045 0.08902077151335312
0 0.01 0.5370919881305638 0.02 0.0830860534124629
0 0.07583333333333334 0.5415430267062314 0.04 0.09792284866468842
0 0.03916666666666667 0.5415430267062314 0.043333333333333335 0.09198813056379822
0 0.37333333333333335 0.06083086053412463 0.03666666666666667 0.05637982195845697
0 0.33416666666666667 0.06231454005934718 0.04 0.06824925816023739
0 0.030833333333333334 0.6364985163204748 0.045 0.09495548961424333
0 0.2 0.6394658753709199 0.041666666666666664 0.11275964391691394
0 0.07083333333333333 0.6409495548961425 0.043333333333333335 0.09792284866468842
0 0.53 0.6409495548961425 0.051666666666666666 0.12759643916913946
0 0.115 0.642433234421365 0.043333333333333335 0.11275964391691394
0 0.155 0.642433234421365 0.041666666666666664 0.10385756676557864
0 0.2875 0.642433234421365 0.045 0.12759643916913946
0 0.24166666666666667 0.6439169139465876 0.04666666666666667 0.12462908011869436
0 0.43166666666666664 0.6439169139465876 0.045 0.12462908011869436
0 0.4816666666666667 0.6439169139465876 0.04666666666666667 0.12759643916913946
0 0.33666666666666667 0.6454005934718101 0.045 0.12166172106824925
0 0.385 0.6454005934718101 0.04833333333333333 0.12462908011869436
0 0.635 0.6454005934718101 0.04833333333333333 0.12166172106824925
0 0.5833333333333334 0.6483679525222552 0.04666666666666667 0.12166172106824925
0 0.6875 0.6483679525222552 0.045 0.13056379821958458
0 0.74 0.6498516320474778 0.051666666666666666 0.12462908011869436
0 0.25583333333333336 0.06528189910979229 0.04666666666666667 0.05637982195845697
0 0.7958333333333333 0.658753709198813 0.058333333333333334 0.12462908011869436
0 0.29333333333333333 0.06973293768545995 0.03833333333333333 0.050445103857566766
0 0.21583333333333332 0.0712166172106825 0.035 0.050445103857566766
0 0.14416666666666667 0.07566765578635015 0.03833333333333333 0.05341246290801187
0 0.18166666666666667 0.0771513353115727 0.035 0.050445103857566766
0 0.18333333333333332 0.7922848664688428 0.05333333333333334 0.142433234421365
0 0.0525 0.7922848664688428 0.058333333333333334 0.1394658753709199
0 0.23 0.7967359050445104 0.04666666666666667 0.142433234421365
0 0.32666666666666666 0.7997032640949555 0.05 0.1394658753709199
0 0.37166666666666665 0.7997032640949555 0.045 0.13056379821958458
0 0.275 0.8011869436201781 0.04666666666666667 0.14836795252225518
0 0.4225 0.8011869436201781 0.04833333333333333 0.13353115727002968
0 0.475 0.8041543026706232 0.05 0.1394658753709199
0 0.5275 0.8056379821958457 0.04666666666666667 0.142433234421365
0 0.58 0.8086053412462908 0.04833333333333333 0.142433234421365
0 0.635 0.8130563798219584 0.05333333333333334 0.14540059347181009
0 0.69 0.8130563798219584 0.056666666666666664 0.1543026706231454
0 0.09333333333333334 0.8130563798219584 0.058333333333333334 0.12759643916913946
0 0.7466666666666667 0.8189910979228486 0.05 0.1513353115727003
0 0.8025 0.8234421364985163 0.06166666666666667 0.1543026706231454
0 0.10916666666666666 0.0830860534124629 0.03333333333333333 0.05934718100890208
0 0.01 0.08605341246290801 0.02 0.06528189910979229
0 0.07333333333333333 0.08902077151335312 0.03666666666666667 0.050445103857566766
0 0.04 0.09198813056379822 0.03833333333333333 0.06231454005934718
0 0.36833333333333335 0.9272997032640949 0.04833333333333333 0.13353115727002968
0 0.17666666666666667 0.93026706231454 0.04833333333333333 0.13649851632047477
0 0.1275 0.9332344213649851 0.05 0.12759643916913946
0 0.31916666666666665 0.9347181008902077 0.04833333333333333 0.12759643916913946
0 0.42 0.9347181008902077 0.04833333333333333 0.12759643916913946
0 0.5266666666666666 0.9347181008902077 0.04833333333333333 0.11572700296735905
0 0.08416666666666667 0.9362017804154302 0.04833333333333333 0.11869436201780416
0 0.47333333333333333 0.9391691394658753 0.05333333333333334 0.11869436201780416
0 0.5775 0.9436201780415431 0.05 0.10979228486646884
0 0.6333333333333333 0.9451038575667656 0.055 0.10682492581602374
0 0.6908333333333333 0.9480712166172107 0.056666666666666664 0.10089020771513353
0 0.7458333333333333 0.9480712166172107 0.051666666666666666 0.09792284866468842
0 0.8041666666666667 0.9510385756676558 0.058333333333333334 0.09495548961424333
0 0.23416666666666666 0.1394658753709199 0.04833333333333333 0.08605341246290801
0 0.185 0.142433234421365 0.04666666666666667 0.08902077151335312
0 0.14166666666666666 0.14391691394658754 0.045 0.08605341246290801
0 0.1 0.1513353115727003 0.05 0.08011869436201781
0 0.7883333333333333 0.1572700296735905 0.055 0.142433234421365
0 0.06833333333333333 0.15875370919881307 0.045 0.08902077151335312
0 0.025833333333333333 0.16023738872403562 0.043333333333333335 0.09792284866468842
0 0.735 0.16023738872403562 0.051666666666666666 0.13353115727002968
0 0.685 0.1661721068249258 0.05 0.13353115727002968
0 0.5875 0.16913946587537093 0.05 0.10979228486646884
0 0.6341666666666667 0.17210682492581603 0.04666666666666667 0.12462908011869436
0 0.5366666666666666 0.17507418397626112 0.045 0.11869436201780416
0 0.2175 0.020771513353115726 0.041666666666666664 0.03560830860534125
0 0.44916666666666666 0.18100890207715134 0.04666666666666667 0.11869436201780416
0 0.3575 0.1824925816023739 0.045 0.11869436201780416
0 0.4025 0.18397626112759644 0.04666666666666667 0.11869436201780416
0 0.26916666666666667 0.1884272997032641 0.043333333333333335 0.10385756676557864
0 0.3125 0.1884272997032641 0.04833333333333333 0.11572700296735905
0 0.2575 0.02225519287833828 0.04 0.03857566765578635
0 0.2941666666666667 0.02225519287833828 0.03666666666666667 0.03857566765578635
0 0.18 0.02373887240356083 0.03833333333333333 0.04154302670623145
0 0.18 0.23293768545994065 0.05 0.10089020771513353
0 0.22666666666666666 0.2344213649851632 0.04 0.09495548961424333
0 0.09583333333333334 0.23590504451038577 0.043333333333333335 0.10089020771513353
0 0.14 0.23738872403560832 0.045 0.09792284866468842
0 0.10666666666666667 0.025222551928783383 0.03666666666666667 0.050445103857566766
0 0.145 0.025222551928783383 0.03166666666666667 0.050445103857566766
0 0.0225 0.24777448071216618 0.045 0.09495548961424333
0 0.059166666666666666 0.2507418397626113 0.04 0.0830860534124629
0 0.7583333333333333 0.028189910979228485 0.04833333333333333 0.04747774480712166
0 0.79 0.27596439169139464 0.05 0.10979228486646884
0 0.7358333333333333 0.2789317507418398 0.05 0.11572700296735905
0 0.5858333333333333 0.28041543026706234 0.045 0.11275964391691394
0 0.6816666666666666 0.28338278931750743 0.05 0.10979228486646884
0 0.635 0.28635014836795253 0.045 0.10385756676557864
0 0.5375 0.2893175074183976 0.045 0.10682492581602374
0 0.4425 0.2922848664688427 0.04666666666666667 0.11275964391691394