0 0.8816666666666667 0.36795252225519287 0.08 0.20474777448071216
0 0.028333333333333332 0.37537091988130566 0.05333333333333334 0.1394658753709199
0 0.08916666666666667 0.38130563798219586 0.06833333333333333 0.16023738872403562
0 0.15916666666666668 0.38130563798219586 0.06666666666666667 0.1661721068249258
0 0.81 0.3827893175074184 0.07333333333333333 0.17804154302670624
0 0.23416666666666666 0.3857566765578635 0.07333333333333333 0.18100890207715134
0 0.7408333333333333 0.3857566765578635 0.075 0.18397626112759644
0 0.3125 0.38724035608308605 0.06833333333333333 0.17210682492581603
0 0.6691666666666667 0.3887240356083086 0.065 0.17804154302670624
0 0.5975 0.39020771513353114 0.06833333333333333 0.18100890207715134
0 0.3883333333333333 0.39317507418397624 0.06666666666666667 0.1661721068249258
0 0.45666666666666667 0.39317507418397624 0.06833333333333333 0.16913946587537093
0 0.5258333333333334 0.3961424332344214 0.06666666666666667 0.17210682492581603
0 0.9358333333333333 0.5 0.1 0.2314540059347181
0 0.020833333333333332 0.5474777448071216 0.041666666666666664 0.18991097922848665
0 0.0775 0.5489614243323442 0.07333333333333333 0.16913946587537093
0 0.8808333333333334 0.5489614243323442 0.041666666666666664 0.17210682492581603
0 0.2275 0.5578635014836796 0.07666666666666666 0.17804154302670624
0 0.6758333333333333 0.5578635014836796 0.07 0.17507418397626112
0 0.15 0.5578635014836796 0.07 0.17804154302670624
0 0.5266666666666666 0.5608308605341247 0.06833333333333333 0.17210682492581603
0 0.8225 0.5637982195845698 0.075 0.17507418397626112
0 0.305 0.5652818991097923 0.07166666666666667 0.17507418397626112
0 0.37916666666666665 0.5652818991097923 0.07166666666666667 0.18100890207715134
0 0.7508333333333334 0.5667655786350149 0.08666666666666667 0.1632047477744807
0 0.45416666666666666 0.5682492581602374 0.075 0.18694362017804153
0 0.5975 0.5682492581602374 0.07 0.18100890207715134
0 0.9558333333333333 0.6958456973293768 0.085 0.18694362017804153
0 0.8916666666666667 0.7077151335311572 0.03666666666666667 0.142433234421365
0 0.53 0.7166172106824926 0.07 0.142433234421365
0 0.3775 0.7181008902077152 0.07 0.1394658753709199
0 0.4525 0.7181008902077152 0.075 0.12759643916913946
0 0.6825 0.7181008902077152 0.07666666666666666 0.1394658753709199
0 0.0675 0.7195845697329377 0.07 0.16023738872403562
0 0.6025 0.7210682492581603 0.07166666666666667 0.13056379821958458
0 0.7591666666666667 0.7210682492581603 0.075 0.14540059347181009
0 0.015833333333333335 0.7225519287833828 0.03166666666666667 0.1543026706231454
0 0.8341666666666666 0.7225519287833828 0.07166666666666667 0.14836795252225518
0 0.3 0.7270029673590505 0.07833333333333334 0.14540059347181009
0 0.1425 0.728486646884273 0.07166666666666667 0.1513353115727003
0 0.21916666666666668 0.7314540059347181 0.075 0.14836795252225518