0 0.6183333333333333 0.31305637982195844 0.03833333333333333 0.13056379821958458
0 0.5741666666666667 0.33086053412462907 0.043333333333333335 0.11869436201780416
0 0.8675 0.3427299703264095 0.07 0.16023738872403562
0 0.5316666666666666 0.3516320474777448 0.04 0.12166172106824925
0 0.4925 0.36795252225519287 0.035 0.11869436201780416
0 0.805 0.3724035608308605 0.056666666666666664 0.14836795252225518
0 0.75 0.39020771513353114 0.056666666666666664 0.1543026706231454
0 0.45916666666666667 0.3916913946587537 0.03333333333333333 0.11572700296735905
0 0.4241666666666667 0.40801186943620177 0.03333333333333333 0.12166172106824925
0 0.6983333333333334 0.41543026706231456 0.043333333333333335 0.142433234421365
0 0.3875 0.4198813056379822 0.03833333333333333 0.10385756676557864
0 0.35 0.4332344213649852 0.035 0.10979228486646884
0 0.6533333333333333 0.43471810089020774 0.045 0.1394658753709199
0 0.6083333333333333 0.44807121661721067 0.041666666666666664 0.1394658753709199
0 0.32166666666666666 0.45548961424332346 0.03166666666666667 0.10979228486646884
0 0.965 0.45845697329376855 0.06666666666666667 0.18694362017804153
0 0.565 0.46735905044510384 0.045 0.14540059347181009
0 0.29083333333333333 0.4762611275964392 0.03166666666666667 0.10385756676557864
0 0.26416666666666666 0.4836795252225519 0.023333333333333334 0.10089020771513353
0 0.52 0.4836795252225519 0.04 0.13056379821958458
0 0.23833333333333334 0.49554896142433236 0.02666666666666667 0.10385756676557864
0 0.48083333333333333 0.5 0.03833333333333333 0.12759643916913946
0 0.86 0.5 0.07 0.1572700296735905
0 0.21333333333333335 0.5029673590504451 0.023333333333333334 0.09495548961424333
0 0.4475 0.5118694362017804 0.03166666666666667 0.13056379821958458
0 0.18833333333333332 0.516320474777448 0.025 0.09792284866468842
0 0.7966666666666666 0.5252225519287834 0.055 0.14540059347181009
0 0.41583333333333333 0.5296735905044511 0.03166666666666667 0.12462908011869436
0 0.38083333333333336 0.5445103857566765 0.04 0.12462908011869436
0 0.7416666666666667 0.5445103857566765 0.055 0.1513353115727003
0 0.6916666666666667 0.5563798219584569 0.04666666666666667 0.142433234421365
0 0.3458333333333333 0.5578635014836796 0.035 0.12759643916913946
0 0.315 0.5652818991097923 0.028333333333333332 0.10979228486646884
0 0.645 0.5771513353115727 0.04666666666666667 0.14540059347181009
0 0.2841666666666667 0.5786350148367952 0.03 0.10682492581602374
0 0.6 0.5919881305637982 0.041666666666666664 0.13649851632047477
0 0.25666666666666665 0.5934718100890207 0.03 0.09792284866468842
0 0.22833333333333333 0.599406528189911 0.03333333333333333 0.10089020771513353
0 0.5541666666666667 0.6068249258160238 0.04666666666666667 0.13649851632047477
0 0.2 0.6142433234421365 0.025 0.09792284866468842
0 0.17416666666666666 0.6172106824925816 0.025 0.10089020771513353
0 0.5108333333333334 0.6172106824925816 0.043333333333333335 0.13056379821958458
0 0.4725 0.629080118694362 0.03666666666666667 0.12759643916913946
0 0.43833333333333335 0.6439169139465876 0.035 0.12166172106824925
0 0.4041666666666667 0.6543026706231454 0.03333333333333333 0.12166172106824925
0 0.37 0.6706231454005934 0.035 0.11869436201780416
0 0.735 0.6735905044510386 0.05333333333333334 0.10385756676557864
0 0.3358333333333333 0.6750741839762612 0.03 0.12166172106824925
0 0.30333333333333334 0.685459940652819 0.03666666666666667 0.12166172106824925
0 0.6833333333333333 0.6869436201780416 0.04666666666666667 0.12166172106824925
0 0.9066666666666666 0.6943620178041543 0.08166666666666667 0.1543026706231454
0 0.2725 0.6958456973293768 0.02666666666666667 0.11275964391691394
0 0.24583333333333332 0.7032640949554896 0.02666666666666667 0.10682492581602374
0 0.6383333333333333 0.7032640949554896 0.045 0.11275964391691394
0 0.8341666666666666 0.7062314540059347 0.058333333333333334 0.14540059347181009
0 0.21916666666666668 0.7077151335311572 0.028333333333333332 0.10682492581602374
0 0.5925 0.7136498516320475 0.04666666666666667 0.09792284866468842
0 0.18833333333333332 0.7151335311572701 0.03166666666666667 0.10089020771513353
0 0.16083333333333333 0.7240356083086054 0.03 0.11275964391691394
0 0.5491666666666667 0.7255192878338279 0.041666666666666664 0.09495548961424333
0 0.505 0.7388724035608308 0.041666666666666664 0.09792284866468842
0 0.4633333333333333 0.7477744807121661 0.03833333333333333 0.09495548961424333
0 0.425 0.755192878338279 0.035 0.09198813056379822
0 0.3933333333333333 0.7670623145400594 0.03166666666666667 0.0830860534124629
0 0.3591666666666667 0.7789317507418397 0.03666666666666667 0.08011869436201781
0 0.3233333333333333 0.7848664688427299 0.03166666666666667 0.0771513353115727
0 0.2925 0.7908011869436202 0.03333333333333333 0.08011869436201781
0 0.2633333333333333 0.798219584569733 0.025 0.08011869436201781
0 0.205 0.8086053412462908 0.03 0.0830860534124629
0 0.23583333333333334 0.8086053412462908 0.03 0.0830860534124629
0 0.1775 0.814540059347181 0.02666666666666667 0.0830860534124629
0 0.1475 0.8219584569732937 0.03166666666666667 0.08011869436201781
0 0.9625 0.8471810089020771 0.07166666666666667 0.19881305637982197
0 0.8941666666666667 0.8590504451038575 0.075 0.18694362017804153
0 0.825 0.8649851632047477 0.07 0.16913946587537093
0 0.9683333333333334 0.129080118694362 0.06 0.1513353115727003
0 0.8741666666666666 0.18694362017804153 0.07166666666666667 0.1543026706231454
0 0.8108333333333333 0.21810089020771514 0.05 0.1513353115727003
0 0.7583333333333333 0.23887240356083086 0.055 0.14836795252225518
0 0.7075 0.26409495548961426 0.04666666666666667 0.13649851632047477
0 0.9658333333333333 0.28338278931750743 0.065 0.1572700296735905
0 0.6616666666666666 0.2878338278931751 0.04666666666666667 0.13649851632047477