0 0.9683333333333334 0.37222222222222223 0.06 0.15777777777777777
0 0.5858333333333333 0.4411111111111111 0.08333333333333333 0.15777777777777777
0 0.505 0.45222222222222225 0.075 0.14222222222222222
0 0.4375 0.4577777777777778 0.07333333333333333 0.14444444444444443
0 0.36833333333333335 0.4677777777777778 0.06 0.13555555555555557
0 0.30583333333333335 0.4688888888888889 0.06333333333333334 0.13555555555555557
0 0.2525 0.4888888888888889 0.051666666666666666 0.1288888888888889
0 0.1925 0.49333333333333335 0.058333333333333334 0.13111111111111112
0 0.9416666666666667 0.5411111111111111 0.1 0.18
0 0.8466666666666667 0.5533333333333333 0.09833333333333333 0.18
0 0.016666666666666666 0.5788888888888889 0.03333333333333333 0.1288888888888889
0 0.5891666666666666 0.5855555555555556 0.085 0.14444444444444443
0 0.5075 0.5922222222222222 0.075 0.13777777777777778
0 0.43333333333333335 0.5988888888888889 0.07833333333333334 0.14
0 0.36 0.6044444444444445 0.065 0.14
0 0.2941666666666667 0.6077777777777778 0.06666666666666667 0.14
0 0.23666666666666666 0.6244444444444445 0.056666666666666664 0.13333333333333333
0 0.18416666666666667 0.6277777777777778 0.06666666666666667 0.13555555555555557
0 0.025833333333333333 0.6977777777777778 0.051666666666666666 0.1111111111111111
0 0.7808333333333334 0.8177777777777778 0.10833333333333334 0.18
0 0.5908333333333333 0.8222222222222222 0.08 0.1711111111111111
0 0.6775 0.8222222222222222 0.08833333333333333 0.18666666666666668
0 0.5083333333333333 0.8244444444444444 0.07833333333333334 0.1622222222222222
0 0.435 0.8255555555555556 0.07 0.1511111111111111
0 0.8966666666666666 0.8277777777777777 0.12 0.22444444444444445
0 0.22416666666666665 0.8355555555555556 0.056666666666666664 0.09555555555555556
0 0.295 0.8444444444444444 0.07666666666666666 0.13333333333333333
0 0.18916666666666668 0.9444444444444444 0.08166666666666667 0.10888888888888888
0 0.42916666666666664 0.9455555555555556 0.065 0.10444444444444445
0 0.36083333333333334 0.9466666666666667 0.07166666666666667 0.10222222222222223
0 0.2891666666666667 0.95 0.07166666666666667 0.09555555555555556
0 0.5075 0.9544444444444444 0.08833333333333333 0.08666666666666667
0 0.7833333333333333 0.9544444444444444 0.1 0.08666666666666667
0 0.5875 0.9555555555555556 0.08833333333333333 0.08444444444444445
0 0.6733333333333333 0.9577777777777777 0.08666666666666667 0.08