0 0.4691666666666667 0.3233333333333333 0.07 0.15555555555555556
0 0.8058333333333333 0.32555555555555554 0.08166666666666667 0.14666666666666667
0 0.8766666666666667 0.32666666666666666 0.075 0.13333333333333333
0 0.68 0.33 0.06166666666666667 0.11555555555555555
0 0.6041666666666666 0.3388888888888889 0.06166666666666667 0.14444444444444443
0 0.7583333333333333 0.34444444444444444 0.06333333333333334 0.11555555555555555
0 0.9475 0.35444444444444445 0.055 0.09777777777777778
0 0.9866666666666667 0.36333333333333334 0.023333333333333334 0.09555555555555556
0 0.36583333333333334 0.49777777777777776 0.07166666666666667 0.10444444444444445
0 0.09166666666666666 0.4988888888888889 0.09 0.13333333333333333
0 0.8516666666666667 0.5 0.06333333333333334 0.12
0 0.905 0.5144444444444445 0.051666666666666666 0.10444444444444445
0 0.5483333333333333 0.5144444444444445 0.08166666666666667 0.14222222222222222
0 0.6841666666666667 0.5144444444444445 0.06666666666666667 0.13333333333333333
0 0.475 0.5177777777777778 0.075 0.15333333333333332
0 0.62 0.5211111111111111 0.07833333333333334 0.16
0 0.4116666666666667 0.5255555555555556 0.055 0.14888888888888888
0 0.7533333333333333 0.53 0.07333333333333333 0.13111111111111112
0 0.30666666666666664 0.5344444444444445 0.07 0.14
0 0.22916666666666666 0.5388888888888889 0.09 0.14222222222222222
0 0.14083333333333334 0.5588888888888889 0.1 0.16
0 0.8466666666666667 0.5844444444444444 0.05333333333333334 0.07333333333333333
0 0.9 0.6022222222222222 0.065 0.08666666666666667
0 0.36333333333333334 0.6044444444444445 0.06833333333333333 0.12666666666666668
0 0.8033333333333333 0.6333333333333333 0.065 0.13333333333333333
0 0.6716666666666666 0.64 0.065 0.14222222222222222
0 0.7391666666666666 0.6466666666666666 0.06666666666666667 0.12222222222222222
0 0.6058333333333333 0.65 0.065 0.13555555555555557
0 0.84 0.6566666666666666 0.043333333333333335 0.05555555555555555
0 0.5383333333333333 0.6566666666666666 0.075 0.14444444444444443
0 0.465 0.6622222222222223 0.07 0.13111111111111112
0 0.4066666666666667 0.6655555555555556 0.03666666666666667 0.13111111111111112
0 0.0625 0.6666666666666666 0.07166666666666667 0.19777777777777777
0 0.8866666666666667 0.6744444444444444 0.07 0.07777777777777778
0 0.305 0.6777777777777778 0.07666666666666666 0.14
0 0.22833333333333333 0.6822222222222222 0.08333333333333333 0.13333333333333333
0 0.145 0.7088888888888889 0.1 0.14444444444444443
0 0.3641666666666667 0.7211111111111111 0.06166666666666667 0.11555555555555555
0 0.7941666666666667 0.8022222222222222 0.06833333333333333 0.09111111111111111
0 0.895 0.8044444444444444 0.06 0.09555555555555556
0 0.85 0.81 0.04666666666666667 0.08888888888888889
0 0.6033333333333334 0.8255555555555556 0.05333333333333334 0.1
0 0.5416666666666666 0.8344444444444444 0.065 0.1
0 0.4691666666666667 0.8377777777777777 0.075 0.11555555555555555
0 0.3983333333333333 0.8422222222222222 0.075 0.10222222222222223
0 0.6641666666666667 0.8444444444444444 0.07666666666666666 0.14444444444444443
0 0.32166666666666666 0.8544444444444445 0.07166666666666667 0.10888888888888888
0 0.13916666666666666 0.8644444444444445 0.08666666666666667 0.09111111111111111
0 0.225 0.8655555555555555 0.07833333333333334 0.11333333333333333
0 0.07166666666666667 0.88 0.06166666666666667 0.1
0 0.8833333333333333 0.8988888888888888 0.04833333333333333 0.09333333333333334
0 0.7366666666666667 0.9 0.08666666666666667 0.15777777777777777
0 0.8433333333333334 0.9011111111111111 0.04 0.09555555555555556
0 0.7958333333333333 0.9022222222222223 0.055 0.1
0 0.71 0.09333333333333334 0.08833333333333333 0.12222222222222222
0 0.5325 0.9388888888888889 0.05 0.1111111111111111
0 0.5958333333333333 0.9388888888888889 0.06833333333333333 0.11777777777777777
0 0.39416666666666667 0.9422222222222222 0.07166666666666667 0.1111111111111111
0 0.4683333333333333 0.9477777777777778 0.07666666666666666 0.1
0 0.6591666666666667 0.9544444444444444 0.06666666666666667 0.08888888888888889
0 0.3175 0.9544444444444444 0.07833333333333334 0.08666666666666667
0 0.14083333333333334 0.9544444444444444 0.09166666666666666 0.08666666666666667
0 0.22416666666666665 0.96 0.08166666666666667 0.07555555555555556
0 0.0775 0.9677777777777777 0.055 0.06
0 0.9658333333333333 0.17666666666666667 0.05 0.13555555555555557
0 0.8191666666666667 0.17777777777777778 0.08166666666666667 0.1622222222222222
0 0.9 0.18777777777777777 0.08166666666666667 0.15555555555555556
0 0.635 0.20333333333333334 0.06 0.12222222222222222
0 0.6925 0.2111111111111111 0.06 0.12444444444444444
0 0.7458333333333333 0.22 0.055 0.12