0 0.04888888888888889 0.19583333333333333 0.09777777777777778 0.15666666666666668
0 0.15444444444444444 0.22333333333333333 0.13111111111111112 0.15166666666666667
0 0.41 0.28583333333333333 0.08222222222222222 0.10333333333333333
0 0.29 0.2941666666666667 0.028888888888888888 0.10166666666666667
0 0.32222222222222224 0.3075 0.04666666666666667 0.09166666666666666
0 0.46 0.33166666666666667 0.05333333333333334 0.08166666666666667
0 0.49666666666666665 0.3416666666666667 0.04888888888888889 0.07833333333333334
0 0.5655555555555556 0.3433333333333333 0.024444444444444446 0.08
0 0.051111111111111114 0.35083333333333333 0.09777777777777778 0.14333333333333334
0 0.5955555555555555 0.3525 0.02666666666666667 0.08
0 0.15555555555555556 0.3616666666666667 0.1111111111111111 0.13333333333333333
0 0.6222222222222222 0.36666666666666664 0.017777777777777778 0.05333333333333334
0 0.6644444444444444 0.37416666666666665 0.022222222222222223 0.07333333333333333
0 0.6444444444444445 0.38666666666666666 0.02 0.051666666666666666
0 0.37666666666666665 0.38916666666666666 0.057777777777777775 0.11833333333333333
0 0.29 0.39 0.024444444444444446 0.09
0 0.4288888888888889 0.3975 0.06444444444444444 0.10666666666666667
0 0.3288888888888889 0.3983333333333333 0.04 0.08666666666666667
0 0.47 0.415 0.042222222222222223 0.07666666666666666
0 0.5055555555555555 0.4166666666666667 0.035555555555555556 0.07333333333333333
0 0.5677777777777778 0.42 0.02666666666666667 0.07166666666666667
0 0.5955555555555555 0.425 0.028888888888888888 0.065
0 0.6211111111111111 0.4275 0.03111111111111111 0.065
0 0.6455555555555555 0.4375 0.015555555555555555 0.05
0 0.6655555555555556 0.43916666666666665 0.022222222222222223 0.04833333333333333
0 0.6666666666666666 0.5133333333333333 0.024444444444444446 0.06166666666666667
0 0.6411111111111111 0.5141666666666667 0.024444444444444446 0.065
0 0.6166666666666667 0.5158333333333334 0.024444444444444446 0.07
0 0.5855555555555556 0.5191666666666667 0.04666666666666667 0.07333333333333333
0 0.44666666666666666 0.5233333333333333 0.051111111111111114 0.09333333333333334
0 0.5722222222222222 0.5275 0.03777777777777778 0.06833333333333333
0 0.39222222222222225 0.5325 0.06 0.105
0 0.33666666666666667 0.5333333333333333 0.05333333333333334 0.105
0 0.29888888888888887 0.5391666666666667 0.035555555555555556 0.11333333333333333
0 0.15 0.545 0.10888888888888888 0.145
0 0.051111111111111114 0.5525 0.09555555555555556 0.155
0 0.4888888888888889 0.5541666666666667 0.03333333333333333 0.07333333333333333
0 0.6688888888888889 0.5741666666666667 0.028888888888888888 0.06666666666666667
0 0.6433333333333333 0.5833333333333334 0.028888888888888888 0.075
0 0.6222222222222222 0.5875 0.02666666666666667 0.07166666666666667
0 0.5988888888888889 0.5933333333333334 0.03111111111111111 0.07666666666666666
0 0.5744444444444444 0.6016666666666667 0.035555555555555556 0.07
0 0.4488888888888889 0.6241666666666666 0.06222222222222222 0.09166666666666666
0 0.4922222222222222 0.6241666666666666 0.02666666666666667 0.06333333333333334
0 0.3933333333333333 0.6333333333333333 0.06666666666666667 0.1
0 0.3433333333333333 0.6433333333333333 0.057777777777777775 0.10666666666666667
0 0.3011111111111111 0.6541666666666667 0.035555555555555556 0.11666666666666667
0 0.6733333333333333 0.6666666666666666 0.024444444444444446 0.07333333333333333
0 0.6477777777777778 0.6741666666666667 0.02666666666666667 0.075
0 0.62 0.6841666666666667 0.028888888888888888 0.07166666666666667
0 0.15222222222222223 0.6883333333333334 0.12222222222222222 0.14333333333333334
0 0.05444444444444444 0.71 0.10888888888888888 0.16666666666666666
0 0.40444444444444444 0.7741666666666667 0.09111111111111111 0.125
0 0.4111111111111111 0.8866666666666667 0.08 0.10333333333333333
0 0.057777777777777775 0.905 0.11333333333333333 0.16833333333333333
0 0.3422222222222222 0.9058333333333334 0.07555555555555556 0.14