0 0.7177777777777777 0.1025 0.08222222222222222 0.11833333333333333
0 0.7033333333333334 0.22833333333333333 0.09111111111111111 0.12666666666666668
0 0.8077777777777778 0.07583333333333334 0.10888888888888888 0.12666666666666668
0 0.8033333333333333 0.2075 0.09555555555555556 0.135
0 0.9322222222222222 0.058333333333333334 0.11333333333333333 0.11333333333333333
0 0.9222222222222223 0.19 0.11777777777777777 0.145
0 0.6744444444444444 0.43583333333333335 0.08 0.145
0 0.5777777777777777 0.5575 0.06666666666666667 0.12
0 0.6544444444444445 0.5691666666666667 0.07555555555555556 0.12833333333333333
0 0.64 0.7041666666666667 0.08444444444444445 0.14333333333333334
0 0.6211111111111111 0.8366666666666667 0.08 0.12666666666666668
0 0.7611111111111111 0.43666666666666665 0.09777777777777778 0.15833333333333333
0 0.7377777777777778 0.5808333333333333 0.09777777777777778 0.14166666666666666
0 0.73 0.7258333333333333 0.09333333333333334 0.145
0 0.7111111111111111 0.8633333333333333 0.09555555555555556 0.14666666666666667
0 0.6077777777777778 0.9525 0.09111111111111111 0.09166666666666666
0 0.8777777777777778 0.435 0.13333333333333333 0.16333333333333333
0 0.8644444444444445 0.6008333333333333 0.13777777777777778 0.165
0 0.8411111111111111 0.76 0.12666666666666668 0.17
0 0.9677777777777777 0.6108333333333333 0.06 0.19333333333333333
0 0.9511111111111111 0.7916666666666666 0.08222222222222222 0.19333333333333333
0 0.9366666666666666 0.935 0.09333333333333334 0.12333333333333334
0 0.8233333333333334 0.9141666666666667 0.12 0.16833333333333333
0 0.5611111111111111 0.6758333333333333 0.07111111111111111 0.12166666666666667