0 0.13 0.44222222222222224 0.03166666666666667 0.07777777777777778
0 0.16 0.36333333333333334 0.03166666666666667 0.07555555555555556
0 0.16 0.44 0.02666666666666667 0.08222222222222222
0 0.4083333333333333 0.7122222222222222 0.043333333333333335 0.09333333333333334
0 0.4008333333333333 0.8133333333333334 0.028333333333333332 0.08888888888888889
0 0.2225 0.7233333333333334 0.02 0.057777777777777775
0 0.20166666666666666 0.7911111111111111 0.02 0.06888888888888889
0 0.22083333333333333 0.79 0.015 0.06222222222222222
0 0.19916666666666666 0.8633333333333333 0.02 0.07111111111111111
0 0.21666666666666667 0.8633333333333333 0.013333333333333334 0.07777777777777778
0 0.19583333333333333 0.37 0.043333333333333335 0.06888888888888889
0 0.22416666666666665 0.30333333333333334 0.018333333333333333 0.06222222222222222
0 0.23666666666666666 0.28555555555555556 0.02 0.07111111111111111
0 0.18583333333333332 0.4444444444444444 0.028333333333333332 0.07555555555555556
0 0.21166666666666667 0.44 0.023333333333333334 0.06888888888888889
0 0.23416666666666666 0.44 0.018333333333333333 0.07111111111111111
0 0.1475 0.7333333333333333 0.035 0.05555555555555555
0 0.18666666666666668 0.7388888888888889 0.028333333333333332 0.057777777777777775
0 0.19333333333333333 0.6833333333333333 0.04 0.05333333333333334
0 0.135 0.79 0.02 0.06
0 0.15833333333333333 0.7944444444444444 0.021666666666666667 0.06222222222222222
0 0.18083333333333335 0.7988888888888889 0.021666666666666667 0.06222222222222222
0 0.135 0.8455555555555555 0.02 0.05333333333333334
0 0.155 0.8544444444444445 0.023333333333333334 0.06222222222222222
0 0.1775 0.8588888888888889 0.021666666666666667 0.057777777777777775
0 0.29583333333333334 0.7888888888888889 0.02666666666666667 0.09111111111111111
0 0.3283333333333333 0.7977777777777778 0.03666666666666667 0.09777777777777778
0 0.36666666666666664 0.8077777777777778 0.03833333333333333 0.10444444444444445
0 0.29333333333333333 0.8833333333333333 0.03166666666666667 0.09555555555555556
0 0.32666666666666666 0.8988888888888888 0.035 0.09555555555555556
0 0.3641666666666667 0.9122222222222223 0.03833333333333333 0.1
0 0.49083333333333334 0.9433333333333334 0.05 0.10222222222222223
0 0.6108333333333333 0.7322222222222222 0.04 0.10222222222222223
0 0.5375 0.8455555555555555 0.04666666666666667 0.1111111111111111
0 0.5875 0.8588888888888889 0.05333333333333334 0.11777777777777777
0 0.5366666666666666 0.9488888888888889 0.041666666666666664 0.09333333333333334
0 0.5875 0.9588888888888889 0.055 0.07333333333333333
0 0.28583333333333333 0.3477777777777778 0.03 0.08222222222222222
0 0.32166666666666666 0.34 0.043333333333333335 0.08666666666666667
0 0.28583333333333333 0.4311111111111111 0.03 0.08666666666666667
0 0.32166666666666666 0.4288888888888889 0.04 0.08888888888888889
0 0.3591666666666667 0.42333333333333334 0.03333333333333333 0.08222222222222222
0 0.36083333333333334 0.33555555555555555 0.035 0.09111111111111111
0 0.5075 0.31333333333333335 0.045 0.09777777777777778
0 0.5075 0.41333333333333333 0.045 0.10444444444444445
0 0.39666666666666667 0.33111111111111113 0.041666666666666664 0.10222222222222223
0 0.43083333333333335 0.3244444444444444 0.028333333333333332 0.10888888888888888
0 0.3975 0.42777777777777776 0.03833333333333333 0.09111111111111111
0 0.43 0.42333333333333334 0.025 0.08
0 0.5533333333333333 0.3055555555555556 0.04833333333333333 0.10666666666666667
0 0.5508333333333333 0.4077777777777778 0.041666666666666664 0.09777777777777778
0 0.6041666666666666 0.4077777777777778 0.06 0.10666666666666667
0 0.6041666666666666 0.2922222222222222 0.05333333333333334 0.11555555555555555
0 0.6641666666666667 0.28555555555555556 0.058333333333333334 0.11333333333333333
0 0.6591666666666667 0.4 0.058333333333333334 0.1111111111111111
0 0.7241666666666666 0.27111111111111114 0.07166666666666667 0.12222222222222222
0 0.785 0.26 0.041666666666666664 0.13333333333333333
0 0.7208333333333333 0.3933333333333333 0.06833333333333333 0.12222222222222222
0 0.7841666666666667 0.3933333333333333 0.05 0.13333333333333333