0 0.475 0.22444444444444445 0.04 0.08666666666666667
0 0.5175 0.22666666666666666 0.04666666666666667 0.09111111111111111
0 0.5633333333333334 0.23444444444444446 0.04666666666666667 0.08666666666666667
0 0.615 0.23777777777777778 0.04666666666666667 0.09333333333333334
0 0.7058333333333333 0.2411111111111111 0.03666666666666667 0.08222222222222222
0 0.755 0.24333333333333335 0.035 0.08
0 0.7891666666666667 0.2477777777777778 0.03166666666666667 0.08222222222222222
0 0.905 0.2544444444444444 0.03333333333333333 0.07555555555555556
0 0.9441666666666667 0.2544444444444444 0.03833333333333333 0.08
0 0.875 0.2577777777777778 0.02666666666666667 0.07111111111111111
0 0.028333333333333332 0.3 0.05 0.11333333333333333
0 0.095 0.30666666666666664 0.065 0.10444444444444445
0 0.155 0.31 0.045 0.10444444444444445
0 0.3575 0.31666666666666665 0.06333333333333334 0.10888888888888888
0 0.4125 0.31777777777777777 0.04666666666666667 0.10222222222222223
0 0.4791666666666667 0.3188888888888889 0.03166666666666667 0.09555555555555556
0 0.2991666666666667 0.3211111111111111 0.058333333333333334 0.09555555555555556
0 0.5175 0.3211111111111111 0.04666666666666667 0.1
0 0.5666666666666667 0.3233333333333333 0.045 0.08888888888888889
0 0.6175 0.3277777777777778 0.04666666666666667 0.09555555555555556
0 0.7091666666666666 0.3288888888888889 0.04 0.08444444444444445
0 0.7558333333333334 0.33111111111111113 0.035 0.1
0 0.9125 0.3322222222222222 0.03666666666666667 0.08888888888888889
0 0.7933333333333333 0.33444444444444443 0.03333333333333333 0.08888888888888889
0 0.9516666666666667 0.33444444444444443 0.043333333333333335 0.07777777777777778
0 0.8266666666666667 0.33666666666666667 0.023333333333333334 0.07555555555555556
0 0.8808333333333334 0.3377777777777778 0.035 0.08
0 0.9216666666666666 0.42333333333333334 0.03333333333333333 0.06888888888888889
0 0.8833333333333333 0.42444444444444446 0.035 0.07555555555555556
0 0.7541666666666667 0.4255555555555556 0.043333333333333335 0.08222222222222222
0 0.9608333333333333 0.4255555555555556 0.04 0.07333333333333333
0 0.7975 0.4266666666666667 0.041666666666666664 0.08
0 0.65 0.42777777777777776 0.028333333333333332 0.08
0 0.4125 0.43 0.051666666666666666 0.09555555555555556
0 0.10166666666666667 0.43 0.06833333333333333 0.10666666666666667
0 0.6116666666666667 0.4311111111111111 0.04666666666666667 0.08444444444444445
0 0.7141666666666666 0.4311111111111111 0.03666666666666667 0.08666666666666667
0 0.16166666666666665 0.4311111111111111 0.04833333333333333 0.10222222222222223
0 0.025 0.43222222222222223 0.05 0.10666666666666667
0 0.35583333333333333 0.43222222222222223 0.05333333333333334 0.09555555555555556
0 0.5683333333333334 0.43222222222222223 0.04 0.08888888888888889
0 0.2975 0.43333333333333335 0.051666666666666666 0.1
0 0.5225 0.43444444444444447 0.05 0.09111111111111111
0 0.48 0.43555555555555553 0.03 0.09333333333333334
0 0.24583333333333332 0.43666666666666665 0.03666666666666667 0.09333333333333334
0 0.8025 0.4911111111111111 0.043333333333333335 0.051111111111111114
0 0.9691666666666666 0.49777777777777776 0.043333333333333335 0.06888888888888889
0 0.9275 0.5011111111111111 0.03666666666666667 0.07333333333333333
0 0.8891666666666667 0.5033333333333333 0.03333333333333333 0.07111111111111111
0 0.6541666666666667 0.5133333333333333 0.02666666666666667 0.08222222222222222
0 0.7083333333333334 0.5166666666666667 0.021666666666666667 0.07111111111111111
0 0.6158333333333333 0.5177777777777778 0.045 0.08888888888888889
0 0.5225 0.5222222222222223 0.051666666666666666 0.08222222222222222
0 0.5691666666666667 0.5233333333333333 0.043333333333333335 0.08222222222222222
0 0.48333333333333334 0.5255555555555556 0.028333333333333332 0.08
0 0.3575 0.5266666666666666 0.055 0.09111111111111111
0 0.41833333333333333 0.5266666666666666 0.05 0.08888888888888889
0 0.30083333333333334 0.5344444444444445 0.055 0.09555555555555556
0 0.24833333333333332 0.5355555555555556 0.041666666666666664 0.09111111111111111
0 0.1625 0.5366666666666666 0.04666666666666667 0.10222222222222223
0 0.0275 0.5377777777777778 0.05333333333333334 0.10222222222222223
0 0.10583333333333333 0.54 0.06333333333333334 0.10444444444444445
0 0.6016666666666667 0.6655555555555556 0.045 0.07333333333333333
0 0.5041666666666667 0.6677777777777778 0.04833333333333333 0.09333333333333334
0 0.5533333333333333 0.67 0.041666666666666664 0.07777777777777778
0 0.455 0.6766666666666666 0.03333333333333333 0.09777777777777778
0 0.4066666666666667 0.6833333333333333 0.051666666666666666 0.10222222222222223
0 0.2833333333333333 0.6877777777777778 0.055 0.10888888888888888
0 0.3458333333333333 0.6877777777777778 0.05333333333333334 0.09777777777777778
0 0.15333333333333332 0.7 0.06833333333333333 0.11333333333333333
0 0.08 0.7133333333333334 0.07 0.11555555555555555
0 0.019166666666666665 0.7177777777777777 0.03833333333333333 0.1111111111111111
0 0.61 0.7566666666666667 0.05333333333333334 0.09111111111111111
0 0.9666666666666667 0.7566666666666667 0.045 0.06444444444444444
0 0.9266666666666666 0.7644444444444445 0.043333333333333335 0.06888888888888889
0 0.8841666666666667 0.7711111111111111 0.043333333333333335 0.07555555555555556
0 0.5141666666666667 0.7733333333333333 0.043333333333333335 0.09333333333333334
0 0.4558333333333333 0.7777777777777778 0.04 0.09555555555555556
0 0.84 0.78 0.05333333333333334 0.06888888888888889
0 0.4083333333333333 0.7866666666666666 0.05333333333333334 0.10444444444444445
0 0.34833333333333333 0.7888888888888889 0.06 0.1
0 0.7483333333333333 0.7933333333333333 0.04 0.07111111111111111
0 0.7016666666666667 0.7955555555555556 0.051666666666666666 0.07555555555555556
0 0.28833333333333333 0.7977777777777778 0.05 0.10444444444444445
0 0.5683333333333334 0.8033333333333333 0.06333333333333334 0.10222222222222223
0 0.7983333333333333 0.8044444444444444 0.05333333333333334 0.07777777777777778
0 0.1525 0.8188888888888889 0.065 0.12222222222222222
0 0.08166666666666667 0.8311111111111111 0.07333333333333333 0.11333333333333333
0 0.02 0.8388888888888889 0.03666666666666667 0.12222222222222222
0 0.9758333333333333 0.84 0.045 0.09333333333333334
0 0.2175 0.8433333333333334 0.055 0.10222222222222223
0 0.9341666666666667 0.8433333333333334 0.043333333333333335 0.08222222222222222
0 0.895 0.8533333333333334 0.043333333333333335 0.08
0 0.8508333333333333 0.8644444444444445 0.05 0.08888888888888889
0 0.7608333333333334 0.88 0.045 0.09777777777777778
0 0.655 0.8811111111111111 0.065 0.12222222222222222
0 0.8066666666666666 0.8833333333333333 0.05333333333333334 0.07777777777777778
0 0.7141666666666666 0.8866666666666667 0.06166666666666667 0.09555555555555556
0 0.6025 0.8988888888888888 0.04666666666666667 0.1111111111111111
0 0.48833333333333334 0.9066666666666666 0.06666666666666667 0.12222222222222222
0 0.5516666666666666 0.92 0.06166666666666667 0.12222222222222222
0 0.4266666666666667 0.9211111111111111 0.065 0.12
0 0.945 0.93 0.04666666666666667 0.09111111111111111
0 0.9816666666666667 0.9322222222222222 0.03333333333333333 0.09555555555555556
0 0.3625 0.9333333333333333 0.065 0.12222222222222222
0 0.9008333333333334 0.9388888888888889 0.03833333333333333 0.08666666666666667
0 0.22083333333333333 0.9477777777777778 0.07166666666666667 0.09555555555555556
0 0.06416666666666666 0.9511111111111111 0.07833333333333334 0.08666666666666667
0 0.8575 0.9522222222222222 0.04833333333333333 0.08
0 0.14666666666666667 0.9533333333333334 0.08 0.09111111111111111
0 0.8133333333333334 0.9611111111111111 0.05333333333333334 0.07333333333333333
0 0.7675 0.9644444444444444 0.04833333333333333 0.06666666666666667
0 0.7158333333333333 0.9677777777777777 0.06166666666666667 0.06
0 0.6641666666666667 0.9733333333333334 0.06166666666666667 0.04888888888888889
0 0.0275 0.18444444444444444 0.051666666666666666 0.11555555555555555
0 0.09833333333333333 0.19 0.065 0.1288888888888889
0 0.15333333333333332 0.1988888888888889 0.041666666666666664 0.11555555555555555
0 0.355 0.21222222222222223 0.06 0.10444444444444445
0 0.2941666666666667 0.21333333333333335 0.056666666666666664 0.10444444444444445
0 0.41083333333333333 0.21555555555555556 0.04833333333333333 0.09777777777777778