0 0.98 0.3488888888888889 0.03666666666666667 0.06666666666666667
0 0.9041666666666667 0.35444444444444445 0.03666666666666667 0.06888888888888889
0 0.6841666666666667 0.3655555555555556 0.025 0.044444444444444446
0 0.6575 0.36666666666666664 0.03 0.04666666666666667
0 0.82 0.37 0.03833333333333333 0.05333333333333334
0 0.7825 0.3711111111111111 0.03333333333333333 0.057777777777777775
0 0.7483333333333333 0.3711111111111111 0.03333333333333333 0.05333333333333334
0 0.7141666666666666 0.37555555555555553 0.035 0.051111111111111114
0 0.6208333333333333 0.37555555555555553 0.03 0.05333333333333334
0 0.5341666666666667 0.38222222222222224 0.02666666666666667 0.04888888888888889
0 0.5908333333333333 0.38222222222222224 0.023333333333333334 0.05333333333333334
0 0.5083333333333333 0.38333333333333336 0.02666666666666667 0.05333333333333334
0 0.47833333333333333 0.3844444444444444 0.025 0.04888888888888889
0 0.5641666666666667 0.3844444444444444 0.02666666666666667 0.04888888888888889
0 0.4508333333333333 0.3877777777777778 0.028333333333333332 0.051111111111111114
0 0.40166666666666667 0.4 0.023333333333333334 0.04888888888888889
0 0.38 0.4011111111111111 0.018333333333333333 0.051111111111111114
0 0.35583333333333333 0.4022222222222222 0.021666666666666667 0.04666666666666667
0 0.33166666666666667 0.40555555555555556 0.021666666666666667 0.051111111111111114
0 0.6608333333333334 0.4066666666666667 0.02666666666666667 0.035555555555555556
0 0.30833333333333335 0.4077777777777778 0.021666666666666667 0.051111111111111114
0 0.6858333333333333 0.4077777777777778 0.03 0.044444444444444446
0 0.2625 0.4122222222222222 0.023333333333333334 0.05333333333333334
0 0.28583333333333333 0.4122222222222222 0.021666666666666667 0.051111111111111114
0 0.945 0.41444444444444445 0.043333333333333335 0.07333333333333333
0 0.9808333333333333 0.4177777777777778 0.035 0.07111111111111111
0 0.9041666666666667 0.41888888888888887 0.03666666666666667 0.057777777777777775
0 0.8216666666666667 0.42444444444444446 0.043333333333333335 0.06222222222222222
0 0.7825 0.4266666666666667 0.04 0.05333333333333334
0 0.7466666666666667 0.4288888888888889 0.03666666666666667 0.04888888888888889
0 0.7133333333333334 0.43 0.03666666666666667 0.05333333333333334
0 0.6233333333333333 0.4311111111111111 0.03 0.05333333333333334
0 0.5083333333333333 0.43444444444444447 0.028333333333333332 0.051111111111111114
0 0.5925 0.43444444444444447 0.02666666666666667 0.051111111111111114
0 0.535 0.43555555555555553 0.021666666666666667 0.05333333333333334
0 0.5633333333333334 0.43666666666666665 0.025 0.05555555555555555
0 0.45416666666666666 0.43777777777777777 0.025 0.04888888888888889
0 0.48083333333333333 0.43777777777777777 0.025 0.05333333333333334
0 0.6608333333333334 0.44666666666666666 0.028333333333333332 0.04
0 0.355 0.4477777777777778 0.025 0.042222222222222223
0 0.6866666666666666 0.4488888888888889 0.025 0.044444444444444446
0 0.4041666666666667 0.45111111111111113 0.02666666666666667 0.04666666666666667
0 0.37833333333333335 0.45222222222222225 0.023333333333333334 0.051111111111111114
0 0.33166666666666667 0.45444444444444443 0.018333333333333333 0.042222222222222223
0 0.28583333333333333 0.45555555555555555 0.021666666666666667 0.042222222222222223
0 0.30916666666666665 0.45555555555555555 0.025 0.044444444444444446
0 0.265 0.46111111111111114 0.018333333333333333 0.04
0 0.8675 0.4777777777777778 0.043333333333333335 0.06222222222222222
0 0.9058333333333334 0.4777777777777778 0.041666666666666664 0.057777777777777775
0 0.9466666666666667 0.4822222222222222 0.045 0.06222222222222222
0 0.9816666666666667 0.48444444444444446 0.03333333333333333 0.06666666666666667
0 0.8216666666666667 0.48333333333333334 0.043333333333333335 0.05555555555555555
0 0.7858333333333334 0.48444444444444446 0.03833333333333333 0.05555555555555555
0 0.7491666666666666 0.4855555555555556 0.03333333333333333 0.06
0 0.7166666666666667 0.4855555555555556 0.03166666666666667 0.05555555555555555
0 0.5941666666666666 0.4888888888888889 0.03166666666666667 0.05555555555555555
0 0.625 0.4888888888888889 0.025 0.051111111111111114
0 0.5108333333333334 0.49 0.025 0.05555555555555555
0 0.66 0.4911111111111111 0.03 0.04888888888888889
0 0.565 0.4911111111111111 0.028333333333333332 0.04666666666666667
0 0.6875 0.4922222222222222 0.02666666666666667 0.04666666666666667
0 0.4841666666666667 0.49333333333333335 0.025 0.05333333333333334
0 0.45666666666666667 0.49444444444444446 0.025 0.05333333333333334
0 0.5358333333333334 0.49444444444444446 0.025 0.04888888888888889
0 0.4025 0.49666666666666665 0.025 0.051111111111111114
0 0.35583333333333333 0.49777777777777776 0.021666666666666667 0.04888888888888889
0 0.31 0.5 0.023333333333333334 0.05333333333333334
0 0.28833333333333333 0.5033333333333333 0.02 0.051111111111111114
0 0.3333333333333333 0.5033333333333333 0.021666666666666667 0.051111111111111114
0 0.38 0.5044444444444445 0.021666666666666667 0.051111111111111114
0 0.2675 0.5066666666666667 0.016666666666666666 0.051111111111111114
0 0.5975 0.5711111111111111 0.03166666666666667 0.06444444444444444
0 0.835 0.5711111111111111 0.03166666666666667 0.06666666666666667
0 0.7983333333333333 0.5722222222222222 0.03666666666666667 0.06444444444444444
0 0.8725 0.5733333333333334 0.035 0.06666666666666667
0 0.5625 0.5755555555555556 0.03 0.05555555555555555
0 0.7633333333333333 0.5822222222222222 0.03666666666666667 0.06444444444444444
0 0.6325 0.5822222222222222 0.03 0.05555555555555555
0 0.6658333333333334 0.5822222222222222 0.035 0.06
0 0.6975 0.5833333333333334 0.03666666666666667 0.06222222222222222
0 0.73 0.5833333333333334 0.03166666666666667 0.06444444444444444
0 0.9108333333333334 0.5955555555555555 0.03833333333333333 0.07111111111111111
0 0.9516666666666667 0.5988888888888889 0.035 0.07111111111111111
0 0.9841666666666666 0.6 0.028333333333333332 0.08444444444444445