0 0.22106824925816024 0.14416666666666667 0.050445103857566766 0.10333333333333333
0 0.2818991097922849 0.1575 0.06528189910979229 0.11
0 0.35014836795252224 0.17083333333333334 0.06824925816023739 0.11666666666666667
0 0.42136498516320475 0.18333333333333332 0.06824925816023739 0.12166666666666667
0 0.5341246290801187 0.20333333333333334 0.1513353115727003 0.13333333333333333
0 0.2195845697329377 0.24833333333333332 0.04154302670623145 0.10166666666666667
0 0.27596439169139464 0.2658333333333333 0.06528189910979229 0.10666666666666667
0 0.35014836795252224 0.2875 0.07418397626112759 0.115
0 0.4198813056379822 0.30666666666666664 0.05934718100890208 0.12
0 0.4836795252225519 0.3333333333333333 0.06528189910979229 0.125
0 0.22700296735905046 0.345 0.04451038575667656 0.08666666666666667
0 0.2789317507418398 0.37 0.05934718100890208 0.09833333333333333
0 0.34718100890207715 0.3983333333333333 0.07418397626112759 0.105
0 0.41543026706231456 0.4216666666666667 0.05341246290801187 0.10833333333333334
0 0.47032640949554894 0.45416666666666666 0.05934718100890208 0.11333333333333333
0 0.5608308605341247 0.355 0.08011869436201781 0.16
0 0.5370919881305638 0.49166666666666664 0.07418397626112759 0.13166666666666665
0 0.655786350148368 0.40166666666666667 0.10385756676557864 0.15
0 0.755192878338279 0.43916666666666665 0.0830860534124629 0.15
0 0.6320474777448071 0.5333333333333333 0.10979228486646884 0.145
0 0.7240356083086054 0.5825 0.08011869436201781 0.145
0 0.23590504451038577 0.5516666666666666 0.03560830860534125 0.075
0 0.28041543026706234 0.585 0.04451038575667656 0.07
0 0.3560830860534125 0.6041666666666666 0.10089020771513353 0.09166666666666666
0 0.4495548961424332 0.69 0.04747774480712166 0.09
0 0.2403560830860534 0.6166666666666667 0.032640949554896145 0.05
0 0.28041543026706234 0.6525 0.04154302670623145 0.065
0 0.327893175074184 0.6875 0.050445103857566766 0.07333333333333333
0 0.38130563798219586 0.7233333333333334 0.05637982195845697 0.09
0 0.4391691394658754 0.7683333333333333 0.05934718100890208 0.08666666666666667
0 0.5133531157270029 0.7308333333333333 0.06824925816023739 0.10166666666666667
0 0.5014836795252225 0.8266666666666667 0.06528189910979229 0.09
0 0.615727002967359 0.7925 0.12759643916913946 0.10833333333333334