0 0.4075 0.314540059347181 0.06333333333333334 0.2314540059347181
0 0.47583333333333333 0.29821958456973297 0.07666666666666666 0.2403560830860534
0 0.3933333333333333 0.5504451038575667 0.08333333333333333 0.2403560830860534
0 0.38083333333333336 0.798219584569733 0.09 0.2551928783382789
0 0.8916666666666667 0.1543026706231454 0.14166666666666666 0.2878338278931751
0 0.5575 0.2626112759643917 0.08666666666666667 0.2551928783382789
0 0.7608333333333334 0.18545994065281898 0.115 0.31750741839762614
0 0.7558333333333334 0.5089020771513353 0.11666666666666667 0.3115727002967359
0 0.7541666666666667 0.8367952522255193 0.12333333333333334 0.32047477744807124
0 0.9775 0.8204747774480712 0.041666666666666664 0.35311572700296734
0 0.47 0.543026706231454 0.07 0.24629080118694363
0 0.5491666666666667 0.5311572700296736 0.095 0.27002967359050445
0 0.65 0.2314540059347181 0.1 0.2789317507418398
0 0.6458333333333334 0.5178041543026706 0.09666666666666666 0.29376854599406527
0 0.8833333333333333 0.4792284866468843 0.14166666666666666 0.3590504451038576
0 0.46 0.8041543026706232 0.06666666666666667 0.27596439169139464
0 0.5391666666666667 0.8086053412462908 0.09333333333333334 0.29673590504451036
0 0.6383333333333333 0.827893175074184 0.095 0.3293768545994065
0 0.8875 0.827893175074184 0.13833333333333334 0.3323442136498516