0 0.04833333333333333 0.30118694362017806 0.035 0.0830860534124629
0 0.9225 0.38130563798219586 0.058333333333333334 0.13056379821958458
0 0.7058333333333333 0.38427299703264095 0.05 0.11275964391691394
0 0.8141666666666667 0.38427299703264095 0.051666666666666666 0.10089020771513353
0 0.6541666666666667 0.3857566765578635 0.04833333333333333 0.11275964391691394
0 0.865 0.3857566765578635 0.051666666666666666 0.12462908011869436
0 0.5008333333333334 0.3887240356083086 0.045 0.11572700296735905
0 0.4525 0.3916913946587537 0.043333333333333335 0.11275964391691394
0 0.55 0.3916913946587537 0.04666666666666667 0.11869436201780416
0 0.35333333333333333 0.39317507418397624 0.043333333333333335 0.11275964391691394
0 0.4 0.39317507418397624 0.04666666666666667 0.10979228486646884
0 0.1 0.39317507418397624 0.04833333333333333 0.11275964391691394
0 0.2525 0.39465875370919884 0.04666666666666667 0.10979228486646884
0 0.30416666666666664 0.39465875370919884 0.04666666666666667 0.11572700296735905
0 0.6008333333333333 0.39465875370919884 0.05 0.11572700296735905
0 0.15583333333333332 0.39465875370919884 0.03833333333333333 0.10682492581602374
0 0.20083333333333334 0.3991097922848665 0.04666666666666667 0.10979228486646884
0 0.049166666666666664 0.4065281899109792 0.051666666666666666 0.10979228486646884
0 0.8216666666666667 0.5014836795252225 0.05333333333333334 0.12759643916913946
0 0.9283333333333333 0.5044510385756676 0.055 0.11572700296735905
0 0.6583333333333333 0.5089020771513353 0.051666666666666666 0.13056379821958458
0 0.7625 0.5089020771513353 0.051666666666666666 0.11869436201780416
0 0.7091666666666666 0.5103857566765578 0.04666666666666667 0.12166172106824925
0 0.8733333333333333 0.5103857566765578 0.056666666666666664 0.12166172106824925
0 0.39916666666666667 0.5118694362017804 0.04666666666666667 0.12166172106824925
0 0.45 0.5118694362017804 0.051666666666666666 0.13056379821958458
0 0.5025 0.5118694362017804 0.045 0.12759643916913946
0 0.5533333333333333 0.5118694362017804 0.05333333333333334 0.11572700296735905
0 0.09583333333333334 0.5118694362017804 0.045 0.11572700296735905
0 0.14833333333333334 0.5118694362017804 0.043333333333333335 0.11275964391691394
0 0.19416666666666665 0.5133531157270029 0.043333333333333335 0.11572700296735905
0 0.24666666666666667 0.5133531157270029 0.04666666666666667 0.10979228486646884
0 0.30083333333333334 0.5133531157270029 0.043333333333333335 0.11275964391691394
0 0.345 0.5148367952522255 0.043333333333333335 0.13056379821958458
0 0.6066666666666667 0.5148367952522255 0.04666666666666667 0.11869436201780416
0 0.043333333333333335 0.526706231454006 0.058333333333333334 0.12166172106824925
0 0.9241666666666667 0.6483679525222552 0.055 0.0830860534124629
0 0.7025 0.6839762611275965 0.05 0.12462908011869436
0 0.755 0.6839762611275965 0.04666666666666667 0.12759643916913946
0 0.6491666666666667 0.6869436201780416 0.04833333333333333 0.12759643916913946
0 0.23416666666666666 0.6899109792284867 0.04666666666666667 0.11572700296735905
0 0.545 0.6899109792284867 0.045 0.13056379821958458
0 0.595 0.6899109792284867 0.051666666666666666 0.12166172106824925
0 0.49333333333333335 0.6913946587537092 0.05 0.12166172106824925
0 0.43833333333333335 0.6928783382789317 0.051666666666666666 0.11869436201780416
0 0.28583333333333333 0.6943620178041543 0.05 0.12462908011869436
0 0.18333333333333332 0.6973293768545994 0.043333333333333335 0.12166172106824925
0 0.3383333333333333 0.6973293768545994 0.05 0.12166172106824925
0 0.38916666666666666 0.6973293768545994 0.043333333333333335 0.12462908011869436
0 0.705 0.814540059347181 0.04666666666666667 0.13649851632047477
0 0.7566666666666667 0.814540059347181 0.04666666666666667 0.13056379821958458
0 0.335 0.8204747774480712 0.05333333333333334 0.12462908011869436
0 0.6508333333333334 0.8204747774480712 0.05 0.13353115727002968
0 0.44 0.8219584569732937 0.055 0.12759643916913946
0 0.5491666666666667 0.8219584569732937 0.05 0.13649851632047477
0 0.5991666666666666 0.8219584569732937 0.05333333333333334 0.13056379821958458
0 0.17833333333333334 0.8234421364985163 0.04666666666666667 0.12462908011869436
0 0.23 0.8234421364985163 0.04666666666666667 0.12166172106824925
0 0.28 0.8234421364985163 0.04833333333333333 0.12166172106824925
0 0.49166666666666664 0.8234421364985163 0.043333333333333335 0.12462908011869436
0 0.3883333333333333 0.8249258160237388 0.045 0.12166172106824925
0 0.65 0.271513353115727 0.043333333333333335 0.10979228486646884
0 0.7016666666666667 0.271513353115727 0.051666666666666666 0.10385756676557864
0 0.6008333333333333 0.27596439169139464 0.04666666666666667 0.11869436201780416
0 0.5025 0.2774480712166172 0.043333333333333335 0.11869436201780416
0 0.5533333333333333 0.2774480712166172 0.041666666666666664 0.10682492581602374
0 0.30833333333333335 0.2789317507418398 0.041666666666666664 0.10682492581602374
0 0.16 0.28041543026706234 0.03833333333333333 0.10979228486646884
0 0.3575 0.2818991097922849 0.04 0.10089020771513353
0 0.1075 0.2818991097922849 0.041666666666666664 0.11275964391691394
0 0.4525 0.28486646884273 0.041666666666666664 0.09792284866468842
0 0.2575 0.28635014836795253 0.045 0.10089020771513353
0 0.4033333333333333 0.28635014836795253 0.045 0.10089020771513353