0 0.23833333333333334 0.30972222222222223 0.03166666666666667 0.09722222222222222
0 0.3408333333333333 0.3111111111111111 0.016666666666666666 0.06944444444444445
0 0.4425 0.3111111111111111 0.013333333333333334 0.06111111111111111
0 0.27666666666666667 0.3125 0.02 0.08055555555555556
0 0.29833333333333334 0.3138888888888889 0.021666666666666667 0.075
0 0.36 0.3138888888888889 0.018333333333333333 0.07222222222222222
0 0.42916666666666664 0.3138888888888889 0.013333333333333334 0.058333333333333334
0 0.31916666666666665 0.31527777777777777 0.021666666666666667 0.07777777777777778
0 0.17916666666666667 0.31666666666666665 0.028333333333333332 0.08888888888888889
0 0.3958333333333333 0.31666666666666665 0.018333333333333333 0.058333333333333334
0 0.41333333333333333 0.31666666666666665 0.015 0.06111111111111111
0 0.2075 0.31805555555555554 0.03 0.09444444444444444
0 0.15 0.32083333333333336 0.02666666666666667 0.09722222222222222
0 0.8625 0.3277777777777778 0.04 0.07777777777777778
0 0.12 0.3277777777777778 0.021666666666666667 0.10555555555555556
0 0.7933333333333333 0.32916666666666666 0.03 0.07222222222222222
0 0.7225 0.33055555555555555 0.03 0.06666666666666667
0 0.8266666666666667 0.33055555555555555 0.03 0.07777777777777778
0 0.6916666666666667 0.3333333333333333 0.03166666666666667 0.07222222222222222
0 0.9025 0.3333333333333333 0.035 0.075
0 0.7583333333333333 0.3375 0.03333333333333333 0.07222222222222222
0 0.43 0.38055555555555554 0.015 0.06666666666666667
0 0.4483333333333333 0.38055555555555554 0.018333333333333333 0.07222222222222222
0 0.4125 0.3819444444444444 0.013333333333333334 0.06666666666666667
0 0.3975 0.3875 0.016666666666666666 0.06944444444444445
0 0.36 0.3902777777777778 0.016666666666666666 0.06944444444444445
0 0.3416666666666667 0.39166666666666666 0.016666666666666666 0.075
0 0.3225 0.39305555555555555 0.018333333333333333 0.075
0 0.30083333333333334 0.3972222222222222 0.021666666666666667 0.08333333333333333
0 0.2791666666666667 0.4 0.02 0.07777777777777778
0 0.7233333333333334 0.4 0.028333333333333332 0.08055555555555556
0 0.2425 0.4013888888888889 0.028333333333333332 0.08611111111111111
0 0.7908333333333334 0.4013888888888889 0.028333333333333332 0.06666666666666667
0 0.8625 0.4013888888888889 0.03666666666666667 0.07222222222222222
0 0.8241666666666667 0.4041666666666667 0.035 0.06944444444444445
0 0.6925 0.40694444444444444 0.03166666666666667 0.07222222222222222
0 0.7575 0.4083333333333333 0.035 0.06944444444444445
0 0.215 0.4097222222222222 0.028333333333333332 0.08611111111111111
0 0.9008333333333334 0.4111111111111111 0.03833333333333333 0.07777777777777778
0 0.18333333333333332 0.4125 0.03166666666666667 0.08611111111111111
0 0.15 0.41944444444444445 0.03333333333333333 0.08611111111111111
0 0.12166666666666667 0.4263888888888889 0.028333333333333332 0.07222222222222222
0 0.4325 0.4597222222222222 0.015 0.04722222222222222
0 0.415 0.46805555555555556 0.015 0.06388888888888888
0 0.4008333333333333 0.4708333333333333 0.016666666666666666 0.058333333333333334
0 0.3625 0.4861111111111111 0.018333333333333333 0.075
0 0.34 0.4888888888888889 0.021666666666666667 0.07777777777777778
0 0.3225 0.49722222222222223 0.021666666666666667 0.07777777777777778
0 0.3 0.5 0.02 0.075
0 0.7275 0.5083333333333333 0.03833333333333333 0.06944444444444445
0 0.2808333333333333 0.5111111111111111 0.018333333333333333 0.08333333333333333
0 0.69 0.5111111111111111 0.03666666666666667 0.07222222222222222
0 0.435 0.5180555555555556 0.015 0.058333333333333334
0 0.24333333333333335 0.5208333333333334 0.02666666666666667 0.08333333333333333
0 0.7691666666666667 0.5208333333333334 0.03833333333333333 0.075
0 0.215 0.5236111111111111 0.028333333333333332 0.08611111111111111
0 0.855 0.5236111111111111 0.043333333333333335 0.08333333333333333
0 0.8108333333333333 0.525 0.03666666666666667 0.08055555555555556
0 0.9025 0.5277777777777778 0.045 0.08055555555555556
0 0.4175 0.5305555555555556 0.016666666666666666 0.06944444444444445
0 0.4008333333333333 0.5361111111111111 0.015 0.058333333333333334
0 0.1825 0.5375 0.035 0.09166666666666666
0 0.15083333333333335 0.5513888888888889 0.03166666666666667 0.09166666666666666
0 0.36083333333333334 0.5583333333333333 0.02 0.06666666666666667
0 0.3433333333333333 0.5611111111111111 0.018333333333333333 0.07222222222222222
0 0.3233333333333333 0.5722222222222222 0.023333333333333334 0.06944444444444445
0 0.3025 0.5763888888888888 0.02 0.08333333333333333
0 0.4325 0.5819444444444445 0.013333333333333334 0.075
0 0.2841666666666667 0.5833333333333334 0.02 0.07777777777777778
0 0.6858333333333333 0.5847222222222223 0.03166666666666667 0.075
0 0.4175 0.5944444444444444 0.015 0.06111111111111111
0 0.8541666666666666 0.5972222222222222 0.043333333333333335 0.06666666666666667
0 0.7708333333333334 0.6 0.045 0.07777777777777778
0 0.8108333333333333 0.6 0.03666666666666667 0.06944444444444445
0 0.4041666666666667 0.6027777777777777 0.016666666666666666 0.06388888888888888
0 0.8975 0.6027777777777777 0.03833333333333333 0.06666666666666667
0 0.24416666666666667 0.6069444444444444 0.025 0.08333333333333333
0 0.3875 0.6069444444444444 0.013333333333333334 0.07222222222222222
0 0.21833333333333332 0.6111111111111112 0.028333333333333332 0.07777777777777778
0 0.36333333333333334 0.6222222222222222 0.02 0.06388888888888888
0 0.18833333333333332 0.6319444444444444 0.03333333333333333 0.08888888888888889
0 0.3441666666666667 0.6333333333333333 0.018333333333333333 0.075
0 0.3233333333333333 0.6430555555555556 0.018333333333333333 0.07777777777777778
0 0.1575 0.6527777777777778 0.028333333333333332 0.08888888888888889
0 0.30583333333333335 0.6541666666666667 0.02 0.07777777777777778
0 0.285 0.6611111111111111 0.018333333333333333 0.07222222222222222
0 0.4216666666666667 0.6736111111111112 0.015 0.06388888888888888
0 0.4041666666666667 0.6763888888888889 0.018333333333333333 0.075
0 0.6933333333333334 0.6833333333333333 0.03 0.06666666666666667
0 0.7241666666666666 0.6861111111111111 0.035 0.07222222222222222
0 0.76 0.6875 0.035 0.08055555555555556
0 0.7991666666666667 0.6916666666666667 0.04 0.08055555555555556
0 0.38916666666666666 0.6930555555555555 0.015 0.07222222222222222
0 0.22 0.6972222222222222 0.028333333333333332 0.07777777777777778
0 0.8391666666666666 0.6986111111111111 0.03666666666666667 0.075
0 0.8833333333333333 0.7069444444444445 0.041666666666666664 0.08611111111111111
0 0.3616666666666667 0.7138888888888889 0.03 0.07222222222222222
0 0.18916666666666668 0.7222222222222222 0.035 0.07777777777777778
0 0.43833333333333335 0.7236111111111111 0.013333333333333334 0.06111111111111111
0 0.42333333333333334 0.7347222222222223 0.016666666666666666 0.058333333333333334
0 0.1575 0.7361111111111112 0.028333333333333332 0.08055555555555556
0 0.345 0.7402777777777778 0.02 0.06944444444444445
0 0.405 0.7472222222222222 0.016666666666666666 0.06666666666666667
0 0.32416666666666666 0.7527777777777778 0.02 0.07222222222222222
0 0.6925 0.7541666666666667 0.035 0.075
0 0.7275 0.7555555555555555 0.03333333333333333 0.07777777777777778
0 0.7575 0.7611111111111111 0.03333333333333333 0.07222222222222222
0 0.3908333333333333 0.7652777777777777 0.013333333333333334 0.06388888888888888
0 0.3025 0.7666666666666667 0.025 0.075
0 0.795 0.7680555555555556 0.03833333333333333 0.07777777777777778
0 0.8358333333333333 0.7722222222222223 0.04666666666666667 0.07777777777777778
0 0.2825 0.7777777777777778 0.02 0.07777777777777778
0 0.36333333333333334 0.7777777777777778 0.023333333333333334 0.058333333333333334
0 0.8825 0.7861111111111111 0.03833333333333333 0.06944444444444445
0 0.4425 0.7888888888888889 0.016666666666666666 0.06944444444444445
0 0.4225 0.7944444444444444 0.018333333333333333 0.06388888888888888
0 0.25166666666666665 0.8041666666666667 0.025 0.07777777777777778
0 0.345 0.8055555555555556 0.018333333333333333 0.06944444444444445
0 0.4066666666666667 0.8125 0.016666666666666666 0.06666666666666667
0 0.22083333333333333 0.8208333333333333 0.035 0.08611111111111111
0 0.32416666666666666 0.8208333333333333 0.023333333333333334 0.06666666666666667
0 0.39 0.8305555555555556 0.013333333333333334 0.05555555555555555
0 0.18833333333333332 0.8388888888888889 0.035 0.08055555555555556
0 0.30666666666666664 0.8388888888888889 0.02 0.06111111111111111
0 0.36666666666666664 0.8402777777777778 0.023333333333333334 0.058333333333333334
0 0.71 0.8444444444444444 0.03 0.06388888888888888
0 0.44083333333333335 0.85 0.013333333333333334 0.05555555555555555
0 0.7416666666666667 0.8527777777777777 0.03833333333333333 0.075
0 0.1575 0.8597222222222223 0.03 0.09166666666666666
0 0.2866666666666667 0.8611111111111112 0.021666666666666667 0.07222222222222222
0 0.345 0.8611111111111112 0.021666666666666667 0.05277777777777778
0 0.42333333333333334 0.8611111111111112 0.018333333333333333 0.07222222222222222
0 0.7775 0.8680555555555556 0.028333333333333332 0.07777777777777778
0 0.8141666666666667 0.8722222222222222 0.03833333333333333 0.09166666666666666
0 0.405 0.8777777777777778 0.02 0.06388888888888888
0 0.8508333333333333 0.8819444444444444 0.03 0.07777777777777778
0 0.13 0.8847222222222222 0.023333333333333334 0.08611111111111111
0 0.25333333333333335 0.8888888888888888 0.03166666666666667 0.09444444444444444
0 0.89 0.8958333333333334 0.035 0.07222222222222222
0 0.3908333333333333 0.9 0.015 0.06666666666666667
0 0.22416666666666665 0.9166666666666666 0.03333333333333333 0.09722222222222222
0 0.19166666666666668 0.9277777777777778 0.03333333333333333 0.08333333333333333
0 0.7466666666666667 0.9277777777777778 0.02666666666666667 0.05277777777777778
0 0.7766666666666666 0.9333333333333333 0.03166666666666667 0.05
0 0.8108333333333333 0.9416666666666667 0.03333333333333333 0.044444444444444446
0 0.16333333333333333 0.9458333333333333 0.03166666666666667 0.075
0 0.8458333333333333 0.9486111111111111 0.03333333333333333 0.05555555555555555
0 0.8858333333333334 0.9541666666666667 0.03666666666666667 0.03611111111111111
0 0.13833333333333334 0.9611111111111111 0.028333333333333332 0.06388888888888888
0 0.11416666666666667 0.2152777777777778 0.035 0.09722222222222222
0 0.145 0.21805555555555556 0.03166666666666667 0.1
0 0.17833333333333334 0.22361111111111112 0.03 0.1
0 0.2375 0.22361111111111112 0.02666666666666667 0.08611111111111111
0 0.20833333333333334 0.2263888888888889 0.03 0.08611111111111111
0 0.27416666666666667 0.22777777777777777 0.023333333333333334 0.07777777777777778
0 0.2975 0.23472222222222222 0.023333333333333334 0.07777777777777778
0 0.31916666666666665 0.2388888888888889 0.02 0.075
0 0.3575 0.2388888888888889 0.018333333333333333 0.06666666666666667
0 0.3383333333333333 0.24166666666666667 0.018333333333333333 0.06666666666666667
0 0.9041666666666667 0.24583333333333332 0.03666666666666667 0.08888888888888889
0 0.3958333333333333 0.24722222222222223 0.018333333333333333 0.07222222222222222
0 0.4116666666666667 0.25 0.018333333333333333 0.07222222222222222
0 0.44416666666666665 0.2513888888888889 0.015 0.06666666666666667
0 0.8641666666666666 0.2513888888888889 0.035 0.07222222222222222
0 0.8291666666666667 0.25277777777777777 0.03166666666666667 0.075
0 0.4275 0.25555555555555554 0.016666666666666666 0.06111111111111111
0 0.7941666666666667 0.25555555555555554 0.03166666666666667 0.075
0 0.7233333333333334 0.25972222222222224 0.03166666666666667 0.07777777777777778
0 0.7591666666666667 0.25972222222222224 0.03333333333333333 0.08333333333333333
0 0.6908333333333333 0.2611111111111111 0.03 0.07777777777777778