0 0.9033333333333333 0.04154302670623145 0.08666666666666667 0.0830860534124629
0 0.6525 0.04747774480712166 0.08666666666666667 0.09495548961424333
0 0.74 0.04896142433234421 0.085 0.09792284866468842
0 0.45416666666666666 0.050445103857566766 0.06666666666666667 0.10089020771513353
0 0.5516666666666666 0.050445103857566766 0.09833333333333333 0.10089020771513353
0 0.8225 0.05489614243323442 0.075 0.10979228486646884
0 0.5725 0.5593471810089021 0.06666666666666667 0.17804154302670624
0 0.805 0.5682492581602374 0.08 0.19287833827893175
0 0.645 0.5830860534124629 0.07333333333333333 0.18991097922848665
0 0.48083333333333333 0.6097922848664689 0.07666666666666666 0.20474777448071216
0 0.4041666666666667 0.615727002967359 0.055 0.19584569732937684
0 0.29 0.6216617210682492 0.06333333333333334 0.21364985163204747
0 0.21083333333333334 0.6364985163204748 0.08666666666666667 0.20771513353115728
0 0.1225 0.6439169139465876 0.08666666666666667 0.21068249258160238
0 0.04 0.6468842729970327 0.07833333333333334 0.21364985163204747
0 0.18083333333333335 0.0712166172106825 0.095 0.142433234421365
0 0.07916666666666666 0.07418397626112759 0.105 0.14836795252225518
0 0.8858333333333334 0.7537091988130564 0.07666666666666666 0.19287833827893175
0 0.81 0.7670623145400594 0.07833333333333334 0.19584569732937684
0 0.7316666666666667 0.7685459940652819 0.07166666666666667 0.21068249258160238
0 0.6491666666666667 0.7908011869436202 0.07833333333333334 0.20771513353115728
0 0.5691666666666667 0.7952522255192879 0.08333333333333333 0.19881305637982197
0 0.48333333333333334 0.8175074183976261 0.07833333333333334 0.18991097922848665
0 0.4116666666666667 0.8219584569732937 0.058333333333333334 0.21068249258160238
0 0.2991666666666667 0.8382789317507419 0.06 0.21068249258160238
0 0.22083333333333333 0.8501483679525222 0.085 0.22255192878338279
0 0.04583333333333333 0.8679525222551929 0.085 0.22255192878338279
0 0.1325 0.870919881305638 0.09166666666666666 0.228486646884273
0 0.021666666666666667 0.11127596439169139 0.043333333333333335 0.19584569732937684
0 0.275 0.1824925816023739 0.075 0.10979228486646884
0 0.9083333333333333 0.1943620178041543 0.08333333333333333 0.21068249258160238
0 0.6541666666666667 0.20474777448071216 0.09833333333333333 0.22551928783382788
0 0.8225 0.21513353115727002 0.075 0.20771513353115728
0 0.5525 0.21513353115727002 0.10666666666666667 0.2403560830860534
0 0.4508333333333333 0.21513353115727002 0.09833333333333333 0.2344213649851632
0 0.7441666666666666 0.2195845697329377 0.08333333333333333 0.2403560830860534
0 0.185 0.24925816023738873 0.095 0.20178041543026706
0 0.09 0.2626112759643917 0.105 0.18991097922848665
0 0.021666666666666667 0.28635014836795253 0.043333333333333335 0.1394658753709199