0 0.12314540059347182 0.16833333333333333 0.03560830860534125 0.05333333333333334
0 0.40801186943620177 0.1725 0.05637982195845697 0.08
0 0.08011869436201781 0.17916666666666667 0.04451038575667656 0.04833333333333333
0 0.3560830860534125 0.18083333333333335 0.050445103857566766 0.07166666666666667
0 0.30118694362017806 0.18666666666666668 0.04154302670623145 0.07
0 0.25667655786350146 0.19333333333333333 0.04154302670623145 0.065
0 0.22551928783382788 0.2075 0.03560830860534125 0.056666666666666664
0 0.19287833827893175 0.21333333333333335 0.02967359050445104 0.055
0 0.16172106824925817 0.21666666666666667 0.04154302670623145 0.055
0 0.7596439169139466 0.21916666666666668 0.08902077151335312 0.08833333333333333
0 0.9376854599406528 0.22083333333333333 0.10089020771513353 0.075
0 0.13056379821958458 0.2225 0.02967359050445104 0.051666666666666666
0 0.8486646884272997 0.22333333333333333 0.09198813056379822 0.07
0 0.6750741839762612 0.22583333333333333 0.0830860534124629 0.085
0 0.10237388724035608 0.22666666666666666 0.02967359050445104 0.04833333333333333
0 0.07418397626112759 0.23166666666666666 0.032640949554896145 0.04833333333333333
0 0.5964391691394659 0.235 0.07418397626112759 0.08166666666666667
0 0.5311572700296736 0.23833333333333334 0.06824925816023739 0.08
0 0.4658753709198813 0.24333333333333335 0.05934718100890208 0.07666666666666666
0 0.4094955489614243 0.2475 0.05341246290801187 0.07
0 0.35311572700296734 0.25 0.050445103857566766 0.07
0 0.30118694362017806 0.25666666666666665 0.04451038575667656 0.06833333333333333
0 0.26112759643916916 0.25916666666666666 0.04154302670623145 0.06166666666666667
0 0.22551928783382788 0.2658333333333333 0.03560830860534125 0.05
0 0.19584569732937684 0.2708333333333333 0.032640949554896145 0.051666666666666666
0 0.16172106824925817 0.2733333333333333 0.03560830860534125 0.04833333333333333
0 0.13204747774480713 0.2758333333333333 0.02967359050445104 0.04666666666666667
0 0.10237388724035608 0.27666666666666667 0.026706231454005934 0.04666666666666667
0 0.07863501483679525 0.28 0.026706231454005934 0.043333333333333335
0 0.45548961424332346 0.33416666666666667 0.050445103857566766 0.075
0 0.5178041543026706 0.33416666666666667 0.06231454005934718 0.07833333333333334
0 0.6572700296735905 0.33416666666666667 0.07418397626112759 0.08333333333333333
0 0.7477744807121661 0.33416666666666667 0.10385756676557864 0.08333333333333333
0 0.5845697329376854 0.335 0.06528189910979229 0.08166666666666667
0 0.35311572700296734 0.33666666666666667 0.04451038575667656 0.07333333333333333
0 0.40059347181008903 0.33666666666666667 0.05637982195845697 0.075
0 0.3086053412462908 0.3375 0.04451038575667656 0.065
0 0.2596439169139466 0.33916666666666667 0.03560830860534125 0.06
0 0.06824925816023739 0.345 0.032640949554896145 0.041666666666666664
0 0.142433234421365 0.3458333333333333 0.03857566765578635 0.04
0 0.10534124629080119 0.3466666666666667 0.03560830860534125 0.041666666666666664
0 0.1795252225519288 0.3466666666666667 0.032640949554896145 0.041666666666666664
0 0.21513353115727002 0.35 0.03857566765578635 0.045
0 0.9347181008902077 0.3541666666666667 0.0830860534124629 0.06833333333333333
0 0.8471810089020771 0.35583333333333333 0.08605341246290801 0.065
0 0.06676557863501484 0.3933333333333333 0.03560830860534125 0.05
0 0.10237388724035608 0.395 0.032640949554896145 0.05
0 0.13501483679525222 0.4 0.03857566765578635 0.04833333333333333
0 0.17210682492581603 0.4008333333333333 0.03857566765578635 0.051666666666666666
0 0.21216617210682492 0.4008333333333333 0.03857566765578635 0.05333333333333334
0 0.258160237388724 0.40166666666666667 0.04747774480712166 0.058333333333333334
0 0.30415430267062316 0.4033333333333333 0.04451038575667656 0.06166666666666667
0 0.3516320474777448 0.4066666666666667 0.04451038575667656 0.06333333333333334
0 0.3991097922848665 0.4066666666666667 0.050445103857566766 0.06333333333333334
0 0.45252225519287836 0.4091666666666667 0.05341246290801187 0.07333333333333333
0 0.5133531157270029 0.41333333333333333 0.06824925816023739 0.07666666666666666
0 0.5830860534124629 0.415 0.0712166172106825 0.08166666666666667
0 0.6543026706231454 0.4175 0.07418397626112759 0.08333333333333333
0 0.7388724035608308 0.4216666666666667 0.08605341246290801 0.09
0 0.8293768545994066 0.43166666666666664 0.08902077151335312 0.08
0 0.9213649851632048 0.4325 0.10979228486646884 0.09
0 0.3026706231454006 0.4766666666666667 0.04451038575667656 0.056666666666666664
0 0.258160237388724 0.4766666666666667 0.04451038575667656 0.06
0 0.3516320474777448 0.48583333333333334 0.04154302670623145 0.065
0 0.40059347181008903 0.49 0.04747774480712166 0.065
0 0.4495548961424332 0.495 0.050445103857566766 0.06833333333333333
0 0.9436201780415431 0.051666666666666666 0.10682492581602374 0.09666666666666666
0 0.5103857566765578 0.5025 0.06528189910979229 0.06833333333333333
0 0.5756676557863502 0.5083333333333333 0.06824925816023739 0.075
0 0.6439169139465876 0.515 0.0712166172106825 0.07666666666666666
0 0.7462908011869436 0.5225 0.11869436201780416 0.07666666666666666
0 0.25370919881305637 0.5333333333333333 0.03560830860534125 0.056666666666666664
0 0.2997032640949555 0.5391666666666667 0.05341246290801187 0.06833333333333333
0 0.3516320474777448 0.5458333333333333 0.04451038575667656 0.056666666666666664
0 0.3991097922848665 0.5566666666666666 0.04451038575667656 0.06666666666666667
0 0.4495548961424332 0.5616666666666666 0.05637982195845697 0.06666666666666667
0 0.5103857566765578 0.5708333333333333 0.05934718100890208 0.07
0 0.1201780415430267 0.58 0.03857566765578635 0.03833333333333333
0 0.56973293768546 0.5833333333333334 0.06231454005934718 0.075
0 0.15578635014836795 0.585 0.03560830860534125 0.045
0 0.6364985163204748 0.5933333333333334 0.0712166172106825 0.08333333333333333
0 0.2032640949554896 0.5941666666666666 0.05934718100890208 0.041666666666666664
0 0.701780415430267 0.6041666666666666 0.05934718100890208 0.08333333333333333
0 0.11572700296735905 0.6266666666666667 0.03560830860534125 0.05
0 0.2626112759643917 0.6308333333333334 0.03857566765578635 0.058333333333333334
0 0.3620178041543027 0.6358333333333334 0.04747774480712166 0.065
0 0.3086053412462908 0.6366666666666667 0.06528189910979229 0.051666666666666666
0 0.14688427299703263 0.6391666666666667 0.03857566765578635 0.058333333333333334
0 0.2032640949554896 0.6466666666666666 0.0712166172106825 0.065
0 0.42136498516320475 0.6475 0.05934718100890208 0.06833333333333333
0 0.4762611275964392 0.66 0.05934718100890208 0.06833333333333333
0 0.5385756676557863 0.6758333333333333 0.06528189910979229 0.07166666666666667
0 0.314540059347181 0.6858333333333333 0.04154302670623145 0.06166666666666667
0 0.6068249258160238 0.6908333333333333 0.07418397626112759 0.07666666666666666
0 0.3620178041543027 0.7008333333333333 0.05341246290801187 0.06333333333333334
0 0.6973293768545994 0.7075 0.10385756676557864 0.07666666666666666
0 0.41543026706231456 0.715 0.05341246290801187 0.06333333333333334
0 0.47032640949554894 0.7308333333333333 0.06231454005934718 0.07
0 0.5341246290801187 0.7491666666666666 0.06231454005934718 0.07166666666666667
0 0.6023738872403561 0.7691666666666667 0.07418397626112759 0.08333333333333333
0 0.6735905044510386 0.7908333333333334 0.06824925816023739 0.085
0 0.24777448071216618 0.8216666666666667 0.03857566765578635 0.07333333333333333
0 0.2997032640949555 0.8466666666666667 0.05934718100890208 0.06666666666666667
0 0.3664688427299703 0.8725 0.0771513353115727 0.07166666666666667
0 0.4391691394658754 0.8991666666666667 0.0712166172106825 0.075
0 0.5148367952522255 0.9333333333333333 0.09198813056379822 0.08666666666666667
0 0.5934718100890207 0.9558333333333333 0.05341246290801187 0.07666666666666666
0 0.7833827893175074 0.12416666666666666 0.10682492581602374 0.095
0 0.6869436201780416 0.1375 0.0771513353115727 0.09
0 0.9465875370919882 0.14416666666666667 0.10089020771513353 0.07833333333333334
0 0.24480712166172106 0.145 0.0712166172106825 0.06
0 0.6083086053412463 0.14833333333333334 0.06824925816023739 0.085
0 0.1943620178041543 0.15083333333333335 0.02967359050445104 0.05333333333333334
0 0.8501483679525222 0.15333333333333332 0.0830860534124629 0.07
0 0.5356083086053413 0.15666666666666668 0.06824925816023739 0.08166666666666667
0 0.1572700296735905 0.15916666666666668 0.04451038575667656 0.058333333333333334
0 0.47032640949554894 0.16416666666666666 0.05637982195845697 0.07833333333333334