0 0.0425 0.3545994065281899 0.05333333333333334 0.11869436201780416
0 0.10166666666666667 0.41839762611275966 0.06 0.14836795252225518
0 0.16166666666666665 0.4287833827893175 0.056666666666666664 0.1394658753709199
0 0.28583333333333333 0.46142433234421365 0.065 0.13649851632047477
0 0.21333333333333335 0.4688427299703264 0.041666666666666664 0.08902077151335312
0 0.045 0.48813056379821956 0.055 0.12462908011869436
0 0.4 0.4910979228486647 0.06 0.12759643916913946
0 0.33916666666666667 0.49258160237388726 0.035 0.0830860534124629
0 0.46 0.5044510385756676 0.051666666666666666 0.12166172106824925
0 0.5116666666666667 0.516320474777448 0.04666666666666667 0.13056379821958458
0 0.5641666666666667 0.5400593471810089 0.05333333333333334 0.13649851632047477
0 0.6616666666666666 0.5548961424332344 0.06333333333333334 0.11869436201780416
0 0.7133333333333334 0.5637982195845698 0.045 0.11869436201780416
0 0.105 0.5652818991097923 0.055 0.1572700296735905
0 0.7616666666666667 0.5786350148367952 0.04833333333333333 0.12166172106824925
0 0.8058333333333333 0.5830860534124629 0.04 0.12166172106824925
0 0.1675 0.5875370919881305 0.06333333333333334 0.1572700296735905
0 0.23333333333333334 0.5934718100890207 0.06333333333333334 0.14836795252225518
0 0.2991666666666667 0.6053412462908012 0.05333333333333334 0.14836795252225518
0 0.6183333333333333 0.6097922848664689 0.043333333333333335 0.10979228486646884
0 0.3591666666666667 0.615727002967359 0.056666666666666664 0.14540059347181009
0 0.04583333333333333 0.6216617210682492 0.058333333333333334 0.13649851632047477
0 0.4141666666666667 0.6261127596439169 0.05333333333333334 0.13649851632047477
0 0.9608333333333333 0.6261127596439169 0.051666666666666666 0.142433234421365
0 0.4683333333333333 0.6409495548961425 0.055 0.14836795252225518
0 0.885 0.6483679525222552 0.056666666666666664 0.11572700296735905
0 0.9291666666666667 0.6528189910979229 0.041666666666666664 0.10385756676557864
0 0.5258333333333334 0.6528189910979229 0.04833333333333333 0.13056379821958458
0 0.575 0.6735905044510386 0.04666666666666667 0.13056379821958458
0 0.67 0.6810089020771514 0.055 0.12759643916913946
0 0.7233333333333334 0.6884272997032641 0.04666666666666667 0.11869436201780416
0 0.7708333333333334 0.7032640949554896 0.051666666666666666 0.11869436201780416
0 0.8175 0.7077151335311572 0.04 0.13649851632047477
0 0.10916666666666666 0.7255192878338279 0.056666666666666664 0.14540059347181009
0 0.17416666666666666 0.7388724035608308 0.06 0.14540059347181009
0 0.23833333333333334 0.7418397626112759 0.06833333333333333 0.1513353115727003
0 0.04666666666666667 0.7418397626112759 0.058333333333333334 0.12462908011869436
0 0.3025 0.7566765578635015 0.06 0.13649851632047477
0 0.9016666666666666 0.7581602373887241 0.056666666666666664 0.10385756676557864
0 0.9741666666666666 0.7611275964391692 0.04833333333333333 0.12166172106824925
0 0.36333333333333334 0.7611275964391692 0.055 0.13649851632047477
0 0.9466666666666667 0.7626112759643917 0.04 0.11572700296735905
0 0.4216666666666667 0.7685459940652819 0.05333333333333334 0.13649851632047477
0 0.48 0.7848664688427299 0.056666666666666664 0.13353115727002968
0 0.5366666666666666 0.7922848664688428 0.055 0.1394658753709199
0 0.5883333333333334 0.7997032640949555 0.043333333333333335 0.11572700296735905
0 0.6341666666666667 0.8086053412462908 0.045 0.11275964391691394
0 0.6858333333333333 0.8175074183976261 0.05333333333333334 0.13056379821958458
0 0.735 0.8219584569732937 0.045 0.14540059347181009
0 0.785 0.8308605341246291 0.051666666666666666 0.12759643916913946
0 0.8325 0.841246290801187 0.04666666666666667 0.12759643916913946
0 0.8766666666666667 0.8427299703264095 0.043333333333333335 0.11275964391691394
0 0.92 0.8605341246290801 0.045 0.11572700296735905
0 0.985 0.8679525222551929 0.02666666666666667 0.09792284866468842
0 0.9591666666666666 0.8679525222551929 0.03666666666666667 0.09495548961424333