0 0.034166666666666665 0.23666666666666666 0.06666666666666667 0.11333333333333333
0 0.17166666666666666 0.29444444444444445 0.05333333333333334 0.09333333333333334
0 0.23916666666666667 0.3022222222222222 0.058333333333333334 0.09111111111111111
0 0.2875 0.3233333333333333 0.03333333333333333 0.06
0 0.028333333333333332 0.3488888888888889 0.055 0.09777777777777778
0 0.31416666666666665 0.3788888888888889 0.056666666666666664 0.08666666666666667
0 0.17083333333333334 0.39 0.06333333333333334 0.08444444444444445
0 0.37083333333333335 0.39 0.05333333333333334 0.09555555555555556
0 0.2375 0.3933333333333333 0.06 0.08888888888888889
0 0.42333333333333334 0.41444444444444445 0.04666666666666667 0.08444444444444445
0 0.4708333333333333 0.4288888888888889 0.03833333333333333 0.08222222222222222
0 0.5158333333333334 0.44 0.04 0.06888888888888889
0 0.023333333333333334 0.45666666666666667 0.04666666666666667 0.11777777777777777
0 0.31583333333333335 0.4766666666666667 0.06 0.09777777777777778
0 0.6341666666666667 0.4777777777777778 0.03 0.06666666666666667
0 0.6666666666666666 0.48333333333333334 0.035 0.06888888888888889
0 0.16916666666666666 0.48777777777777775 0.06666666666666667 0.10444444444444445
0 0.37583333333333335 0.49 0.051666666666666666 0.10222222222222223
0 0.23666666666666666 0.4911111111111111 0.056666666666666664 0.10888888888888888
0 0.7 0.4955555555555556 0.02666666666666667 0.07555555555555556
0 0.42916666666666664 0.5055555555555555 0.05 0.08888888888888889
0 0.4775 0.5133333333333333 0.043333333333333335 0.08888888888888889
0 0.5225 0.5222222222222223 0.041666666666666664 0.09555555555555556
0 0.6425 0.55 0.041666666666666664 0.07333333333333333
0 0.02 0.5566666666666666 0.03666666666666667 0.07333333333333333
0 0.6783333333333333 0.5566666666666666 0.03333333333333333 0.06888888888888889
0 0.08333333333333333 0.57 0.08333333333333333 0.08444444444444445
0 0.7125 0.5711111111111111 0.03166666666666667 0.07555555555555556
0 0.3175 0.5811111111111111 0.06 0.1
0 0.23416666666666666 0.5844444444444444 0.065 0.08222222222222222
0 0.16333333333333333 0.5855555555555556 0.07333333333333333 0.07111111111111111
0 0.38083333333333336 0.5922222222222222 0.056666666666666664 0.10222222222222223
0 0.43583333333333335 0.5966666666666667 0.055 0.09333333333333334
0 0.49083333333333334 0.6077777777777778 0.04666666666666667 0.09333333333333334
0 0.535 0.6133333333333333 0.041666666666666664 0.08888888888888889
0 0.5791666666666667 0.62 0.043333333333333335 0.09777777777777778
0 0.6591666666666667 0.6311111111111111 0.041666666666666664 0.08444444444444445
0 0.6225 0.6377777777777778 0.03 0.08222222222222222
0 0.6908333333333333 0.6377777777777778 0.03666666666666667 0.08
0 0.7233333333333334 0.6477777777777778 0.03166666666666667 0.06888888888888889