0 0.33 0.599406528189911 0.023333333333333334 0.05341246290801187
0 0.305 0.6053412462908012 0.023333333333333334 0.050445103857566766
0 0.2816666666666667 0.6112759643916914 0.021666666666666667 0.04747774480712166
0 0.3308333333333333 0.6543026706231454 0.02666666666666667 0.04747774480712166
0 0.305 0.6572700296735905 0.025 0.04747774480712166
0 0.2816666666666667 0.6646884272997032 0.025 0.04154302670623145
0 0.255 0.6661721068249258 0.025 0.05341246290801187
0 0.38333333333333336 0.6958456973293768 0.02666666666666667 0.05934718100890208
0 0.3566666666666667 0.6988130563798219 0.025 0.05341246290801187
0 0.4058333333333333 0.7062314540059347 0.018333333333333333 0.04451038575667656
0 0.33166666666666667 0.7077151335311572 0.025 0.05637982195845697
0 0.305 0.712166172106825 0.025 0.05637982195845697
0 0.2791666666666667 0.7166172106824926 0.025 0.05341246290801187
0 0.63 0.7210682492581603 0.023333333333333334 0.05637982195845697
0 0.42583333333333334 0.7210682492581603 0.018333333333333333 0.03857566765578635
0 0.25166666666666665 0.7225519287833828 0.023333333333333334 0.05341246290801187
0 0.6033333333333334 0.728486646884273 0.025 0.05934718100890208
0 0.48333333333333334 0.744807121661721 0.025 0.06528189910979229
0 0.5083333333333333 0.744807121661721 0.025 0.06231454005934718
0 0.45916666666666667 0.7522255192878339 0.023333333333333334 0.06528189910979229
0 0.38083333333333336 0.7537091988130564 0.025 0.05934718100890208
0 0.4058333333333333 0.755192878338279 0.025 0.05341246290801187
0 0.35583333333333333 0.7566765578635015 0.025 0.05341246290801187
0 0.33 0.7596439169139466 0.02666666666666667 0.05341246290801187
0 0.4266666666666667 0.7611275964391692 0.015 0.03560830860534125
0 0.30416666666666664 0.771513353115727 0.02666666666666667 0.050445103857566766
0 0.24916666666666668 0.7759643916913946 0.03 0.05341246290801187
0 0.2791666666666667 0.7759643916913946 0.025 0.05341246290801187
0 0.6333333333333333 0.7833827893175074 0.02 0.05934718100890208
0 0.6066666666666667 0.7893175074183977 0.021666666666666667 0.05934718100890208
0 0.5833333333333334 0.7952522255192879 0.021666666666666667 0.06824925816023739
0 0.5375 0.7967359050445104 0.028333333333333332 0.06231454005934718
0 0.48333333333333334 0.8115727002967359 0.025 0.06824925816023739
0 0.51 0.8115727002967359 0.025 0.06231454005934718
0 0.4058333333333333 0.8130563798219584 0.023333333333333334 0.05637982195845697
0 0.46 0.8130563798219584 0.021666666666666667 0.06231454005934718
0 0.275 0.8293768545994066 0.025 0.05637982195845697
0 0.24833333333333332 0.8338278931750742 0.028333333333333332 0.050445103857566766
0 0.635 0.8486646884272997 0.023333333333333334 0.05934718100890208
0 0.61 0.8560830860534124 0.02666666666666667 0.06231454005934718
0 0.5383333333333333 0.8560830860534124 0.02 0.04747774480712166
0 0.585 0.8605341246290801 0.025 0.06231454005934718