0 0.4599406528189911 0.34 0.11869436201780416 0.05
0 0.3486646884272997 0.5275 0.09198813056379822 0.10166666666666667
0 0.3323442136498516 0.63 0.09792284866468842 0.105
0 0.46735905044510384 0.4191666666666667 0.10089020771513353 0.09666666666666666
0 0.4495548961424332 0.5225 0.10979228486646884 0.11
0 0.4406528189910979 0.6325 0.12166172106824925 0.10833333333333334
0 0.5875370919881305 0.4066666666666667 0.12166172106824925 0.11666666666666667
0 0.655786350148368 0.31 0.10385756676557864 0.09666666666666666
0 0.7759643916913946 0.295 0.12166172106824925 0.105
0 0.7774480712166172 0.4075 0.1394658753709199 0.11166666666666666
0 0.7670623145400594 0.5208333333333334 0.12759643916913946 0.11
0 0.7700296735905044 0.6366666666666667 0.1394658753709199 0.12
0 0.6691394658753709 0.6383333333333333 0.05341246290801187 0.11333333333333333
0 0.6839762611275965 0.4166666666666667 0.04747774480712166 0.10166666666666667
0 0.6750741839762612 0.5258333333333334 0.05934718100890208 0.10833333333333334
0 0.5756676557863502 0.5216666666666666 0.12166172106824925 0.11166666666666666
0 0.5667655786350149 0.635 0.13353115727002968 0.11
0 0.9124629080118695 0.4083333333333333 0.13056379821958458 0.11166666666666666
0 0.9094955489614244 0.5241666666666667 0.1513353115727003 0.12
0 0.9124629080118695 0.6408333333333334 0.14836795252225518 0.11833333333333333
0 0.18694362017804153 0.9075 0.09495548961424333 0.12333333333333334
0 0.30415430267062316 0.9216666666666666 0.11869436201780416 0.12666666666666668
0 0.4258160237388724 0.9308333333333333 0.12759643916913946 0.13166666666666665
0 0.5652818991097923 0.9383333333333334 0.13353115727002968 0.115
0 0.7077151335311572 0.9475 0.1543026706231454 0.1
0 0.9228486646884273 0.9591666666666666 0.142433234421365 0.07833333333333334