0 0.2551928783382789 0.25083333333333335 0.06231454005934718 0.07
0 0.3367952522255193 0.25416666666666665 0.08605341246290801 0.07
0 0.41839762611275966 0.2625 0.0771513353115727 0.065
0 0.4940652818991098 0.2683333333333333 0.07418397626112759 0.06166666666666667
0 0.6305637982195845 0.27166666666666667 0.06824925816023739 0.06166666666666667
0 0.5623145400593472 0.27166666666666667 0.06528189910979229 0.058333333333333334
0 0.6973293768545994 0.27666666666666667 0.05341246290801187 0.06
0 0.23738872403560832 0.3175 0.02967359050445104 0.051666666666666666
0 0.29673590504451036 0.32 0.07418397626112759 0.051666666666666666
0 0.37388724035608306 0.3275 0.0830860534124629 0.055
0 0.44510385756676557 0.3325 0.06528189910979229 0.051666666666666666
0 0.516320474777448 0.3333333333333333 0.06528189910979229 0.05333333333333334
0 0.586053412462908 0.33666666666666667 0.06528189910979229 0.05333333333333334
0 0.6572700296735905 0.3383333333333333 0.05637982195845697 0.05
0 0.23887240356083086 0.375 0.026706231454005934 0.06166666666666667
0 0.29821958456973297 0.3775 0.08902077151335312 0.06333333333333334
0 0.37388724035608306 0.3825 0.08011869436201781 0.056666666666666664
0 0.5237388724035609 0.38666666666666666 0.0771513353115727 0.056666666666666664
0 0.4495548961424332 0.3875 0.0771513353115727 0.056666666666666664
0 0.599406528189911 0.3883333333333333 0.06528189910979229 0.05
0 0.6646884272997032 0.39166666666666666 0.06824925816023739 0.06166666666666667
0 0.23887240356083086 0.44083333333333335 0.02967359050445104 0.065
0 0.2952522255192878 0.44416666666666665 0.0830860534124629 0.06666666666666667
0 0.3768545994065282 0.44583333333333336 0.08605341246290801 0.06833333333333333
0 0.45103857566765576 0.44583333333333336 0.0712166172106825 0.06666666666666667
0 0.5252225519287834 0.44666666666666666 0.08011869436201781 0.06333333333333334
0 0.6023738872403561 0.44916666666666666 0.0712166172106825 0.06333333333333334
0 0.6735905044510386 0.45416666666666666 0.06824925816023739 0.06166666666666667
0 0.5385756676557863 0.5175 0.06824925816023739 0.04666666666666667
0 0.6112759643916914 0.5175 0.06528189910979229 0.05
0 0.6824925816023739 0.5175 0.05341246290801187 0.04666666666666667
0 0.4688427299703264 0.5183333333333333 0.06231454005934718 0.04666666666666667
0 0.25667655786350146 0.5183333333333333 0.05341246290801187 0.04833333333333333
0 0.3249258160237389 0.5191666666666667 0.05934718100890208 0.04666666666666667
0 0.4020771513353116 0.5191666666666667 0.06231454005934718 0.04833333333333333
0 0.6839762611275965 0.5675 0.07418397626112759 0.056666666666666664
0 0.47477744807121663 0.5725 0.0712166172106825 0.06
0 0.5445103857566765 0.5725 0.06824925816023739 0.06
0 0.327893175074184 0.5741666666666667 0.07418397626112759 0.06166666666666667
0 0.4065281899109792 0.5741666666666667 0.07418397626112759 0.06
0 0.258160237388724 0.5741666666666667 0.05934718100890208 0.06
0 0.6869436201780416 0.6266666666666667 0.0771513353115727 0.056666666666666664
0 0.615727002967359 0.6291666666666667 0.0771513353115727 0.055
0 0.5459940652818991 0.6308333333333334 0.06528189910979229 0.058333333333333334
0 0.4035608308605341 0.6366666666666667 0.0830860534124629 0.06
0 0.3249258160237389 0.6391666666666667 0.07418397626112759 0.06666666666666667
0 0.25667655786350146 0.6391666666666667 0.05934718100890208 0.065
0 0.258160237388724 0.7175 0.06231454005934718 0.055
0 0.6320474777448071 0.755 0.07418397626112759 0.075
0 0.5534124629080118 0.7558333333333334 0.06824925816023739 0.07166666666666667
0 0.4035608308605341 0.7625 0.07418397626112759 0.06666666666666667
0 0.486646884272997 0.7633333333333333 0.0830860534124629 0.075
0 0.3249258160237389 0.7675 0.0830860534124629 0.06833333333333333
0 0.2596439169139466 0.7775 0.06528189910979229 0.06
0 0.5623145400593472 0.82 0.0712166172106825 0.055
0 0.48516320474777447 0.8266666666666667 0.06824925816023739 0.05333333333333334
0 0.4065281899109792 0.8291666666666667 0.0771513353115727 0.06333333333333334
0 0.3293768545994065 0.835 0.07418397626112759 0.065
0 0.2551928783382789 0.8408333333333333 0.06528189910979229 0.06333333333333334