0 0.48 0.3219584569732938 0.05333333333333334 0.142433234421365
0 0.5183333333333333 0.3516320474777448 0.03666666666666667 0.142433234421365
0 0.5608333333333333 0.3827893175074184 0.04833333333333333 0.13056379821958458
0 0.5908333333333333 0.42433234421364985 0.02 0.10979228486646884
0 0.44083333333333335 0.42433234421364985 0.03166666666666667 0.13056379821958458
0 0.6525 0.4362017804154303 0.028333333333333332 0.11275964391691394
0 0.6225 0.43768545994065283 0.041666666666666664 0.10979228486646884
0 0.4816666666666667 0.4762611275964392 0.055 0.1543026706231454
0 0.68 0.4896142433234421 0.03 0.10979228486646884
0 0.5225 0.49554896142433236 0.03 0.12759643916913946
0 0.5641666666666667 0.5192878338278932 0.045 0.11869436201780416
0 0.5983333333333334 0.5311572700296736 0.03166666666666667 0.09792284866468842
0 0.6308333333333334 0.5519287833827893 0.03333333333333333 0.10979228486646884
0 0.8025 0.5578635014836796 0.13333333333333333 0.28486646884273
0 0.6558333333333334 0.5667655786350149 0.028333333333333332 0.09198813056379822
0 0.6883333333333334 0.5890207715133531 0.025 0.08902077151335312
0 0.31666666666666665 0.6839762611275965 0.08166666666666667 0.23738872403560832
0 0.39166666666666666 0.7091988130563798 0.065 0.20771513353115728
0 0.44416666666666665 0.7225519287833828 0.05 0.20178041543026706
0 0.49 0.7388724035608308 0.055 0.18694362017804153
0 0.5375 0.7507418397626113 0.04 0.17210682492581603
0 0.5775 0.7640949554896143 0.03833333333333333 0.16023738872403562
0 0.6108333333333333 0.771513353115727 0.021666666666666667 0.1543026706231454
0 0.3125 0.9035608308605341 0.08 0.18991097922848665
0 0.3883333333333333 0.9094955489614244 0.065 0.17804154302670624
0 0.445 0.9109792284866469 0.043333333333333335 0.17210682492581603
0 0.49083333333333334 0.9183976261127597 0.05 0.16023738872403562
0 0.5383333333333333 0.9198813056379822 0.04833333333333333 0.1543026706231454
0 0.5791666666666667 0.9228486646884273 0.03333333333333333 0.14836795252225518
0 0.6108333333333333 0.9213649851632048 0.025 0.1513353115727003
0 0.4175 0.1172106824925816 0.06166666666666667 0.16913946587537093
0 0.47583333333333333 0.17507418397626112 0.041666666666666664 0.14836795252225518
0 0.5175 0.2062314540059347 0.03 0.13649851632047477
0 0.5575 0.22106824925816024 0.05 0.1513353115727003
0 0.44 0.28338278931750743 0.03166666666666667 0.16023738872403562