0 0.6125 0.314540059347181 0.075 0.22255192878338279
0 0.6875 0.34124629080118696 0.09333333333333334 0.2166172106824926
0 0.7691666666666667 0.3649851632047478 0.08833333333333333 0.21068249258160238
0 0.8416666666666667 0.3798219584569733 0.08666666666666667 0.18991097922848665
0 0.060833333333333336 0.4258160237388724 0.12166666666666667 0.3115727002967359
0 0.1925 0.4629080118694362 0.12666666666666668 0.3115727002967359
0 0.3175 0.4970326409495549 0.11 0.26112759643916916
0 0.43083333333333335 0.5192878338278932 0.11 0.2551928783382789
0 0.5316666666666666 0.5207715133531158 0.11166666666666666 0.27002967359050445
0 0.6241666666666666 0.5504451038575667 0.1 0.2344213649851632
0 0.7066666666666667 0.5727002967359051 0.09 0.23738872403560832
0 0.7833333333333333 0.5816023738872403 0.105 0.22551928783382788
0 0.8625 0.5875370919881305 0.09666666666666666 0.22255192878338279
0 0.051666666666666666 0.7655786350148368 0.10333333333333333 0.34718100890207715
0 0.18083333333333335 0.7670623145400594 0.13166666666666665 0.3026706231454006
0 0.315 0.7700296735905044 0.12 0.2997032640949555
0 0.4325 0.7818991097922848 0.10666666666666667 0.28486646884273
0 0.5441666666666667 0.7893175074183977 0.105 0.2789317507418398
0 0.6408333333333334 0.7967359050445104 0.08833333333333333 0.27002967359050445
0 0.7258333333333333 0.8041543026706232 0.08333333333333333 0.24629080118694363
0 0.8133333333333334 0.8100890207715133 0.09833333333333333 0.2403560830860534
0 0.8958333333333334 0.8130563798219584 0.10166666666666667 0.2433234421364985
0 0.06833333333333333 0.142433234421365 0.13 0.28486646884273
0 0.19833333333333333 0.18100890207715134 0.11666666666666667 0.29376854599406527
0 0.31666666666666665 0.21810089020771514 0.11166666666666666 0.27299703264094954
0 0.4241666666666667 0.2596439169139466 0.09 0.24629080118694363
0 0.525 0.27596439169139464 0.1 0.24925816023738873