0 0.7091666666666666 0.5207715133531158 0.055 0.1661721068249258
0 0.6466666666666666 0.5296735905044511 0.07333333333333333 0.1632047477744807
0 0.5866666666666667 0.5370919881305638 0.04833333333333333 0.17210682492581603
0 0.355 0.5578635014836796 0.08333333333333333 0.20474777448071216
0 0.5225 0.5578635014836796 0.08 0.20474777448071216
0 0.44083333333333335 0.5608308605341247 0.07833333333333334 0.19584569732937684
0 0.25916666666666666 0.5667655786350149 0.10333333333333333 0.2314540059347181
0 0.7008333333333333 0.6839762611275965 0.065 0.17804154302670624
0 0.6366666666666667 0.7062314540059347 0.07 0.19287833827893175
0 0.5791666666666667 0.7181008902077152 0.06166666666666667 0.18991097922848665
0 0.5108333333333334 0.7462908011869436 0.075 0.19881305637982197
0 0.43333333333333335 0.7492581602373887 0.07333333333333333 0.19881305637982197
0 0.3525 0.7626112759643917 0.08666666666666667 0.22255192878338279
0 0.25333333333333335 0.7893175074183977 0.1 0.2344213649851632
0 0.7 0.9213649851632048 0.08333333333333333 0.1513353115727003
0 0.63 0.9332344213649851 0.08 0.13056379821958458
0 0.7433333333333333 0.9525222551928784 0.028333333333333332 0.08902077151335312
0 0.5575 0.9614243323442137 0.075 0.0712166172106825
0 0.26166666666666666 0.2774480712166172 0.10166666666666667 0.27002967359050445
0 0.3675 0.28041543026706234 0.09666666666666666 0.26112759643916916