0 0.7848664688427299 0.22083333333333333 0.11869436201780416 0.09166666666666666
0 0.6646884272997032 0.22833333333333333 0.10682492581602374 0.09333333333333334
0 0.5563798219584569 0.2325 0.10385756676557864 0.09166666666666666
0 0.4465875370919881 0.23416666666666666 0.10682492581602374 0.08833333333333333
0 0.23293768545994065 0.235 0.10682492581602374 0.08666666666666667
0 0.33827893175074186 0.23583333333333334 0.11572700296735905 0.08833333333333333
0 0.8991097922848664 0.23666666666666666 0.09495548961424333 0.08166666666666667
0 0.9495548961424333 0.30833333333333335 0.07418397626112759 0.08166666666666667
0 0.7774480712166172 0.31 0.10979228486646884 0.09166666666666666
0 0.6646884272997032 0.31333333333333335 0.10385756676557864 0.085
0 0.5548961424332344 0.31666666666666665 0.10682492581602374 0.08
0 0.22551928783382788 0.31833333333333336 0.10979228486646884 0.08166666666666667
0 0.887240356083086 0.31916666666666665 0.09792284866468842 0.085
0 0.3353115727002967 0.32 0.11275964391691394 0.08666666666666667
0 0.44510385756676557 0.32 0.10979228486646884 0.085
0 0.9465875370919882 0.3958333333333333 0.06528189910979229 0.07833333333333334
0 0.5459940652818991 0.3958333333333333 0.10682492581602374 0.08
0 0.7744807121661721 0.3958333333333333 0.10682492581602374 0.085
0 0.228486646884273 0.3975 0.10682492581602374 0.07666666666666666
0 0.6646884272997032 0.39916666666666667 0.10979228486646884 0.08166666666666667
0 0.870919881305638 0.4 0.09792284866468842 0.06833333333333333
0 0.4406528189910979 0.4008333333333333 0.10089020771513353 0.07333333333333333
0 0.3367952522255193 0.40166666666666667 0.10682492581602374 0.075
0 0.12462908011869436 0.5125 0.10682492581602374 0.1
0 0.3590504451038576 0.515 0.11869436201780416 0.10166666666666667
0 0.2403560830860534 0.515 0.12166172106824925 0.10166666666666667
0 0.4821958456973294 0.5175 0.11572700296735905 0.09833333333333333
0 0.6068249258160238 0.52 0.12759643916913946 0.09333333333333334
0 0.7373887240356083 0.52 0.13056379821958458 0.09833333333333333
0 0.8724035608308606 0.5225 0.12759643916913946 0.10333333333333333
0 0.9718100890207715 0.525 0.050445103857566766 0.1
0 0.11572700296735905 0.61 0.10979228486646884 0.095
0 0.23590504451038577 0.615 0.11572700296735905 0.09666666666666666
0 0.3545994065281899 0.6166666666666667 0.11869436201780416 0.10333333333333333
0 0.4792284866468843 0.6175 0.11869436201780416 0.10166666666666667
0 0.599406528189911 0.6191666666666666 0.11869436201780416 0.10333333333333333
0 0.7314540059347181 0.6233333333333333 0.12759643916913946 0.10333333333333333
0 0.870919881305638 0.625 0.13056379821958458 0.10166666666666667
0 0.9673590504451038 0.6275 0.05934718100890208 0.11
0 0.38130563798219586 0.745 0.11572700296735905 0.105
0 0.5 0.7508333333333334 0.11869436201780416 0.10666666666666667
0 0.6275964391691394 0.7558333333333334 0.12462908011869436 0.11
0 0.7596439169139466 0.7575 0.12759643916913946 0.105
0 0.8976261127596439 0.7691666666666667 0.142433234421365 0.09833333333333333
0 0.3827893175074184 0.8533333333333334 0.11275964391691394 0.1
0 0.5089020771513353 0.8541666666666666 0.12166172106824925 0.09666666666666666
0 0.7596439169139466 0.8658333333333333 0.11869436201780416 0.11
0 0.6246290801186943 0.8666666666666667 0.13353115727002968 0.10833333333333334
0 0.8902077151335311 0.8733333333333333 0.142433234421365 0.11