0 0.565 0.276 0.03666666666666667 0.09333333333333334
0 0.61 0.2786666666666667 0.045 0.09866666666666667
0 0.6558333333333334 0.28 0.045 0.09066666666666667
0 0.7033333333333334 0.284 0.043333333333333335 0.09333333333333334
0 0.7491666666666666 0.288 0.04833333333333333 0.09066666666666667
0 0.7925 0.3 0.04 0.09066666666666667
0 0.9308333333333333 0.30266666666666664 0.06166666666666667 0.09066666666666667
0 0.9825 0.30533333333333335 0.03333333333333333 0.08
0 0.2625 0.324 0.05333333333333334 0.10666666666666667
0 0.31416666666666665 0.328 0.04666666666666667 0.104
0 0.36583333333333334 0.3333333333333333 0.05333333333333334 0.09866666666666667
0 0.4191666666666667 0.33866666666666667 0.04666666666666667 0.10666666666666667
0 0.4683333333333333 0.3426666666666667 0.04833333333333333 0.104
0 0.5166666666666667 0.35333333333333333 0.04833333333333333 0.09333333333333334
0 0.565 0.37333333333333335 0.045 0.08266666666666667
0 0.6125 0.376 0.043333333333333335 0.08266666666666667
0 0.6591666666666667 0.376 0.04666666666666667 0.088
0 0.7041666666666667 0.38 0.045 0.08533333333333333
0 0.7533333333333333 0.384 0.04666666666666667 0.088
0 0.7991666666666667 0.392 0.045 0.08533333333333333
0 0.8916666666666667 0.396 0.06666666666666667 0.09866666666666667
0 0.9491666666666667 0.4 0.06166666666666667 0.104
0 0.9858333333333333 0.404 0.025 0.09866666666666667
0 0.25416666666666665 0.4186666666666667 0.051666666666666666 0.072
0 0.31 0.424 0.051666666666666666 0.08266666666666667
0 0.3641666666666667 0.432 0.05 0.08533333333333333
0 0.4166666666666667 0.432 0.051666666666666666 0.08
0 0.4691666666666667 0.43866666666666665 0.05 0.08266666666666667
0 0.5175 0.444 0.05 0.08266666666666667
0 0.5683333333333334 0.448 0.045 0.06933333333333333
0 0.615 0.456 0.04833333333333333 0.06666666666666667
0 0.6608333333333334 0.4573333333333333 0.041666666666666664 0.06666666666666667
0 0.7058333333333333 0.464 0.04833333333333333 0.072
0 0.7575 0.4693333333333333 0.05 0.06933333333333333
0 0.8008333333333333 0.47333333333333333 0.045 0.08
0 0.96 0.488 0.051666666666666666 0.07466666666666667
0 0.9908333333333333 0.488 0.015 0.06933333333333333
0 0.9016666666666666 0.496 0.06833333333333333 0.09066666666666667
0 0.22416666666666665 0.5746666666666667 0.06166666666666667 0.144
0 0.2866666666666667 0.5786666666666667 0.055 0.14666666666666667
0 0.39916666666666667 0.584 0.051666666666666666 0.12266666666666666
0 0.3466666666666667 0.588 0.05333333333333334 0.136
0 0.5066666666666667 0.5906666666666667 0.045 0.11733333333333333
0 0.6575 0.5986666666666667 0.051666666666666666 0.11733333333333333
0 0.735 0.6293333333333333 0.06166666666666667 0.09866666666666667
0 0.7833333333333333 0.6306666666666667 0.04833333333333333 0.104
0 0.9533333333333334 0.6306666666666667 0.051666666666666666 0.072
0 0.8825 0.6333333333333333 0.051666666666666666 0.07466666666666667
0 0.9158333333333334 0.636 0.03666666666666667 0.07466666666666667
0 0.8358333333333333 0.6373333333333333 0.051666666666666666 0.08266666666666667
0 0.4525 0.704 0.055 0.128
0 0.9641666666666666 0.7053333333333334 0.043333333333333335 0.09066666666666667
0 0.3958333333333333 0.7066666666666667 0.055 0.12266666666666666
0 0.505 0.7066666666666667 0.056666666666666664 0.11733333333333333
0 0.6133333333333333 0.708 0.04666666666666667 0.11733333333333333
0 0.5608333333333333 0.7093333333333334 0.04666666666666667 0.10666666666666667
0 0.2175 0.7106666666666667 0.056666666666666664 0.13066666666666665
0 0.9291666666666667 0.712 0.03166666666666667 0.06933333333333333
0 0.2783333333333333 0.7133333333333334 0.056666666666666664 0.128
0 0.6641666666666667 0.7173333333333334 0.05333333333333334 0.11466666666666667
0 0.3375 0.7186666666666667 0.05333333333333334 0.13333333333333333
0 0.8891666666666667 0.7266666666666667 0.05333333333333334 0.11466666666666667
0 0.7425 0.7293333333333333 0.05333333333333334 0.09066666666666667
0 0.8425 0.732 0.05333333333333334 0.10933333333333334
0 0.7908333333333334 0.7346666666666667 0.055 0.09333333333333334
0 0.9341666666666667 0.7826666666666666 0.03666666666666667 0.064
0 0.8983333333333333 0.8106666666666666 0.045 0.058666666666666666
0 0.85 0.82 0.05333333333333334 0.06933333333333333
0 0.5625 0.8293333333333334 0.05 0.12266666666666666
0 0.615 0.8293333333333334 0.051666666666666666 0.11733333333333333
0 0.39416666666666667 0.8333333333333334 0.05333333333333334 0.11733333333333333
0 0.4508333333333333 0.8333333333333334 0.055 0.112
0 0.5066666666666667 0.8333333333333334 0.056666666666666664 0.12266666666666666
0 0.6691666666666667 0.8333333333333334 0.05 0.11733333333333333
0 0.2708333333333333 0.836 0.058333333333333334 0.11733333333333333
0 0.335 0.836 0.058333333333333334 0.11733333333333333
0 0.21 0.8373333333333334 0.06166666666666667 0.12
0 0.8008333333333333 0.84 0.04833333333333333 0.112
0 0.7475 0.8453333333333334 0.06 0.12266666666666666
0 0.7166666666666667 0.852 0.04 0.07466666666666667
0 0.3958333333333333 0.956 0.06833333333333333 0.08266666666666667
0 0.26166666666666666 0.9573333333333334 0.06333333333333334 0.08
0 0.3283333333333333 0.9573333333333334 0.06333333333333334 0.08
0 0.4583333333333333 0.9586666666666667 0.051666666666666666 0.07733333333333334
0 0.6325 0.9586666666666667 0.055 0.07733333333333334
0 0.2 0.96 0.058333333333333334 0.07466666666666667
0 0.5141666666666667 0.9586666666666667 0.055 0.07733333333333334
0 0.575 0.9586666666666667 0.06 0.07733333333333334
0 0.26666666666666666 0.22133333333333333 0.051666666666666666 0.09333333333333334
0 0.32166666666666666 0.232 0.05 0.096
0 0.37333333333333335 0.23333333333333334 0.04666666666666667 0.088
0 0.42333333333333334 0.24133333333333334 0.04666666666666667 0.10666666666666667
0 0.4691666666666667 0.24666666666666667 0.04666666666666667 0.09066666666666667
0 0.5191666666666667 0.25866666666666666 0.043333333333333335 0.09333333333333334