0 0.3458333333333333 0.2693333333333333 0.056666666666666664 0.112
0 0.4033333333333333 0.2826666666666667 0.055 0.11466666666666667
0 0.45916666666666667 0.29733333333333334 0.05333333333333334 0.10933333333333334
0 0.5133333333333333 0.30666666666666664 0.05 0.104
0 0.5641666666666667 0.31466666666666665 0.04666666666666667 0.10933333333333334
0 0.6133333333333333 0.32666666666666666 0.04833333333333333 0.11466666666666667
0 0.6625 0.332 0.04666666666666667 0.10133333333333333
0 0.7141666666666666 0.3426666666666667 0.055 0.104
0 0.76 0.344 0.055 0.09333333333333334
0 0.8033333333333333 0.348 0.04666666666666667 0.09066666666666667
0 0.8958333333333334 0.3586666666666667 0.075 0.10933333333333334
0 0.2125 0.36 0.06166666666666667 0.096
0 0.9541666666666667 0.36533333333333334 0.065 0.10666666666666667
0 0.28 0.372 0.058333333333333334 0.09066666666666667
0 0.3425 0.38 0.056666666666666664 0.09066666666666667
0 0.4025 0.38266666666666665 0.056666666666666664 0.08
0 0.4583333333333333 0.39466666666666667 0.055 0.08266666666666667
0 0.515 0.4 0.05333333333333334 0.08533333333333333
0 0.5675 0.408 0.04833333333333333 0.06666666666666667
0 0.62 0.416 0.05 0.06933333333333333
0 0.6675 0.42 0.051666666666666666 0.06933333333333333
0 0.7175 0.4266666666666667 0.05333333333333334 0.07733333333333334
0 0.7691666666666667 0.4266666666666667 0.056666666666666664 0.08
0 0.8133333333333334 0.432 0.045 0.07733333333333334
0 0.9091666666666667 0.4493333333333333 0.07333333333333333 0.07733333333333334
0 0.9683333333333334 0.4533333333333333 0.05 0.08266666666666667
0 0.1825 0.5466666666666666 0.065 0.16
0 0.2525 0.548 0.06833333333333333 0.14666666666666667
0 0.3875 0.5573333333333333 0.058333333333333334 0.12266666666666666
0 0.4525 0.56 0.06 0.12533333333333332
0 0.5141666666666667 0.568 0.058333333333333334 0.10933333333333334
0 0.5741666666666667 0.5693333333333334 0.051666666666666666 0.13066666666666665
0 0.8016666666666666 0.608 0.051666666666666666 0.10666666666666667
0 0.9283333333333333 0.6093333333333333 0.03666666666666667 0.08533333333333333
0 0.9633333333333334 0.6093333333333333 0.043333333333333335 0.07733333333333334
0 0.8933333333333333 0.6146666666666667 0.045 0.088
0 0.8516666666666667 0.6173333333333333 0.051666666666666666 0.10133333333333333
0 0.9733333333333334 0.6866666666666666 0.03666666666666667 0.06666666666666667
0 0.9383333333333334 0.6906666666666667 0.04 0.07466666666666667
0 0.17333333333333334 0.692 0.07 0.14933333333333335
0 0.24666666666666667 0.6946666666666667 0.07333333333333333 0.14666666666666667
0 0.5166666666666667 0.6946666666666667 0.06 0.12533333333333332
0 0.3858333333333333 0.696 0.06166666666666667 0.128
0 0.5791666666666667 0.7 0.058333333333333334 0.14133333333333334
0 0.4525 0.7013333333333334 0.06 0.13333333333333333
0 0.3175 0.7093333333333334 0.058333333333333334 0.11466666666666667
0 0.9066666666666666 0.7186666666666667 0.05 0.11733333333333333
0 0.8125 0.7226666666666667 0.05333333333333334 0.12266666666666666
0 0.865 0.7226666666666667 0.055 0.11466666666666667
0 0.76 0.7373333333333333 0.06333333333333334 0.10666666666666667
0 0.9791666666666666 0.7693333333333333 0.035 0.07733333333333334
0 0.9466666666666667 0.7706666666666667 0.035 0.08266666666666667
0 0.9175 0.8133333333333334 0.04833333333333333 0.06666666666666667
0 0.8716666666666667 0.8146666666666667 0.05 0.07733333333333334
0 0.6466666666666666 0.8333333333333334 0.058333333333333334 0.14666666666666667
0 0.5866666666666667 0.836 0.06 0.12533333333333332
0 0.5191666666666667 0.8386666666666667 0.065 0.13333333333333333
0 0.4525 0.8426666666666667 0.06333333333333334 0.136
0 0.8191666666666667 0.844 0.058333333333333334 0.12
0 0.38416666666666666 0.844 0.06333333333333334 0.14666666666666667
0 0.2425 0.8453333333333334 0.07333333333333333 0.15733333333333333
0 0.315 0.8453333333333334 0.058333333333333334 0.14666666666666667
0 0.7691666666666667 0.848 0.051666666666666666 0.11733333333333333
0 0.16666666666666666 0.848 0.07333333333333333 0.16533333333333333
0 0.7416666666666667 0.8573333333333333 0.04666666666666667 0.10133333333333333
0 0.6533333333333333 0.964 0.056666666666666664 0.06666666666666667
0 0.5241666666666667 0.968 0.06166666666666667 0.058666666666666666
0 0.5891666666666666 0.9706666666666667 0.058333333333333334 0.056
0 0.4583333333333333 0.972 0.056666666666666664 0.050666666666666665
0 0.38916666666666666 0.9746666666666667 0.065 0.048
0 0.31083333333333335 0.9746666666666667 0.06833333333333333 0.04533333333333334
0 0.22583333333333333 0.13466666666666666 0.056666666666666664 0.112
0 0.2891666666666667 0.148 0.056666666666666664 0.10933333333333334
0 0.3466666666666667 0.16266666666666665 0.055 0.112
0 0.4025 0.17466666666666666 0.051666666666666666 0.10933333333333334
0 0.45666666666666667 0.18666666666666668 0.05333333333333334 0.104
0 0.5108333333333334 0.2 0.04833333333333333 0.104
0 0.56 0.20933333333333334 0.04833333333333333 0.096
0 0.6091666666666666 0.22 0.04666666666666667 0.09066666666666667
0 0.6575 0.22533333333333333 0.041666666666666664 0.09066666666666667
0 0.7041666666666667 0.23333333333333334 0.045 0.09333333333333334
0 0.7508333333333334 0.23866666666666667 0.04833333333333333 0.10133333333333333
0 0.22 0.248 0.06166666666666667 0.112
0 0.7958333333333333 0.25066666666666665 0.041666666666666664 0.09333333333333334
0 0.28583333333333333 0.26266666666666666 0.058333333333333334 0.10933333333333334
0 0.98 0.264 0.03666666666666667 0.08533333333333333
0 0.935 0.2653333333333333 0.05333333333333334 0.09333333333333334