0 0.7475 0.31008902077151335 0.065 0.142433234421365
0 0.68 0.31305637982195844 0.06333333333333334 0.1394658753709199
0 0.6183333333333333 0.3189910979228487 0.058333333333333334 0.1394658753709199
0 0.5591666666666667 0.3219584569732938 0.06 0.13353115727002968
0 0.495 0.3293768545994065 0.06166666666666667 0.13353115727002968
0 0.44166666666666665 0.33086053412462907 0.05 0.1394658753709199
0 0.2125 0.33382789317507416 0.058333333333333334 0.142433234421365
0 0.38416666666666666 0.33382789317507416 0.058333333333333334 0.142433234421365
0 0.2725 0.3397626112759644 0.058333333333333334 0.13649851632047477
0 0.3283333333333333 0.3397626112759644 0.06 0.1394658753709199
0 0.755 0.45548961424332346 0.07833333333333334 0.16023738872403562
0 0.6808333333333333 0.4629080118694362 0.06 0.1572700296735905
0 0.6166666666666667 0.46439169139465875 0.06666666666666667 0.1513353115727003
0 0.4375 0.46735905044510384 0.058333333333333334 0.13649851632047477
0 0.5558333333333333 0.4688427299703264 0.055 0.14540059347181009
0 0.49583333333333335 0.47032640949554894 0.06 0.142433234421365
0 0.38083333333333336 0.47477744807121663 0.065 0.13353115727002968
0 0.32 0.4762611275964392 0.06166666666666667 0.13649851632047477
0 0.2658333333333333 0.47774480712166173 0.06166666666666667 0.13353115727002968
0 0.2075 0.4807121661721068 0.05333333333333334 0.12462908011869436
0 0.8916666666666667 0.5014836795252225 0.06666666666666667 0.11275964391691394
0 0.9508333333333333 0.5059347181008902 0.04833333333333333 0.11869436201780416
0 0.8991666666666667 0.6201780415430267 0.058333333333333334 0.11275964391691394
0 0.9575 0.6231454005934718 0.056666666666666664 0.10385756676557864
0 0.41333333333333333 0.685459940652819 0.058333333333333334 0.1543026706231454
0 0.2325 0.6869436201780416 0.06166666666666667 0.1661721068249258
0 0.3516666666666667 0.6869436201780416 0.06666666666666667 0.1543026706231454
0 0.2916666666666667 0.6884272997032641 0.065 0.1572700296735905
0 0.5241666666666667 0.6884272997032641 0.07166666666666667 0.1632047477744807
0 0.59 0.6884272997032641 0.065 0.16023738872403562
0 0.7908333333333334 0.6884272997032641 0.06833333333333333 0.1632047477744807
0 0.6533333333333333 0.6899109792284867 0.065 0.16023738872403562
0 0.7208333333333333 0.6899109792284867 0.075 0.17210682492581603
0 0.175 0.701780415430267 0.05333333333333334 0.1632047477744807
0 0.9016666666666666 0.728486646884273 0.06166666666666667 0.11275964391691394
0 0.9625 0.728486646884273 0.058333333333333334 0.10385756676557864
0 0.46416666666666667 0.7373887240356083 0.05 0.13353115727002968
0 0.41 0.844213649851632 0.06 0.1661721068249258
0 0.3458333333333333 0.8456973293768546 0.065 0.1661721068249258
0 0.2866666666666667 0.8471810089020771 0.05333333333333334 0.1513353115727003
0 0.225 0.8516320474777448 0.06166666666666667 0.1513353115727003
0 0.59 0.8516320474777448 0.06666666666666667 0.1661721068249258
0 0.16333333333333333 0.8516320474777448 0.056666666666666664 0.142433234421365
0 0.5225 0.8560830860534124 0.06666666666666667 0.1572700296735905
0 0.6575 0.857566765578635 0.07166666666666667 0.1661721068249258
0 0.725 0.857566765578635 0.07666666666666666 0.1543026706231454
0 0.465 0.8724035608308606 0.055 0.142433234421365