0 0.6191666666666666 0.03115727002967359 0.04 0.06231454005934718
0 0.4275 0.31008902077151335 0.043333333333333335 0.1572700296735905
0 0.4666666666666667 0.327893175074184 0.045 0.1394658753709199
0 0.0125 0.3353115727002967 0.025 0.19584569732937684
0 0.5125 0.3486646884272997 0.043333333333333335 0.13353115727002968
0 0.0775 0.35756676557863504 0.08333333333333333 0.19584569732937684
0 0.5525 0.3664688427299703 0.045 0.11869436201780416
0 0.5966666666666667 0.3724035608308605 0.045 0.12166172106824925
0 0.16166666666666665 0.38724035608308605 0.07166666666666667 0.17210682492581603
0 0.635 0.3887240356083086 0.03666666666666667 0.11572700296735905
0 0.665 0.4035608308605341 0.045 0.11869436201780416
0 0.7016666666666667 0.4094955489614243 0.041666666666666664 0.10089020771513353
0 0.22 0.04154302670623145 0.07 0.0830860534124629
0 0.24166666666666667 0.41543026706231456 0.07333333333333333 0.17804154302670624
0 0.7341666666666666 0.41543026706231456 0.03666666666666667 0.11275964391691394
0 0.31 0.4332344213649852 0.06333333333333334 0.1632047477744807
0 0.37583333333333335 0.44807121661721067 0.07333333333333333 0.1543026706231454
0 0.4216666666666667 0.456973293768546 0.03333333333333333 0.14836795252225518
0 0.4691666666666667 0.4732937685459941 0.04833333333333333 0.12462908011869436
0 0.655 0.04747774480712166 0.035 0.09495548961424333
0 0.5183333333333333 0.4896142433234421 0.056666666666666664 0.12462908011869436
0 0.5625 0.4970326409495549 0.051666666666666666 0.12462908011869436
0 0.5025 0.050445103857566766 0.05 0.10089020771513353
0 0.6866666666666666 0.050445103857566766 0.028333333333333332 0.10089020771513353
0 0.605 0.5089020771513353 0.04833333333333333 0.11869436201780416
0 0.6408333333333334 0.5178041543026706 0.041666666666666664 0.10979228486646884
0 0.71 0.5237388724035609 0.03333333333333333 0.11869436201780416
0 0.6725 0.526706231454006 0.04 0.12462908011869436
0 0.74 0.5281899109792285 0.028333333333333332 0.11572700296735905
0 0.77 0.5341246290801187 0.028333333333333332 0.11275964391691394
0 0.29 0.06083086053412463 0.06833333333333333 0.12166172106824925
0 0.5466666666666666 0.06528189910979229 0.04833333333333333 0.13056379821958458
0 0.7158333333333333 0.06528189910979229 0.028333333333333332 0.11572700296735905
0 0.44 0.6646884272997032 0.075 0.1543026706231454
0 0.58 0.6661721068249258 0.041666666666666664 0.13056379821958458
0 0.495 0.6676557863501483 0.045 0.142433234421365
0 0.5391666666666667 0.6676557863501483 0.05 0.13649851632047477
0 0.62 0.6676557863501483 0.05 0.13056379821958458
0 0.67 0.6706231454005934 0.04833333333333333 0.11869436201780416
0 0.7383333333333333 0.6706231454005934 0.03833333333333333 0.11275964391691394
0 0.7058333333333333 0.672106824925816 0.03666666666666667 0.11869436201780416
0 0.030833333333333334 0.6735905044510386 0.06166666666666667 0.20178041543026706
0 0.20416666666666666 0.6839762611275965 0.08333333333333333 0.1661721068249258
0 0.10666666666666667 0.6839762611275965 0.09833333333333333 0.19584569732937684
0 0.38166666666666665 0.6869436201780416 0.06833333333333333 0.1513353115727003
0 0.2825 0.6869436201780416 0.08 0.1661721068249258
0 0.3541666666666667 0.07418397626112759 0.056666666666666664 0.14836795252225518
0 0.585 0.7863501483679525 0.03666666666666667 0.08902077151335312
0 0.5391666666666667 0.7922848664688428 0.04666666666666667 0.10682492581602374
0 0.71 0.7952522255192879 0.03833333333333333 0.11869436201780416
0 0.44 0.798219584569733 0.065 0.10385756676557864
0 0.6741666666666667 0.798219584569733 0.041666666666666664 0.11869436201780416
0 0.7441666666666666 0.798219584569733 0.03666666666666667 0.11869436201780416
0 0.37666666666666665 0.8160237388724035 0.06333333333333334 0.09198813056379822
0 0.2825 0.8590504451038575 0.08 0.16913946587537093
0 0.2025 0.8590504451038575 0.085 0.17210682492581603
0 0.5858333333333333 0.08605341246290801 0.03166666666666667 0.13056379821958458
0 0.10583333333333333 0.870919881305638 0.09666666666666666 0.18694362017804153
0 0.03166666666666667 0.8798219584569733 0.06333333333333334 0.19584569732937684
0 0.8 0.956973293768546 0.03 0.08011869436201781
0 0.7758333333333334 0.956973293768546 0.028333333333333332 0.08011869436201781
0 0.7483333333333333 0.9599406528189911 0.03666666666666667 0.07418397626112759
0 0.5991666666666666 0.9614243323442137 0.041666666666666664 0.0712166172106825
0 0.715 0.9643916913946587 0.03666666666666667 0.06528189910979229
0 0.5566666666666666 0.9673590504451038 0.06 0.05934718100890208
0 0.6825 0.9673590504451038 0.035 0.05934718100890208
0 0.6408333333333334 0.9688427299703264 0.045 0.05637982195845697
0 0.4075 0.10979228486646884 0.051666666666666666 0.14836795252225518
0 0.6241666666666666 0.11572700296735905 0.041666666666666664 0.13056379821958458
0 0.023333333333333334 0.13353115727002968 0.043333333333333335 0.21068249258160238
0 0.46 0.13501483679525222 0.05 0.142433234421365
0 0.6566666666666666 0.142433234421365 0.035 0.12166172106824925
0 0.69 0.1572700296735905 0.035 0.12462908011869436
0 0.5041666666666667 0.1632047477744807 0.03833333333333333 0.12462908011869436
0 0.7191666666666666 0.17062314540059348 0.03 0.11869436201780416
0 0.08833333333333333 0.17210682492581603 0.075 0.20178041543026706
0 0.55 0.1884272997032641 0.043333333333333335 0.12759643916913946
0 0.16833333333333333 0.19881305637982197 0.07333333333333333 0.2195845697329377
0 0.5883333333333334 0.20474777448071216 0.03666666666666667 0.12759643916913946
0 0.625 0.22700296735905046 0.03666666666666667 0.12166172106824925
0 0.24333333333333335 0.228486646884273 0.075 0.19584569732937684
0 0.6608333333333334 0.24480712166172106 0.03666666666666667 0.11572700296735905
0 0.3125 0.2596439169139466 0.06833333333333333 0.17507418397626112
0 0.6925 0.26409495548961426 0.03333333333333333 0.10682492581602374
0 0.7233333333333334 0.2789317507418398 0.03 0.10979228486646884
0 0.37666666666666665 0.28635014836795253 0.05333333333333334 0.1632047477744807