0 0.4317507418397626 0.295 0.06231454005934718 0.07166666666666667
0 0.48813056379821956 0.3 0.04747774480712166 0.075
0 0.5341246290801187 0.30833333333333335 0.04747774480712166 0.07166666666666667
0 0.5786350148367952 0.31333333333333335 0.04154302670623145 0.06833333333333333
0 0.615727002967359 0.315 0.032640949554896145 0.06333333333333334
0 0.4317507418397626 0.37166666666666665 0.05341246290801187 0.08333333333333333
0 0.4792284866468843 0.37666666666666665 0.050445103857566766 0.07166666666666667
0 0.526706231454006 0.37666666666666665 0.050445103857566766 0.07333333333333333
0 0.5741839762611276 0.37666666666666665 0.04747774480712166 0.07
0 0.612759643916914 0.38 0.03560830860534125 0.06166666666666667
0 0.4287833827893175 0.18583333333333332 0.05341246290801187 0.07166666666666667
0 0.47181008902077154 0.19583333333333333 0.03857566765578635 0.07333333333333333
0 0.5222551928783383 0.20416666666666666 0.05637982195845697 0.07
0 0.5667655786350149 0.21666666666666667 0.04154302670623145 0.06333333333333334
0 0.4317507418397626 0.11083333333333334 0.06231454005934718 0.07833333333333334
0 0.4732937685459941 0.1225 0.03560830860534125 0.07333333333333333
0 0.5192878338278932 0.13083333333333333 0.05637982195845697 0.075
0 0.5712166172106825 0.1475 0.04451038575667656 0.065
0 0.4228486646884273 0.4775 0.05637982195845697 0.075
0 0.47774480712166173 0.47583333333333333 0.050445103857566766 0.07166666666666667
0 0.5237388724035609 0.4741666666666667 0.04451038575667656 0.07333333333333333
0 0.5608308605341247 0.47 0.03560830860534125 0.065
0 0.4228486646884273 0.5516666666666666 0.05341246290801187 0.075
0 0.47774480712166173 0.5466666666666666 0.05341246290801187 0.06833333333333333
0 0.5252225519287834 0.5408333333333334 0.03857566765578635 0.06333333333333334
0 0.5578635014836796 0.5308333333333334 0.032640949554896145 0.06166666666666667
0 0.41543026706231456 0.6483333333333333 0.08605341246290801 0.06333333333333334
0 0.48516320474777447 0.6341666666666667 0.06824925816023739 0.06333333333333334
0 0.413946587537092 0.7191666666666666 0.08902077151335312 0.07666666666666666
0 0.48516320474777447 0.7 0.06528189910979229 0.06666666666666667
0 0.6676557863501483 0.46 0.03857566765578635 0.055
0 0.7062314540059347 0.45916666666666667 0.04154302670623145 0.05333333333333334
0 0.7373887240356083 0.4583333333333333 0.026706231454005934 0.051666666666666666
0 0.7626112759643917 0.45666666666666667 0.02967359050445104 0.05
0 0.787833827893175 0.455 0.032640949554896145 0.04666666666666667
0 0.6632047477744807 0.5166666666666667 0.03857566765578635 0.051666666666666666
0 0.701780415430267 0.5116666666666667 0.03857566765578635 0.04833333333333333
0 0.7314540059347181 0.5091666666666667 0.03560830860534125 0.04666666666666667
0 0.7581602373887241 0.505 0.02373887240356083 0.04666666666666667
0 0.787833827893175 0.5033333333333333 0.03560830860534125 0.041666666666666664
0 0.543026706231454 0.6825 0.05341246290801187 0.06666666666666667
0 0.599406528189911 0.4675 0.04451038575667656 0.06333333333333334
0 0.599406528189911 0.5266666666666666 0.050445103857566766 0.05
0 0.6973293768545994 0.18583333333333332 0.017804154302670624 0.06333333333333334
0 0.7210682492581603 0.19333333333333333 0.026706231454005934 0.06
0 0.7462908011869436 0.19666666666666666 0.02373887240356083 0.056666666666666664
0 0.7744807121661721 0.2075 0.020771513353115726 0.065
0 0.7967359050445104 0.21416666666666667 0.026706231454005934 0.055
0 0.6928783382789317 0.245 0.02967359050445104 0.051666666666666666
0 0.7166172106824926 0.25 0.020771513353115726 0.04833333333333333
0 0.7433234421364985 0.25333333333333335 0.026706231454005934 0.05333333333333334
0 0.7685459940652819 0.26166666666666666 0.020771513353115726 0.04833333333333333
0 0.7893175074183977 0.26666666666666666 0.020771513353115726 0.04666666666666667
0 0.6913946587537092 0.3258333333333333 0.026706231454005934 0.056666666666666664
0 0.7210682492581603 0.32916666666666666 0.026706231454005934 0.055
0 0.6973293768545994 0.385 0.02373887240356083 0.056666666666666664
0 0.7210682492581603 0.38333333333333336 0.02373887240356083 0.055
0 0.7477744807121661 0.38416666666666666 0.02373887240356083 0.05
0 0.7522255192878339 0.33166666666666667 0.026706231454005934 0.056666666666666664
0 0.7774480712166172 0.335 0.02373887240356083 0.05333333333333334
0 0.8026706231454006 0.33916666666666667 0.02373887240356083 0.05333333333333334
0 0.7700296735905044 0.38666666666666666 0.026706231454005934 0.04833333333333333
0 0.7967359050445104 0.3883333333333333 0.026706231454005934 0.045
0 0.6097922848664689 0.22666666666666666 0.03857566765578635 0.058333333333333334
0 0.4020771513353116 0.8241666666666667 0.04451038575667656 0.05
0 0.4495548961424332 0.8075 0.05341246290801187 0.05
0 0.4020771513353116 0.8808333333333334 0.04451038575667656 0.058333333333333334
0 0.45252225519287836 0.8641666666666666 0.050445103857566766 0.06
0 0.5014836795252225 0.7875 0.04451038575667656 0.051666666666666666
0 0.4940652818991098 0.8433333333333334 0.04451038575667656 0.06
0 0.5370919881305638 0.7741666666666667 0.04154302670623145 0.051666666666666666
0 0.5712166172106825 0.7566666666666667 0.03560830860534125 0.05
0 0.5356083086053413 0.8283333333333334 0.03560830860534125 0.05333333333333334
0 0.5712166172106825 0.8108333333333333 0.03857566765578635 0.05333333333333334
0 0.6632047477744807 0.5941666666666666 0.03857566765578635 0.04666666666666667
0 0.6973293768545994 0.5866666666666667 0.03560830860534125 0.04666666666666667
0 0.6617210682492581 0.6433333333333333 0.03560830860534125 0.041666666666666664
0 0.6943620178041543 0.6341666666666667 0.04154302670623145 0.04666666666666667