0 0.4325 0.31602373887240354 0.056666666666666664 0.142433234421365
0 0.3408333333333333 0.3427299703264095 0.06666666666666667 0.1572700296735905
0 0.9566666666666667 0.413946587537092 0.08333333333333333 0.24629080118694363
0 0.7833333333333333 0.42729970326409494 0.05 0.14540059347181009
0 0.7141666666666666 0.4406528189910979 0.08833333333333333 0.20771513353115728
0 0.6325 0.44807121661721067 0.085 0.18991097922848665
0 0.5583333333333333 0.45548961424332346 0.07333333333333333 0.19584569732937684
0 0.49416666666666664 0.45845697329376855 0.07 0.17804154302670624
0 0.43666666666666665 0.4688427299703264 0.06 0.1572700296735905
0 0.38666666666666666 0.4896142433234421 0.04666666666666667 0.1572700296735905
0 0.34 0.5044510385756676 0.055 0.1632047477744807
0 0.7166666666666667 0.629080118694362 0.07666666666666666 0.17804154302670624
0 0.6391666666666667 0.6320474777448071 0.08833333333333333 0.17804154302670624
0 0.5633333333333334 0.6379821958456974 0.07 0.17507418397626112
0 0.44083333333333335 0.6439169139465876 0.058333333333333334 0.17507418397626112
0 0.4975 0.6439169139465876 0.07166666666666667 0.19287833827893175
0 0.38916666666666666 0.6528189910979229 0.051666666666666666 0.1661721068249258
0 0.9591666666666666 0.6543026706231454 0.07833333333333334 0.2344213649851632
0 0.3383333333333333 0.6572700296735905 0.056666666666666664 0.1543026706231454
0 0.7108333333333333 0.2314540059347181 0.09333333333333334 0.20178041543026706
0 0.6275 0.2596439169139466 0.07833333333333334 0.18694362017804153
0 0.7783333333333333 0.2626112759643917 0.04 0.17804154302670624
0 0.5541666666666667 0.2774480712166172 0.065 0.16913946587537093
0 0.49416666666666664 0.2952522255192878 0.06666666666666667 0.1572700296735905