0 0.5091666666666667 0.3088888888888889 0.14 0.24
0 0.6258333333333334 0.37 0.12166666666666667 0.22444444444444445
0 0.03166666666666667 0.37444444444444447 0.06333333333333334 0.23555555555555555
0 0.7108333333333333 0.4011111111111111 0.11666666666666667 0.20444444444444446
0 0.17666666666666667 0.43222222222222223 0.215 0.3
0 0.79 0.44666666666666666 0.07833333333333334 0.14888888888888888
0 0.3933333333333333 0.48444444444444446 0.17 0.3088888888888889
0 0.8533333333333334 0.5244444444444445 0.08666666666666667 0.18
0 0.9075 0.54 0.10166666666666667 0.16444444444444445
0 0.54 0.5422222222222223 0.145 0.2733333333333333
0 0.665 0.5911111111111111 0.13 0.23777777777777778
0 0.7641666666666667 0.6244444444444445 0.14 0.24444444444444444
0 0.8358333333333333 0.6511111111111111 0.08166666666666667 0.22666666666666666
0 0.8975 0.7 0.095 0.15333333333333332
0 0.9558333333333333 0.7077777777777777 0.085 0.1711111111111111
0 0.04 0.12666666666666668 0.08 0.24444444444444444
0 0.195 0.1511111111111111 0.19333333333333333 0.29777777777777775
0 0.5808333333333333 0.18444444444444444 0.145 0.18444444444444444
0 0.36916666666666664 0.21888888888888888 0.155 0.23333333333333334