0 0.8041666666666667 0.31305637982195844 0.07 0.1513353115727003
0 0.52 0.32344213649851633 0.03666666666666667 0.11275964391691394
0 0.745 0.3367952522255193 0.05333333333333334 0.1543026706231454
0 0.4841666666666667 0.33827893175074186 0.03166666666666667 0.10979228486646884
0 0.6933333333333334 0.3560830860534125 0.055 0.12759643916913946
0 0.4525 0.3620178041543027 0.028333333333333332 0.11572700296735905
0 0.6466666666666666 0.38724035608308605 0.043333333333333335 0.12166172106824925
0 0.6041666666666666 0.4035608308605341 0.051666666666666666 0.12462908011869436
0 0.56 0.4169139465875371 0.045 0.11572700296735905
0 0.5158333333333334 0.4421364985163205 0.03666666666666667 0.11572700296735905
0 0.48083333333333333 0.456973293768546 0.03166666666666667 0.11869436201780416
0 0.4525 0.47181008902077154 0.03 0.10979228486646884
0 0.7375 0.06231454005934718 0.058333333333333334 0.12462908011869436
0 0.7483333333333333 0.728486646884273 0.058333333333333334 0.17210682492581603
0 0.8883333333333333 0.728486646884273 0.08 0.19881305637982197
0 0.8166666666666667 0.7314540059347181 0.06166666666666667 0.17210682492581603
0 0.58 0.7403560830860534 0.05333333333333334 0.1572700296735905
0 0.68 0.7462908011869436 0.03166666666666667 0.1543026706231454
0 0.5391666666666667 0.7477744807121661 0.05333333333333334 0.142433234421365
0 0.6383333333333333 0.7492581602373887 0.06333333333333334 0.16913946587537093
0 0.4483333333333333 0.7507418397626113 0.045 0.13056379821958458
0 0.49083333333333334 0.7507418397626113 0.041666666666666664 0.13353115727002968
0 0.6858333333333333 0.08753709198813056 0.04833333333333333 0.13353115727002968
0 0.4891666666666667 0.8798219584569733 0.055 0.13353115727002968
0 0.44083333333333335 0.8827893175074184 0.051666666666666666 0.11869436201780416
0 0.585 0.8931750741839762 0.05333333333333334 0.1543026706231454
0 0.5358333333333334 0.8946587537091988 0.05333333333333334 0.14540059347181009
0 0.6841666666666667 0.8976261127596439 0.03666666666666667 0.14836795252225518
0 0.6366666666666667 0.9035608308605341 0.056666666666666664 0.16023738872403562
0 0.7491666666666666 0.9080118694362018 0.058333333333333334 0.16913946587537093
0 0.8175 0.9094955489614244 0.07833333333333334 0.1632047477744807
0 0.9 0.913946587537092 0.08666666666666667 0.16023738872403562
0 0.6425 0.13353115727002968 0.03833333333333333 0.1394658753709199
0 0.5991666666666666 0.16023738872403562 0.045 0.12462908011869436
0 0.8008333333333333 0.16913946587537093 0.08 0.17507418397626112
0 0.56 0.18100890207715134 0.041666666666666664 0.12759643916913946
0 0.7416666666666667 0.1884272997032641 0.05 0.1513353115727003
0 0.5225 0.2032640949554896 0.03666666666666667 0.11275964391691394
0 0.6908333333333333 0.22255192878338279 0.05 0.13649851632047477
0 0.4875 0.22403560830860533 0.028333333333333332 0.10979228486646884
0 0.4525 0.24629080118694363 0.03333333333333333 0.10979228486646884
0 0.6441666666666667 0.2626112759643917 0.04 0.1394658753709199
0 0.6033333333333334 0.28635014836795253 0.05 0.11869436201780416
0 0.5608333333333333 0.2952522255192878 0.03666666666666667 0.11869436201780416