0 0.08166666666666667 0.09940652818991098 0.14166666666666666 0.19881305637982197
0 0.19833333333333333 0.09792284866468842 0.1 0.19584569732937684
0 0.2891666666666667 0.09940652818991098 0.09166666666666666 0.19881305637982197
0 0.37 0.10089020771513353 0.08 0.20178041543026706
0 0.44083333333333335 0.10089020771513353 0.06166666666666667 0.20178041543026706
0 0.4891666666666667 0.10534124629080119 0.051666666666666666 0.21068249258160238
0 0.48833333333333334 0.31305637982195844 0.04833333333333333 0.20178041543026706
0 0.4375 0.32047477744807124 0.056666666666666664 0.21068249258160238
0 0.37166666666666665 0.3264094955489614 0.07166666666666667 0.2522255192878338
0 0.29333333333333333 0.3486646884272997 0.08666666666666667 0.2878338278931751
0 0.2 0.3590504451038576 0.10333333333333333 0.3115727002967359
0 0.0775 0.3664688427299703 0.14333333333333334 0.3560830860534125
0 0.07916666666666666 0.6943620178041543 0.135 0.3323442136498516
0 0.195 0.6661721068249258 0.11 0.2997032640949555
0 0.2941666666666667 0.6231454005934718 0.08833333333333333 0.27596439169139464
0 0.365 0.5756676557863502 0.07 0.24925816023738873
0 0.42916666666666664 0.5474777448071216 0.06333333333333334 0.228486646884273
0 0.48083333333333333 0.5311572700296736 0.045 0.21068249258160238
0 0.4791666666666667 0.7433234421364985 0.045 0.18694362017804153
0 0.4225 0.7744807121661721 0.058333333333333334 0.21068249258160238
0 0.36083333333333334 0.8234421364985163 0.065 0.24629080118694363
0 0.2925 0.8753709198813057 0.08166666666666667 0.2433234421364985
0 0.19916666666666666 0.8946587537091988 0.10333333333333333 0.19584569732937684
0 0.08 0.9213649851632048 0.13666666666666666 0.1513353115727003
0 0.5391666666666667 0.10979228486646884 0.04666666666666667 0.20771513353115728
0 0.5816666666666667 0.12314540059347182 0.04 0.19287833827893175
0 0.5341666666666667 0.31602373887240354 0.04666666666666667 0.20178041543026706
0 0.5733333333333334 0.31750741839762614 0.041666666666666664 0.18694362017804153
0 0.5283333333333333 0.5133531157270029 0.051666666666666666 0.18694362017804153
0 0.5716666666666667 0.4970326409495549 0.041666666666666664 0.17507418397626112
0 0.565 0.6750741839762612 0.04 0.17507418397626112
0 0.5241666666666667 0.7047477744807121 0.043333333333333335 0.19287833827893175
0 0.62 0.13798219584569732 0.03666666666666667 0.17804154302670624
0 0.6525 0.14688427299703263 0.03166666666666667 0.18100890207715134
0 0.6141666666666666 0.314540059347181 0.04 0.18100890207715134
0 0.6475 0.31750741839762614 0.028333333333333332 0.1632047477744807
0 0.685 0.1824925816023739 0.043333333333333335 0.1632047477744807
0 0.675 0.3367952522255193 0.035 0.14540059347181009
0 0.6083333333333333 0.48813056379821956 0.03666666666666667 0.16913946587537093
0 0.6366666666666667 0.4836795252225519 0.03 0.1661721068249258
0 0.6708333333333333 0.4807121661721068 0.041666666666666664 0.14540059347181009
0 0.6641666666666667 0.6335311572700296 0.035 0.142433234421365
0 0.6308333333333334 0.6394658753709199 0.028333333333333332 0.14836795252225518
0 0.5991666666666666 0.655786350148368 0.03666666666666667 0.1661721068249258
0 0.7675 0.1795252225519288 0.03333333333333333 0.1394658753709199
0 0.7916666666666666 0.18694362017804153 0.02666666666666667 0.142433234421365
0 0.7608333333333334 0.3219584569732938 0.025 0.13353115727002968
0 0.7816666666666666 0.32047477744807124 0.02 0.12462908011869436
0 0.7558333333333334 0.456973293768546 0.03166666666666667 0.12166172106824925
0 0.7808333333333334 0.45103857566765576 0.02666666666666667 0.11275964391691394
0 0.7508333333333334 0.5905044510385756 0.028333333333333332 0.13649851632047477
0 0.775 0.5771513353115727 0.028333333333333332 0.11869436201780416
0 0.7233333333333334 0.6053412462908012 0.025 0.12759643916913946
0 0.6966666666666667 0.6261127596439169 0.03 0.142433234421365
0 0.7283333333333334 0.47032640949554894 0.025 0.142433234421365
0 0.7041666666666667 0.4821958456973294 0.02666666666666667 0.1513353115727003
0 0.7358333333333333 0.3249258160237389 0.02666666666666667 0.14540059347181009
0 0.7075 0.3293768545994065 0.03333333333333333 0.1572700296735905
0 0.7458333333333333 0.18100890207715134 0.02 0.12759643916913946
0 0.7216666666666667 0.18100890207715134 0.03666666666666667 0.1394658753709199
0 0.8016666666666666 0.314540059347181 0.023333333333333334 0.11572700296735905
0 0.8225 0.314540059347181 0.02666666666666667 0.11869436201780416
0 0.8491666666666666 0.3219584569732938 0.03 0.11572700296735905
0 0.8325 0.19732937685459942 0.018333333333333333 0.11572700296735905
0 0.8141666666666667 0.19287833827893175 0.018333333333333333 0.13056379821958458
0 0.8008333333333333 0.4406528189910979 0.023333333333333334 0.12462908011869436
0 0.8175 0.4362017804154303 0.023333333333333334 0.11275964391691394
0 0.8425 0.443620178041543 0.02666666666666667 0.11869436201780416
0 0.7991666666666667 0.56973293768546 0.018333333333333333 0.11869436201780416
0 0.8166666666666667 0.5623145400593472 0.018333333333333333 0.10979228486646884
0 0.8358333333333333 0.5504451038575667 0.02 0.10385756676557864
0 0.775 0.04302670623145401 0.015 0.0771513353115727
0 0.7925 0.04302670623145401 0.018333333333333333 0.08605341246290801
0 0.8108333333333333 0.05341246290801187 0.016666666666666666 0.10089020771513353
0 0.83 0.057863501483679525 0.016666666666666666 0.10385756676557864
0 0.8458333333333333 0.06379821958456973 0.013333333333333334 0.10682492581602374
0 0.8608333333333333 0.06973293768545995 0.015 0.10682492581602374