0 0.7537091988130564 0.425 0.12759643916913946 0.09666666666666666
0 0.6513353115727003 0.5333333333333333 0.09792284866468842 0.09166666666666666
0 0.7685459940652819 0.5175 0.1394658753709199 0.08833333333333333
0 0.6379821958456974 0.44583333333333336 0.10682492581602374 0.08166666666666667
0 0.6364985163204748 0.3625 0.12166172106824925 0.09
0 0.0830860534124629 0.8141666666666667 0.08902077151335312 0.08666666666666667
0 0.17655786350148367 0.81 0.10979228486646884 0.095
0 0.26706231454005935 0.8041666666666667 0.0830860534124629 0.09666666666666666
0 0.47181008902077154 0.7958333333333333 0.12462908011869436 0.105
0 0.5563798219584569 0.7941666666666667 0.06528189910979229 0.11166666666666666
0 0.5712166172106825 0.905 0.06824925816023739 0.105
0 0.4762611275964392 0.905 0.142433234421365 0.10833333333333334
0 0.36350148367952523 0.9025 0.09792284866468842 0.10333333333333333
0 0.2744807121661721 0.9025 0.08605341246290801 0.09666666666666666
0 0.17655786350148367 0.905 0.09792284866468842 0.09666666666666666
0 0.08456973293768547 0.9033333333333333 0.08902077151335312 0.08666666666666667
0 0.8115727002967359 0.7783333333333333 0.12759643916913946 0.125
0 0.9362017804154302 0.7733333333333333 0.12166172106824925 0.13333333333333333
0 0.9465875370919882 0.9025 0.10089020771513353 0.12666666666666668
0 0.8397626112759644 0.9 0.14540059347181009 0.11666666666666667
0 0.5548961424332344 0.55 0.09495548961424333 0.08166666666666667
0 0.5474777448071216 0.4691666666666667 0.09495548961424333 0.08
0 0.5356083086053413 0.39 0.08902077151335312 0.08833333333333333
0 0.456973293768546 0.41083333333333333 0.08605341246290801 0.08166666666666667
0 0.3798219584569733 0.42583333333333334 0.08011869436201781 0.075
0 0.3086053412462908 0.44166666666666665 0.06824925816023739 0.07833333333333334
0 0.3115727002967359 0.5166666666666667 0.08011869436201781 0.08166666666666667
0 0.39317507418397624 0.5041666666666667 0.09198813056379822 0.08166666666666667
0 0.4629080118694362 0.4875 0.07418397626112759 0.08166666666666667
0 0.4658753709198813 0.565 0.0830860534124629 0.08
0 0.39020771513353114 0.5783333333333334 0.08011869436201781 0.07
0 0.314540059347181 0.5933333333333334 0.07418397626112759 0.07333333333333333
0 0.3590504451038576 0.7991666666666667 0.09792284866468842 0.10166666666666667
0 0.6958456973293768 0.7841666666666667 0.13353115727002968 0.12
0 0.7047477744807121 0.9016666666666666 0.12759643916913946 0.115
0 0.10534124629080119 0.4841666666666667 0.06231454005934718 0.06333333333333334
0 0.17062314540059348 0.4725 0.06824925816023739 0.07166666666666667
0 0.2403560830860534 0.4575 0.0771513353115727 0.07333333333333333
0 0.10385756676557864 0.5541666666666667 0.05637982195845697 0.07666666666666666
0 0.1661721068249258 0.5425 0.06824925816023739 0.075
0 0.23590504451038577 0.5283333333333333 0.06824925816023739 0.075
0 0.09643916913946587 0.6241666666666666 0.06231454005934718 0.07
0 0.1661721068249258 0.615 0.08011869436201781 0.07833333333333334
0 0.23887240356083086 0.6008333333333333 0.0712166172106825 0.07833333333333334