0 0.34421364985163205 0.20666666666666667 0.1394658753709199 0.11166666666666666
0 0.03857566765578635 0.215 0.0771513353115727 0.12166666666666667
0 0.1513353115727003 0.22916666666666666 0.12166172106824925 0.10166666666666667
0 0.456973293768546 0.24833333333333332 0.10979228486646884 0.10166666666666667
0 0.5563798219584569 0.2625 0.08605341246290801 0.09
0 0.7848664688427299 0.29833333333333334 0.06824925816023739 0.065
0 0.6958456973293768 0.2991666666666667 0.10682492581602374 0.08666666666666667
0 0.2655786350148368 0.30083333333333334 0.11572700296735905 0.11333333333333333
0 0.3649851632047478 0.31333333333333335 0.09792284866468842 0.10833333333333334
0 0.04451038575667656 0.3275 0.08902077151335312 0.12
0 0.14688427299703263 0.3308333333333333 0.11572700296735905 0.09666666666666666
0 0.46735905044510384 0.3416666666666667 0.10682492581602374 0.10166666666666667
0 0.5652818991097923 0.35333333333333333 0.08605341246290801 0.09333333333333334
0 0.7937685459940653 0.36333333333333334 0.0830860534124629 0.07
0 0.7032640949554896 0.38 0.10979228486646884 0.07333333333333333
0 0.8590504451038575 0.39 0.03857566765578635 0.058333333333333334
0 0.26112759643916916 0.41583333333333333 0.11869436201780416 0.115
0 0.36795252225519287 0.42583333333333334 0.09792284866468842 0.105
0 0.14688427299703263 0.43083333333333335 0.10979228486646884 0.10333333333333333
0 0.47181008902077154 0.44083333333333335 0.10385756676557864 0.09666666666666666
0 0.8011869436201781 0.44166666666666665 0.08605341246290801 0.09
0 0.5682492581602374 0.4483333333333333 0.08902077151335312 0.09666666666666666
0 0.8635014836795252 0.455 0.03560830860534125 0.065
0 0.6543026706231454 0.4575 0.08605341246290801 0.09333333333333334
0 0.7314540059347181 0.4608333333333333 0.06528189910979229 0.09333333333333334
0 0.8100890207715133 0.5216666666666666 0.0830860534124629 0.06666666666666667
0 0.8664688427299704 0.5216666666666666 0.03857566765578635 0.06666666666666667
0 0.2626112759643917 0.5308333333333334 0.12462908011869436 0.11666666666666667
0 0.14540059347181009 0.5341666666666667 0.10385756676557864 0.10666666666666667
0 0.3694362017804154 0.5366666666666666 0.08902077151335312 0.10833333333333334
0 0.47032640949554894 0.5408333333333334 0.11572700296735905 0.10166666666666667
0 0.5727002967359051 0.5441666666666667 0.08605341246290801 0.09333333333333334
0 0.658753709198813 0.5508333333333333 0.08902077151335312 0.09333333333333334
0 0.7403560830860534 0.5516666666666666 0.0771513353115727 0.08833333333333333
0 0.8694362017804155 0.5775 0.03560830860534125 0.045
0 0.814540059347181 0.5791666666666667 0.06824925816023739 0.04833333333333333
0 0.7937685459940653 0.6916666666666667 0.0771513353115727 0.08666666666666667
0 0.44510385756676557 0.695 0.09495548961424333 0.11
0 0.7106824925816023 0.6958333333333333 0.10682492581602374 0.095
0 0.6394658753709199 0.6991666666666667 0.08902077151335312 0.085
0 0.5385756676557863 0.6991666666666667 0.11275964391691394 0.10666666666666667
0 0.3397626112759644 0.7008333333333333 0.10979228486646884 0.12
0 0.22255192878338279 0.7025 0.12462908011869436 0.11833333333333333
0 0.7893175074183977 0.78 0.05637982195845697 0.08166666666666667
0 0.7270029673590505 0.7891666666666667 0.08605341246290801 0.07666666666666666
0 0.6350148367952523 0.7941666666666667 0.09792284866468842 0.09666666666666666
0 0.5415430267062314 0.7983333333333333 0.09792284866468842 0.10666666666666667
0 0.4421364985163205 0.8083333333333333 0.10682492581602374 0.11333333333333333
0 0.33827893175074186 0.8175 0.09792284866468842 0.11833333333333333
0 0.22255192878338279 0.82 0.13353115727002968 0.10666666666666667
0 0.04302670623145401 0.105 0.08605341246290801 0.12166666666666667
0 0.1572700296735905 0.13416666666666666 0.13056379821958458 0.10333333333333333