0 0.6925 0.31750741839762614 0.055 0.2314540059347181
0 0.15416666666666667 0.3367952522255193 0.11166666666666666 0.2522255192878338
0 0.7391666666666666 0.3664688427299703 0.04833333333333333 0.21364985163204747
0 0.775 0.4169139465875371 0.04 0.20771513353115728
0 0.38916666666666666 0.43026706231454004 0.13666666666666666 0.34421364985163205
0 0.8091666666666667 0.4540059347181009 0.03166666666666667 0.18397626112759644
0 0.5633333333333334 0.4540059347181009 0.135 0.32344213649851633
0 0.8333333333333334 0.4821958456973294 0.03 0.16023738872403562
0 0.4891666666666667 0.4836795252225519 0.11166666666666666 0.31750741839762614
0 0.2725 0.49554896142433236 0.10166666666666667 0.29673590504451036
0 0.8566666666666667 0.5074183976261127 0.028333333333333332 0.1632047477744807
0 0.8775 0.5296735905044511 0.02666666666666667 0.14836795252225518
0 0.655 0.5296735905044511 0.06166666666666667 0.2818991097922849
0 0.13333333333333333 0.5652818991097923 0.11333333333333333 0.2344213649851632
0 0.7025 0.5652818991097923 0.06333333333333334 0.2551928783382789
0 0.7483333333333333 0.5890207715133531 0.05333333333333334 0.2403560830860534
0 0.9158333333333334 0.6216617210682492 0.051666666666666666 0.13056379821958458
0 0.7891666666666667 0.6275964391691394 0.045 0.21364985163204747
0 0.82 0.642433234421365 0.035 0.18991097922848665
0 0.8441666666666666 0.6602373887240356 0.03166666666666667 0.19584569732937684
0 0.87 0.6869436201780416 0.03 0.16913946587537093
0 0.04 0.7522255192878339 0.08 0.32047477744807124
0 0.9225 0.7611275964391692 0.04833333333333333 0.14540059347181009
0 0.37166666666666665 0.7774480712166172 0.135 0.3827893175074184
0 0.5891666666666666 0.7863501483679525 0.09166666666666666 0.3620178041543027
0 0.49666666666666665 0.7908011869436202 0.115 0.34421364985163205
0 0.2608333333333333 0.8071216617210683 0.10833333333333334 0.3353115727002967
0 0.6583333333333333 0.8100890207715133 0.06833333333333333 0.32047477744807124
0 0.17416666666666666 0.8175074183976261 0.09 0.3323442136498516
0 0.7175 0.8382789317507419 0.06166666666666667 0.2878338278931751
0 0.09916666666666667 0.8382789317507419 0.08666666666666667 0.29376854599406527
0 0.765 0.8501483679525222 0.055 0.26706231454005935
0 0.8033333333333333 0.857566765578635 0.04666666666666667 0.24629080118694363
0 0.8333333333333334 0.870919881305638 0.045 0.22551928783382788
0 0.8608333333333333 0.884272997032641 0.03666666666666667 0.21068249258160238
0 0.8825 0.8887240356083086 0.025 0.18991097922848665
0 0.9333333333333333 0.9109792284866469 0.043333333333333335 0.1513353115727003
0 0.3983333333333333 0.13798219584569732 0.145 0.27596439169139464
0 0.5483333333333333 0.1572700296735905 0.14333333333333334 0.2997032640949555
0 0.2841666666666667 0.22106824925816024 0.08833333333333333 0.2789317507418398
0 0.6433333333333333 0.25370919881305637 0.055 0.258160237388724