0 0.8916666666666667 0.5356083086053413 0.08666666666666667 0.3086053412462908
0 0.8175 0.5489614243323442 0.09666666666666666 0.314540059347181
0 0.9808333333333333 0.5489614243323442 0.035 0.2344213649851632
0 0.7316666666666667 0.5608308605341247 0.12166666666666667 0.3798219584569733
0 0.6316666666666667 0.5727002967359051 0.14 0.39762611275964393
0 0.49083333333333334 0.615727002967359 0.15666666666666668 0.47774480712166173
0 0.32166666666666666 0.658753709198813 0.22 0.5400593471810089
0 0.115 0.6958456973293768 0.20833333333333334 0.5875370919881305
0 0.9583333333333334 0.7522255192878339 0.058333333333333334 0.2314540059347181
0 0.9266666666666666 0.7997032640949555 0.03333333333333333 0.20771513353115728
0 0.8433333333333334 0.8353115727002968 0.10833333333333334 0.258160237388724
0 0.6941666666666667 0.8768545994065282 0.10166666666666667 0.2403560830860534
0 0.7625 0.8798219584569733 0.08166666666666667 0.23738872403560832
0 0.5891666666666666 0.8916913946587537 0.11 0.20178041543026706
0 0.46416666666666667 0.9465875370919882 0.13166666666666665 0.10089020771513353
0 0.785 0.18694362017804153 0.14333333333333334 0.3620178041543027
0 0.93 0.18991097922848665 0.11333333333333333 0.3649851632047478
0 0.86 0.1913946587537092 0.115 0.3768545994065282
0 0.6816666666666666 0.1943620178041543 0.14833333333333334 0.3887240356083086
0 0.12333333333333334 0.19584569732937684 0.215 0.3916913946587537
0 0.535 0.19732937685459942 0.155 0.3827893175074184
0 0.35 0.19881305637982197 0.23666666666666666 0.39762611275964393