0 0.9808333333333333 0.39465875370919884 0.035 0.11869436201780416
0 0.7 0.4732937685459941 0.05333333333333334 0.10979228486646884
0 0.5875 0.47774480712166173 0.055 0.13056379821958458
0 0.46166666666666667 0.4792284866468843 0.065 0.13353115727002968
0 0.5191666666666667 0.4792284866468843 0.056666666666666664 0.12759643916913946
0 0.2991666666666667 0.5341246290801187 0.055 0.142433234421365
0 0.9858333333333333 0.5400593471810089 0.025 0.1661721068249258
0 0.895 0.5771513353115727 0.06333333333333334 0.10979228486646884
0 0.7083333333333334 0.5949554896142433 0.06666666666666667 0.13649851632047477
0 0.6458333333333334 0.5979228486646885 0.06333333333333334 0.13353115727002968
0 0.46 0.6112759643916914 0.06333333333333334 0.1394658753709199
0 0.5183333333333333 0.6112759643916914 0.06666666666666667 0.12759643916913946
0 0.5866666666666667 0.612759643916914 0.06333333333333334 0.13353115727002968
0 0.29083333333333333 0.655786350148368 0.055 0.11869436201780416
0 0.23916666666666667 0.6646884272997032 0.05 0.11869436201780416
0 0.9033333333333333 0.6869436201780416 0.06 0.09792284866468842
0 0.6475 0.7344213649851632 0.06666666666666667 0.1394658753709199
0 0.7116666666666667 0.7344213649851632 0.06166666666666667 0.14540059347181009
0 0.5825 0.7403560830860534 0.07166666666666667 0.142433234421365
0 0.5241666666666667 0.744807121661721 0.065 0.14836795252225518
0 0.4633333333333333 0.7522255192878339 0.065 0.13649851632047477
0 0.3358333333333333 0.7537091988130564 0.05333333333333334 0.11869436201780416
0 0.39 0.7581602373887241 0.056666666666666664 0.12759643916913946
0 0.28583333333333333 0.7759643916913946 0.04833333333333333 0.11572700296735905
0 0.22 0.7804154302670623 0.07333333333333333 0.142433234421365
0 0.9116666666666666 0.7952522255192879 0.065 0.10682492581602374
0 0.9783333333333334 0.8649851632047477 0.04 0.17507418397626112
0 0.7141666666666666 0.8753709198813057 0.06666666666666667 0.1394658753709199
0 0.435 0.8753709198813057 0.058333333333333334 0.13649851632047477
0 0.8033333333333333 0.8768545994065282 0.06666666666666667 0.13353115727002968
0 0.6283333333333333 0.8768545994065282 0.056666666666666664 0.12759643916913946
0 0.37333333333333335 0.8798219584569733 0.051666666666666666 0.142433234421365
0 0.5758333333333333 0.8798219584569733 0.045 0.12166172106824925
0 0.5233333333333333 0.8813056379821959 0.07 0.12759643916913946
0 0.22833333333333333 0.8827893175074184 0.06333333333333334 0.142433234421365
0 0.32916666666666666 0.8827893175074184 0.03833333333333333 0.12759643916913946
0 0.47583333333333333 0.8827893175074184 0.03 0.12462908011869436
0 0.12166666666666667 0.8961424332344213 0.06 0.1513353115727003
0 0.2833333333333333 0.8991097922848664 0.04833333333333333 0.11869436201780416
0 0.9208333333333333 0.9020771513353115 0.065 0.09792284866468842