0 0.33416666666666667 0.2777777777777778 0.041666666666666664 0.13333333333333333
0 0.305 0.28 0.041666666666666664 0.12222222222222222
0 0.24333333333333335 0.2833333333333333 0.028333333333333332 0.09777777777777778
0 0.26666666666666666 0.29 0.028333333333333332 0.1
0 0.2875 0.29 0.03666666666666667 0.11333333333333333
0 0.405 0.3233333333333333 0.045 0.15333333333333332
0 0.44916666666666666 0.3288888888888889 0.05333333333333334 0.16666666666666666
0 0.5041666666666667 0.33444444444444443 0.056666666666666664 0.17777777777777778
0 0.5608333333333333 0.34555555555555556 0.08166666666666667 0.20222222222222222
0 0.645 0.37 0.09 0.23777777777777778
0 0.7491666666666666 0.37555555555555553 0.11833333333333333 0.24
0 0.32666666666666666 0.40444444444444444 0.03333333333333333 0.11555555555555555
0 0.8591666666666666 0.4088888888888889 0.11 0.31555555555555553
0 0.3516666666666667 0.41555555555555557 0.04666666666666667 0.11777777777777777
0 0.4166666666666667 0.45666666666666667 0.04 0.12
0 0.4625 0.4855555555555556 0.06666666666666667 0.14222222222222222
0 0.5183333333333333 0.5077777777777778 0.065 0.1511111111111111
0 0.3466666666666667 0.5144444444444445 0.028333333333333332 0.09333333333333334
0 0.36583333333333334 0.5366666666666666 0.041666666666666664 0.11555555555555555
0 0.58 0.54 0.07 0.1711111111111111
0 0.6575 0.57 0.08333333333333333 0.16
0 0.43916666666666665 0.58 0.043333333333333335 0.12444444444444444
0 0.30833333333333335 0.5988888888888889 0.05333333333333334 0.09111111111111111
0 0.4791666666666667 0.61 0.056666666666666664 0.1288888888888889
0 0.74 0.6166666666666667 0.10666666666666667 0.2088888888888889
0 0.5291666666666667 0.6511111111111111 0.06666666666666667 0.14666666666666667
0 0.3233333333333333 0.6711111111111111 0.03833333333333333 0.05333333333333334
0 0.8466666666666667 0.68 0.11166666666666666 0.24888888888888888
0 0.5883333333333334 0.6944444444444444 0.06333333333333334 0.17777777777777778
0 0.6591666666666667 0.7422222222222222 0.085 0.20222222222222222
0 0.35 0.7466666666666667 0.04666666666666667 0.08444444444444445
0 0.4 0.7688888888888888 0.028333333333333332 0.08
0 0.7491666666666666 0.8155555555555556 0.09166666666666666 0.18666666666666668
0 0.8475 0.8855555555555555 0.09 0.2222222222222222