0 0.5041666666666667 0.37388724035608306 0.051666666666666666 0.12166172106824925
0 0.6658333333333334 0.37388724035608306 0.045 0.11869436201780416
0 0.5666666666666667 0.37833827893175076 0.04833333333333333 0.12462908011869436
0 0.4558333333333333 0.3798219584569733 0.04833333333333333 0.12166172106824925
0 0.9633333333333334 0.41097922848664686 0.07 0.12166172106824925
0 0.3275 0.42136498516320475 0.05 0.12759643916913946
0 0.8458333333333333 0.4821958456973294 0.04833333333333333 0.09792284866468842
0 0.6091666666666666 0.4970326409495549 0.05333333333333334 0.13353115727002968
0 0.6658333333333334 0.4970326409495549 0.06 0.12759643916913946
0 0.4483333333333333 0.5029673590504451 0.05 0.11869436201780416
0 0.4975 0.5044510385756676 0.056666666666666664 0.12166172106824925
0 0.5566666666666666 0.5044510385756676 0.05 0.12759643916913946
0 0.08166666666666667 0.5133531157270029 0.03166666666666667 0.14540059347181009
0 0.32 0.5341246290801187 0.051666666666666666 0.11572700296735905
0 0.2725 0.5415430267062314 0.045 0.10385756676557864
0 0.9658333333333333 0.543026706231454 0.065 0.12462908011869436
0 0.0375 0.5593471810089021 0.043333333333333335 0.10682492581602374
0 0.8458333333333333 0.5845697329376854 0.056666666666666664 0.09792284866468842
0 0.3925 0.6246290801186943 0.045 0.09495548961424333
0 0.4475 0.6261127596439169 0.051666666666666666 0.12462908011869436
0 0.34833333333333333 0.629080118694362 0.04833333333333333 0.09495548961424333
0 0.49666666666666665 0.6305637982195845 0.05333333333333334 0.11572700296735905
0 0.6633333333333333 0.6305637982195845 0.056666666666666664 0.12166172106824925
0 0.6075 0.6320474777448071 0.055 0.12759643916913946
0 0.555 0.6335311572700296 0.04833333333333333 0.12462908011869436
0 0.30583333333333335 0.6364985163204748 0.03833333333333333 0.10979228486646884
0 0.245 0.6439169139465876 0.043333333333333335 0.10682492581602374
0 0.016666666666666666 0.6632047477744807 0.025 0.08605341246290801
0 0.03666666666666667 0.6661721068249258 0.02 0.10385756676557864
0 0.965 0.6691394658753709 0.06666666666666667 0.12759643916913946
0 0.8425 0.7329376854599406 0.04666666666666667 0.18991097922848665
0 0.13833333333333334 0.7329376854599406 0.03833333333333333 0.13649851632047477
0 0.38083333333333336 0.7344213649851632 0.051666666666666666 0.12759643916913946
0 0.18416666666666667 0.7359050445103857 0.058333333333333334 0.14836795252225518
0 0.3375 0.7403560830860534 0.03833333333333333 0.12166172106824925
0 0.23833333333333334 0.7477744807121661 0.045 0.09495548961424333
0 0.295 0.7477744807121661 0.04666666666666667 0.10385756676557864
0 0.44 0.7492581602373887 0.04833333333333333 0.12462908011869436
0 0.49083333333333334 0.7507418397626113 0.056666666666666664 0.11869436201780416
0 0.8866666666666667 0.7537091988130564 0.07166666666666667 0.16023738872403562
0 0.6633333333333333 0.7566765578635015 0.06333333333333334 0.11869436201780416
0 0.6075 0.7581602373887241 0.045 0.10979228486646884
0 0.55 0.7596439169139466 0.05333333333333334 0.11572700296735905
0 0.7341666666666666 0.771513353115727 0.058333333333333334 0.11275964391691394
0 0.97 0.7967359050445104 0.056666666666666664 0.12166172106824925
0 0.31916666666666665 0.9272997032640949 0.045 0.1394658753709199
0 0.365 0.9317507418397626 0.05333333333333334 0.13056379821958458
0 0.445 0.9317507418397626 0.06 0.13056379821958458
0 0.6 0.9673590504451038 0.04666666666666667 0.05934718100890208
0 0.7358333333333333 0.9688427299703264 0.065 0.05637982195845697
0 0.9641666666666666 0.2893175074183976 0.065 0.12759643916913946