0 0.43666666666666665 0.24 0.058333333333333334 0.12444444444444444
0 0.37833333333333335 0.24444444444444444 0.06166666666666667 0.12
0 0.32916666666666666 0.2511111111111111 0.045 0.12444444444444444
0 0.29 0.25666666666666665 0.035 0.12
0 0.25416666666666665 0.27666666666666667 0.04 0.1
0 0.7883333333333333 0.28 0.11833333333333333 0.20444444444444446
0 0.21083333333333334 0.2822222222222222 0.06 0.09777777777777778
0 0.6991666666666667 0.29777777777777775 0.1 0.18666666666666668
0 0.6216666666666667 0.31 0.06166666666666667 0.18666666666666668
0 0.14833333333333334 0.3211111111111111 0.051666666666666666 0.09333333333333334
0 0.5175 0.3377777777777778 0.1 0.18222222222222223
0 0.10166666666666667 0.34 0.043333333333333335 0.08666666666666667
0 0.0775 0.3566666666666667 0.025 0.07111111111111111
0 0.051666666666666666 0.35888888888888887 0.028333333333333332 0.08
0 0.4325 0.3655555555555556 0.07 0.11555555555555555
0 0.33416666666666667 0.37 0.04666666666666667 0.13555555555555557
0 0.375 0.37777777777777777 0.055 0.10444444444444445
0 0.3933333333333333 0.04 0.051666666666666666 0.07777777777777778
0 0.29083333333333333 0.3844444444444444 0.03 0.10666666666666667
0 0.25916666666666666 0.39222222222222225 0.03666666666666667 0.10444444444444445
0 0.22 0.39444444444444443 0.055 0.10444444444444445
0 0.15666666666666668 0.4077777777777778 0.05333333333333334 0.08888888888888889
0 0.12416666666666666 0.4177777777777778 0.03833333333333333 0.08
0 0.09833333333333333 0.4255555555555556 0.028333333333333332 0.06666666666666667
0 0.075 0.42777777777777776 0.02666666666666667 0.06222222222222222
0 0.05333333333333334 0.4311111111111111 0.03 0.057777777777777775
0 0.5491666666666667 0.5266666666666666 0.04833333333333333 0.12222222222222222
0 0.10833333333333334 0.53 0.035 0.08444444444444445
0 0.3325 0.5311111111111111 0.041666666666666664 0.11333333333333333
0 0.14583333333333334 0.5322222222222223 0.05 0.08222222222222222
0 0.2891666666666667 0.5333333333333333 0.04833333333333333 0.10888888888888888
0 0.375 0.5355555555555556 0.04833333333333333 0.12444444444444444
0 0.43333333333333335 0.5355555555555556 0.06833333333333333 0.13111111111111112
0 0.07916666666666666 0.5422222222222223 0.03166666666666667 0.10222222222222223
0 0.24583333333333332 0.5433333333333333 0.043333333333333335 0.08
0 0.7833333333333333 0.55 0.08 0.18666666666666668
0 0.6083333333333333 0.5544444444444444 0.08666666666666667 0.1622222222222222
0 0.49666666666666665 0.5555555555555556 0.058333333333333334 0.11333333333333333
0 0.6941666666666667 0.56 0.09833333333333333 0.18
0 0.3441666666666667 0.06 0.058333333333333334 0.1
0 0.21666666666666667 0.06 0.041666666666666664 0.08222222222222222
0 0.12 0.6066666666666667 0.035 0.06222222222222222
0 0.15583333333333332 0.6166666666666667 0.043333333333333335 0.07111111111111111
0 0.24166666666666667 0.6366666666666667 0.03166666666666667 0.10222222222222223
0 0.26166666666666666 0.64 0.04 0.10666666666666667
0 0.305 0.6444444444444445 0.04666666666666667 0.1111111111111111
0 0.3466666666666667 0.65 0.035 0.12444444444444444
0 0.3875 0.6611111111111111 0.04666666666666667 0.12444444444444444
0 0.43666666666666665 0.6722222222222223 0.05333333333333334 0.13555555555555557
0 0.49416666666666664 0.6866666666666666 0.06 0.14666666666666667
0 0.5466666666666666 0.6877777777777778 0.056666666666666664 0.15333333333333332
0 0.6116666666666667 0.7188888888888889 0.07833333333333334 0.17777777777777778
0 0.7008333333333333 0.7455555555555555 0.10333333333333333 0.19111111111111112
0 0.7916666666666666 0.7566666666666667 0.08666666666666667 0.20222222222222222
0 0.2916666666666667 0.0811111111111111 0.043333333333333335 0.1
0 0.775 0.08444444444444445 0.10166666666666667 0.16444444444444445
0 0.2575 0.12333333333333334 0.035 0.07777777777777778
0 0.6308333333333334 0.12666666666666668 0.10666666666666667 0.20222222222222222
0 0.2175 0.14666666666666667 0.043333333333333335 0.09333333333333334
0 0.185 0.15777777777777777 0.023333333333333334 0.08666666666666667
0 0.49416666666666664 0.20777777777777778 0.07166666666666667 0.14