0 0.9225 0.30777777777777776 0.13833333333333334 0.15777777777777777
0 0.7658333333333334 0.32555555555555554 0.155 0.24222222222222223
0 0.505 0.44 0.11333333333333333 0.22
0 0.675 0.44555555555555554 0.08833333333333333 0.22444444444444445
0 0.385 0.45444444444444443 0.12166666666666667 0.2088888888888889
0 0.6 0.47 0.07333333333333333 0.19333333333333333
0 0.2833333333333333 0.5144444444444445 0.07833333333333334 0.19111111111111112
0 0.9308333333333333 0.5444444444444444 0.135 0.3244444444444444
0 0.22416666666666665 0.5444444444444444 0.08166666666666667 0.18666666666666668
0 0.16833333333333333 0.5655555555555556 0.058333333333333334 0.18
0 0.11083333333333334 0.5811111111111111 0.08166666666666667 0.16444444444444445
0 0.79 0.5888888888888889 0.16666666666666666 0.28
0 0.051666666666666666 0.5933333333333334 0.051666666666666666 0.13777777777777778
0 0.6775 0.6377777777777778 0.08166666666666667 0.19111111111111112
0 0.5033333333333333 0.6477777777777778 0.125 0.22
0 0.5983333333333334 0.6511111111111111 0.07666666666666666 0.16666666666666666
0 0.36833333333333335 0.6633333333333333 0.14666666666666667 0.22444444444444445
0 0.26916666666666667 0.7033333333333334 0.08 0.17555555555555555
0 0.2025 0.7155555555555555 0.08333333333333333 0.17777777777777778
0 0.1425 0.7277777777777777 0.075 0.16666666666666666
0 0.08333333333333333 0.74 0.08166666666666667 0.15777777777777777
0 0.024166666666666666 0.7444444444444445 0.043333333333333335 0.14444444444444443