0 0.5333333333333333 0.3655555555555556 0.09166666666666666 0.23777777777777778
0 0.8725 0.37 0.08666666666666667 0.18666666666666668
0 0.8008333333333333 0.3711111111111111 0.075 0.18222222222222223
0 0.7258333333333333 0.37222222222222223 0.07833333333333334 0.19555555555555557
0 0.31583333333333335 0.3788888888888889 0.14833333333333334 0.25333333333333335
0 0.6325 0.3788888888888889 0.10833333333333334 0.21333333333333335
0 0.16833333333333333 0.38555555555555554 0.15333333333333332 0.2777777777777778
0 0.43166666666666664 0.38555555555555554 0.10833333333333334 0.20444444444444446
0 0.05 0.3877777777777778 0.09666666666666666 0.30666666666666664
0 0.4125 0.04777777777777778 0.11833333333333333 0.09111111111111111
0 0.8666666666666667 0.5444444444444444 0.07 0.16
0 0.53 0.05555555555555555 0.105 0.1111111111111111
0 0.7933333333333333 0.5566666666666666 0.075 0.17555555555555555
0 0.7183333333333334 0.5677777777777778 0.08666666666666667 0.18222222222222223
0 0.625 0.5855555555555556 0.11 0.18888888888888888
0 0.5325 0.5944444444444444 0.09166666666666666 0.2088888888888889
0 0.63 0.06222222222222222 0.105 0.12444444444444444
0 0.44 0.6066666666666667 0.105 0.2311111111111111
0 0.31666666666666665 0.6366666666666667 0.14333333333333334 0.24888888888888888
0 0.17416666666666666 0.6633333333333333 0.155 0.2577777777777778
0 0.73 0.06777777777777778 0.07833333333333334 0.13555555555555557
0 0.05 0.6822222222222222 0.1 0.26222222222222225
0 0.8083333333333333 0.07444444444444444 0.075 0.14888888888888888
0 0.7125 0.79 0.11333333333333333 0.13555555555555557
0 0.525 0.9077777777777778 0.11 0.17555555555555555