0 0.11333333333333333 0.19916666666666666 0.2111111111111111 0.215
0 0.7988888888888889 0.21166666666666667 0.13333333333333333 0.13666666666666666
0 0.8944444444444445 0.2325 0.08444444444444445 0.13
0 0.45 0.23583333333333334 0.15333333333333332 0.195
0 0.29555555555555557 0.24166666666666667 0.17777777777777778 0.19166666666666668
0 0.9677777777777777 0.25416666666666665 0.06 0.13166666666666665
0 0.6011111111111112 0.2966666666666667 0.14444444444444443 0.15666666666666668
0 0.7122222222222222 0.31583333333333335 0.10888888888888888 0.15666666666666668
0 0.8122222222222222 0.345 0.10222222222222223 0.135
0 0.9044444444444445 0.36583333333333334 0.07111111111111111 0.125
0 0.9722222222222222 0.3825 0.051111111111111114 0.11833333333333333
0 0.10777777777777778 0.4141666666666667 0.2088888888888889 0.23
0 0.4577777777777778 0.425 0.14888888888888888 0.19833333333333333
0 0.29888888888888887 0.43166666666666664 0.17333333333333334 0.19833333333333333
0 0.5988888888888889 0.45666666666666667 0.13555555555555557 0.16833333333333333
0 0.7111111111111111 0.46 0.12444444444444444 0.165
0 0.11777777777777777 0.0475 0.2088888888888889 0.09
0 0.8255555555555556 0.485 0.09777777777777778 0.14666666666666667
0 0.9177777777777778 0.4891666666666667 0.09333333333333334 0.125
0 0.97 0.5 0.05555555555555555 0.11666666666666667
0 0.46111111111111114 0.6158333333333333 0.15333333333333332 0.18333333333333332
0 0.7177777777777777 0.6166666666666667 0.11333333333333333 0.15
0 0.5988888888888889 0.6183333333333333 0.12222222222222222 0.16
0 0.8255555555555556 0.6325 0.09333333333333334 0.13666666666666666
0 0.9211111111111111 0.6333333333333333 0.09111111111111111 0.145
0 0.3011111111111111 0.6341666666666667 0.1711111111111111 0.205
0 0.9755555555555555 0.635 0.044444444444444446 0.16
0 0.10666666666666667 0.6491666666666667 0.2088888888888889 0.24333333333333335
0 0.28888888888888886 0.07333333333333333 0.13111111111111112 0.145
0 0.84 0.7758333333333334 0.08666666666666667 0.15166666666666667
0 0.9155555555555556 0.7766666666666666 0.07555555555555556 0.13833333333333334
0 0.7266666666666667 0.7816666666666666 0.1511111111111111 0.18
0 0.5955555555555555 0.7966666666666666 0.12666666666666668 0.18666666666666668
0 0.4666666666666667 0.8158333333333333 0.1622222222222222 0.21
0 0.30777777777777776 0.8483333333333334 0.1688888888888889 0.22166666666666668
0 0.10777777777777778 0.8825 0.21555555555555556 0.23