0 0.4375 0.31 0.125 0.24444444444444444
0 0.55 0.33 0.10833333333333334 0.21555555555555556
0 0.6375 0.3411111111111111 0.08666666666666667 0.19555555555555557
0 0.7216666666666667 0.34555555555555556 0.09833333333333333 0.19555555555555557
0 0.8475 0.43 0.1 0.16
0 0.15666666666666668 0.5077777777777778 0.18166666666666667 0.31777777777777777
0 0.325 0.5255555555555556 0.115 0.2
0 0.7383333333333333 0.5422222222222223 0.1 0.2088888888888889
0 0.5591666666666667 0.5511111111111111 0.1 0.2288888888888889
0 0.6508333333333334 0.5533333333333333 0.095 0.22666666666666666
0 0.44333333333333336 0.5555555555555556 0.14166666666666666 0.2644444444444444
0 0.8091666666666667 0.5877777777777777 0.07666666666666666 0.16444444444444445
0 0.8816666666666667 0.5877777777777777 0.07333333333333333 0.16444444444444445
0 0.3258333333333333 0.7233333333333334 0.11 0.19111111111111112
0 0.7533333333333333 0.7488888888888889 0.095 0.21333333333333335
0 0.895 0.7555555555555555 0.08333333333333333 0.1688888888888889
0 0.8258333333333333 0.7577777777777778 0.08333333333333333 0.15555555555555556
0 0.0375 0.7644444444444445 0.075 0.23333333333333334
0 0.6683333333333333 0.7744444444444445 0.08666666666666667 0.23555555555555555
0 0.5733333333333334 0.7922222222222223 0.11333333333333333 0.2511111111111111
0 0.455 0.8122222222222222 0.13333333333333333 0.26666666666666666
0 0.1575 0.8388888888888889 0.17166666666666666 0.31777777777777777
0 0.3275 0.9111111111111111 0.11833333333333333 0.17333333333333334
0 0.9125 0.9155555555555556 0.085 0.16444444444444445
0 0.76 0.9266666666666666 0.08833333333333333 0.14444444444444443
0 0.8475 0.9266666666666666 0.08833333333333333 0.14222222222222222
0 0.6733333333333333 0.9422222222222222 0.09166666666666666 0.11333333333333333
0 0.43 0.09666666666666666 0.125 0.19333333333333333
0 0.5766666666666667 0.9611111111111111 0.09666666666666666 0.07333333333333333
0 0.545 0.11222222222222222 0.11666666666666667 0.21333333333333335