0 0.6816666666666666 0.22333333333333333 0.12666666666666668 0.1688888888888889
0 0.5858333333333333 0.23666666666666666 0.105 0.17333333333333334
0 0.5008333333333334 0.24444444444444444 0.09 0.16444444444444445
0 0.43416666666666665 0.2577777777777778 0.06333333333333334 0.16
0 0.37083333333333335 0.2677777777777778 0.06666666666666667 0.1288888888888889
0 0.31416666666666665 0.27111111111111114 0.06333333333333334 0.1288888888888889
0 0.26916666666666667 0.2833333333333333 0.05 0.10888888888888888
0 0.22583333333333333 0.2911111111111111 0.043333333333333335 0.10222222222222223
0 0.10416666666666667 0.29888888888888887 0.03333333333333333 0.10222222222222223
0 0.16083333333333333 0.29888888888888887 0.03833333333333333 0.09111111111111111
0 0.08 0.3011111111111111 0.023333333333333334 0.1
0 0.059166666666666666 0.3088888888888889 0.025 0.08222222222222222
0 0.03166666666666667 0.31333333333333335 0.03166666666666667 0.08888888888888889
0 0.25666666666666665 0.4866666666666667 0.051666666666666666 0.1288888888888889
0 0.3441666666666667 0.49666666666666665 0.051666666666666666 0.15777777777777777
0 0.4025 0.5011111111111111 0.045 0.1288888888888889
0 0.4666666666666667 0.5011111111111111 0.056666666666666664 0.17777777777777778
0 0.5208333333333334 0.52 0.075 0.18666666666666668
0 0.6025 0.5266666666666666 0.095 0.19333333333333333
0 0.7058333333333333 0.5433333333333333 0.09333333333333334 0.22
0 0.7941666666666667 0.5455555555555556 0.09166666666666666 0.2311111111111111
0 0.21583333333333332 0.5977777777777777 0.03833333333333333 0.11555555555555555
0 0.255 0.6055555555555555 0.03833333333333333 0.1111111111111111
0 0.295 0.6111111111111112 0.041666666666666664 0.12444444444444444
0 0.3408333333333333 0.6333333333333333 0.05333333333333334 0.11777777777777777
0 0.40166666666666667 0.6466666666666666 0.06166666666666667 0.15333333333333332
0 0.46 0.6611111111111111 0.045 0.14222222222222222
0 0.5191666666666667 0.6855555555555556 0.07333333333333333 0.16
0 0.6841666666666667 0.07 0.10833333333333334 0.14
0 0.6 0.7077777777777777 0.085 0.18
0 0.5825 0.07444444444444444 0.1 0.14888888888888888
0 0.7 0.7422222222222222 0.08833333333333333 0.19777777777777777
0 0.7933333333333333 0.7622222222222222 0.08666666666666667 0.20666666666666667
0 0.23 0.7844444444444445 0.056666666666666664 0.13333333333333333
0 0.5025 0.0811111111111111 0.07166666666666667 0.15333333333333332
0 0.27 0.8077777777777778 0.04833333333333333 0.14666666666666667
0 0.31166666666666665 0.8266666666666667 0.055 0.1511111111111111
0 0.37083333333333335 0.8677777777777778 0.08666666666666667 0.16666666666666666
0 0.4683333333333333 0.8944444444444445 0.08833333333333333 0.1511111111111111
0 0.22416666666666665 0.8966666666666666 0.041666666666666664 0.09111111111111111
0 0.2725 0.9288888888888889 0.03666666666666667 0.10444444444444445
0 0.67 0.9488888888888889 0.08 0.09777777777777778
0 0.315 0.9555555555555556 0.03666666666666667 0.08444444444444445
0 0.43333333333333335 0.10333333333333333 0.06166666666666667 0.14222222222222222
0 0.37166666666666665 0.12222222222222222 0.058333333333333334 0.13333333333333333
0 0.31333333333333335 0.14555555555555555 0.055 0.13111111111111112
0 0.26666666666666666 0.15333333333333332 0.055 0.12444444444444444
0 0.1575 0.17777777777777778 0.05333333333333334 0.16
0 0.20583333333333334 0.19333333333333333 0.06333333333333334 0.11555555555555555
0 0.11083333333333334 0.19777777777777777 0.05 0.10222222222222223
0 0.07 0.1988888888888889 0.03166666666666667 0.10222222222222223