0 0.09583333333333334 0.29821958456973297 0.18333333333333332 0.47477744807121663
0 0.8083333333333333 0.2997032640949555 0.19833333333333333 0.4896142433234421
0 0.2725 0.3056379821958457 0.18333333333333332 0.486646884272997
0 0.6283333333333333 0.3397626112759644 0.18833333333333332 0.44510385756676557
0 0.9508333333333333 0.7373887240356083 0.095 0.4658753709198813
0 0.4558333333333333 0.7477744807121661 0.17833333333333334 0.4391691394658754
0 0.2775 0.7522255192878339 0.18 0.44510385756676557
0 0.6266666666666667 0.7566765578635015 0.17833333333333334 0.43026706231454004
0 0.105 0.7581602373887241 0.17333333333333334 0.4391691394658754
0 0.8091666666666667 0.7626112759643917 0.18833333333333332 0.43026706231454004
0 0.9491666666666667 0.27299703264094954 0.095 0.4688427299703264
0 0.44916666666666666 0.2922848664688427 0.17333333333333334 0.4836795252225519