0 0.14916666666666667 0.2125 0.1 0.22833333333333333
0 0.26166666666666666 0.25333333333333335 0.12166666666666667 0.17833333333333334
0 0.36 0.275 0.08666666666666667 0.205
0 0.4266666666666667 0.3016666666666667 0.06666666666666667 0.17666666666666667
0 0.4791666666666667 0.3325 0.058333333333333334 0.16166666666666665
0 0.52 0.35583333333333333 0.05 0.14666666666666667
0 0.5716666666666667 0.3725 0.06166666666666667 0.14333333333333334
0 0.6158333333333333 0.3983333333333333 0.03666666666666667 0.12833333333333333
0 0.6458333333333334 0.4141666666666667 0.035 0.12166666666666667
0 0.14333333333333334 0.4216666666666667 0.09166666666666666 0.22333333333333333
0 0.675 0.42333333333333334 0.03833333333333333 0.11833333333333333
0 0.7008333333333333 0.43666666666666665 0.028333333333333332 0.105
0 0.21333333333333335 0.44416666666666665 0.058333333333333334 0.195
0 0.7225 0.445 0.018333333333333333 0.09166666666666666
0 0.2825 0.44583333333333336 0.08333333333333333 0.215
0 0.7383333333333333 0.45 0.02 0.08333333333333333
0 0.76 0.4525 0.025 0.07833333333333334
0 0.35833333333333334 0.4666666666666667 0.07333333333333333 0.18833333333333332
0 0.42083333333333334 0.4816666666666667 0.065 0.17666666666666667
0 0.48333333333333334 0.49416666666666664 0.04666666666666667 0.16
0 0.5166666666666667 0.5075 0.043333333333333335 0.145
0 0.8566666666666667 0.5075 0.028333333333333332 0.058333333333333334
0 0.5641666666666667 0.5158333333333334 0.06166666666666667 0.13833333333333334
0 0.6125 0.525 0.03333333333333333 0.125
0 0.8166666666666667 0.5308333333333334 0.021666666666666667 0.06833333333333333
0 0.6475 0.5325 0.03 0.11333333333333333
0 0.675 0.535 0.03166666666666667 0.10833333333333334
0 0.7016666666666667 0.5391666666666667 0.021666666666666667 0.1
0 0.7191666666666666 0.5391666666666667 0.023333333333333334 0.09666666666666666
0 0.7366666666666667 0.5408333333333334 0.018333333333333333 0.09
0 0.7591666666666667 0.5408333333333334 0.028333333333333332 0.09
0 0.8633333333333333 0.5625 0.021666666666666667 0.051666666666666666
0 0.8125 0.6058333333333333 0.035 0.08
0 0.8383333333333334 0.61 0.016666666666666666 0.075
0 0.8833333333333333 0.6591666666666667 0.03166666666666667 0.07166666666666667
0 0.8641666666666666 0.6725 0.023333333333333334 0.06333333333333334
0 0.8475 0.6766666666666666 0.018333333333333333 0.06166666666666667
0 0.8283333333333334 0.6783333333333333 0.023333333333333334 0.06666666666666667
0 0.5141666666666667 0.6791666666666667 0.05333333333333334 0.14333333333333334
0 0.42583333333333334 0.685 0.12166666666666667 0.155
0 0.7416666666666667 0.7366666666666667 0.04 0.09333333333333334
0 0.7141666666666666 0.75 0.021666666666666667 0.10166666666666667
0 0.6875 0.76 0.03666666666666667 0.11833333333333333
0 0.6583333333333333 0.7733333333333333 0.03333333333333333 0.115
0 0.6333333333333333 0.7808333333333334 0.03666666666666667 0.13333333333333333
0 0.6016666666666667 0.7908333333333334 0.058333333333333334 0.145
0 0.5558333333333333 0.8041666666666667 0.04 0.155
0 0.5166666666666667 0.83 0.04833333333333333 0.15333333333333332
0 0.45 0.8466666666666667 0.085 0.165
0 0.38 0.85 0.06 0.19
0 0.30833333333333335 0.8816666666666667 0.09666666666666666 0.215
0 0.21166666666666667 0.8941666666666667 0.09 0.20833333333333334
0 0.13333333333333333 0.9008333333333334 0.08833333333333333 0.18833333333333332