0 0.18333333333333332 0.16916666666666666 0.05333333333333334 0.07166666666666667
0 0.45166666666666666 0.17583333333333334 0.04833333333333333 0.085
0 0.7875 0.185 0.07 0.1
0 0.4041666666666667 0.19 0.043333333333333335 0.08166666666666667
0 0.3616666666666667 0.19083333333333333 0.043333333333333335 0.08166666666666667
0 0.7175 0.19083333333333333 0.06166666666666667 0.1
0 0.66 0.20416666666666666 0.055 0.095
0 0.29 0.20833333333333334 0.051666666666666666 0.07
0 0.6016666666666667 0.21333333333333335 0.056666666666666664 0.08666666666666667
0 0.02666666666666667 0.215 0.04666666666666667 0.07833333333333334
0 0.24916666666666668 0.22833333333333333 0.03666666666666667 0.07
0 0.5475 0.23333333333333334 0.056666666666666664 0.095
0 0.16833333333333333 0.23583333333333334 0.04833333333333333 0.07
0 0.49833333333333335 0.2425 0.058333333333333334 0.08166666666666667
0 0.8658333333333333 0.2525 0.08166666666666667 0.09833333333333333
0 0.45 0.25416666666666665 0.05 0.08333333333333333
0 0.39916666666666667 0.26416666666666666 0.05 0.07333333333333333
0 0.355 0.2675 0.05 0.07666666666666666
0 0.3125 0.2683333333333333 0.04 0.075
0 0.7833333333333333 0.2725 0.07833333333333334 0.075
0 0.7108333333333333 0.2791666666666667 0.058333333333333334 0.07666666666666666
0 0.2725 0.2816666666666667 0.04 0.075
0 0.7358333333333333 0.028333333333333332 0.07333333333333333 0.045
0 0.024166666666666666 0.28833333333333333 0.04833333333333333 0.07
0 0.6541666666666667 0.29 0.058333333333333334 0.08666666666666667
0 0.23333333333333334 0.29333333333333333 0.041666666666666664 0.056666666666666664
0 0.2025 0.2966666666666667 0.041666666666666664 0.06666666666666667
0 0.595 0.2991666666666667 0.06166666666666667 0.08666666666666667
0 0.16333333333333333 0.30333333333333334 0.03833333333333333 0.07
0 0.5391666666666667 0.3125 0.05333333333333334 0.07833333333333334
0 0.4866666666666667 0.31916666666666665 0.051666666666666666 0.07833333333333334
0 0.43916666666666665 0.3308333333333333 0.04666666666666667 0.07166666666666667
0 0.39166666666666666 0.335 0.04666666666666667 0.07333333333333333
0 0.3441666666666667 0.3425 0.041666666666666664 0.07166666666666667
0 0.29833333333333334 0.345 0.04 0.07166666666666667
0 0.2633333333333333 0.35583333333333333 0.03833333333333333 0.06833333333333333
0 0.22583333333333333 0.3566666666666667 0.03166666666666667 0.06333333333333334
0 0.025833333333333333 0.36 0.041666666666666664 0.07166666666666667
0 0.19333333333333333 0.3625 0.03333333333333333 0.06333333333333334
0 0.1575 0.36583333333333334 0.035 0.058333333333333334
0 0.0225 0.4633333333333333 0.045 0.08166666666666667
0 0.6841666666666667 0.04666666666666667 0.058333333333333334 0.041666666666666664
0 0.6216666666666667 0.049166666666666664 0.06666666666666667 0.085
0 0.8558333333333333 0.05416666666666667 0.07833333333333334 0.10833333333333334
0 0.020833333333333332 0.5416666666666666 0.041666666666666664 0.07666666666666666
0 0.5416666666666666 0.5533333333333333 0.06833333333333333 0.1
0 0.835 0.5583333333333333 0.058333333333333334 0.055
0 0.6033333333333334 0.5641666666666667 0.043333333333333335 0.07166666666666667
0 0.19333333333333333 0.5666666666666667 0.058333333333333334 0.05333333333333334
0 0.355 0.57 0.056666666666666664 0.04833333333333333
0 0.8433333333333334 0.625 0.04833333333333333 0.08
0 0.7875 0.6275 0.065 0.075
0 0.12083333333333333 0.6275 0.04833333333333333 0.08333333333333333
0 0.16333333333333333 0.635 0.04833333333333333 0.08333333333333333
0 0.20666666666666667 0.6358333333333334 0.041666666666666664 0.08166666666666667
0 0.345 0.6375 0.065 0.08333333333333333
0 0.43166666666666664 0.6383333333333333 0.065 0.095
0 0.25083333333333335 0.6391666666666667 0.045 0.08333333333333333
0 0.2925 0.64 0.045 0.08666666666666667
0 0.48083333333333333 0.6416666666666667 0.05333333333333334 0.09166666666666666
0 0.5325 0.6483333333333333 0.056666666666666664 0.09333333333333334
0 0.5941666666666666 0.6491666666666667 0.065 0.1
0 0.5633333333333334 0.065 0.056666666666666664 0.08
0 0.6566666666666666 0.6608333333333334 0.065 0.095
0 0.7233333333333334 0.6625 0.06833333333333333 0.09666666666666666
0 0.8416666666666667 0.6825 0.051666666666666666 0.03166666666666667
0 0.7875 0.7016666666666667 0.056666666666666664 0.07833333333333334
0 0.11166666666666666 0.7083333333333334 0.043333333333333335 0.07666666666666666
0 0.16166666666666665 0.7116666666666667 0.05 0.08166666666666667
0 0.2025 0.7183333333333334 0.041666666666666664 0.07833333333333334
0 0.24416666666666667 0.7216666666666667 0.04 0.08
0 0.28833333333333333 0.725 0.04833333333333333 0.08166666666666667
0 0.37666666666666665 0.7275 0.043333333333333335 0.08666666666666667
0 0.3333333333333333 0.7291666666666666 0.05 0.08
0 0.43083333333333335 0.7341666666666666 0.058333333333333334 0.095
0 0.4816666666666667 0.74 0.041666666666666664 0.095
0 0.5925 0.7491666666666666 0.06166666666666667 0.10666666666666667
0 0.5325 0.7516666666666667 0.06 0.09833333333333333
0 0.655 0.7608333333333334 0.06666666666666667 0.10166666666666667
0 0.7241666666666666 0.7641666666666667 0.07166666666666667 0.10833333333333334
0 0.51 0.07833333333333334 0.058333333333333334 0.07
0 0.7833333333333333 0.08583333333333333 0.06666666666666667 0.11833333333333333
0 0.2916666666666667 0.8533333333333334 0.04666666666666667 0.09
0 0.3433333333333333 0.8625 0.04666666666666667 0.09333333333333334
0 0.3925 0.8683333333333333 0.051666666666666666 0.09666666666666666
0 0.44 0.875 0.05333333333333334 0.105
0 0.49666666666666665 0.8883333333333333 0.058333333333333334 0.10666666666666667
0 0.555 0.8966666666666666 0.06666666666666667 0.11
0 0.46166666666666667 0.09083333333333334 0.05 0.07666666666666666
0 0.67 0.9325 0.056666666666666664 0.095
0 0.6158333333333333 0.935 0.05 0.095
0 0.285 0.9433333333333334 0.043333333333333335 0.085
0 0.335 0.955 0.056666666666666664 0.08666666666666667
0 0.7208333333333333 0.9566666666666667 0.056666666666666664 0.085
0 0.3858333333333333 0.9608333333333333 0.056666666666666664 0.07666666666666666
0 0.44083333333333335 0.9625 0.058333333333333334 0.07166666666666667
0 0.49666666666666665 0.9666666666666667 0.06 0.06333333333333334
0 0.5566666666666666 0.9708333333333333 0.06333333333333334 0.055
0 0.7216666666666667 0.1 0.058333333333333334 0.09666666666666666
0 0.4116666666666667 0.11083333333333334 0.043333333333333335 0.07166666666666667
0 0.36916666666666664 0.11416666666666667 0.04666666666666667 0.07166666666666667
0 0.6625 0.11666666666666667 0.056666666666666664 0.09333333333333334
0 0.6058333333333333 0.12916666666666668 0.055 0.09
0 0.2966666666666667 0.13416666666666666 0.055 0.07333333333333333
0 0.5541666666666667 0.14916666666666667 0.04666666666666667 0.08666666666666667
0 0.86 0.15166666666666667 0.08666666666666667 0.10333333333333333
0 0.2525 0.15666666666666668 0.035 0.06833333333333333
0 0.5033333333333333 0.15666666666666668 0.05333333333333334 0.09