0 0.0425 0.23 0.085 0.135
0 0.3825 0.23166666666666666 0.09 0.12166666666666667
0 0.5483333333333333 0.23166666666666666 0.09 0.12833333333333333
0 0.2991666666666667 0.23666666666666666 0.085 0.11833333333333333
0 0.12583333333333332 0.23666666666666666 0.08333333333333333 0.11833333333333333
0 0.20916666666666667 0.23833333333333334 0.09666666666666666 0.11833333333333333
0 0.9775 0.24166666666666667 0.041666666666666664 0.12
0 0.7266666666666667 0.24333333333333335 0.085 0.11166666666666666
0 0.8233333333333334 0.24416666666666667 0.08666666666666667 0.11666666666666667
0 0.9183333333333333 0.25166666666666665 0.07666666666666666 0.12333333333333334
0 0.6433333333333333 0.25833333333333336 0.07666666666666666 0.09833333333333333
0 0.8133333333333334 0.34833333333333333 0.07166666666666667 0.08833333333333333
0 0.21416666666666667 0.35 0.09333333333333334 0.12
0 0.2975 0.35083333333333333 0.08833333333333333 0.11
0 0.045 0.3525 0.09 0.125
0 0.4625 0.3541666666666667 0.08333333333333333 0.125
0 0.37833333333333335 0.35583333333333333 0.085 0.12166666666666667
0 0.5475 0.3575 0.08666666666666667 0.12
0 0.9733333333333334 0.3575 0.05 0.10833333333333334
0 0.12833333333333333 0.3591666666666667 0.09333333333333334 0.12666666666666668
0 0.7283333333333334 0.36 0.09166666666666666 0.09833333333333333
0 0.6408333333333334 0.3616666666666667 0.08333333333333333 0.09833333333333333
0 0.9041666666666667 0.36583333333333334 0.09 0.11
0 0.205 0.49166666666666664 0.08333333333333333 0.125
0 0.37583333333333335 0.4975 0.09166666666666666 0.115
0 0.11583333333333333 0.4975 0.085 0.115
0 0.5441666666666667 0.49833333333333335 0.08 0.12
0 0.6325 0.49833333333333335 0.08166666666666667 0.11166666666666666
0 0.8083333333333333 0.49833333333333335 0.06833333333333333 0.09666666666666666
0 0.2866666666666667 0.49833333333333335 0.08 0.125
0 0.455 0.5 0.09 0.11666666666666667
0 0.8833333333333333 0.5016666666666667 0.07666666666666666 0.10333333333333333
0 0.7125 0.5025 0.07333333333333333 0.10166666666666667
0 0.03916666666666667 0.5333333333333333 0.06833333333333333 0.07833333333333334
0 0.20833333333333334 0.605 0.07833333333333334 0.105
0 0.28583333333333333 0.6058333333333333 0.08666666666666667 0.12
0 0.11666666666666667 0.6075 0.09 0.11
0 0.805 0.6125 0.08333333333333333 0.13333333333333333
0 0.03666666666666667 0.6141666666666666 0.07333333333333333 0.08166666666666667
0 0.5425 0.6141666666666666 0.085 0.11166666666666666
0 0.4533333333333333 0.615 0.08 0.11
0 0.3725 0.6158333333333333 0.085 0.11833333333333333
0 0.7141666666666666 0.6158333333333333 0.095 0.13333333333333333
0 0.6291666666666667 0.6208333333333333 0.07666666666666666 0.10666666666666667
0 0.8925 0.6208333333333333 0.095 0.135
0 0.11083333333333334 0.7491666666666666 0.08 0.115
0 0.9633333333333334 0.07666666666666666 0.07 0.12333333333333334
0 0.3575 0.7608333333333334 0.07833333333333334 0.12
0 0.19416666666666665 0.7625 0.07833333333333334 0.11833333333333333
0 0.4425 0.7625 0.08166666666666667 0.12166666666666667
0 0.6158333333333333 0.7641666666666667 0.08833333333333333 0.08166666666666667
0 0.27416666666666667 0.765 0.07833333333333334 0.11666666666666667
0 0.5308333333333334 0.7675 0.08333333333333333 0.11833333333333333
0 0.8825 0.08 0.08833333333333333 0.10833333333333334
0 0.24833333333333332 0.08166666666666667 0.08666666666666667 0.11166666666666666
0 0.7866666666666666 0.8025 0.09666666666666666 0.12
0 0.6991666666666667 0.805 0.07166666666666667 0.11833333333333333
0 0.14916666666666667 0.08416666666666667 0.09666666666666666 0.12666666666666668
0 0.6158333333333333 0.8408333333333333 0.08833333333333333 0.08
0 0.7866666666666666 0.085 0.09666666666666666 0.11166666666666666
0 0.32666666666666666 0.08583333333333333 0.09333333333333334 0.12
0 0.03833333333333333 0.85 0.07166666666666667 0.115
0 0.11333333333333333 0.8608333333333333 0.07333333333333333 0.105
0 0.05416666666666667 0.08666666666666667 0.10666666666666667 0.13166666666666665
0 0.19333333333333333 0.8691666666666666 0.07833333333333334 0.10333333333333333
0 0.2708333333333333 0.8725 0.08833333333333333 0.10833333333333334
0 0.35583333333333333 0.875 0.08166666666666667 0.115
0 0.43916666666666665 0.8775 0.08 0.11666666666666667
0 0.5175 0.08833333333333333 0.09166666666666666 0.105
0 0.6975 0.08833333333333333 0.10166666666666667 0.10166666666666667
0 0.5241666666666667 0.8866666666666667 0.08833333333333333 0.11666666666666667
0 0.43 0.09083333333333334 0.1 0.10666666666666667
0 0.6975 0.9075 0.085 0.10666666666666667
0 0.61 0.9091666666666667 0.07666666666666666 0.07666666666666666
0 0.7825 0.9125 0.08333333333333333 0.10666666666666667
0 0.6116666666666667 0.09416666666666666 0.09666666666666666 0.11333333333333333