0 0.8633333333333333 0.355 0.1 0.125
0 0.9475 0.35583333333333333 0.09666666666666666 0.13666666666666666
0 0.795 0.3675 0.055 0.09333333333333334
0 0.6741666666666667 0.3983333333333333 0.105 0.095
0 0.42333333333333334 0.4675 0.10333333333333333 0.14833333333333334
0 0.2125 0.4683333333333333 0.11333333333333333 0.14833333333333334
0 0.32 0.47 0.105 0.14833333333333334
0 0.5358333333333334 0.475 0.09333333333333334 0.135
0 0.9508333333333333 0.47583333333333333 0.095 0.13166666666666665
0 0.7533333333333333 0.4791666666666667 0.09 0.12666666666666668
0 0.8683333333333333 0.4825 0.09333333333333334 0.12666666666666668
0 0.5966666666666667 0.49 0.06333333333333334 0.10833333333333334
0 0.6633333333333333 0.49916666666666665 0.08833333333333333 0.09333333333333334
0 0.955 0.6483333333333333 0.08666666666666667 0.12333333333333334
0 0.7933333333333333 0.6533333333333333 0.105 0.12666666666666668
0 0.8741666666666666 0.6533333333333333 0.08 0.12166666666666667
0 0.5516666666666666 0.6633333333333333 0.085 0.125
0 0.6391666666666667 0.6716666666666666 0.08 0.10166666666666667
0 0.49916666666666665 0.6775 0.105 0.12333333333333334
0 0.39916666666666667 0.7316666666666667 0.105 0.08833333333333333
0 0.7141666666666666 0.7458333333333333 0.085 0.095
0 0.8858333333333334 0.775 0.095 0.14833333333333334
0 0.9616666666666667 0.7783333333333333 0.07333333333333333 0.13666666666666666
0 0.29 0.7858333333333334 0.10333333333333333 0.15333333333333332
0 0.5933333333333334 0.7916666666666666 0.07333333333333333 0.095
0 0.5041666666666667 0.7991666666666667 0.09833333333333333 0.14
0 0.38916666666666666 0.8158333333333333 0.115 0.09