0 0.21083333333333334 0.4675 0.075 0.13333333333333333
0 0.5633333333333334 0.4675 0.1 0.12666666666666668
0 0.4633333333333333 0.47583333333333333 0.1 0.13333333333333333
0 0.2866666666666667 0.47583333333333333 0.08 0.11
0 0.37416666666666665 0.48 0.105 0.11833333333333333
0 0.8858333333333334 0.4866666666666667 0.105 0.16833333333333333
0 0.7716666666666666 0.49083333333333334 0.115 0.16166666666666665
0 0.665 0.5016666666666667 0.10333333333333333 0.165
0 0.19666666666666666 0.6275 0.10166666666666667 0.17666666666666667
0 0.10583333333333333 0.6283333333333333 0.11 0.16833333333333333
0 0.31083333333333335 0.6283333333333333 0.12666666666666668 0.185
0 0.4225 0.63 0.135 0.185
0 0.0225 0.63 0.045 0.17
0 0.5491666666666667 0.6316666666666667 0.13 0.205
0 0.7808333333333334 0.65 0.11833333333333333 0.175
0 0.9 0.6533333333333333 0.14 0.165
0 0.6708333333333333 0.6591666666666667 0.10666666666666667 0.14666666666666667