0 0.5725 0.31305637982195844 0.095 0.23738872403560832
0 0.6341666666666667 0.3264094955489614 0.04666666666666667 0.21068249258160238
0 0.665 0.3427299703264095 0.025 0.20474777448071216
0 0.5083333333333333 0.3768545994065282 0.018333333333333333 0.09198813056379822
0 0.48 0.37833827893175076 0.035 0.10682492581602374
0 0.6941666666666667 0.38427299703264095 0.03666666666666667 0.1661721068249258
0 0.7225 0.39317507418397624 0.03 0.1661721068249258
0 0.7566666666666667 0.4124629080118694 0.03166666666666667 0.12462908011869436
0 0.795 0.4198813056379822 0.043333333333333335 0.10979228486646884
0 0.8333333333333334 0.43471810089020774 0.023333333333333334 0.0771513353115727
0 0.5075 0.4629080118694362 0.021666666666666667 0.0712166172106825
0 0.48333333333333334 0.46735905044510384 0.02666666666666667 0.0712166172106825
0 0.11583333333333333 0.49258160237388726 0.225 0.6023738872403561
0 0.2866666666666667 0.5103857566765578 0.13166666666666665 0.4540059347181009
0 0.3925 0.5178041543026706 0.10333333333333333 0.3798219584569733
0 0.7975 0.5311572700296736 0.05 0.11275964391691394
0 0.8233333333333334 0.5341246290801187 0.02 0.12166172106824925
0 0.6475 0.5385756676557863 0.041666666666666664 0.20771513353115728
0 0.58 0.5415430267062314 0.09833333333333333 0.2195845697329377
0 0.6733333333333333 0.543026706231454 0.025 0.18991097922848665
0 0.7291666666666666 0.5459940652818991 0.03 0.14836795252225518
0 0.7625 0.5459940652818991 0.028333333333333332 0.12759643916913946
0 0.7008333333333333 0.5474777448071216 0.03666666666666667 0.1661721068249258
0 0.8041666666666667 0.6691394658753709 0.045 0.142433234421365
0 0.7633333333333333 0.6869436201780416 0.03 0.13649851632047477
0 0.7358333333333333 0.7032640949554896 0.03166666666666667 0.1513353115727003
0 0.7083333333333334 0.712166172106825 0.043333333333333335 0.1632047477744807
0 0.6825 0.7373887240356083 0.028333333333333332 0.18991097922848665
0 0.655 0.7507418397626113 0.04666666666666667 0.20474777448071216
0 0.5875 0.7655786350148368 0.09 0.21364985163204747
0 0.4041666666666667 0.8531157270029673 0.10166666666666667 0.28486646884273
0 0.10916666666666666 0.08902077151335312 0.21666666666666667 0.17804154302670624
0 0.2916666666666667 0.8679525222551929 0.13333333333333333 0.258160237388724
0 0.11833333333333333 0.9109792284866469 0.22666666666666666 0.17210682492581603
0 0.6083333333333333 0.12166172106824925 0.09 0.22255192878338279
0 0.28 0.14836795252225518 0.125 0.29673590504451036
0 0.4766666666666667 0.16913946587537093 0.03333333333333333 0.11275964391691394
0 0.3883333333333333 0.17359050445103857 0.09333333333333334 0.34718100890207715
0 0.6783333333333333 0.21513353115727002 0.05 0.17507418397626112
0 0.7208333333333333 0.24925816023738873 0.041666666666666664 0.142433234421365
0 0.4816666666666667 0.27596439169139464 0.025 0.09792284866468842
0 0.5033333333333333 0.28486646884273 0.018333333333333333 0.09198813056379822