0 0.49 0.3367952522255193 0.15333333333333332 0.4035608308605341
0 0.6541666666666667 0.35311572700296734 0.14666666666666667 0.4065281899109792
0 0.8133333333333334 0.36053412462908013 0.17 0.43026706231454004
0 0.9475 0.39020771513353114 0.10166666666666667 0.35311572700296734
0 0.06666666666666667 0.5964391691394659 0.13333333333333333 0.29673590504451036
0 0.19916666666666666 0.6632047477744807 0.14333333333333334 0.3590504451038576
0 0.34 0.6824925816023739 0.14 0.3887240356083086
0 0.7158333333333333 0.07270029673590504 0.09166666666666666 0.14540059347181009
0 0.4816666666666667 0.7181008902077152 0.15 0.37388724035608306
0 0.8125 0.07566765578635015 0.09833333333333333 0.1513353115727003
0 0.6408333333333334 0.7462908011869436 0.14166666666666666 0.35311572700296734
0 0.805 0.7774480712166172 0.15333333333333332 0.39465875370919884
0 0.9425 0.7818991097922848 0.11166666666666666 0.43026706231454004
0 0.060833333333333336 0.26409495548961426 0.12166666666666667 0.41839762611275966
0 0.20166666666666666 0.28635014836795253 0.14 0.3768545994065282
0 0.3416666666666667 0.29376854599406527 0.14166666666666666 0.3768545994065282