0 0.5341666666666667 0.29673590504451036 0.03 0.10385756676557864
0 0.2425 0.30712166172106825 0.07 0.18100890207715134
0 0.5541666666666667 0.314540059347181 0.025 0.09495548961424333
0 0.42 0.31750741839762614 0.041666666666666664 0.13353115727002968
0 0.3641666666666667 0.03412462908011869 0.035 0.06824925816023739
0 0.5708333333333333 0.33086053412462907 0.02 0.08902077151335312
0 0.45166666666666666 0.34124629080118696 0.03666666666666667 0.12462908011869436
0 0.5866666666666667 0.3456973293768546 0.02666666666666667 0.09198813056379822
0 0.305 0.3545994065281899 0.06 0.1661721068249258
0 0.4816666666666667 0.3664688427299703 0.03666666666666667 0.12166172106824925
0 0.35333333333333333 0.3857566765578635 0.06 0.1572700296735905
0 0.505 0.38724035608308605 0.03166666666666667 0.11869436201780416
0 0.5291666666666667 0.4065281899109792 0.03333333333333333 0.10682492581602374
0 0.3975 0.413946587537092 0.04833333333333333 0.13353115727002968
0 0.55 0.4198813056379822 0.028333333333333332 0.11572700296735905
0 0.5683333333333334 0.4362017804154303 0.02666666666666667 0.10979228486646884
0 0.43083333333333335 0.4406528189910979 0.03666666666666667 0.11869436201780416
0 0.44583333333333336 0.04451038575667656 0.03166666666666667 0.08902077151335312
0 0.5866666666666667 0.4495548961424332 0.028333333333333332 0.10385756676557864
0 0.4633333333333333 0.4599406528189911 0.035 0.12166172106824925
0 0.6041666666666666 0.46439169139465875 0.025 0.09495548961424333
0 0.03666666666666667 0.04747774480712166 0.07166666666666667 0.09495548961424333
0 0.49166666666666664 0.4762611275964392 0.03166666666666667 0.11869436201780416
0 0.24 0.4807121661721068 0.065 0.14836795252225518
0 0.6216666666666667 0.486646884272997 0.025 0.09198813056379822
0 0.5158333333333334 0.49258160237388726 0.028333333333333332 0.10979228486646884
0 0.635 0.4940652818991098 0.02 0.08605341246290801
0 0.049166666666666664 0.49851632047477745 0.09666666666666666 0.21068249258160238
0 0.6516666666666666 0.5074183976261127 0.023333333333333334 0.07418397626112759
0 0.5383333333333333 0.5089020771513353 0.028333333333333332 0.10089020771513353
0 0.665 0.516320474777448 0.02 0.07418397626112759
0 0.325 0.5252225519287834 0.065 0.13649851632047477
0 0.56 0.5252225519287834 0.028333333333333332 0.10089020771513353
0 0.13333333333333333 0.526706231454006 0.085 0.18397626112759644
0 0.20083333333333334 0.5326409495548962 0.065 0.11869436201780416
0 0.5808333333333333 0.5341246290801187 0.025 0.10385756676557864
0 0.3725 0.5415430267062314 0.045 0.13056379821958458
0 0.5975 0.5504451038575667 0.021666666666666667 0.10979228486646884
0 0.4066666666666667 0.5519287833827893 0.045 0.12759643916913946
0 0.6141666666666666 0.5608308605341247 0.021666666666666667 0.10385756676557864
0 0.3983333333333333 0.05637982195845697 0.035 0.10979228486646884
0 0.6308333333333334 0.5712166172106825 0.021666666666666667 0.08902077151335312
0 0.6483333333333333 0.5801186943620178 0.016666666666666666 0.0830860534124629
0 0.6608333333333334 0.5905044510385756 0.015 0.08011869436201781
0 0.6758333333333333 0.599406528189911 0.021666666666666667 0.08011869436201781
0 0.44 0.6053412462908012 0.035 0.12166172106824925
0 0.4666666666666667 0.615727002967359 0.041666666666666664 0.1513353115727003
0 0.3016666666666667 0.6216617210682492 0.05333333333333334 0.1572700296735905
0 0.255 0.629080118694362 0.055 0.14836795252225518
0 0.49833333333333335 0.629080118694362 0.043333333333333335 0.142433234421365
0 0.5275 0.6350148367952523 0.03833333333333333 0.13649851632047477
0 0.5516666666666666 0.6483679525222552 0.03333333333333333 0.13056379821958458
0 0.3433333333333333 0.6513353115727003 0.045 0.13649851632047477
0 0.5741666666666667 0.655786350148368 0.035 0.12759643916913946
0 0.20666666666666667 0.6572700296735905 0.07 0.13649851632047477
0 0.615 0.658753709198813 0.03666666666666667 0.12166172106824925
0 0.5941666666666666 0.6632047477744807 0.03 0.11275964391691394
0 0.38166666666666665 0.6661721068249258 0.043333333333333335 0.13353115727002968
0 0.415 0.672106824925816 0.04 0.12462908011869436
0 0.6341666666666667 0.6765578635014837 0.028333333333333332 0.10385756676557864
0 0.47 0.06824925816023739 0.03 0.09792284866468842
0 0.6508333333333334 0.6839762611275965 0.013333333333333334 0.09198813056379822
0 0.665 0.6869436201780416 0.018333333333333333 0.09198813056379822
0 0.05416666666666667 0.7062314540059347 0.105 0.21364985163204747
0 0.4483333333333333 0.7181008902077152 0.035 0.10385756676557864
0 0.14583333333333334 0.7195845697329377 0.085 0.18991097922848665
0 0.48083333333333333 0.7626112759643917 0.04 0.142433234421365
0 0.5083333333333333 0.7670623145400594 0.045 0.13353115727002968
0 0.5383333333333333 0.7685459940652819 0.03833333333333333 0.13056379821958458
0 0.565 0.7729970326409495 0.035 0.12759643916913946
0 0.59 0.7759643916913946 0.03666666666666667 0.12462908011869436
0 0.6275 0.7759643916913946 0.03666666666666667 0.12759643916913946
0 0.6083333333333333 0.7774480712166172 0.03166666666666667 0.12462908011869436
0 0.2625 0.7818991097922848 0.058333333333333334 0.1572700296735905
0 0.31083333333333335 0.7818991097922848 0.051666666666666666 0.16023738872403562
0 0.6466666666666666 0.7863501483679525 0.028333333333333332 0.10979228486646884
0 0.3541666666666667 0.787833827893175 0.04666666666666667 0.1394658753709199
0 0.39166666666666666 0.7922848664688428 0.043333333333333335 0.1394658753709199
0 0.21083333333333334 0.7937685459940653 0.06333333333333334 0.1661721068249258
0 0.425 0.7967359050445104 0.04 0.12462908011869436
0 0.45666666666666667 0.8219584569732937 0.035 0.10979228486646884
0 0.11416666666666667 0.08753709198813056 0.075 0.17507418397626112
0 0.49083333333333334 0.09050445103857567 0.028333333333333332 0.0830860534124629
0 0.6425 0.8916913946587537 0.03666666666666667 0.12462908011869436
0 0.6591666666666667 0.8931750741839762 0.03 0.10979228486646884
0 0.6233333333333333 0.8961424332344213 0.028333333333333332 0.12462908011869436
0 0.6025 0.8976261127596439 0.04 0.12759643916913946
0 0.5491666666666667 0.9050445103857567 0.035 0.1394658753709199
0 0.4925 0.9080118694362018 0.03833333333333333 0.142433234421365
0 0.5216666666666666 0.9080118694362018 0.04666666666666667 0.142433234421365
0 0.0575 0.9080118694362018 0.115 0.17804154302670624
0 0.14583333333333334 0.9094955489614244 0.07833333333333334 0.17507418397626112
0 0.32666666666666666 0.09347181008902077 0.06333333333333334 0.13353115727002968
0 0.43666666666666665 0.9243323442136498 0.03833333333333333 0.13353115727002968
0 0.31583333333333335 0.9272997032640949 0.045 0.142433234421365
0 0.3616666666666667 0.9287833827893175 0.05 0.1394658753709199
0 0.4033333333333333 0.9287833827893175 0.041666666666666664 0.13353115727002968
0 0.27166666666666667 0.9287833827893175 0.06 0.13649851632047477
0 0.465 0.9317507418397626 0.03166666666666667 0.10979228486646884
0 0.21333333333333335 0.9332344213649851 0.06333333333333334 0.12759643916913946
0 0.42583333333333334 0.09940652818991098 0.03666666666666667 0.10682492581602374
0 0.175 0.12759643916913946 0.06833333333333333 0.1543026706231454
0 0.5108333333333334 0.12759643916913946 0.028333333333333332 0.10089020771513353
0 0.37166666666666665 0.129080118694362 0.045 0.12462908011869436
0 0.45416666666666666 0.13056379821958458 0.03166666666666667 0.10385756676557864
0 0.23583333333333334 0.14985163204747776 0.07 0.17804154302670624
0 0.5341666666666667 0.1513353115727003 0.025 0.09198813056379822
0 0.48083333333333333 0.1572700296735905 0.03166666666666667 0.10089020771513353
0 0.405 0.16468842729970326 0.03833333333333333 0.11869436201780416
0 0.5516666666666666 0.17062314540059348 0.023333333333333334 0.0830860534124629
0 0.5025 0.1795252225519288 0.028333333333333332 0.09198813056379822
0 0.03916666666666667 0.18991097922848665 0.075 0.21364985163204747
0 0.5666666666666667 0.19287833827893175 0.023333333333333334 0.0712166172106825
0 0.43583333333333335 0.19881305637982197 0.03666666666666667 0.10979228486646884
0 0.2925 0.20029673590504452 0.06 0.1632047477744807
0 0.5241666666666667 0.21364985163204747 0.03166666666666667 0.08902077151335312
0 0.4608333333333333 0.22551928783382788 0.028333333333333332 0.09495548961424333
0 0.5433333333333333 0.228486646884273 0.023333333333333334 0.08011869436201781
0 0.1125 0.23738872403560832 0.075 0.17507418397626112
0 0.41833333333333333 0.025222551928783383 0.028333333333333332 0.050445103857566766
0 0.3433333333333333 0.24629080118694363 0.056666666666666664 0.16023738872403562
0 0.5616666666666666 0.24629080118694363 0.02666666666666667 0.0830860534124629
0 0.49 0.24925816023738873 0.03 0.09792284866468842
0 0.5775 0.2596439169139466 0.023333333333333334 0.08011869436201781
0 0.17916666666666667 0.2655786350148368 0.06833333333333333 0.1632047477744807
0 0.5125 0.27299703264094954 0.028333333333333332 0.09792284866468842
0 0.38666666666666666 0.2922848664688427 0.04833333333333333 0.142433234421365