0 0.3958333333333333 0.3026706231454006 0.08 0.2433234421364985
0 0.21583333333333332 0.42729970326409494 0.10166666666666667 0.29376854599406527
0 0.6383333333333333 0.43768545994065283 0.08166666666666667 0.19287833827893175
0 0.7058333333333333 0.46439169139465875 0.06666666666666667 0.18991097922848665
0 0.30833333333333335 0.49554896142433236 0.095 0.26409495548961426
0 0.7583333333333333 0.49554896142433236 0.056666666666666664 0.18397626112759644
0 0.3958333333333333 0.5341246290801187 0.08333333333333333 0.24629080118694363
0 0.4841666666666667 0.5415430267062314 0.095 0.24925816023738873
0 0.8333333333333334 0.5608308605341247 0.075 0.1661721068249258
0 0.9216666666666666 0.586053412462908 0.04833333333333333 0.1543026706231454
0 0.96 0.5934718100890207 0.04833333333333333 0.1513353115727003
0 0.59 0.6097922848664689 0.08666666666666667 0.22255192878338279
0 0.6575 0.6261127596439169 0.07 0.2166172106824926
0 0.7158333333333333 0.6439169139465876 0.06833333333333333 0.20474777448071216
0 0.7708333333333334 0.6780415430267063 0.06 0.20178041543026706
0 0.8425 0.7255192878338279 0.08 0.1513353115727003
0 0.1975 0.7299703264094956 0.11 0.314540059347181
0 0.9433333333333334 0.744807121661721 0.05 0.1513353115727003
0 0.9741666666666666 0.744807121661721 0.05 0.1543026706231454
0 0.3 0.7566765578635015 0.10333333333333333 0.2789317507418398
0 0.3933333333333333 0.7759643916913946 0.08833333333333333 0.258160237388724
0 0.4866666666666667 0.7908011869436202 0.09833333333333333 0.26409495548961426
0 0.5933333333333334 0.8234421364985163 0.09 0.21068249258160238
0 0.6691666666666667 0.8338278931750742 0.065 0.2166172106824926
0 0.7275 0.844213649851632 0.06166666666666667 0.21068249258160238
0 0.7825 0.8560830860534124 0.06 0.19881305637982197
0 0.9483333333333334 0.8813056379821959 0.04833333333333333 0.16913946587537093
0 0.8483333333333334 0.8827893175074184 0.07833333333333334 0.14836795252225518
0 0.9833333333333333 0.900593471810089 0.03 0.1572700296735905
0 0.22833333333333333 0.1572700296735905 0.09333333333333334 0.26706231454005935
0 0.3125 0.24777448071216618 0.09166666666666666 0.24629080118694363