0 0.43833333333333335 0.3798219584569733 0.055 0.2166172106824926
0 0.49 0.39020771513353114 0.04833333333333333 0.22255192878338279
0 0.3908333333333333 0.39465875370919884 0.03833333333333333 0.21068249258160238
0 0.5408333333333334 0.4169139465875371 0.05333333333333334 0.23738872403560832
0 0.6658333333333334 0.4688427299703264 0.07166666666666667 0.26112759643916916
0 0.5975 0.47032640949554894 0.06333333333333334 0.24629080118694363
0 0.7416666666666667 0.4762611275964392 0.08 0.24629080118694363
0 0.8166666666666667 0.4792284866468843 0.07166666666666667 0.29376854599406527
0 0.9083333333333333 0.5014836795252225 0.10333333333333333 0.3026706231454006
0 0.9808333333333333 0.5029673590504451 0.035 0.3056379821958457
0 0.4375 0.6008902077151336 0.056666666666666664 0.228486646884273
0 0.38916666666666666 0.6038575667655787 0.04 0.21068249258160238
0 0.49 0.6186943620178041 0.04666666666666667 0.2344213649851632
0 0.5391666666666667 0.629080118694362 0.05333333333333334 0.18397626112759644
0 0.5991666666666666 0.7106824925816023 0.06166666666666667 0.24629080118694363
0 0.6658333333333334 0.7210682492581603 0.075 0.2403560830860534
0 0.7408333333333333 0.7403560830860534 0.075 0.2818991097922849
0 0.8166666666666667 0.7700296735905044 0.06833333333333333 0.2878338278931751
0 0.9041666666666667 0.8041543026706232 0.11 0.29376854599406527
0 0.3925 0.8130563798219584 0.04 0.20474777448071216
0 0.43833333333333335 0.8234421364985163 0.05333333333333334 0.2166172106824926
0 0.9791666666666666 0.8264094955489614 0.03833333333333333 0.3353115727002967
0 0.6675 0.9183976261127597 0.075 0.1572700296735905
0 0.7416666666666667 0.9272997032640949 0.07666666666666666 0.1394658753709199
0 0.8158333333333333 0.9554896142433235 0.06833333333333333 0.0830860534124629
0 0.435 0.15578635014836795 0.05333333333333334 0.2314540059347181
0 0.48833333333333334 0.15875370919881307 0.05333333333333334 0.2403560830860534
0 0.5458333333333333 0.17655786350148367 0.06 0.24629080118694363
0 0.3875 0.17804154302670624 0.04 0.22255192878338279
0 0.8158333333333333 0.1824925816023739 0.07 0.2997032640949555
0 0.665 0.19881305637982197 0.075 0.2818991097922849
0 0.3125 0.20029673590504452 0.06666666666666667 0.23738872403560832
0 0.955 0.20178041543026706 0.08666666666666667 0.28486646884273
0 0.5983333333333334 0.2166172106824926 0.06 0.26112759643916916
0 0.7416666666666667 0.2166172106824926 0.08 0.26706231454005935
0 0.3475 0.2314540059347181 0.03833333333333333 0.20178041543026706