0 0.4 0.15 0.08833333333333333 0.18222222222222223
0 0.4025 0.3055555555555556 0.09 0.18
0 0.4058333333333333 0.4722222222222222 0.09 0.18222222222222223
0 0.4058333333333333 0.6511111111111111 0.09333333333333334 0.18444444444444444
0 0.4891666666666667 0.3188888888888889 0.08333333333333333 0.1688888888888889
0 0.495 0.47888888888888886 0.09 0.1711111111111111
0 0.4975 0.6466666666666666 0.08666666666666667 0.17555555555555555
0 0.5683333333333334 0.3188888888888889 0.08 0.16444444444444445
0 0.575 0.4722222222222222 0.07833333333333334 0.16666666666666666
0 0.5808333333333333 0.6422222222222222 0.08333333333333333 0.17333333333333334
0 0.6491666666666667 0.33666666666666667 0.08333333333333333 0.16
0 0.6575 0.4855555555555556 0.08 0.15777777777777777
0 0.6658333333333334 0.6455555555555555 0.08833333333333333 0.15777777777777777
0 0.7158333333333333 0.3433333333333333 0.07 0.14666666666666667
0 0.7291666666666666 0.4855555555555556 0.06833333333333333 0.15333333333333332
0 0.7458333333333333 0.6377777777777778 0.07666666666666666 0.15555555555555556
0 0.30666666666666664 0.66 0.10333333333333333 0.18222222222222223
0 0.31 0.48777777777777775 0.1 0.1711111111111111
0 0.30916666666666665 0.32222222222222224 0.09666666666666666 0.16666666666666666
0 0.31 0.1622222222222222 0.09166666666666666 0.15555555555555556
0 0.19583333333333333 0.6655555555555556 0.11333333333333333 0.19555555555555557
0 0.205 0.4811111111111111 0.10833333333333334 0.18444444444444444
0 0.20833333333333334 0.29888888888888887 0.10166666666666667 0.19777777777777777
0 0.07833333333333334 0.6644444444444444 0.12333333333333334 0.21555555555555556
0 0.0875 0.45444444444444443 0.12 0.2111111111111111
0 0.09583333333333334 0.2544444444444444 0.12166666666666667 0.20666666666666667