0 0.6241666666666666 0.2777777777777778 0.12666666666666668 0.2288888888888889
0 0.11666666666666667 0.30777777777777776 0.15 0.24666666666666667
0 0.5016666666666667 0.31 0.11833333333333333 0.24222222222222223
0 0.02666666666666667 0.31555555555555553 0.05333333333333334 0.27555555555555555
0 0.8825 0.31777777777777777 0.14 0.23555555555555555
0 0.6408333333333334 0.5166666666666667 0.145 0.2577777777777778
0 0.7775 0.5266666666666666 0.13833333333333334 0.24444444444444444
0 0.8975 0.5355555555555556 0.12666666666666668 0.23333333333333334
0 0.23166666666666666 0.54 0.14166666666666666 0.24222222222222223
0 0.9791666666666666 0.5411111111111111 0.03833333333333333 0.22
0 0.5066666666666667 0.5455555555555556 0.125 0.24
0 0.10583333333333333 0.5455555555555556 0.13166666666666665 0.24222222222222223
0 0.4125 0.5544444444444444 0.065 0.22
0 0.9116666666666666 0.7622222222222222 0.12166666666666667 0.26222222222222225
0 0.4216666666666667 0.7722222222222223 0.04666666666666667 0.2222222222222222
0 0.7883333333333333 0.7733333333333333 0.13666666666666666 0.2577777777777778
0 0.6491666666666667 0.78 0.155 0.2733333333333333
0 0.5058333333333334 0.7911111111111111 0.12666666666666668 0.25555555555555554
0 0.23083333333333333 0.8033333333333333 0.14666666666666667 0.2577777777777778
0 0.0875 0.8077777777777778 0.14333333333333334 0.27555555555555555