0 0.1025 0.24444444444444444 0.08166666666666667 0.17333333333333334
0 0.0475 0.25666666666666665 0.05 0.1511111111111111
0 0.14083333333333334 0.27 0.07166666666666667 0.16444444444444445
0 0.1975 0.27555555555555555 0.125 0.2
0 0.46 0.29 0.15166666666666667 0.3244444444444444
0 0.31166666666666665 0.29333333333333333 0.14 0.3022222222222222
0 0.615 0.29444444444444445 0.14333333333333334 0.36444444444444446
0 0.8008333333333333 0.31666666666666665 0.22833333333333333 0.44666666666666666
0 0.07666666666666666 0.4011111111111111 0.065 0.13777777777777778
0 0.12583333333333332 0.4166666666666667 0.06833333333333333 0.15555555555555556
0 0.225 0.4533333333333333 0.125 0.1711111111111111
0 0.10416666666666667 0.5477777777777778 0.06666666666666667 0.14444444444444443
0 0.35583333333333333 0.5611111111111111 0.14333333333333334 0.24444444444444444
0 0.14666666666666667 0.5655555555555556 0.056666666666666664 0.13777777777777778
0 0.48583333333333334 0.5755555555555556 0.13333333333333333 0.27111111111111114
0 0.6241666666666666 0.6188888888888889 0.125 0.2911111111111111
0 0.9375 0.62 0.12166666666666667 0.39111111111111113
0 0.24666666666666667 0.6211111111111111 0.13 0.1688888888888889
0 0.7783333333333333 0.6966666666666667 0.17833333333333334 0.3244444444444444
0 0.37333333333333335 0.7822222222222223 0.11 0.2088888888888889
0 0.49666666666666665 0.8122222222222222 0.12833333333333333 0.22
0 0.63 0.8844444444444445 0.12333333333333334 0.2222222222222222
0 0.18666666666666668 0.09222222222222222 0.13333333333333333 0.18444444444444444
0 0.7716666666666666 0.9388888888888889 0.16666666666666666 0.11777777777777777