0 0.5891666666666666 0.2222222222222222 0.04833333333333333 0.1511111111111111
0 0.20916666666666667 0.22777777777777777 0.12333333333333334 0.2644444444444444
0 0.7725 0.24 0.02666666666666667 0.1111111111111111
0 0.6333333333333333 0.2511111111111111 0.04833333333333333 0.14
0 0.7958333333333333 0.25555555555555554 0.03 0.1
0 0.32083333333333336 0.26666666666666666 0.1 0.22666666666666666
0 0.8166666666666667 0.2722222222222222 0.02666666666666667 0.09555555555555556
0 0.8358333333333333 0.2866666666666667 0.025 0.09111111111111111
0 0.6916666666666667 0.2877777777777778 0.03333333333333333 0.12
0 0.41083333333333333 0.29777777777777775 0.08166666666666667 0.19777777777777777
0 0.725 0.3088888888888889 0.035 0.11777777777777777
0 0.755 0.3244444444444444 0.035 0.11333333333333333
0 0.485 0.3277777777777778 0.07 0.17777777777777778
0 0.7791666666666667 0.34 0.03 0.10666666666666667
0 0.5441666666666667 0.35 0.06166666666666667 0.16
0 0.8041666666666667 0.3511111111111111 0.03 0.09555555555555556
0 0.8258333333333333 0.3655555555555556 0.021666666666666667 0.09111111111111111
0 0.5975 0.3711111111111111 0.04833333333333333 0.14666666666666667
0 0.8441666666666666 0.37555555555555553 0.025 0.09333333333333334
0 0.6408333333333334 0.38555555555555554 0.04 0.13555555555555557
0 0.4741666666666667 0.04111111111111111 0.06333333333333334 0.08222222222222222
0 0.7025 0.41 0.04 0.12444444444444444
0 0.7333333333333333 0.4211111111111111 0.035 0.11333333333333333
0 0.7625 0.4311111111111111 0.03166666666666667 0.10666666666666667
0 0.7866666666666666 0.44 0.02666666666666667 0.1
0 0.81 0.4477777777777778 0.02666666666666667 0.09777777777777778
0 0.8316666666666667 0.45444444444444443 0.021666666666666667 0.09777777777777778
0 0.8483333333333334 0.46111111111111114 0.02 0.08888888888888889
0 0.205 0.05555555555555555 0.12333333333333334 0.1111111111111111
0 0.7275 0.5555555555555556 0.03166666666666667 0.09555555555555556
0 0.7508333333333334 0.5588888888888889 0.02666666666666667 0.09333333333333334
0 0.7741666666666667 0.56 0.018333333333333333 0.08666666666666667
0 0.7933333333333333 0.5611111111111111 0.015 0.08666666666666667
0 0.8108333333333333 0.5611111111111111 0.015 0.07333333333333333
0 0.8275 0.5644444444444444 0.01 0.06888888888888889
0 0.84 0.5644444444444444 0.015 0.06888888888888889
0 0.6058333333333333 0.5666666666666667 0.056666666666666664 0.1622222222222222
0 0.6491666666666667 0.5677777777777778 0.04833333333333333 0.15333333333333332
0 0.5333333333333333 0.058888888888888886 0.056666666666666664 0.11777777777777777
0 0.3258333333333333 0.5777777777777777 0.10333333333333333 0.2311111111111111
0 0.49166666666666664 0.5833333333333334 0.07833333333333334 0.18666666666666668
0 0.42083333333333334 0.5844444444444444 0.08666666666666667 0.2111111111111111
0 0.20583333333333334 0.5855555555555556 0.13666666666666666 0.28
0 0.555 0.5866666666666667 0.06166666666666667 0.17333333333333334
0 0.7075 0.6311111111111111 0.028333333333333332 0.10888888888888888
0 0.8333333333333334 0.6366666666666667 0.018333333333333333 0.07111111111111111
0 0.8475 0.64 0.016666666666666666 0.06888888888888889
0 0.8183333333333334 0.6411111111111111 0.018333333333333333 0.07333333333333333
0 0.8016666666666666 0.6444444444444445 0.011666666666666667 0.08
0 0.785 0.6488888888888888 0.018333333333333333 0.08444444444444445
0 0.76 0.6533333333333333 0.03166666666666667 0.09111111111111111
0 0.735 0.6555555555555556 0.035 0.10222222222222223
0 0.8375 0.7166666666666667 0.02 0.07555555555555556
0 0.8225 0.7222222222222222 0.018333333333333333 0.07777777777777778
0 0.6625 0.7233333333333334 0.05 0.15555555555555556
0 0.8066666666666666 0.7311111111111112 0.018333333333333333 0.08222222222222222
0 0.6191666666666666 0.7355555555555555 0.055 0.17333333333333334
0 0.7875 0.7366666666666667 0.02 0.08444444444444445
0 0.765 0.7466666666666667 0.021666666666666667 0.09111111111111111
0 0.7441666666666666 0.7544444444444445 0.03166666666666667 0.1
0 0.565 0.76 0.06666666666666667 0.1711111111111111
0 0.5016666666666667 0.7777777777777778 0.075 0.20666666666666667
0 0.4225 0.7977777777777778 0.085 0.2288888888888889
0 0.8458333333333333 0.8 0.02 0.07777777777777778
0 0.8291666666666667 0.8077777777777778 0.018333333333333333 0.08444444444444445
0 0.8133333333333334 0.82 0.023333333333333334 0.07777777777777778
0 0.5783333333333334 0.08333333333333333 0.051666666666666666 0.14888888888888888
0 0.3275 0.8244444444444444 0.11166666666666666 0.26222222222222225
0 0.795 0.8277777777777777 0.021666666666666667 0.08666666666666667
0 0.775 0.8422222222222222 0.03 0.09333333333333334
0 0.31916666666666665 0.08444444444444445 0.09666666666666666 0.1688888888888889
0 0.21 0.8544444444444445 0.125 0.28444444444444444
0 0.7533333333333333 0.8566666666666667 0.03166666666666667 0.1
0 0.6708333333333333 0.8822222222222222 0.05 0.16444444444444445
0 0.6283333333333333 0.9066666666666666 0.056666666666666664 0.17555555555555555
0 0.5658333333333333 0.9188888888888889 0.06666666666666667 0.15555555555555556
0 0.5033333333333333 0.9388888888888889 0.07666666666666666 0.11777777777777777
0 0.42916666666666664 0.9544444444444444 0.09166666666666666 0.08666666666666667
0 0.405 0.10888888888888888 0.07333333333333333 0.19333333333333333
0 0.625 0.11777777777777777 0.04833333333333333 0.13555555555555557
0 0.4775 0.15666666666666668 0.07 0.18444444444444444
0 0.6858333333333333 0.16777777777777778 0.04 0.12222222222222222
0 0.5391666666666667 0.19111111111111112 0.056666666666666664 0.16
0 0.7175 0.19555555555555557 0.035 0.12
0 0.7475 0.21777777777777776 0.035 0.11333333333333333