0 0.9708333333333333 0.30712166172106825 0.04 0.12462908011869436
0 0.32666666666666666 0.31305637982195844 0.07166666666666667 0.18991097922848665
0 0.3975 0.3456973293768546 0.07166666666666667 0.16913946587537093
0 0.465 0.3516320474777448 0.065 0.17210682492581603
0 0.53 0.3694362017804154 0.06333333333333334 0.1632047477744807
0 0.5916666666666667 0.38724035608308605 0.06333333333333334 0.17210682492581603
0 0.7025 0.40059347181008903 0.04666666666666667 0.14836795252225518
0 0.6483333333333333 0.40059347181008903 0.06666666666666667 0.1661721068249258
0 0.7516666666666667 0.42433234421364985 0.055 0.1513353115727003
0 0.7991666666666667 0.43026706231454004 0.05 0.14540059347181009
0 0.8441666666666666 0.4495548961424332 0.04666666666666667 0.13056379821958458
0 0.8866666666666667 0.45548961424332346 0.041666666666666664 0.11572700296735905
0 0.25583333333333336 0.45548961424332346 0.06333333333333334 0.19881305637982197
0 0.9241666666666667 0.46439169139465875 0.043333333333333335 0.10089020771513353
0 0.3233333333333333 0.4807121661721068 0.07333333333333333 0.16913946587537093
0 0.9616666666666667 0.48516320474777447 0.041666666666666664 0.12166172106824925
0 0.3975 0.5044510385756676 0.07666666666666666 0.1513353115727003
0 0.4683333333333333 0.5118694362017804 0.06333333333333334 0.1572700296735905
0 0.5325 0.5281899109792285 0.065 0.1543026706231454
0 0.5941666666666666 0.5370919881305638 0.065 0.16023738872403562
0 0.6583333333333333 0.5459940652818991 0.06333333333333334 0.1543026706231454
0 0.7108333333333333 0.5578635014836796 0.045 0.1543026706231454
0 0.2925 0.05637982195845697 0.065 0.11275964391691394
0 0.81 0.5727002967359051 0.06166666666666667 0.13649851632047477
0 0.7558333333333334 0.5727002967359051 0.058333333333333334 0.13649851632047477
0 0.8508333333333333 0.5875370919881305 0.04833333333333333 0.13056379821958458
0 0.8941666666666667 0.5875370919881305 0.04 0.12759643916913946
0 0.9366666666666666 0.6038575667655787 0.04666666666666667 0.1513353115727003
0 0.97 0.6083086053412463 0.03666666666666667 0.12759643916913946
0 0.3616666666666667 0.07270029673590504 0.06333333333333334 0.14540059347181009
0 0.24083333333333334 0.7344213649851632 0.09166666666666666 0.22255192878338279
0 0.32666666666666666 0.7388724035608308 0.07333333333333333 0.21068249258160238
0 0.4058333333333333 0.7492581602373887 0.07333333333333333 0.2195845697329377
0 0.4791666666666667 0.7611275964391692 0.06666666666666667 0.21068249258160238
0 0.6108333333333333 0.7640949554896143 0.065 0.17210682492581603
0 0.5483333333333333 0.7670623145400594 0.06333333333333334 0.18991097922848665
0 0.6716666666666666 0.7774480712166172 0.06333333333333334 0.18991097922848665
0 0.78 0.7863501483679525 0.05 0.16023738872403562
0 0.7291666666666666 0.7922848664688428 0.06166666666666667 0.17507418397626112
0 0.8283333333333334 0.8056379821958457 0.055 0.14836795252225518
0 0.8775 0.8115727002967359 0.056666666666666664 0.1513353115727003
0 0.4266666666666667 0.08456973293768547 0.06166666666666667 0.16023738872403562
0 0.9233333333333333 0.8338278931750742 0.04666666666666667 0.11572700296735905
0 0.9841666666666666 0.8560830860534124 0.028333333333333332 0.12166172106824925
0 0.9591666666666666 0.8560830860534124 0.03666666666666667 0.10979228486646884
0 0.24166666666666667 0.9198813056379822 0.09 0.1543026706231454
0 0.3233333333333333 0.9243323442136498 0.08333333333333333 0.14540059347181009
0 0.405 0.9243323442136498 0.08333333333333333 0.14540059347181009
0 0.48083333333333333 0.9272997032640949 0.075 0.1394658753709199
0 0.5516666666666666 0.9287833827893175 0.07333333333333333 0.13649851632047477
0 0.6166666666666667 0.9347181008902077 0.07 0.12462908011869436
0 0.6791666666666667 0.9406528189910979 0.065 0.11275964391691394
0 0.7358333333333333 0.9421364985163204 0.06166666666666667 0.10979228486646884
0 0.8383333333333334 0.9436201780415431 0.05333333333333334 0.10682492581602374
0 0.7883333333333333 0.9465875370919882 0.056666666666666664 0.10089020771513353
0 0.8858333333333334 0.9495548961424333 0.051666666666666666 0.09495548961424333
0 0.9308333333333333 0.9540059347181009 0.041666666666666664 0.08605341246290801
0 0.49416666666666664 0.1083086053412463 0.06333333333333334 0.1572700296735905
0 0.5566666666666666 0.13501483679525222 0.055 0.16913946587537093
0 0.6125 0.16172106824925817 0.058333333333333334 0.16023738872403562
0 0.6658333333333334 0.18100890207715134 0.05 0.1632047477744807
0 0.7158333333333333 0.2032640949554896 0.051666666666666666 0.1513353115727003
0 0.7633333333333333 0.21513353115727002 0.04666666666666667 0.142433234421365
0 0.8108333333333333 0.23293768545994065 0.04666666666666667 0.1394658753709199
0 0.18916666666666668 0.2551928783382789 0.056666666666666664 0.19881305637982197
0 0.8525 0.25667655786350146 0.043333333333333335 0.13649851632047477
0 0.8958333333333334 0.27002967359050445 0.043333333333333335 0.12462908011869436
0 0.25333333333333335 0.2774480712166172 0.075 0.18694362017804153
0 0.935 0.28041543026706234 0.045 0.12759643916913946