0 0.7933333333333333 0.35555555555555557 0.16166666666666665 0.33555555555555555
0 0.9166666666666666 0.3566666666666667 0.15333333333333332 0.3088888888888889
0 0.6516666666666666 0.3655555555555556 0.175 0.3711111111111111
0 0.25666666666666665 0.37555555555555553 0.20833333333333334 0.4577777777777778
0 0.47 0.37555555555555553 0.19833333333333333 0.40444444444444444
0 0.0625 0.4955555555555556 0.125 0.4111111111111111
0 0.7658333333333334 0.6533333333333333 0.14833333333333334 0.3022222222222222
0 0.6325 0.6955555555555556 0.16 0.32666666666666666
0 0.4575 0.7355555555555555 0.18333333333333332 0.3488888888888889
0 0.265 0.7711111111111111 0.185 0.3844444444444444
0 0.07666666666666666 0.8466666666666667 0.14833333333333334 0.30444444444444446