0 0.6661721068249258 0.23 0.20178041543026706 0.15333333333333332
0 0.47774480712166173 0.25416666666666665 0.18397626112759644 0.14333333333333334
0 0.8827893175074184 0.35 0.228486646884273 0.18666666666666668
0 0.020771513353115726 0.3575 0.04154302670623145 0.065
0 0.672106824925816 0.36833333333333335 0.18991097922848665 0.155
0 0.07270029673590504 0.38 0.05637982195845697 0.05333333333333334
0 0.3264094955489614 0.3825 0.1394658753709199 0.11333333333333333
0 0.17804154302670624 0.3875 0.05637982195845697 0.056666666666666664
0 0.4896142433234421 0.395 0.16913946587537093 0.15333333333333332
0 0.22997032640949555 0.39916666666666667 0.050445103857566766 0.05
0 0.12462908011869436 0.4116666666666667 0.05637982195845697 0.041666666666666664
0 0.02373887240356083 0.41833333333333333 0.04747774480712166 0.055
0 0.07270029673590504 0.43166666666666664 0.06528189910979229 0.05333333333333334
0 0.1795252225519288 0.43916666666666665 0.05637982195845697 0.051666666666666666
0 0.12759643916913946 0.4475 0.05637982195845697 0.04
0 0.2314540059347181 0.4508333333333333 0.04747774480712166 0.05
0 0.02225519287833828 0.4716666666666667 0.04451038575667656 0.055
0 0.06973293768545995 0.4791666666666667 0.06528189910979229 0.04833333333333333
0 0.1795252225519288 0.49 0.05637982195845697 0.05
0 0.12462908011869436 0.49083333333333334 0.05934718100890208 0.04833333333333333
0 0.2344213649851632 0.49916666666666665 0.04747774480712166 0.045
0 0.3323442136498516 0.5033333333333333 0.1572700296735905 0.12666666666666668
0 0.8931750741839762 0.5066666666666667 0.20771513353115728 0.18666666666666668
0 0.6913946587537092 0.5275 0.20771513353115728 0.15833333333333333
0 0.5014836795252225 0.5433333333333333 0.18694362017804153 0.16166666666666665
0 0.06973293768545995 0.5583333333333333 0.05341246290801187 0.058333333333333334
0 0.20474777448071216 0.57 0.08011869436201781 0.06166666666666667
0 0.0712166172106825 0.6233333333333333 0.06824925816023739 0.055
0 0.3367952522255193 0.63 0.16023738872403562 0.11333333333333333
0 0.06824925816023739 0.6858333333333333 0.06824925816023739 0.05
0 0.9080118694362018 0.6875 0.18100890207715134 0.18666666666666668
0 0.7091988130563798 0.695 0.20178041543026706 0.17833333333333334
0 0.5148367952522255 0.7 0.18694362017804153 0.165
0 0.33827893175074186 0.725 0.1632047477744807 0.10833333333333334