0 0.30583333333333335 0.3026706231454006 0.10666666666666667 0.29080118694362017
0 0.4075 0.3115727002967359 0.09666666666666666 0.34124629080118696
0 0.5083333333333333 0.3293768545994065 0.12166666666666667 0.3798219584569733
0 0.785 0.3991097922848665 0.18 0.516320474777448
0 0.6266666666666667 0.40059347181008903 0.15166666666666667 0.4362017804154303
0 0.9258333333333333 0.4317507418397626 0.145 0.6201780415430267
0 0.13 0.49851632047477745 0.03166666666666667 0.2166172106824926
0 0.17166666666666666 0.5103857566765578 0.04833333333333333 0.2344213649851632
0 0.22166666666666668 0.5445103857566765 0.051666666666666666 0.2433234421364985
0 0.265 0.5727002967359051 0.051666666666666666 0.27002967359050445
0 0.31916666666666665 0.6053412462908012 0.08 0.3115727002967359
0 0.3975 0.6498516320474778 0.09666666666666666 0.33827893175074186
0 0.495 0.7077151335311572 0.11666666666666667 0.3768545994065282
0 0.6175 0.7997032640949555 0.155 0.3887240356083086
0 0.7708333333333334 0.8249258160237388 0.165 0.33827893175074186
0 0.9208333333333333 0.8382789317507419 0.155 0.31750741839762614
0 0.20833333333333334 0.8753709198813057 0.10333333333333333 0.2433234421364985