0 0.6925 0.30415430267062316 0.041666666666666664 0.1572700296735905
0 0.7358333333333333 0.31602373887240354 0.045 0.1513353115727003
0 0.7775 0.3249258160237389 0.03833333333333333 0.14836795252225518
0 0.11 0.3545994065281899 0.11833333333333333 0.2433234421364985
0 0.855 0.3620178041543027 0.035 0.13353115727002968
0 0.20416666666666666 0.37388724035608306 0.11333333333333333 0.22551928783382788
0 0.8866666666666667 0.37833827893175076 0.03166666666666667 0.13056379821958458
0 0.9166666666666666 0.38427299703264095 0.03 0.12462908011869436
0 0.30416666666666664 0.3887240356083086 0.09333333333333334 0.2195845697329377
0 0.37916666666666665 0.39465875370919884 0.08166666666666667 0.2166172106824926
0 0.945 0.39465875370919884 0.028333333333333332 0.12166172106824925
0 0.4533333333333333 0.4124629080118694 0.075 0.20474777448071216
0 0.5525 0.4362017804154303 0.043333333333333335 0.17210682492581603
0 0.6 0.44510385756676557 0.051666666666666666 0.17210682492581603
0 0.6491666666666667 0.45252225519287836 0.04666666666666667 0.1632047477744807
0 0.6933333333333334 0.4629080118694362 0.043333333333333335 0.16023738872403562
0 0.7366666666666667 0.47032640949554894 0.043333333333333335 0.16023738872403562
0 0.7825 0.47774480712166173 0.04666666666666667 0.1513353115727003
0 0.8591666666666666 0.49851632047477745 0.035 0.1394658753709199
0 0.8908333333333334 0.5059347181008902 0.03166666666666667 0.13353115727002968
0 0.9208333333333333 0.5089020771513353 0.03 0.13353115727002968
0 0.9475 0.516320474777448 0.02666666666666667 0.12462908011869436
0 0.4025 0.05341246290801187 0.07 0.10682492581602374
0 0.8441666666666666 0.6943620178041543 0.02 0.14836795252225518
0 0.7866666666666666 0.7062314540059347 0.04666666666666667 0.18694362017804153
0 0.44166666666666665 0.7077151335311572 0.07833333333333334 0.2344213649851632
0 0.7383333333333333 0.712166172106825 0.056666666666666664 0.18100890207715134
0 0.36833333333333335 0.7166172106824926 0.095 0.24925816023738873
0 0.06583333333333333 0.7195845697329377 0.12166666666666667 0.29673590504451036
0 0.17416666666666666 0.7210682492581603 0.12333333333333334 0.2818991097922849
0 0.275 0.7210682492581603 0.11 0.26409495548961426
0 0.6975 0.7344213649851632 0.04833333333333333 0.17804154302670624
0 0.5866666666666667 0.7373887240356083 0.04833333333333333 0.19584569732937684
0 0.6416666666666667 0.7373887240356083 0.06166666666666667 0.18397626112759644
0 0.47 0.07418397626112759 0.06166666666666667 0.14836795252225518
0 0.54 0.7433234421364985 0.045 0.19881305637982197
0 0.8658333333333333 0.7863501483679525 0.02666666666666667 0.12462908011869436
0 0.9433333333333334 0.7922848664688428 0.021666666666666667 0.09792284866468842
0 0.9208333333333333 0.7937685459940653 0.021666666666666667 0.10089020771513353
0 0.9683333333333334 0.7952522255192879 0.02666666666666667 0.09495548961424333
0 0.8933333333333333 0.7967359050445104 0.025 0.11572700296735905
0 0.8458333333333333 0.8605341246290801 0.021666666666666667 0.1543026706231454
0 0.79 0.8902077151335311 0.04666666666666667 0.17804154302670624
0 0.7458333333333333 0.8916913946587537 0.05333333333333334 0.18100890207715134
0 0.9458333333333333 0.900593471810089 0.018333333333333333 0.10089020771513353
0 0.9725 0.9020771513353115 0.025 0.10089020771513353
0 0.6425 0.9050445103857567 0.06333333333333334 0.18100890207715134
0 0.8708333333333333 0.9050445103857567 0.025 0.11275964391691394
0 0.7 0.9065281899109793 0.05333333333333334 0.18100890207715134
0 0.8958333333333334 0.9080118694362018 0.025 0.11869436201780416
0 0.9225 0.9094955489614244 0.02666666666666667 0.11572700296735905
0 0.43166666666666664 0.9109792284866469 0.08166666666666667 0.17210682492581603
0 0.5825 0.9094955489614244 0.055 0.17507418397626112
0 0.3541666666666667 0.9154302670623146 0.09 0.16023738872403562
0 0.2625 0.9198813056379822 0.105 0.1572700296735905
0 0.5366666666666666 0.9183976261127597 0.04666666666666667 0.1572700296735905
0 0.155 0.9243323442136498 0.10833333333333334 0.14540059347181009
0 0.051666666666666666 0.9272997032640949 0.1 0.142433234421365
0 0.5616666666666666 0.09495548961424333 0.03833333333333333 0.16023738872403562
0 0.14166666666666666 0.1172106824925816 0.11166666666666666 0.2344213649851632
0 0.6041666666666666 0.12166172106824925 0.051666666666666666 0.1572700296735905
0 0.6508333333333334 0.14094955489614244 0.04833333333333333 0.1632047477744807
0 0.695 0.1513353115727003 0.03833333333333333 0.14836795252225518
0 0.23166666666666666 0.15281899109792285 0.095 0.21068249258160238
0 0.7366666666666667 0.17062314540059348 0.045 0.1394658753709199
0 0.32166666666666666 0.17507418397626112 0.09 0.20771513353115728
0 0.39416666666666667 0.2032640949554896 0.075 0.20771513353115728
0 0.45916666666666667 0.2166172106824926 0.07333333333333333 0.18397626112759644
0 0.8516666666666667 0.23293768545994065 0.035 0.13649851632047477
0 0.8825 0.25667655786350146 0.03 0.12462908011869436
0 0.5558333333333333 0.2626112759643917 0.041666666666666664 0.16913946587537093
0 0.9125 0.2685459940652819 0.03333333333333333 0.11869436201780416
0 0.6025 0.2789317507418398 0.04833333333333333 0.1572700296735905
0 0.94 0.28338278931750743 0.028333333333333332 0.12166172106824925
0 0.6491666666666667 0.2952522255192878 0.045 0.14836795252225518