0 0.6308333333333334 0.27444444444444444 0.056666666666666664 0.11555555555555555
0 0.5241666666666667 0.2866666666666667 0.043333333333333335 0.1111111111111111
0 0.5741666666666667 0.2877777777777778 0.055 0.10666666666666667
0 0.48 0.29444444444444445 0.04833333333333333 0.1111111111111111
0 0.43166666666666664 0.3 0.04833333333333333 0.11777777777777777
0 0.35 0.31333333333333335 0.045 0.09555555555555556
0 0.315 0.31777777777777777 0.03333333333333333 0.09555555555555556
0 0.39 0.31777777777777777 0.03666666666666667 0.10444444444444445
0 0.6308333333333334 0.39 0.058333333333333334 0.10888888888888888
0 0.6816666666666666 0.39 0.045 0.10888888888888888
0 0.5766666666666667 0.39555555555555555 0.05333333333333334 0.10666666666666667
0 0.5258333333333334 0.39666666666666667 0.04666666666666667 0.10666666666666667
0 0.4791666666666667 0.4 0.04666666666666667 0.10222222222222223
0 0.43083333333333335 0.4022222222222222 0.04833333333333333 0.09555555555555556
0 0.35333333333333333 0.4033333333333333 0.041666666666666664 0.07111111111111111
0 0.31583333333333335 0.41 0.041666666666666664 0.08222222222222222
0 0.58 0.5311111111111111 0.04666666666666667 0.12444444444444444
0 0.315 0.5322222222222223 0.028333333333333332 0.09333333333333334
0 0.3491666666666667 0.5388888888888889 0.041666666666666664 0.09777777777777778
0 0.3925 0.54 0.045 0.10666666666666667
0 0.5275 0.54 0.05333333333333334 0.1111111111111111
0 0.43583333333333335 0.5411111111111111 0.03833333333333333 0.10444444444444445
0 0.47833333333333333 0.5411111111111111 0.04666666666666667 0.10666666666666667
0 0.6325 0.5444444444444444 0.056666666666666664 0.11333333333333333
0 0.3125 0.6266666666666667 0.03 0.08
0 0.3466666666666667 0.63 0.04833333333333333 0.08222222222222222
0 0.3908333333333333 0.6366666666666667 0.045 0.09333333333333334
0 0.43333333333333335 0.6433333333333333 0.041666666666666664 0.1
0 0.4775 0.6466666666666666 0.04833333333333333 0.10444444444444445
0 0.5258333333333334 0.6488888888888888 0.04833333333333333 0.10888888888888888
0 0.5791666666666667 0.6522222222222223 0.04833333333333333 0.09555555555555556
0 0.6308333333333334 0.66 0.058333333333333334 0.10888888888888888
0 0.31333333333333335 0.72 0.028333333333333332 0.09111111111111111
0 0.3458333333333333 0.7266666666666667 0.045 0.09555555555555556
0 0.3908333333333333 0.7333333333333333 0.045 0.1
0 0.4325 0.7422222222222222 0.04 0.09777777777777778
0 0.475 0.75 0.04666666666666667 0.1
0 0.5233333333333333 0.7577777777777778 0.051666666666666666 0.10444444444444445
0 0.5766666666666667 0.7677777777777778 0.051666666666666666 0.11555555555555555
0 0.6316666666666667 0.7722222222222223 0.05333333333333334 0.10444444444444445
0 0.3308333333333333 0.84 0.03833333333333333 0.09333333333333334
0 0.36583333333333334 0.8433333333333334 0.03333333333333333 0.08444444444444445
0 0.4083333333333333 0.8866666666666667 0.04 0.09555555555555556
0 0.45166666666666666 0.89 0.045 0.10666666666666667
0 0.49333333333333335 0.8911111111111111 0.041666666666666664 0.10888888888888888
0 0.5391666666666667 0.8911111111111111 0.056666666666666664 0.1111111111111111
0 0.5925 0.9111111111111111 0.058333333333333334 0.12222222222222222
0 0.6491666666666667 0.9211111111111111 0.043333333333333335 0.11333333333333333
0 0.3675 0.9433333333333334 0.03666666666666667 0.10222222222222223
0 0.405 0.9688888888888889 0.04666666666666667 0.057777777777777775
0 0.4483333333333333 0.97 0.04666666666666667 0.05555555555555555
0 0.49416666666666664 0.9733333333333334 0.04833333333333333 0.04888888888888889