0 0.4275 0.314540059347181 0.03333333333333333 0.04154302670623145
0 0.285 0.03857566765578635 0.043333333333333335 0.0771513353115727
0 0.7416666666666667 0.36795252225519287 0.10166666666666667 0.22551928783382788
0 0.6625 0.37091988130563797 0.07166666666666667 0.20474777448071216
0 0.5933333333333334 0.38130563798219586 0.06833333333333333 0.18694362017804153
0 0.23833333333333334 0.04154302670623145 0.041666666666666664 0.0830860534124629
0 0.535 0.38724035608308605 0.056666666666666664 0.17804154302670624
0 0.4816666666666667 0.3887240356083086 0.051666666666666666 0.16913946587537093
0 0.2175 0.41097922848664686 0.035 0.0830860534124629
0 0.2525 0.4198813056379822 0.035 0.08605341246290801
0 0.28833333333333333 0.42729970326409494 0.03166666666666667 0.08605341246290801
0 0.3175 0.43471810089020774 0.02666666666666667 0.0830860534124629
0 0.3466666666666667 0.4406528189910979 0.02666666666666667 0.0771513353115727
0 0.3775 0.44510385756676557 0.02666666666666667 0.08011869436201781
0 0.4075 0.4465875370919881 0.03 0.0712166172106825
0 0.44 0.45103857566765576 0.028333333333333332 0.06528189910979229
0 0.17916666666666667 0.486646884272997 0.03333333333333333 0.09495548961424333
0 0.21416666666666667 0.49851632047477745 0.035 0.0830860534124629
0 0.25 0.5044510385756676 0.035 0.0830860534124629
0 0.285 0.5074183976261127 0.03166666666666667 0.0830860534124629
0 0.31583333333333335 0.5118694362017804 0.03166666666666667 0.06824925816023739
0 0.3441666666666667 0.5192878338278932 0.02666666666666667 0.07418397626112759
0 0.375 0.5222551928783383 0.028333333333333332 0.0712166172106825
0 0.4058333333333333 0.5237388724035609 0.03 0.0712166172106825
0 0.36333333333333334 0.08902077151335312 0.041666666666666664 0.10979228486646884
0 0.2816666666666667 0.129080118694362 0.041666666666666664 0.10979228486646884
0 0.23666666666666666 0.13056379821958458 0.045 0.10089020771513353
0 0.7525 0.13649851632047477 0.105 0.24629080118694363
0 0.4 0.14688427299703263 0.03666666666666667 0.10089020771513353
0 0.6683333333333333 0.15875370919881307 0.07166666666666667 0.228486646884273
0 0.32166666666666666 0.1632047477744807 0.03833333333333333 0.08902077151335312
0 0.6041666666666666 0.1824925816023739 0.07 0.21364985163204747
0 0.43666666666666665 0.18545994065281898 0.03 0.04747774480712166
0 0.3625 0.1884272997032641 0.04 0.09792284866468842
0 0.5441666666666667 0.20029673590504452 0.05333333333333334 0.19287833827893175
0 0.4925 0.21364985163204747 0.055 0.20178041543026706
0 0.23583333333333334 0.23738872403560832 0.043333333333333335 0.10385756676557864
0 0.2791666666666667 0.23887240356083086 0.03833333333333333 0.10979228486646884
0 0.39916666666666667 0.2403560830860534 0.03666666666666667 0.08902077151335312
0 0.43333333333333335 0.24925816023738873 0.028333333333333332 0.08605341246290801
0 0.4575 0.2551928783382789 0.021666666666666667 0.07418397626112759
0 0.31916666666666665 0.2596439169139466 0.03666666666666667 0.10089020771513353
0 0.36 0.2774480712166172 0.041666666666666664 0.09495548961424333