0 0.89 0.25555555555555554 0.04 0.057777777777777775
0 0.8508333333333333 0.2633333333333333 0.041666666666666664 0.05555555555555555
0 0.8275 0.2877777777777778 0.021666666666666667 0.044444444444444446
0 0.8941666666666667 0.30666666666666664 0.03333333333333333 0.044444444444444446
0 0.86 0.3211111111111111 0.03666666666666667 0.057777777777777775
0 0.8116666666666666 0.33555555555555555 0.015 0.05333333333333334
0 0.8375 0.3433333333333333 0.023333333333333334 0.06222222222222222
0 0.8025 0.35333333333333333 0.015 0.04888888888888889
0 0.8691666666666666 0.3788888888888889 0.035 0.05333333333333334
0 0.7891666666666667 0.38555555555555554 0.015 0.04888888888888889
0 0.82 0.3888888888888889 0.015 0.05555555555555555
0 0.8475 0.39444444444444443 0.021666666666666667 0.04
0 0.81 0.40555555555555556 0.013333333333333334 0.05555555555555555
0 0.7975 0.43444444444444447 0.016666666666666666 0.05555555555555555
0 0.7391666666666666 0.5033333333333333 0.016666666666666666 0.028888888888888888
0 0.7208333333333333 0.5044444444444445 0.018333333333333333 0.03111111111111111
0 0.6833333333333333 0.5077777777777778 0.018333333333333333 0.028888888888888888
0 0.7025 0.5088888888888888 0.02 0.03333333333333333
0 0.6641666666666667 0.5088888888888888 0.016666666666666666 0.02666666666666667
0 0.6283333333333333 0.5122222222222222 0.016666666666666666 0.02666666666666667
0 0.6475 0.5122222222222222 0.018333333333333333 0.028888888888888888
0 0.6108333333333333 0.5133333333333333 0.015 0.02666666666666667
0 0.5925 0.5155555555555555 0.016666666666666666 0.02666666666666667
0 0.575 0.5177777777777778 0.018333333333333333 0.028888888888888888
0 0.5566666666666666 0.5188888888888888 0.016666666666666666 0.028888888888888888
0 0.5208333333333334 0.5233333333333333 0.016666666666666666 0.028888888888888888
0 0.5025 0.5266666666666666 0.016666666666666666 0.02666666666666667
0 0.4841666666666667 0.5277777777777778 0.016666666666666666 0.028888888888888888
0 0.465 0.5311111111111111 0.018333333333333333 0.03111111111111111
0 0.44583333333333336 0.5311111111111111 0.018333333333333333 0.028888888888888888
0 0.42833333333333334 0.5322222222222223 0.015 0.02666666666666667
0 0.7216666666666667 0.5355555555555556 0.015 0.02666666666666667
0 0.39166666666666666 0.5366666666666666 0.016666666666666666 0.02666666666666667
0 0.41 0.5366666666666666 0.015 0.02666666666666667
0 0.37416666666666665 0.5377777777777778 0.016666666666666666 0.02666666666666667
0 0.3566666666666667 0.5388888888888889 0.016666666666666666 0.02666666666666667
0 0.705 0.54 0.018333333333333333 0.024444444444444446
0 0.6858333333333333 0.54 0.018333333333333333 0.03111111111111111
0 0.6483333333333333 0.5411111111111111 0.018333333333333333 0.028888888888888888
0 0.6675 0.5411111111111111 0.016666666666666666 0.035555555555555556
0 0.6291666666666667 0.5433333333333333 0.016666666666666666 0.028888888888888888
0 0.3025 0.5444444444444444 0.018333333333333333 0.028888888888888888
0 0.6116666666666667 0.5444444444444444 0.015 0.03111111111111111
0 0.3225 0.5444444444444444 0.018333333333333333 0.03111111111111111
0 0.5933333333333334 0.5455555555555556 0.018333333333333333 0.035555555555555556
0 0.285 0.5466666666666666 0.015 0.028888888888888888
0 0.5741666666666667 0.5477777777777778 0.018333333333333333 0.03111111111111111
0 0.2658333333333333 0.5477777777777778 0.016666666666666666 0.028888888888888888
0 0.24666666666666667 0.55 0.018333333333333333 0.02666666666666667
0 0.22666666666666666 0.55 0.018333333333333333 0.028888888888888888
0 0.5575 0.55 0.015 0.03111111111111111
0 0.5216666666666666 0.5544444444444444 0.018333333333333333 0.03111111111111111
0 0.5025 0.5566666666666666 0.018333333333333333 0.02666666666666667
0 0.48333333333333334 0.5577777777777778 0.016666666666666666 0.028888888888888888
0 0.465 0.56 0.018333333333333333 0.028888888888888888
0 0.44583333333333336 0.5611111111111111 0.016666666666666666 0.02666666666666667
0 0.4275 0.5611111111111111 0.018333333333333333 0.03111111111111111
0 0.3933333333333333 0.5644444444444444 0.016666666666666666 0.028888888888888888
0 0.41083333333333333 0.5655555555555556 0.016666666666666666 0.028888888888888888
0 0.37416666666666665 0.5666666666666667 0.018333333333333333 0.03111111111111111
0 0.35583333333333333 0.5677777777777778 0.016666666666666666 0.03111111111111111
0 0.30333333333333334 0.5744444444444444 0.018333333333333333 0.028888888888888888
0 0.32166666666666666 0.5744444444444444 0.018333333333333333 0.02666666666666667
0 0.2841666666666667 0.5755555555555556 0.018333333333333333 0.028888888888888888
0 0.2475 0.5777777777777777 0.02 0.03111111111111111
0 0.2658333333333333 0.58 0.018333333333333333 0.03111111111111111
0 0.2275 0.58 0.018333333333333333 0.028888888888888888
0 0.705 0.5944444444444444 0.018333333333333333 0.03333333333333333
0 0.6683333333333333 0.5977777777777777 0.018333333333333333 0.03333333333333333
0 0.6866666666666666 0.5977777777777777 0.018333333333333333 0.035555555555555556
0 0.6491666666666667 0.5977777777777777 0.02 0.03111111111111111
0 0.6308333333333334 0.6033333333333334 0.018333333333333333 0.035555555555555556
0 0.61 0.6033333333333334 0.02 0.03333333333333333
0 0.5908333333333333 0.6055555555555555 0.016666666666666666 0.03111111111111111
0 0.5716666666666667 0.6077777777777778 0.018333333333333333 0.03333333333333333
0 0.5266666666666666 0.6111111111111112 0.018333333333333333 0.03111111111111111
0 0.5066666666666667 0.6111111111111112 0.02 0.03111111111111111
0 0.4866666666666667 0.6122222222222222 0.016666666666666666 0.02666666666666667
0 0.4483333333333333 0.6166666666666667 0.015 0.028888888888888888
0 0.4675 0.6166666666666667 0.018333333333333333 0.024444444444444446
0 0.43083333333333335 0.6188888888888889 0.016666666666666666 0.03111111111111111
0 0.4125 0.62 0.015 0.03111111111111111
0 0.37583333333333335 0.6222222222222222 0.015 0.03111111111111111
0 0.39416666666666667 0.6222222222222222 0.018333333333333333 0.03111111111111111
0 0.3575 0.6233333333333333 0.016666666666666666 0.03333333333333333
0 0.3258333333333333 0.6288888888888889 0.018333333333333333 0.03333333333333333
0 0.71 0.6288888888888889 0.025 0.03333333333333333
0 0.30583333333333335 0.63 0.016666666666666666 0.035555555555555556
0 0.6691666666666667 0.6311111111111111 0.02 0.03111111111111111
0 0.69 0.6311111111111111 0.018333333333333333 0.028888888888888888
0 0.2875 0.6322222222222222 0.018333333333333333 0.03111111111111111
0 0.6508333333333334 0.6322222222222222 0.018333333333333333 0.03333333333333333
0 0.24833333333333332 0.6344444444444445 0.016666666666666666 0.028888888888888888
0 0.2675 0.6355555555555555 0.021666666666666667 0.03333333333333333
0 0.6116666666666667 0.6355555555555555 0.018333333333333333 0.03333333333333333
0 0.6325 0.6355555555555555 0.02 0.03333333333333333
0 0.23 0.6355555555555555 0.018333333333333333 0.03111111111111111
0 0.21083333333333334 0.6366666666666667 0.018333333333333333 0.03111111111111111
0 0.5716666666666667 0.6388888888888888 0.018333333333333333 0.03111111111111111
0 0.5925 0.6388888888888888 0.018333333333333333 0.03111111111111111
0 0.5283333333333333 0.6422222222222222 0.018333333333333333 0.03111111111111111
0 0.5083333333333333 0.6444444444444445 0.021666666666666667 0.03333333333333333
0 0.4683333333333333 0.6466666666666666 0.018333333333333333 0.03111111111111111
0 0.4875 0.6466666666666666 0.02 0.03111111111111111
0 0.45 0.6488888888888888 0.016666666666666666 0.035555555555555556
0 0.4125 0.6511111111111111 0.016666666666666666 0.028888888888888888
0 0.375 0.6522222222222223 0.02 0.03333333333333333
0 0.43166666666666664 0.6522222222222223 0.02 0.03333333333333333
0 0.39416666666666667 0.6544444444444445 0.016666666666666666 0.03333333333333333
0 0.3575 0.6566666666666666 0.016666666666666666 0.03111111111111111
0 0.30666666666666664 0.6633333333333333 0.018333333333333333 0.028888888888888888
0 0.3275 0.6633333333333333 0.02 0.03333333333333333
0 0.2866666666666667 0.6644444444444444 0.02 0.03111111111111111
0 0.24916666666666668 0.6655555555555556 0.02 0.03333333333333333
0 0.2675 0.6666666666666666 0.018333333333333333 0.03111111111111111
0 0.23 0.6688888888888889 0.02 0.028888888888888888
0 0.21083333333333334 0.67 0.02 0.03333333333333333
0 0.5266666666666666 0.7088888888888889 0.02 0.03777777777777778
0 0.5066666666666667 0.7111111111111111 0.018333333333333333 0.035555555555555556
0 0.4875 0.7122222222222222 0.016666666666666666 0.035555555555555556
0 0.47 0.7144444444444444 0.015 0.04
0 0.4508333333333333 0.7155555555555555 0.02 0.03333333333333333
0 0.41333333333333333 0.7166666666666667 0.018333333333333333 0.03333333333333333
0 0.43166666666666664 0.7188888888888889 0.016666666666666666 0.035555555555555556
0 0.3933333333333333 0.7188888888888889 0.018333333333333333 0.03111111111111111
0 0.35583333333333333 0.72 0.016666666666666666 0.03333333333333333
0 0.37416666666666665 0.72 0.018333333333333333 0.035555555555555556
0 0.32916666666666666 0.7244444444444444 0.02 0.035555555555555556
0 0.30916666666666665 0.7266666666666667 0.02 0.035555555555555556
0 0.2875 0.7288888888888889 0.021666666666666667 0.03777777777777778
0 0.2675 0.7288888888888889 0.016666666666666666 0.03111111111111111
0 0.24666666666666667 0.73 0.021666666666666667 0.03333333333333333
0 0.20416666666666666 0.7311111111111112 0.016666666666666666 0.028888888888888888
0 0.22583333333333333 0.7322222222222222 0.02 0.03333333333333333
0 0.53 0.7422222222222222 0.021666666666666667 0.03111111111111111
0 0.4875 0.7466666666666667 0.016666666666666666 0.03111111111111111
0 0.5083333333333333 0.7466666666666667 0.02 0.028888888888888888
0 0.4708333333333333 0.7488888888888889 0.016666666666666666 0.03333333333333333
0 0.45166666666666666 0.75 0.018333333333333333 0.03111111111111111
0 0.43166666666666664 0.7522222222222222 0.018333333333333333 0.03333333333333333
0 0.37416666666666665 0.7533333333333333 0.018333333333333333 0.03333333333333333
0 0.41333333333333333 0.7544444444444445 0.018333333333333333 0.035555555555555556
0 0.395 0.7544444444444445 0.02 0.03333333333333333
0 0.35583333333333333 0.7544444444444445 0.016666666666666666 0.03777777777777778
0 0.32916666666666666 0.7588888888888888 0.018333333333333333 0.035555555555555556
0 0.30833333333333335 0.7611111111111111 0.023333333333333334 0.03333333333333333
0 0.2875 0.7633333333333333 0.021666666666666667 0.03333333333333333
0 0.26666666666666666 0.7644444444444445 0.018333333333333333 0.03333333333333333
0 0.20333333333333334 0.7655555555555555 0.016666666666666666 0.035555555555555556
0 0.24583333333333332 0.7655555555555555 0.021666666666666667 0.03333333333333333
0 0.22416666666666665 0.7655555555555555 0.021666666666666667 0.03333333333333333
0 0.4875 0.8011111111111111 0.03 0.07333333333333333
0 0.4533333333333333 0.8088888888888889 0.03666666666666667 0.06888888888888889
0 0.4125 0.81 0.035 0.06
0 0.37166666666666665 0.8155555555555556 0.016666666666666666 0.035555555555555556
0 0.3875 0.8166666666666667 0.018333333333333333 0.04
0 0.07166666666666667 0.8455555555555555 0.045 0.07111111111111111
0 0.02666666666666667 0.8477777777777777 0.03833333333333333 0.06888888888888889
0 0.3875 0.8533333333333334 0.013333333333333334 0.02666666666666667
0 0.37333333333333335 0.8533333333333334 0.016666666666666666 0.035555555555555556
0 0.3566666666666667 0.8555555555555555 0.02 0.035555555555555556
0 0.4533333333333333 0.87 0.02666666666666667 0.04666666666666667
0 0.48583333333333334 0.8744444444444445 0.03166666666666667 0.06666666666666667
0 0.355 0.8922222222222222 0.018333333333333333 0.035555555555555556
0 0.20583333333333334 0.9066666666666666 0.045 0.07777777777777778
0 0.165 0.91 0.03666666666666667 0.06666666666666667
0 0.13166666666666665 0.9122222222222223 0.028333333333333332 0.06888888888888889
0 0.0925 0.9155555555555556 0.04 0.07555555555555556
0 0.05333333333333334 0.9177777777777778 0.04 0.07111111111111111
0 0.0175 0.9188888888888889 0.03166666666666667 0.07333333333333333
0 0.485 0.9388888888888889 0.028333333333333332 0.05333333333333334
0 0.5625 0.94 0.035 0.051111111111111114
0 0.455 0.9411111111111111 0.02666666666666667 0.04888888888888889
0 0.52 0.9444444444444444 0.04 0.04888888888888889
0 0.355 0.9622222222222222 0.04 0.07111111111111111
0 0.20666666666666667 0.97 0.04666666666666667 0.05555555555555555
0 0.16666666666666666 0.9744444444444444 0.035 0.04666666666666667
0 0.13333333333333333 0.9744444444444444 0.03 0.04666666666666667
0 0.030833333333333334 0.9755555555555555 0.03833333333333333 0.044444444444444446
0 0.405 0.9788888888888889 0.041666666666666664 0.04