0 0.9033333333333333 0.17166666666666666 0.13555555555555557 0.16666666666666666
0 0.7655555555555555 0.20833333333333334 0.13111111111111112 0.13666666666666666
0 0.6466666666666666 0.24166666666666667 0.10222222222222223 0.13666666666666666
0 0.5611111111111111 0.2658333333333333 0.08 0.12333333333333334
0 0.4855555555555556 0.2841666666666667 0.07333333333333333 0.11166666666666666
0 0.42777777777777776 0.30083333333333334 0.05333333333333334 0.10666666666666667
0 0.09555555555555556 0.31 0.06222222222222222 0.045
0 0.9155555555555556 0.31333333333333335 0.14444444444444443 0.155
0 0.3655555555555556 0.31416666666666665 0.06888888888888889 0.1
0 0.042222222222222223 0.325 0.04888888888888889 0.04833333333333333
0 0.3088888888888889 0.3358333333333333 0.04666666666666667 0.085
0 0.77 0.3383333333333333 0.13111111111111112 0.13333333333333333
0 0.25666666666666665 0.3458333333333333 0.06 0.08333333333333333
0 0.16555555555555557 0.35 0.02666666666666667 0.06166666666666667
0 0.6555555555555556 0.35833333333333334 0.10666666666666667 0.125
0 0.14222222222222222 0.3591666666666667 0.022222222222222223 0.056666666666666664
0 0.11555555555555555 0.36583333333333334 0.042222222222222223 0.051666666666666666
0 0.5666666666666667 0.37333333333333335 0.08222222222222222 0.11333333333333333
0 0.08555555555555555 0.375 0.03777777777777778 0.051666666666666666
0 0.06333333333333334 0.3775 0.03333333333333333 0.051666666666666666
0 0.03333333333333333 0.37916666666666665 0.03111111111111111 0.05
0 0.4922222222222222 0.385 0.07333333333333333 0.10666666666666667
0 0.013333333333333334 0.39166666666666666 0.02666666666666667 0.043333333333333335
0 0.43222222222222223 0.3983333333333333 0.051111111111111114 0.095
0 0.3711111111111111 0.4058333333333333 0.06666666666666667 0.09333333333333334
0 0.31222222222222223 0.41583333333333333 0.04888888888888889 0.085
0 0.1688888888888889 0.41583333333333333 0.035555555555555556 0.06166666666666667
0 0.14666666666666667 0.42 0.02666666666666667 0.065
0 0.26 0.425 0.05555555555555555 0.07833333333333334
0 0.12 0.4275 0.042222222222222223 0.06
0 0.09 0.42916666666666664 0.02666666666666667 0.051666666666666666
0 0.06555555555555556 0.43083333333333335 0.02666666666666667 0.04833333333333333
0 0.042222222222222223 0.43083333333333335 0.02666666666666667 0.05333333333333334
0 0.017777777777777778 0.43666666666666665 0.024444444444444446 0.05
0 0.14888888888888888 0.47833333333333333 0.028888888888888888 0.05333333333333334
0 0.12111111111111111 0.4825 0.04 0.05
0 0.04 0.48583333333333334 0.03333333333333333 0.04666666666666667
0 0.06777777777777778 0.4866666666666667 0.022222222222222223 0.04833333333333333
0 0.09111111111111111 0.4866666666666667 0.03111111111111111 0.04833333333333333
0 0.02 0.4891666666666667 0.024444444444444446 0.051666666666666666
0 0.93 0.5025 0.12444444444444444 0.15166666666666667
0 0.8033333333333333 0.5066666666666667 0.13111111111111112 0.13833333333333334
0 0.6966666666666667 0.5125 0.09555555555555556 0.13
0 0.6111111111111112 0.5175 0.07555555555555556 0.12
0 0.38 0.52 0.042222222222222223 0.1
0 0.43 0.52 0.057777777777777775 0.105
0 0.3277777777777778 0.5216666666666666 0.051111111111111114 0.09333333333333334
0 0.48777777777777775 0.5216666666666666 0.05555555555555555 0.11166666666666666
0 0.27666666666666667 0.5241666666666667 0.04666666666666667 0.08666666666666667
0 0.08444444444444445 0.5691666666666667 0.04666666666666667 0.07666666666666666
0 0.13555555555555557 0.5691666666666667 0.08444444444444445 0.08333333333333333
0 0.03666666666666667 0.5691666666666667 0.05555555555555555 0.075
0 0.056666666666666664 0.585 0.05333333333333334 0.07166666666666667
0 0.28 0.6141666666666666 0.04666666666666667 0.09
0 0.33 0.6175 0.057777777777777775 0.095
0 0.38222222222222224 0.6208333333333333 0.044444444444444446 0.1
0 0.43222222222222223 0.625 0.057777777777777775 0.10166666666666667
0 0.49 0.6308333333333334 0.057777777777777775 0.10666666666666667
0 0.6177777777777778 0.6341666666666667 0.07555555555555556 0.12333333333333334
0 0.7055555555555556 0.6408333333333334 0.09777777777777778 0.12833333333333333
0 0.035555555555555556 0.6433333333333333 0.05555555555555555 0.08
0 0.8188888888888889 0.6466666666666666 0.12666666666666668 0.14166666666666666
0 0.09 0.6466666666666666 0.04888888888888889 0.07166666666666667
0 0.9411111111111111 0.6508333333333334 0.11555555555555555 0.15
0 0.05555555555555555 0.6525 0.044444444444444446 0.07
0 0.13444444444444445 0.6541666666666667 0.08444444444444445 0.09333333333333334
0 0.2866666666666667 0.7316666666666667 0.05555555555555555 0.08833333333333333
0 0.3377777777777778 0.74 0.044444444444444446 0.095
0 0.39666666666666667 0.7508333333333334 0.06666666666666667 0.10333333333333333
0 0.46111111111111114 0.7608333333333334 0.06 0.10666666666666667
0 0.5122222222222222 0.775 0.042222222222222223 0.12166666666666667
0 0.6322222222222222 0.7925 0.09777777777777778 0.13166666666666665
0 0.73 0.8066666666666666 0.1111111111111111 0.14666666666666667
0 0.2866666666666667 0.82 0.06 0.08833333333333333
0 0.8455555555555555 0.8233333333333334 0.13777777777777778 0.155
0 0.34 0.8325 0.04888888888888889 0.09333333333333334
0 0.9566666666666667 0.845 0.08222222222222222 0.16666666666666666
0 0.3977777777777778 0.8508333333333333 0.06666666666666667 0.1
0 0.4666666666666667 0.8675 0.057777777777777775 0.10333333333333333
0 0.52 0.8891666666666667 0.04 0.11
0 0.6366666666666667 0.9158333333333334 0.09333333333333334 0.11833333333333333
0 0.7355555555555555 0.9325 0.1111111111111111 0.13166666666666665
0 0.8555555555555555 0.9425 0.13555555555555557 0.11333333333333333