0 0.6758333333333333 0.32344213649851633 0.09666666666666666 0.27299703264094954
0 0.605 0.38427299703264095 0.04833333333333333 0.2403560830860534
0 0.8091666666666667 0.39317507418397624 0.09 0.258160237388724
0 0.5516666666666666 0.4094955489614243 0.058333333333333334 0.22551928783382788
0 0.48 0.4124629080118694 0.056666666666666664 0.1513353115727003
0 0.7308333333333333 0.4629080118694362 0.07 0.22255192878338279
0 0.43833333333333335 0.46735905044510384 0.02666666666666667 0.17804154302670624
0 0.41 0.4821958456973294 0.03166666666666667 0.1632047477744807
0 0.38416666666666666 0.5 0.021666666666666667 0.1572700296735905
0 0.3541666666666667 0.5207715133531158 0.03833333333333333 0.14540059347181009
0 0.9858333333333333 0.543026706231454 0.025 0.35014836795252224
0 0.48083333333333333 0.5534124629080118 0.058333333333333334 0.14540059347181009
0 0.9166666666666666 0.5608308605341247 0.13333333333333333 0.3323442136498516
0 0.33166666666666667 0.5637982195845698 0.013333333333333334 0.08902077151335312
0 0.30583333333333335 0.5682492581602374 0.016666666666666666 0.06824925816023739
0 0.2608333333333333 0.5727002967359051 0.041666666666666664 0.10385756676557864
0 0.32083333333333336 0.5741839762611276 0.018333333333333333 0.0830860534124629
0 0.2891666666666667 0.5756676557863502 0.013333333333333334 0.05637982195845697
0 0.665 0.5801186943620178 0.06166666666666667 0.27002967359050445
0 0.6066666666666667 0.6068249258160238 0.05333333333333334 0.228486646884273
0 0.5533333333333333 0.615727002967359 0.056666666666666664 0.2166172106824926
0 0.5075 0.6246290801186943 0.035 0.20474777448071216
0 0.29833333333333334 0.642433234421365 0.03333333333333333 0.0830860534124629
0 0.43916666666666665 0.642433234421365 0.02666666666666667 0.17210682492581603
0 0.2758333333333333 0.6454005934718101 0.016666666666666666 0.0830860534124629
0 0.8116666666666666 0.6454005934718101 0.08666666666666667 0.2551928783382789
0 0.4091666666666667 0.6468842729970327 0.03333333333333333 0.16913946587537093
0 0.38166666666666665 0.6513353115727003 0.021666666666666667 0.1543026706231454
0 0.3475 0.658753709198813 0.028333333333333332 0.13353115727002968
0 0.3283333333333333 0.6735905044510386 0.018333333333333333 0.12462908011869436
0 0.25833333333333336 0.6750741839762612 0.025 0.10682492581602374
0 0.7325 0.6750741839762612 0.07333333333333333 0.2195845697329377
0 0.30833333333333335 0.6795252225519288 0.021666666666666667 0.11869436201780416
0 0.4708333333333333 0.6958456973293768 0.03833333333333333 0.14540059347181009
0 0.29083333333333333 0.7225519287833828 0.013333333333333334 0.0771513353115727
0 0.2775 0.7240356083086054 0.013333333333333334 0.0830860534124629
0 0.2575 0.7863501483679525 0.023333333333333334 0.11275964391691394
0 0.3433333333333333 0.7922848664688428 0.02 0.13649851632047477
0 0.30333333333333334 0.7937685459940653 0.021666666666666667 0.11275964391691394
0 0.3225 0.7997032640949555 0.018333333333333333 0.11275964391691394
0 0.3616666666666667 0.8056379821958457 0.018333333333333333 0.1543026706231454
0 0.3825 0.8056379821958457 0.021666666666666667 0.1572700296735905
0 0.275 0.8071216617210683 0.011666666666666667 0.0712166172106825
0 0.28583333333333333 0.8071216617210683 0.013333333333333334 0.0771513353115727
0 0.41 0.8130563798219584 0.03166666666666667 0.1661721068249258
0 0.43916666666666665 0.8160237388724035 0.02666666666666667 0.18397626112759644
0 0.5091666666666667 0.827893175074184 0.035 0.20474777448071216
0 0.5525 0.8338278931750742 0.05333333333333334 0.22551928783382788
0 0.6066666666666667 0.8397626112759644 0.056666666666666664 0.23738872403560832
0 0.4708333333333333 0.8427299703264095 0.04 0.1513353115727003
0 0.6666666666666666 0.8516320474777448 0.06 0.27596439169139464
0 0.9266666666666666 0.8605341246290801 0.11666666666666667 0.26112759643916916
0 0.82 0.8827893175074184 0.09166666666666666 0.228486646884273
0 0.7375 0.8902077151335311 0.07833333333333334 0.21364985163204747
0 0.98 0.1913946587537092 0.03666666666666667 0.35311572700296734
0 0.9108333333333334 0.22700296735905046 0.135 0.3353115727002967