0 0.4066666666666667 0.3115727002967359 0.10833333333333334 0.3293768545994065
0 0.1575 0.31602373887240354 0.16 0.4332344213649852
0 0.2966666666666667 0.3397626112759644 0.13 0.36795252225519287
0 0.043333333333333335 0.3486646884272997 0.08666666666666667 0.4807121661721068
0 0.6891666666666667 0.4287833827893175 0.06666666666666667 0.17507418397626112
0 0.7383333333333333 0.43026706231454004 0.051666666666666666 0.20771513353115728
0 0.7783333333333333 0.43768545994065283 0.06166666666666667 0.20178041543026706
0 0.62 0.4910979228486647 0.07666666666666666 0.23738872403560832
0 0.5416666666666666 0.5 0.11166666666666666 0.27596439169139464
0 0.4691666666666667 0.5415430267062314 0.105 0.2522255192878338
0 0.38 0.5919881305637982 0.11166666666666666 0.27299703264094954
0 0.28 0.642433234421365 0.125 0.3056379821958457
0 0.9375 0.6661721068249258 0.12166666666666667 0.3887240356083086
0 0.15833333333333333 0.6928783382789317 0.145 0.3590504451038576
0 0.041666666666666664 0.7329376854599406 0.08333333333333333 0.3649851632047478
0 0.5233333333333333 0.7388724035608308 0.075 0.21364985163204747
0 0.445 0.7700296735905044 0.1 0.24629080118694363
0 0.36083333333333334 0.8308605341246291 0.09666666666666666 0.2344213649851632
0 0.26666666666666666 0.8813056379821959 0.10333333333333333 0.2344213649851632
0 0.91 0.8916913946587537 0.14666666666666667 0.21068249258160238
0 0.15083333333333335 0.9169139465875371 0.13833333333333334 0.16023738872403562
0 0.7508333333333334 0.2062314540059347 0.09666666666666666 0.24925816023738873
0 0.8033333333333333 0.24925816023738873 0.07333333333333333 0.2166172106824926
0 0.6391666666666667 0.25667655786350146 0.12333333333333334 0.258160237388724
0 0.4975 0.2789317507418398 0.11166666666666666 0.29080118694362017