0 0.06676557863501484 0.2708333333333333 0.10385756676557864 0.09333333333333334
0 0.07418397626112759 0.3591666666666667 0.09198813056379822 0.08666666666666667
0 0.16172106824925817 0.2708333333333333 0.09792284866468842 0.09333333333333334
0 0.17062314540059348 0.36083333333333334 0.10089020771513353 0.08833333333333333
0 0.26112759643916916 0.2708333333333333 0.10682492581602374 0.095
0 0.2655786350148368 0.36333333333333334 0.10089020771513353 0.08833333333333333
0 0.36350148367952523 0.2675 0.10089020771513353 0.09833333333333333
0 0.3649851632047478 0.3625 0.10089020771513353 0.09
0 0.4658753709198813 0.2658333333333333 0.10089020771513353 0.09833333333333333
0 0.46735905044510384 0.3625 0.09792284866468842 0.09333333333333334
0 0.5727002967359051 0.265 0.10979228486646884 0.1
0 0.5727002967359051 0.3625 0.11275964391691394 0.09333333333333334
0 0.6899109792284867 0.2683333333333333 0.11869436201780416 0.10333333333333333
0 0.6884272997032641 0.36583333333333334 0.11869436201780416 0.09333333333333334
0 0.8100890207715133 0.26666666666666666 0.12166172106824925 0.105
0 0.8086053412462908 0.36666666666666664 0.12166172106824925 0.095
0 0.08011869436201781 0.49833333333333335 0.0830860534124629 0.07
0 0.08902077151335312 0.565 0.0771513353115727 0.06333333333333334
0 0.09792284866468842 0.6283333333333333 0.07418397626112759 0.06166666666666667
0 0.14540059347181009 0.4533333333333333 0.0771513353115727 0.06166666666666667
0 0.15281899109792285 0.515 0.0712166172106825 0.06166666666666667
0 0.15875370919881307 0.575 0.07418397626112759 0.056666666666666664
0 0.1661721068249258 0.6333333333333333 0.06824925816023739 0.058333333333333334
0 0.22403560830860533 0.45666666666666667 0.08605341246290801 0.06333333333333334
0 0.22700296735905046 0.5191666666666667 0.07418397626112759 0.06166666666666667
0 0.228486646884273 0.58 0.07418397626112759 0.06166666666666667
0 0.2344213649851632 0.6408333333333334 0.0712166172106825 0.058333333333333334
0 0.3086053412462908 0.5508333333333333 0.09792284866468842 0.095
0 0.41097922848664686 0.5525 0.10979228486646884 0.10166666666666667
0 0.314540059347181 0.6383333333333333 0.09495548961424333 0.08
0 0.413946587537092 0.6433333333333333 0.10089020771513353 0.08166666666666667
0 0.5563798219584569 0.565 0.10979228486646884 0.09833333333333333
0 0.5593471810089021 0.6533333333333333 0.10979228486646884 0.08166666666666667
0 0.6602373887240356 0.4875 0.11572700296735905 0.09666666666666666
0 0.6646884272997032 0.575 0.10979228486646884 0.08166666666666667
0 0.6661721068249258 0.6591666666666667 0.10385756676557864 0.08666666666666667
0 0.7774480712166172 0.49 0.12166172106824925 0.095
0 0.7759643916913946 0.5833333333333334 0.11572700296735905 0.09166666666666666
0 0.7774480712166172 0.6691666666666667 0.11869436201780416 0.085
0 0.8902077151335311 0.54 0.08605341246290801 0.08
0 0.8857566765578635 0.6158333333333333 0.08605341246290801 0.075
0 0.8827893175074184 0.685 0.08605341246290801 0.06333333333333334
0 0.30118694362017806 0.7341666666666666 0.09198813056379822 0.085
0 0.13501483679525222 0.7825 0.08605341246290801 0.08666666666666667
0 0.2195845697329377 0.7925 0.08605341246290801 0.08333333333333333
0 0.30415430267062316 0.8091666666666667 0.08605341246290801 0.07
0 0.38427299703264095 0.795 0.07418397626112759 0.07
0 0.1795252225519288 0.7041666666666667 0.08011869436201781 0.05333333333333334
0 0.46439169139465875 0.8016666666666666 0.0830860534124629 0.065
0 0.47032640949554894 0.8641666666666666 0.08011869436201781 0.06
0 0.5445103857566765 0.8083333333333333 0.0771513353115727 0.07166666666666667
0 0.5474777448071216 0.8741666666666666 0.07418397626112759 0.06
0 0.6246290801186943 0.8183333333333334 0.08605341246290801 0.08
0 0.6246290801186943 0.8866666666666667 0.0830860534124629 0.056666666666666664
0 0.7566765578635015 0.7725 0.10979228486646884 0.09166666666666666
0 0.8664688427299704 0.7866666666666666 0.10979228486646884 0.08833333333333333
0 0.755192878338279 0.8541666666666666 0.10979228486646884 0.08
0 0.8635014836795252 0.8683333333333333 0.10682492581602374 0.08666666666666667
0 0.39020771513353114 0.845 0.07418397626112759 0.025