0 0.1775 0.42729970326409494 0.14833333333333334 0.35014836795252224
0 0.41833333333333333 0.42729970326409494 0.09166666666666666 0.2789317507418398
0 0.3125 0.4287833827893175 0.12166666666666667 0.314540059347181
0 0.5466666666666666 0.4317507418397626 0.09 0.2433234421364985
0 0.7275 0.43471810089020774 0.04666666666666667 0.19881305637982197
0 0.6241666666666666 0.4362017804154303 0.06333333333333334 0.228486646884273
0 0.6816666666666666 0.43768545994065283 0.05333333333333334 0.21364985163204747
0 0.8066666666666666 0.43768545994065283 0.04 0.17804154302670624
0 0.8425 0.43768545994065283 0.03833333333333333 0.17210682492581603
0 0.7675 0.4391691394658754 0.041666666666666664 0.18991097922848665
0 0.045 0.4762611275964392 0.09 0.29080118694362017
0 0.49583333333333335 0.5148367952522255 0.06333333333333334 0.20178041543026706
0 0.8475 0.599406528189911 0.03666666666666667 0.1513353115727003
0 0.8091666666666667 0.6142433234421365 0.03666666666666667 0.17210682492581603
0 0.7725 0.6216617210682492 0.041666666666666664 0.17507418397626112
0 0.7308333333333333 0.6320474777448071 0.04666666666666667 0.19287833827893175
0 0.6858333333333333 0.6468842729970327 0.055 0.20178041543026706
0 0.6275 0.6617210682492581 0.06 0.2195845697329377
0 0.5625 0.672106824925816 0.075 0.2344213649851632
0 0.5025 0.7106824925816023 0.06166666666666667 0.19287833827893175
0 0.42583333333333334 0.7136498516320475 0.09333333333333334 0.29080118694362017
0 0.31833333333333336 0.7433234421364985 0.12 0.3293768545994065
0 0.18916666666666668 0.7804154302670623 0.13166666666666665 0.35014836795252224
0 0.0575 0.8100890207715133 0.11333333333333333 0.37388724035608306
0 0.8175 0.9421364985163204 0.04833333333333333 0.10979228486646884
0 0.7833333333333333 0.9673590504451038 0.05 0.05934718100890208
0 0.04416666666666667 0.16468842729970326 0.08833333333333333 0.3264094955489614