0 0.028333333333333332 0.0771513353115727 0.056666666666666664 0.1543026706231454
0 0.10583333333333333 0.1513353115727003 0.09833333333333333 0.17804154302670624
0 0.18916666666666668 0.09643916913946587 0.09666666666666666 0.19287833827893175
0 0.20416666666666666 0.23293768545994065 0.1 0.17804154302670624
0 0.03333333333333333 0.4540059347181009 0.065 0.3115727002967359
0 0.03666666666666667 0.7225519287833828 0.07333333333333333 0.3264094955489614
0 0.12666666666666668 0.4970326409495549 0.13333333333333333 0.3056379821958457
0 0.1425 0.7640949554896143 0.14666666666666667 0.32047477744807124
0 0.23666666666666666 0.5756676557863502 0.115 0.27002967359050445
0 0.26166666666666666 0.8219584569732937 0.12166666666666667 0.26409495548961426
0 0.3233333333333333 0.6112759643916914 0.10666666666666667 0.24925816023738873
0 0.355 0.8456973293768546 0.10666666666666667 0.2551928783382789
0 0.4041666666666667 0.6646884272997032 0.1 0.22551928783382788
0 0.44083333333333335 0.8798219584569733 0.115 0.2344213649851632
0 0.2941666666666667 0.30415430267062316 0.10333333333333333 0.18991097922848665
0 0.27 0.14094955489614244 0.09333333333333334 0.1632047477744807
0 0.3408333333333333 0.22551928783382788 0.07166666666666667 0.1632047477744807
0 0.36583333333333334 0.36795252225519287 0.07166666666666667 0.1543026706231454
0 0.37833333333333335 0.16913946587537093 0.08166666666666667 0.14540059347181009
0 0.40166666666666667 0.2952522255192878 0.08166666666666667 0.14540059347181009
0 0.43416666666666665 0.4406528189910979 0.085 0.1572700296735905
0 0.4375 0.23738872403560832 0.06666666666666667 0.13649851632047477
0 0.4666666666666667 0.3694362017804154 0.07333333333333333 0.14836795252225518
0 0.49333333333333335 0.49554896142433236 0.07 0.12759643916913946
0 0.4841666666666667 0.3115727002967359 0.05 0.12166172106824925
0 0.5116666666666667 0.43026706231454004 0.05 0.12462908011869436
0 0.52 0.35311572700296734 0.05333333333333334 0.11572700296735905
0 0.5483333333333333 0.4658753709198813 0.05333333333333334 0.12166172106824925
0 0.5716666666666667 0.4094955489614243 0.06333333333333334 0.10979228486646884
0 0.5991666666666666 0.5178041543026706 0.06 0.10682492581602374
0 0.785 0.8946587537091988 0.08 0.11572700296735905
0 0.47 0.672106824925816 0.07333333333333333 0.19287833827893175
0 0.5075 0.8857566765578635 0.075 0.21364985163204747
0 0.525 0.7136498516320475 0.058333333333333334 0.18397626112759644
0 0.5708333333333333 0.7477744807121661 0.058333333333333334 0.17210682492581603
0 0.6408333333333334 0.8100890207715133 0.08333333333333333 0.1661721068249258
0 0.5575 0.9035608308605341 0.051666666666666666 0.18397626112759644
0 0.6016666666666667 0.9169139465875371 0.04666666666666667 0.14836795252225518
0 0.6891666666666667 0.9391691394658753 0.05 0.10979228486646884
0 0.645 0.9317507418397626 0.055 0.12759643916913946
0 0.6225 0.46142433234421365 0.04833333333333333 0.08011869436201781
0 0.635 0.526706231454006 0.03833333333333333 0.0830860534124629
0 0.6216666666666667 0.6023738872403561 0.043333333333333335 0.0712166172106825
0 0.6591666666666667 0.6275964391691394 0.03333333333333333 0.08605341246290801