0 0.6766666666666666 0.29673590504451036 0.17666666666666667 0.486646884272997
0 0.8825 0.34124629080118696 0.23333333333333334 0.5964391691394659
0 0.10583333333333333 0.4629080118694362 0.08833333333333333 0.2433234421364985
0 0.16833333333333333 0.4896142433234421 0.09 0.2551928783382789
0 0.23583333333333334 0.5252225519287834 0.10666666666666667 0.28486646884273
0 0.315 0.5578635014836796 0.11666666666666667 0.3086053412462908
0 0.41083333333333333 0.612759643916914 0.12333333333333334 0.33827893175074186
0 0.5458333333333333 0.6676557863501483 0.16 0.3857566765578635
0 0.6925 0.7329376854599406 0.15333333333333332 0.4094955489614243
0 0.18333333333333332 0.7908011869436202 0.06 0.17804154302670624
0 0.8841666666666667 0.8115727002967359 0.22666666666666666 0.37091988130563797
0 0.2525 0.8471810089020771 0.10166666666666667 0.20474777448071216
0 0.06416666666666666 0.2166172106824926 0.09166666666666666 0.26409495548961426
0 0.12916666666666668 0.22106824925816024 0.095 0.2818991097922849
0 0.1925 0.23293768545994065 0.115 0.3115727002967359
0 0.2783333333333333 0.24480712166172106 0.12166666666666667 0.34718100890207715
0 0.38666666666666666 0.26112759643916916 0.14666666666666667 0.3798219584569733
0 0.51 0.27596439169139464 0.15833333333333333 0.43026706231454004