0 0.945 0.3887240356083086 0.10833333333333334 0.3590504451038576
0 0.5775 0.3991097922848665 0.07333333333333333 0.2522255192878338
0 0.7325 0.40059347181008903 0.09 0.28486646884273
0 0.6516666666666666 0.4035608308605341 0.075 0.258160237388724
0 0.5066666666666667 0.4050445103857567 0.07 0.22551928783382788
0 0.4525 0.41097922848664686 0.06333333333333334 0.20474777448071216
0 0.8316666666666667 0.46735905044510384 0.09666666666666666 0.18694362017804153
0 0.42916666666666664 0.6364985163204748 0.04666666666666667 0.1632047477744807
0 0.47333333333333333 0.6498516320474778 0.04833333333333333 0.17210682492581603
0 0.5166666666666667 0.6617210682492581 0.055 0.19287833827893175
0 0.575 0.6869436201780416 0.06333333333333334 0.21068249258160238
0 0.6425 0.7047477744807121 0.07166666666666667 0.2195845697329377
0 0.7241666666666666 0.7314540059347181 0.09333333333333334 0.2551928783382789
0 0.8208333333333333 0.7626112759643917 0.1 0.27002967359050445
0 0.44083333333333335 0.7997032640949555 0.043333333333333335 0.1661721068249258
0 0.9358333333333333 0.8130563798219584 0.12666666666666668 0.32047477744807124
0 0.48333333333333334 0.8219584569732937 0.04833333333333333 0.17210682492581603
0 0.5308333333333334 0.8560830860534124 0.06 0.19881305637982197
0 0.5858333333333333 0.887240356083086 0.06333333333333334 0.19584569732937684
0 0.6541666666666667 0.9065281899109793 0.08166666666666667 0.18100890207715134
0 0.7425 0.9287833827893175 0.09166666666666666 0.13649851632047477
0 0.8325 0.9480712166172107 0.08833333333333333 0.10089020771513353
0 0.9383333333333334 0.10385756676557864 0.12 0.20771513353115728
0 0.7141666666666666 0.13798219584569732 0.08666666666666667 0.27596439169139464
0 0.6366666666666667 0.14540059347181009 0.07 0.2789317507418398
0 0.5091666666666667 0.18100890207715134 0.10666666666666667 0.2433234421364985
0 0.43666666666666665 0.20771513353115728 0.06333333333333334 0.21364985163204747