0 0.7818991097922848 0.39 0.18991097922848665 0.11
0 0.1083086053412463 0.415 0.19287833827893175 0.12
0 0.28486646884273 0.41833333333333333 0.17804154302670624 0.115
0 0.6172106824925816 0.4475 0.1543026706231454 0.11166666666666666
0 0.8115727002967359 0.49916666666666665 0.21068249258160238 0.125
0 0.4421364985163205 0.5125 0.18397626112759644 0.14
0 0.09198813056379822 0.5275 0.18397626112759644 0.13
0 0.2626112759643917 0.5316666666666666 0.17507418397626112 0.13
0 0.6528189910979229 0.63 0.22255192878338279 0.15833333333333333
0 0.8605341246290801 0.6366666666666667 0.24629080118694363 0.165
0 0.4391691394658754 0.64 0.20771513353115728 0.15333333333333332
0 0.07566765578635015 0.6625 0.1513353115727003 0.15166666666666667
0 0.24480712166172106 0.6633333333333333 0.18397626112759644 0.15
0 0.6735905044510386 0.7741666666666667 0.24925816023738873 0.14833333333333334
0 0.887240356083086 0.7758333333333334 0.2195845697329377 0.13666666666666666
0 0.43471810089020774 0.7791666666666667 0.22551928783382788 0.13833333333333334
0 0.22255192878338279 0.7941666666666667 0.19881305637982197 0.11833333333333333
0 0.057863501483679525 0.795 0.11572700296735905 0.115