0 0.06666666666666667 0.3649851632047478 0.11833333333333333 0.20178041543026706
0 0.45166666666666666 0.4050445103857567 0.12833333333333333 0.29080118694362017
0 0.5891666666666666 0.526706231454006 0.135 0.1394658753709199
0 0.10583333333333333 0.5608308605341247 0.12166666666666667 0.2344213649851632
0 0.03166666666666667 0.5623145400593472 0.06333333333333334 0.20771513353115728
0 0.21 0.5919881305637982 0.115 0.2433234421364985
0 0.31416666666666665 0.5964391691394659 0.11333333333333333 0.19881305637982197
0 0.43666666666666665 0.7403560830860534 0.16 0.3798219584569733
0 0.5883333333333334 0.7626112759643917 0.16666666666666666 0.34421364985163205
0 0.06416666666666666 0.7789317507418397 0.12 0.2433234421364985
0 0.2841666666666667 0.7893175074183977 0.15833333333333333 0.24629080118694363
0 0.16583333333333333 0.8086053412462908 0.10833333333333334 0.2195845697329377
0 0.9108333333333334 0.27002967359050445 0.11 0.18397626112759644