0 0.56 0.3115727002967359 0.035 0.10385756676557864
0 0.6783333333333333 0.31750741839762614 0.023333333333333334 0.0771513353115727
0 0.056666666666666664 0.3353115727002967 0.085 0.20474777448071216
0 0.5883333333333334 0.3397626112759644 0.025 0.0830860534124629
0 0.6166666666666667 0.34718100890207715 0.03166666666666667 0.08902077151335312
0 0.3333333333333333 0.03560830860534125 0.03666666666666667 0.0712166172106825
0 0.6408333333333334 0.3649851632047478 0.021666666666666667 0.08902077151335312
0 0.6633333333333333 0.38427299703264095 0.025 0.0712166172106825
0 0.6875 0.38724035608308605 0.03333333333333333 0.07418397626112759
0 0.41083333333333333 0.4065281899109792 0.043333333333333335 0.11869436201780416
0 0.21583333333333332 0.04302670623145401 0.043333333333333335 0.08605341246290801
0 0.44666666666666666 0.41839762611275966 0.03333333333333333 0.10682492581602374
0 0.3358333333333333 0.4406528189910979 0.056666666666666664 0.14836795252225518
0 0.125 0.44807121661721067 0.06 0.11572700296735905
0 0.07083333333333333 0.050445103857566766 0.05333333333333334 0.09792284866468842
0 0.41583333333333333 0.5133531157270029 0.043333333333333335 0.11275964391691394
0 0.4525 0.5192878338278932 0.03333333333333333 0.10089020771513353
0 0.06416666666666666 0.5207715133531158 0.058333333333333334 0.1632047477744807
0 0.5883333333333334 0.5326409495548962 0.04 0.10385756676557864
0 0.3675 0.05489614243323442 0.03166666666666667 0.08605341246290801
0 0.62 0.5370919881305638 0.035 0.09792284866468842
0 0.1225 0.5504451038575667 0.06333333333333334 0.10682492581602374
0 0.22833333333333333 0.5563798219584569 0.07166666666666667 0.16023738872403562
0 0.6466666666666666 0.5578635014836796 0.03 0.09198813056379822
0 0.2875 0.5652818991097923 0.058333333333333334 0.1543026706231454
0 0.6816666666666666 0.5652818991097923 0.05 0.10089020771513353
0 0.3408333333333333 0.5816023738872403 0.05333333333333334 0.13649851632047477
0 0.8008333333333333 0.5830860534124629 0.025 0.06824925816023739
0 0.3858333333333333 0.599406528189911 0.03833333333333333 0.11275964391691394
0 0.4216666666666667 0.612759643916914 0.035 0.10089020771513353
0 0.45416666666666666 0.6172106824925816 0.03333333333333333 0.09792284866468842
0 0.5575 0.6275964391691394 0.045 0.11869436201780416
0 0.5966666666666667 0.6409495548961425 0.03666666666666667 0.11869436201780416
0 0.6275 0.6468842729970327 0.03166666666666667 0.11275964391691394
0 0.8091666666666667 0.6468842729970327 0.028333333333333332 0.07418397626112759
0 0.25916666666666666 0.06528189910979229 0.04 0.08011869436201781
0 0.655 0.6572700296735905 0.028333333333333332 0.10385756676557864
0 0.675 0.658753709198813 0.03 0.10089020771513353
0 0.6975 0.6632047477744807 0.02666666666666667 0.09198813056379822
0 0.8133333333333334 0.7047477744807121 0.028333333333333332 0.05934718100890208
0 0.12333333333333334 0.07270029673590504 0.04833333333333333 0.09792284866468842
0 0.42333333333333334 0.0830860534124629 0.041666666666666664 0.07418397626112759
0 0.2991666666666667 0.09347181008902077 0.035 0.09198813056379822
0 0.17333333333333334 0.10089020771513353 0.045 0.09495548961424333
0 0.335 0.11572700296735905 0.04 0.07418397626112759
0 0.21583333333333332 0.13056379821958458 0.04 0.10089020771513353
0 0.37083333333333335 0.1394658753709199 0.03833333333333333 0.0830860534124629
0 0.4633333333333333 0.1513353115727003 0.045 0.10089020771513353
0 0.25833333333333336 0.15281899109792285 0.04 0.09198813056379822
0 0.42833333333333334 0.1572700296735905 0.03666666666666667 0.08011869436201781
0 0.40166666666666667 0.1632047477744807 0.02666666666666667 0.0712166172106825
0 0.2991666666666667 0.1824925816023739 0.03833333333333333 0.09495548961424333
0 0.5016666666666667 0.18397626112759644 0.03333333333333333 0.10089020771513353
0 0.06416666666666666 0.18694362017804153 0.05333333333333334 0.10089020771513353
0 0.53 0.1943620178041543 0.04 0.10682492581602374
0 0.3375 0.19584569732937684 0.035 0.07418397626112759
0 0.37 0.21364985163204747 0.03833333333333333 0.08605341246290801
0 0.5575 0.22700296735905046 0.03 0.08902077151335312
0 0.4 0.2344213649851632 0.028333333333333332 0.0830860534124629
0 0.435 0.24629080118694363 0.03833333333333333 0.10089020771513353
0 0.6091666666666666 0.2522255192878338 0.03166666666666667 0.08902077151335312
0 0.585 0.26112759643916916 0.02666666666666667 0.09198813056379822
0 0.66 0.2818991097922849 0.03166666666666667 0.10089020771513353
0 0.5041666666666667 0.28486646884273 0.03833333333333333 0.10385756676557864
0 0.6358333333333334 0.28486646884273 0.03 0.08902077151335312
0 0.5358333333333334 0.2922848664688427 0.028333333333333332 0.10089020771513353