0 0.7383333333333333 0.4666666666666667 0.09666666666666666 0.18666666666666668
0 0.8391666666666666 0.4677777777777778 0.09166666666666666 0.18666666666666668
0 0.9316666666666666 0.4711111111111111 0.08333333333333333 0.17333333333333334
0 0.43833333333333335 0.47333333333333333 0.08166666666666667 0.1511111111111111
0 0.11666666666666667 0.47333333333333333 0.02666666666666667 0.10222222222222223
0 0.023333333333333334 0.47444444444444445 0.03166666666666667 0.1
0 0.05583333333333333 0.47444444444444445 0.04 0.1
0 0.24333333333333335 0.47555555555555556 0.03333333333333333 0.1111111111111111
0 0.37833333333333335 0.47555555555555556 0.058333333333333334 0.14444444444444443
0 0.08583333333333333 0.47555555555555556 0.03666666666666667 0.10444444444444445
0 0.3258333333333333 0.4766666666666667 0.055 0.13333333333333333
0 0.1975 0.4777777777777778 0.055 0.12
0 0.14916666666666667 0.47888888888888886 0.03666666666666667 0.10888888888888888
0 0.2808333333333333 0.4888888888888889 0.045 0.1111111111111111
0 0.5966666666666667 0.5155555555555555 0.07333333333333333 0.1288888888888889
0 0.5358333333333334 0.5177777777777778 0.058333333333333334 0.1288888888888889
0 0.4841666666666667 0.5188888888888888 0.058333333333333334 0.12
0 0.6575 0.5188888888888888 0.06333333333333334 0.14444444444444443
0 0.04583333333333333 0.5733333333333334 0.03666666666666667 0.09777777777777778
0 0.07583333333333334 0.5744444444444444 0.03833333333333333 0.09777777777777778
0 0.10916666666666666 0.58 0.04 0.10222222222222223
0 0.14833333333333334 0.5844444444444444 0.041666666666666664 0.10222222222222223
0 0.19083333333333333 0.59 0.04833333333333333 0.10444444444444445
0 0.23583333333333334 0.5911111111111111 0.043333333333333335 0.10888888888888888
0 0.2733333333333333 0.5988888888888889 0.04666666666666667 0.11333333333333333
0 0.31916666666666665 0.6055555555555555 0.058333333333333334 0.12222222222222222
0 0.36833333333333335 0.61 0.056666666666666664 0.13111111111111112
0 0.4216666666666667 0.6122222222222222 0.065 0.1288888888888889
0 0.4766666666666667 0.63 0.055 0.10666666666666667
0 0.5275 0.64 0.05 0.12
0 0.735 0.6411111111111111 0.1 0.17555555555555555
0 0.5908333333333333 0.6433333333333333 0.07166666666666667 0.1288888888888889
0 0.835 0.6488888888888888 0.09166666666666666 0.18
0 0.6558333333333334 0.6577777777777778 0.06333333333333334 0.14444444444444443
0 0.9316666666666666 0.6855555555555556 0.09333333333333334 0.15333333333333332
0 0.04083333333333333 0.69 0.06 0.10444444444444445
0 0.10833333333333334 0.7188888888888889 0.058333333333333334 0.10888888888888888
0 0.16666666666666666 0.7277777777777777 0.06333333333333334 0.1111111111111111
0 0.24583333333333332 0.7477777777777778 0.051666666666666666 0.07777777777777778
0 0.18916666666666668 0.7733333333333333 0.04666666666666667 0.06222222222222222
0 0.495 0.7766666666666666 0.06166666666666667 0.1
0 0.5908333333333333 0.7844444444444445 0.04666666666666667 0.09777777777777778
0 0.6491666666666667 0.7944444444444444 0.043333333333333335 0.07777777777777778
0 0.3775 0.8011111111111111 0.055 0.11333333333333333
0 0.3 0.8166666666666667 0.041666666666666664 0.11555555555555555
0 0.06416666666666666 0.8266666666666667 0.028333333333333332 0.10888888888888888
0 0.4608333333333333 0.8344444444444444 0.056666666666666664 0.10444444444444445
0 0.10083333333333333 0.84 0.05333333333333334 0.11777777777777777
0 0.7391666666666666 0.8411111111111111 0.08666666666666667 0.12222222222222222
0 0.15 0.8488888888888889 0.04833333333333333 0.11777777777777777
0 0.4191666666666667 0.87 0.028333333333333332 0.08222222222222222
0 0.5541666666666667 0.8722222222222222 0.058333333333333334 0.10666666666666667
0 0.19916666666666666 0.8722222222222222 0.07 0.14888888888888888
0 0.25333333333333335 0.8788888888888889 0.045 0.1
0 0.335 0.9 0.041666666666666664 0.10888888888888888
0 0.38166666666666665 0.9055555555555556 0.04833333333333333 0.10444444444444445
0 0.5908333333333333 0.9066666666666666 0.06666666666666667 0.13111111111111112
0 0.95 0.9122222222222223 0.09166666666666666 0.13777777777777778
0 0.29 0.9166666666666666 0.051666666666666666 0.09555555555555556
0 0.41833333333333333 0.94 0.023333333333333334 0.06
0 0.6591666666666667 0.9455555555555556 0.04833333333333333 0.10444444444444445
0 0.72 0.9455555555555556 0.06 0.10444444444444445
0 0.44916666666666666 0.9466666666666667 0.03833333333333333 0.10222222222222223
0 0.48833333333333334 0.9511111111111111 0.06333333333333334 0.09333333333333334
0 0.7958333333333333 0.9544444444444444 0.08166666666666667 0.08666666666666667