0 0.3308333333333333 0.24666666666666667 0.08 0.15555555555555556
0 0.12833333333333333 0.24666666666666667 0.065 0.13555555555555557
0 0.4091666666666667 0.25222222222222224 0.04666666666666667 0.13555555555555557
0 0.23416666666666666 0.25555555555555554 0.06833333333333333 0.1288888888888889
0 0.5133333333333333 0.2588888888888889 0.065 0.13555555555555557
0 0.665 0.26555555555555554 0.07 0.12444444444444444
0 0.5925 0.28 0.05333333333333334 0.1
0 0.9816666666666667 0.43777777777777777 0.03333333333333333 0.11555555555555555
0 0.9416666666666667 0.4388888888888889 0.058333333333333334 0.11777777777777777
0 0.885 0.44 0.075 0.11555555555555555
0 0.7008333333333333 0.44666666666666666 0.07333333333333333 0.12666666666666668
0 0.7541666666666667 0.45222222222222225 0.035 0.1111111111111111
0 0.5041666666666667 0.4577777777777778 0.07166666666666667 0.12666666666666668
0 0.3933333333333333 0.46 0.07666666666666666 0.14888888888888888
0 0.3075 0.4622222222222222 0.08333333333333333 0.16
0 0.5866666666666667 0.4666666666666667 0.056666666666666664 0.10888888888888888
0 0.645 0.4666666666666667 0.04666666666666667 0.08888888888888889
0 0.18083333333333335 0.4766666666666667 0.07166666666666667 0.14888888888888888
0 0.06916666666666667 0.4811111111111111 0.07666666666666666 0.1511111111111111
0 0.9675 0.5933333333333334 0.06 0.12222222222222222
0 0.9125 0.6033333333333334 0.058333333333333334 0.13333333333333333
0 0.8508333333333333 0.6088888888888889 0.06666666666666667 0.13333333333333333
0 0.7333333333333333 0.63 0.07666666666666666 0.13111111111111112
0 0.6575 0.6477777777777778 0.051666666666666666 0.11333333333333333
0 0.5475 0.6511111111111111 0.06666666666666667 0.16
0 0.6075 0.6577777777777778 0.056666666666666664 0.11555555555555555
0 0.25583333333333336 0.7044444444444444 0.07166666666666667 0.13777777777777778
0 0.97 0.76 0.055 0.10666666666666667
0 0.9233333333333333 0.7677777777777778 0.05 0.11777777777777777
0 0.87 0.7777777777777778 0.07333333333333333 0.13333333333333333
0 0.5583333333333333 0.8422222222222222 0.07333333333333333 0.1511111111111111