0 0.7541666666666667 0.26 0.045 0.07555555555555556
0 0.8525 0.3244444444444444 0.04666666666666667 0.08666666666666667
0 0.7991666666666667 0.3277777777777778 0.04666666666666667 0.08222222222222222
0 0.7083333333333334 0.33111111111111113 0.041666666666666664 0.08
0 0.6625 0.3333333333333333 0.041666666666666664 0.08
0 0.7525 0.33444444444444443 0.043333333333333335 0.07333333333333333
0 0.6141666666666666 0.33555555555555555 0.041666666666666664 0.07777777777777778
0 0.5741666666666667 0.33666666666666667 0.04 0.07777777777777778
0 0.5341666666666667 0.3377777777777778 0.04 0.07555555555555556
0 0.49583333333333335 0.34 0.03833333333333333 0.07333333333333333
0 0.42 0.3411111111111111 0.03666666666666667 0.07333333333333333
0 0.4575 0.3422222222222222 0.03666666666666667 0.07555555555555556
0 0.38416666666666666 0.3433333333333333 0.035 0.07333333333333333
0 0.31666666666666665 0.34444444444444444 0.03333333333333333 0.07333333333333333
0 0.2841666666666667 0.34555555555555556 0.03333333333333333 0.07111111111111111
0 0.35083333333333333 0.34555555555555556 0.03333333333333333 0.07333333333333333
0 0.25083333333333335 0.3466666666666667 0.03333333333333333 0.06888888888888889
0 0.21833333333333332 0.3477777777777778 0.035 0.06888888888888889
0 0.185 0.3488888888888889 0.03166666666666667 0.07111111111111111
0 0.06583333333333333 0.35 0.028333333333333332 0.06666666666666667
0 0.155 0.35 0.03 0.06888888888888889
0 0.125 0.3511111111111111 0.03166666666666667 0.06888888888888889
0 0.095 0.3522222222222222 0.03 0.07111111111111111
0 0.018333333333333333 0.4266666666666667 0.03666666666666667 0.07555555555555556
0 0.06333333333333334 0.48 0.02666666666666667 0.06888888888888889
0 0.125 0.4811111111111111 0.023333333333333334 0.06666666666666667
0 0.44666666666666666 0.4822222222222222 0.035 0.08
0 0.5191666666666667 0.4822222222222222 0.02666666666666667 0.08
0 0.15416666666666667 0.4822222222222222 0.03166666666666667 0.07333333333333333
0 0.18666666666666668 0.48333333333333334 0.03666666666666667 0.07111111111111111
0 0.25083333333333335 0.48333333333333334 0.021666666666666667 0.07111111111111111
0 0.4091666666666667 0.48333333333333334 0.035 0.08222222222222222
0 0.4841666666666667 0.48333333333333334 0.035 0.08
0 0.22166666666666668 0.48444444444444446 0.03166666666666667 0.07111111111111111
0 0.29833333333333334 0.4855555555555556 0.03333333333333333 0.07333333333333333
0 0.33166666666666667 0.4855555555555556 0.03333333333333333 0.07555555555555556
0 0.36833333333333335 0.4855555555555556 0.03666666666666667 0.07333333333333333
0 0.016666666666666666 0.48777777777777775 0.03333333333333333 0.05555555555555555
0 0.5775 0.4888888888888889 0.03333333333333333 0.07555555555555556
0 0.6158333333333333 0.49 0.04 0.08
0 0.6566666666666666 0.49 0.04 0.07777777777777778
0 0.7008333333333333 0.49 0.043333333333333335 0.08
0 0.795 0.4922222222222222 0.04666666666666667 0.08666666666666667
0 0.7475 0.49333333333333335 0.043333333333333335 0.08444444444444445
0 0.0925 0.5455555555555556 0.03166666666666667 0.06222222222222222
0 0.06166666666666667 0.5455555555555556 0.023333333333333334 0.06222222222222222
0 0.12333333333333334 0.5466666666666666 0.02666666666666667 0.06444444444444444
0 0.15333333333333332 0.5488888888888889 0.03333333333333333 0.06222222222222222
0 0.1875 0.55 0.03166666666666667 0.06444444444444444
0 0.22 0.5511111111111111 0.03166666666666667 0.06444444444444444
0 0.25 0.5522222222222222 0.023333333333333334 0.06666666666666667
0 0.295 0.5544444444444444 0.03166666666666667 0.06444444444444444
0 0.32916666666666666 0.5544444444444444 0.03333333333333333 0.06888888888888889
0 0.36666666666666664 0.5555555555555556 0.03666666666666667 0.07111111111111111
0 0.4075 0.5566666666666666 0.035 0.07111111111111111
0 0.44416666666666665 0.5588888888888889 0.035 0.07333333333333333
0 0.4816666666666667 0.56 0.03666666666666667 0.07777777777777778
0 0.5183333333333333 0.56 0.028333333333333332 0.07777777777777778
0 0.5725 0.5655555555555556 0.03833333333333333 0.07333333333333333
0 0.6125 0.5677777777777778 0.04 0.07555555555555556
0 0.6558333333333334 0.5688888888888889 0.04 0.08
0 0.6991666666666667 0.5711111111111111 0.043333333333333335 0.08222222222222222
0 0.7483333333333333 0.5733333333333334 0.041666666666666664 0.08
0 0.7925 0.5744444444444444 0.043333333333333335 0.08
0 0.3516666666666667 0.7277777777777777 0.028333333333333332 0.06
0 0.43583333333333335 0.7288888888888889 0.03166666666666667 0.06666666666666667
0 0.4683333333333333 0.7311111111111112 0.03 0.07111111111111111
0 0.38166666666666665 0.7322222222222222 0.025 0.06222222222222222
0 0.4075 0.7366666666666667 0.021666666666666667 0.05555555555555555
0 0.2925 0.7377777777777778 0.02666666666666667 0.057777777777777775
0 0.1125 0.7411111111111112 0.03 0.06222222222222222
0 0.4925 0.7466666666666667 0.02666666666666667 0.06
0 0.1425 0.7466666666666667 0.028333333333333332 0.07555555555555556
0 0.175 0.7477777777777778 0.03166666666666667 0.07555555555555556
0 0.2075 0.7511111111111111 0.03166666666666667 0.07333333333333333
0 0.24 0.7533333333333333 0.03166666666666667 0.07555555555555556
0 0.31833333333333336 0.7833333333333333 0.02666666666666667 0.05333333333333334
0 0.28833333333333333 0.7888888888888889 0.025 0.04888888888888889
0 0.37833333333333335 0.7911111111111111 0.023333333333333334 0.05555555555555555
0 0.5725 0.7911111111111111 0.03833333333333333 0.08222222222222222
0 0.35 0.7922222222222223 0.028333333333333332 0.057777777777777775
0 0.43333333333333335 0.7944444444444444 0.03166666666666667 0.06444444444444444
0 0.4075 0.7955555555555556 0.02 0.057777777777777775
0 0.615 0.7966666666666666 0.03833333333333333 0.08444444444444445
0 0.4658333333333333 0.7988888888888889 0.028333333333333332 0.06666666666666667
0 0.6566666666666666 0.8022222222222222 0.03833333333333333 0.08666666666666667
0 0.49166666666666664 0.8066666666666666 0.02666666666666667 0.06222222222222222
0 0.5191666666666667 0.8088888888888889 0.023333333333333334 0.06222222222222222
0 0.7016666666666667 0.8088888888888889 0.04 0.08666666666666667
0 0.14 0.8122222222222222 0.03166666666666667 0.06222222222222222
0 0.7458333333333333 0.8133333333333334 0.041666666666666664 0.08444444444444445
0 0.17333333333333334 0.8177777777777778 0.028333333333333332 0.06444444444444444
0 0.20333333333333334 0.8211111111111111 0.03333333333333333 0.06888888888888889
0 0.23666666666666666 0.8233333333333334 0.03166666666666667 0.06666666666666667
0 0.7983333333333333 0.8244444444444444 0.043333333333333335 0.09333333333333334
0 0.835 0.8244444444444444 0.023333333333333334 0.09333333333333334
0 0.2875 0.8377777777777777 0.028333333333333332 0.05333333333333334
0 0.315 0.8422222222222222 0.03 0.057777777777777775
0 0.3475 0.8466666666666667 0.02666666666666667 0.05555555555555555
0 0.3775 0.8466666666666667 0.021666666666666667 0.05555555555555555
0 0.4058333333333333 0.8511111111111112 0.023333333333333334 0.05333333333333334
0 0.43333333333333335 0.8566666666666667 0.03 0.06222222222222222
0 0.465 0.86 0.03 0.057777777777777775
0 0.49083333333333334 0.8644444444444445 0.025 0.05333333333333334
0 0.5191666666666667 0.87 0.023333333333333334 0.057777777777777775
0 0.5725 0.8733333333333333 0.03833333333333333 0.08
0 0.6125 0.8788888888888889 0.03666666666666667 0.08222222222222222
0 0.6566666666666666 0.8844444444444445 0.03833333333333333 0.08
0 0.7 0.8911111111111111 0.04 0.08
0 0.7458333333333333 0.8977777777777778 0.04 0.08666666666666667
0 0.7975 0.9055555555555556 0.043333333333333335 0.08222222222222222
0 0.34833333333333333 0.9433333333333334 0.03 0.06222222222222222
0 0.3775 0.95 0.02666666666666667 0.06444444444444444
0 0.405 0.9566666666666667 0.03 0.06666666666666667
0 0.435 0.9577777777777777 0.02666666666666667 0.07111111111111111
0 0.465 0.9655555555555555 0.03 0.06666666666666667
0 0.20166666666666666 0.9733333333333334 0.03 0.051111111111111114
0 0.8558333333333333 0.15222222222222223 0.04833333333333333 0.08888888888888889
0 0.8066666666666666 0.15777777777777777 0.04833333333333333 0.08666666666666667
0 0.7616666666666667 0.16444444444444445 0.045 0.08444444444444445
0 0.7158333333333333 0.1688888888888889 0.045 0.08
0 0.5925 0.18222222222222223 0.043333333333333335 0.07555555555555556
0 0.6758333333333333 0.18222222222222223 0.03333333333333333 0.06
0 0.5525 0.18444444444444444 0.04 0.07777777777777778
0 0.6383333333333333 0.18444444444444444 0.041666666666666664 0.06222222222222222
0 0.5116666666666667 0.18777777777777777 0.03666666666666667 0.07555555555555556
0 0.4741666666666667 0.1922222222222222 0.03833333333333333 0.07777777777777778
0 0.4375 0.19444444444444445 0.03666666666666667 0.07555555555555556
0 0.4025 0.19666666666666666 0.03166666666666667 0.06444444444444444
0 0.3358333333333333 0.2011111111111111 0.03333333333333333 0.07111111111111111
0 0.37083333333333335 0.2011111111111111 0.035 0.06666666666666667
0 0.3 0.20333333333333334 0.03333333333333333 0.06444444444444444
0 0.23333333333333334 0.20777777777777778 0.03 0.06666666666666667
0 0.26666666666666666 0.20777777777777778 0.035 0.06444444444444444
0 0.20166666666666666 0.2111111111111111 0.028333333333333332 0.06444444444444444
0 0.16833333333333333 0.21444444444444444 0.03333333333333333 0.06666666666666667
0 0.1375 0.21666666666666667 0.028333333333333332 0.06666666666666667
0 0.1075 0.21777777777777776 0.028333333333333332 0.06444444444444444
0 0.07833333333333334 0.22 0.03 0.06444444444444444