0 0.5183333333333333 0.22333333333333333 0.12833333333333333 0.31555555555555553
0 0.4091666666666667 0.26222222222222225 0.095 0.2866666666666667
0 0.32 0.2866666666666667 0.08 0.25555555555555554
0 0.5216666666666666 0.5288888888888889 0.12666666666666668 0.30444444444444446
0 0.41 0.53 0.09833333333333333 0.27111111111111114
0 0.8466666666666667 0.53 0.21166666666666667 0.42
0 0.32083333333333336 0.5311111111111111 0.08 0.24444444444444444
0 0.6641666666666667 0.5322222222222223 0.155 0.3488888888888889
0 0.9775 0.5388888888888889 0.041666666666666664 0.4111111111111111
0 0.32166666666666666 0.7744444444444445 0.08166666666666667 0.25333333333333335
0 0.4141666666666667 0.8066666666666666 0.105 0.2777777777777778
0 0.5283333333333333 0.84 0.12 0.31777777777777777
0 0.6691666666666667 0.8522222222222222 0.15666666666666668 0.29333333333333333
0 0.9791666666666666 0.8666666666666667 0.03833333333333333 0.26222222222222225
0 0.8525 0.8688888888888889 0.21166666666666667 0.26
0 0.9725 0.16111111111111112 0.051666666666666666 0.32222222222222224
0 0.8425 0.17 0.205 0.3377777777777778
0 0.6616666666666666 0.18444444444444444 0.15 0.36444444444444446