0 0.8758333333333334 0.3115727002967359 0.12666666666666668 0.24629080118694363
0 0.7716666666666666 0.33382789317507416 0.10833333333333334 0.23738872403560832
0 0.6691666666666667 0.3516320474777448 0.09833333333333333 0.2314540059347181
0 0.5791666666666667 0.3768545994065282 0.095 0.2314540059347181
0 0.48833333333333334 0.39317507418397624 0.08666666666666667 0.22551928783382788
0 0.40166666666666667 0.4035608308605341 0.085 0.2166172106824926
0 0.3175 0.4258160237388724 0.07333333333333333 0.21364985163204747
0 0.9733333333333334 0.5370919881305638 0.051666666666666666 0.26409495548961426
0 0.8966666666666666 0.5563798219584569 0.13 0.27002967359050445
0 0.79 0.56973293768546 0.11333333333333333 0.2522255192878338
0 0.6825 0.5845697329376854 0.10166666666666667 0.2403560830860534
0 0.5866666666666667 0.599406528189911 0.09833333333333333 0.24629080118694363
0 0.49166666666666664 0.6097922848664689 0.09166666666666666 0.2403560830860534
0 0.4025 0.6216617210682492 0.09 0.2314540059347181
0 0.31333333333333335 0.6350148367952523 0.085 0.2314540059347181
0 0.9216666666666666 0.8175074183976261 0.13166666666666665 0.2818991097922849
0 0.8058333333333333 0.827893175074184 0.12166666666666667 0.27596439169139464
0 0.69 0.8353115727002968 0.10666666666666667 0.26409495548961426
0 0.5875 0.841246290801187 0.09666666666666666 0.2551928783382789
0 0.4925 0.8501483679525222 0.09333333333333334 0.2522255192878338
0 0.3975 0.8560830860534124 0.09166666666666666 0.24925816023738873
0 0.30416666666666664 0.8605341246290801 0.09 0.2433234421364985
0 0.9575 0.2878338278931751 0.08166666666666667 0.27299703264094954