0 0.6175 0.03412462908011869 0.09166666666666666 0.06824925816023739
0 0.4191666666666667 0.03560830860534125 0.09166666666666666 0.06824925816023739
0 0.5166666666666667 0.037091988130563795 0.09833333333333333 0.07418397626112759
0 0.32 0.03857566765578635 0.095 0.0771513353115727
0 0.22583333333333333 0.04154302670623145 0.095 0.08011869436201781
0 0.9625 0.456973293768546 0.07333333333333333 0.228486646884273
0 0.8825 0.45845697329376855 0.09 0.228486646884273
0 0.575 0.46142433234421365 0.085 0.228486646884273
0 0.7008333333333333 0.46439169139465875 0.1 0.23738872403560832
0 0.7941666666666667 0.46439169139465875 0.09 0.2314540059347181
0 0.4891666666666667 0.4688427299703264 0.08666666666666667 0.2314540059347181
0 0.3983333333333333 0.4762611275964392 0.085 0.2344213649851632
0 0.14166666666666666 0.4910979228486647 0.1 0.22551928783382788
0 0.31333333333333335 0.49258160237388726 0.09 0.2344213649851632
0 0.22666666666666666 0.49851632047477745 0.09 0.22551928783382788
0 0.8791666666666667 0.6706231454005934 0.09333333333333334 0.22255192878338279
0 0.9591666666666666 0.672106824925816 0.07833333333333334 0.2166172106824926
0 0.7908333333333334 0.6765578635014837 0.09 0.2314540059347181
0 0.6991666666666667 0.685459940652819 0.095 0.2314540059347181
0 0.5775 0.6869436201780416 0.08166666666666667 0.2195845697329377
0 0.4925 0.6943620178041543 0.09 0.22255192878338279
0 0.4058333333333333 0.6973293768545994 0.09333333333333334 0.2195845697329377
0 0.32 0.7062314540059347 0.085 0.20771513353115728
0 0.23666666666666666 0.7077151335311572 0.08833333333333333 0.20474777448071216
0 0.14916666666666667 0.7136498516320475 0.08166666666666667 0.2166172106824926
0 0.965 0.9243323442136498 0.06666666666666667 0.14540059347181009
0 0.8866666666666667 0.9272997032640949 0.09 0.1394658753709199
0 0.9741666666666666 0.16023738872403562 0.04833333333333333 0.2344213649851632
0 0.8975 0.16468842729970326 0.095 0.2403560830860534
0 0.8116666666666666 0.16913946587537093 0.09333333333333334 0.2403560830860534
0 0.7158333333333333 0.17507418397626112 0.09666666666666666 0.24629080118694363
0 0.6166666666666667 0.1824925816023739 0.08833333333333333 0.23738872403560832
0 0.5191666666666667 0.1884272997032641 0.09166666666666666 0.23738872403560832
0 0.4241666666666667 0.19732937685459942 0.08833333333333333 0.2403560830860534
0 0.23 0.20178041543026706 0.09 0.23738872403560832
0 0.32416666666666666 0.20178041543026706 0.09166666666666666 0.23738872403560832