0 0.8575 0.37833827893175076 0.11666666666666667 0.228486646884273
0 0.7458333333333333 0.39762611275964393 0.1 0.2166172106824926
0 0.6366666666666667 0.4124629080118694 0.09833333333333333 0.2166172106824926
0 0.9783333333333334 0.4910979228486647 0.041666666666666664 0.3353115727002967
0 0.41833333333333333 0.5652818991097923 0.12666666666666668 0.26706231454005935
0 0.5308333333333334 0.5756676557863502 0.09666666666666666 0.2166172106824926
0 0.315 0.5830860534124629 0.135 0.27002967359050445
0 0.8675 0.6068249258160238 0.13 0.27299703264094954
0 0.028333333333333332 0.612759643916914 0.056666666666666664 0.24925816023738873
0 0.7483333333333333 0.6216617210682492 0.10833333333333334 0.26112759643916916
0 0.21333333333333335 0.6216617210682492 0.11166666666666666 0.21068249258160238
0 0.9491666666666667 0.6246290801186943 0.06833333333333333 0.2997032640949555
0 0.6333333333333333 0.6261127596439169 0.10333333333333333 0.24629080118694363
0 0.08666666666666667 0.6335311572700296 0.13166666666666665 0.23738872403560832
0 0.5091666666666667 0.8293768545994066 0.14333333333333334 0.3264094955489614
0 0.38916666666666666 0.8397626112759644 0.145 0.2997032640949555
0 0.275 0.844213649851632 0.14833333333333334 0.2878338278931751
0 0.16083333333333333 0.8486646884272997 0.14166666666666666 0.26409495548961426
0 0.88 0.8590504451038575 0.14 0.27596439169139464
0 0.0675 0.8605341246290801 0.11333333333333333 0.27299703264094954
0 0.6316666666666667 0.8649851632047477 0.11333333333333333 0.24925816023738873
0 0.7508333333333334 0.8635014836795252 0.11833333333333333 0.26706231454005935