0 0.8166666666666667 0.7967359050445104 0.04666666666666667 0.12462908011869436
0 0.8241666666666667 0.9020771513353115 0.05 0.10979228486646884
0 0.7691666666666667 0.7937685459940653 0.045 0.11869436201780416
0 0.7766666666666666 0.900593471810089 0.045 0.10682492581602374
0 0.7241666666666666 0.7952522255192879 0.045 0.12166172106824925
0 0.7275 0.900593471810089 0.051666666666666666 0.10385756676557864
0 0.6758333333333333 0.7967359050445104 0.051666666666666666 0.11572700296735905
0 0.6783333333333333 0.900593471810089 0.04666666666666667 0.09792284866468842
0 0.6275 0.798219584569733 0.04666666666666667 0.12166172106824925
0 0.6308333333333334 0.9020771513353115 0.04666666666666667 0.10089020771513353
0 0.5816666666666667 0.7952522255192879 0.045 0.11275964391691394
0 0.5833333333333334 0.9020771513353115 0.045 0.09495548961424333
0 0.5341666666666667 0.7922848664688428 0.043333333333333335 0.12462908011869436
0 0.535 0.8961424332344213 0.04666666666666667 0.10089020771513353
0 0.49 0.7908011869436202 0.04666666666666667 0.11869436201780416
0 0.4891666666666667 0.8961424332344213 0.04666666666666667 0.10385756676557864
0 0.445 0.7863501483679525 0.045 0.11572700296735905
0 0.44166666666666665 0.8916913946587537 0.04666666666666667 0.10979228486646884
0 0.3983333333333333 0.7833827893175074 0.04833333333333333 0.11869436201780416
0 0.39666666666666667 0.8902077151335311 0.045 0.10979228486646884
0 0.35083333333333333 0.7804154302670623 0.05 0.11869436201780416
0 0.3475 0.8753709198813057 0.055 0.08011869436201781
0 0.305 0.7804154302670623 0.045 0.11572700296735905
0 0.26 0.7848664688427299 0.04833333333333333 0.11869436201780416
0 0.2125 0.7774480712166172 0.055 0.12166172106824925
0 0.15916666666666668 0.887240356083086 0.043333333333333335 0.10385756676557864
0 0.12583333333333332 0.7804154302670623 0.058333333333333334 0.12462908011869436
0 0.11666666666666667 0.8827893175074184 0.055 0.10979228486646884
0 0.065 0.887240356083086 0.05 0.10385756676557864
0 0.0225 0.8857566765578635 0.045 0.10682492581602374
0 0.034166666666666665 0.7789317507418397 0.041666666666666664 0.09198813056379822
0 0.0775 0.7789317507418397 0.03666666666666667 0.10385756676557864
0 0.20666666666666667 0.8620178041543026 0.04666666666666667 0.04451038575667656
0 0.25416666666666665 0.8783382789317508 0.045 0.06528189910979229
0 0.2975 0.8798219584569733 0.04 0.06528189910979229