0 0.14666666666666667 0.5934718100890207 0.08166666666666667 0.142433234421365
0 0.21083333333333334 0.5934718100890207 0.07333333333333333 0.13649851632047477
0 0.3333333333333333 0.5949554896142433 0.051666666666666666 0.12166172106824925
0 0.2683333333333333 0.5979228486646885 0.07166666666666667 0.142433234421365
0 0.049166666666666664 0.5979228486646885 0.08833333333333333 0.16023738872403562
0 0.38916666666666666 0.599406528189911 0.06666666666666667 0.13649851632047477
0 0.8508333333333333 0.629080118694362 0.07666666666666666 0.1394658753709199
0 0.9058333333333334 0.655786350148368 0.065 0.142433234421365
0 0.7775 0.672106824925816 0.07166666666666667 0.13353115727002968
0 0.47833333333333333 0.6735905044510386 0.041666666666666664 0.12462908011869436
0 0.7183333333333334 0.6750741839762612 0.06666666666666667 0.14540059347181009
0 0.595 0.6780415430267063 0.056666666666666664 0.142433234421365
0 0.6566666666666666 0.6780415430267063 0.055 0.1394658753709199
0 0.5341666666666667 0.6795252225519288 0.05 0.11275964391691394
0 0.12333333333333334 0.7240356083086054 0.09 0.1513353115727003
0 0.035833333333333335 0.728486646884273 0.06833333333333333 0.17804154302670624
0 0.19083333333333333 0.7299703264094956 0.08 0.1543026706231454
0 0.25083333333333335 0.7314540059347181 0.075 0.1543026706231454
0 0.31583333333333335 0.7359050445103857 0.07333333333333333 0.1513353115727003
0 0.37916666666666665 0.7403560830860534 0.07166666666666667 0.1543026706231454
0 0.4425 0.7403560830860534 0.06666666666666667 0.14836795252225518
0 0.8683333333333333 0.7700296735905044 0.08333333333333333 0.1394658753709199
0 0.9258333333333333 0.7908011869436202 0.065 0.14540059347181009
0 0.7258333333333333 0.8056379821958457 0.06666666666666667 0.14836795252225518
0 0.7891666666666667 0.8056379821958457 0.07333333333333333 0.14540059347181009
0 0.4825 0.8071216617210683 0.03666666666666667 0.13056379821958458
0 0.5308333333333334 0.8100890207715133 0.05333333333333334 0.13649851632047477
0 0.5966666666666667 0.8115727002967359 0.06 0.1543026706231454
0 0.6608333333333334 0.8115727002967359 0.06666666666666667 0.1513353115727003
0 0.09833333333333333 0.8679525222551929 0.09666666666666666 0.16023738872403562
0 0.16583333333333333 0.8738872403560831 0.08833333333333333 0.1632047477744807
0 0.024166666666666666 0.8768545994065282 0.04833333333333333 0.1572700296735905
0 0.23166666666666666 0.8783382789317508 0.08333333333333333 0.16913946587537093
0 0.3 0.8857566765578635 0.07666666666666666 0.1661721068249258
0 0.36833333333333335 0.887240356083086 0.07166666666666667 0.16913946587537093
0 0.43416666666666665 0.8902077151335311 0.07333333333333333 0.1632047477744807
0 0.89 0.913946587537092 0.08833333333333333 0.1632047477744807
0 0.4841666666666667 0.9243323442136498 0.023333333333333334 0.09198813056379822
0 0.5308333333333334 0.9243323442136498 0.06666666666666667 0.10089020771513353
0 0.6 0.9258160237388724 0.06166666666666667 0.10979228486646884
0 0.9475 0.9258160237388724 0.06666666666666667 0.13649851632047477
0 0.7333333333333333 0.9317507418397626 0.07166666666666667 0.11275964391691394
0 0.7966666666666666 0.9317507418397626 0.06666666666666667 0.11869436201780416
0 0.665 0.9332344213649851 0.06666666666666667 0.10682492581602374