0 0.7741666666666667 0.42729970326409494 0.13833333333333334 0.32344213649851633
0 0.6283333333333333 0.46439169139465875 0.13166666666666665 0.35311572700296734
0 0.35833333333333334 0.47032640949554894 0.13666666666666666 0.3264094955489614
0 0.49583333333333335 0.47477744807121663 0.135 0.3323442136498516
0 0.7941666666666667 0.7818991097922848 0.16333333333333333 0.3916913946587537
0 0.6391666666666667 0.7893175074183977 0.145 0.3798219584569733
0 0.48833333333333334 0.7952522255192879 0.14666666666666667 0.37091988130563797
0 0.3433333333333333 0.7967359050445104 0.15666666666666668 0.3649851632047478
0 0.10083333333333333 0.7997032640949555 0.12 0.31750741839762614
0 0.028333333333333332 0.8308605341246291 0.056666666666666664 0.3323442136498516
0 0.37583333333333335 0.18991097922848665 0.13 0.3086053412462908
0 0.5016666666666667 0.19881305637982197 0.12666666666666668 0.3086053412462908
0 0.21 0.21364985163204747 0.085 0.29376854599406527
0 0.6358333333333334 0.2314540059347181 0.11 0.13353115727002968
0 0.0575 0.24629080118694363 0.115 0.3264094955489614
0 0.13666666666666666 0.27002967359050445 0.07833333333333334 0.19881305637982197