0 0.8033333333333333 0.31602373887240354 0.085 0.14540059347181009
0 0.8758333333333334 0.31602373887240354 0.07 0.14540059347181009
0 0.3525 0.32047477744807124 0.058333333333333334 0.13649851632047477
0 0.9775 0.34718100890207715 0.041666666666666664 0.1661721068249258
0 0.22416666666666665 0.3560830860534125 0.07166666666666667 0.11572700296735905
0 0.4083333333333333 0.36795252225519287 0.07166666666666667 0.16913946587537093
0 0.475 0.38427299703264095 0.051666666666666666 0.1632047477744807
0 0.6083333333333333 0.39020771513353114 0.06666666666666667 0.16913946587537093
0 0.54 0.3916913946587537 0.06666666666666667 0.16913946587537093
0 0.6733333333333333 0.40059347181008903 0.065 0.16913946587537093
0 0.28833333333333333 0.4169139465875371 0.056666666666666664 0.11869436201780416
0 0.7358333333333333 0.41839762611275966 0.06166666666666667 0.1632047477744807
0 0.3416666666666667 0.44510385756676557 0.06333333333333334 0.12462908011869436
0 0.8066666666666666 0.45845697329376855 0.08333333333333333 0.14540059347181009
0 0.8825 0.4599406528189911 0.07166666666666667 0.14836795252225518
0 0.20916666666666667 0.4807121661721068 0.09 0.17507418397626112
0 0.9783333333333334 0.48813056379821956 0.04 0.12166172106824925
0 0.3975 0.5178041543026706 0.07 0.1632047477744807
0 0.45916666666666667 0.5370919881305638 0.041666666666666664 0.1513353115727003
0 0.6066666666666667 0.5474777448071216 0.06833333333333333 0.17507418397626112
0 0.2708333333333333 0.5504451038575667 0.06166666666666667 0.13056379821958458
0 0.5 0.5534124629080118 0.045 0.1394658753709199
0 0.5383333333333333 0.5534124629080118 0.065 0.18397626112759644
0 0.6741666666666667 0.5608308605341247 0.06833333333333333 0.17507418397626112
0 0.33166666666666667 0.5652818991097923 0.06666666666666667 0.12462908011869436
0 0.735 0.5756676557863502 0.055 0.1394658753709199
0 0.8133333333333334 0.6172106824925816 0.08166666666666667 0.1513353115727003
0 0.96 0.6201780415430267 0.07666666666666666 0.1632047477744807
0 0.8875 0.6201780415430267 0.07833333333333334 0.1572700296735905
0 0.1925 0.6498516320474778 0.09 0.1632047477744807
0 0.38416666666666666 0.6750741839762612 0.06166666666666667 0.1632047477744807
0 0.26666666666666666 0.6765578635014837 0.051666666666666666 0.11869436201780416
0 0.3225 0.6884272997032641 0.06333333333333334 0.11572700296735905
0 0.43333333333333335 0.6884272997032641 0.06166666666666667 0.1513353115727003
0 0.4925 0.6988130563798219 0.055 0.13649851632047477
0 0.605 0.7047477744807121 0.07166666666666667 0.16913946587537093
0 0.5433333333333333 0.7062314540059347 0.045 0.13649851632047477
0 0.675 0.7136498516320475 0.06666666666666667 0.1632047477744807
0 0.74 0.7181008902077152 0.058333333333333334 0.1572700296735905
0 0.8158333333333333 0.7789317507418397 0.08 0.1661721068249258
0 0.8966666666666666 0.7848664688427299 0.08166666666666667 0.16913946587537093
0 0.9633333333333334 0.7922848664688428 0.07 0.17804154302670624
0 0.3466666666666667 0.8931750741839762 0.07 0.20771513353115728
0 0.4608333333333333 0.8991097922848664 0.07166666666666667 0.19584569732937684
0 0.5241666666666667 0.9050445103857567 0.06166666666666667 0.18397626112759644
0 0.5933333333333334 0.9065281899109793 0.06666666666666667 0.18100890207715134
0 0.67 0.9124629080118695 0.07666666666666666 0.16913946587537093
0 0.745 0.9124629080118695 0.07 0.16913946587537093
0 0.245 0.9198813056379822 0.06166666666666667 0.1513353115727003
0 0.8275 0.9406528189910979 0.075 0.11275964391691394
0 0.905 0.9510385756676558 0.07333333333333333 0.09198813056379822