0 0.17916666666666667 0.03115727002967359 0.056666666666666664 0.06231454005934718
0 0.5308333333333334 0.30118694362017806 0.065 0.17210682492581603
0 0.5966666666666667 0.3026706231454006 0.07 0.17210682492581603
0 0.6625 0.31305637982195844 0.06333333333333334 0.17210682492581603
0 0.7266666666666667 0.3219584569732938 0.065 0.17210682492581603
0 0.7916666666666666 0.32344213649851633 0.06333333333333334 0.16913946587537093
0 0.23833333333333334 0.03560830860534125 0.051666666666666666 0.0712166172106825
0 0.85 0.3264094955489614 0.07166666666666667 0.1572700296735905
0 0.021666666666666667 0.38130563798219586 0.043333333333333335 0.16023738872403562
0 0.08916666666666667 0.38427299703264095 0.085 0.1632047477744807
0 0.2425 0.3991097922848665 0.07666666666666666 0.12462908011869436
0 0.16833333333333333 0.4035608308605341 0.08 0.1661721068249258
0 0.395 0.413946587537092 0.07166666666666667 0.12759643916913946
0 0.3125 0.4198813056379822 0.058333333333333334 0.10089020771513353
0 0.4633333333333333 0.42729970326409494 0.06666666666666667 0.10385756676557864
0 0.53 0.43471810089020774 0.06666666666666667 0.10385756676557864
0 0.5983333333333334 0.43768545994065283 0.06666666666666667 0.11275964391691394
0 0.665 0.4406528189910979 0.06666666666666667 0.10682492581602374
0 0.6 0.04599406528189911 0.06166666666666667 0.08605341246290801
0 0.795 0.44807121661721067 0.06333333333333334 0.11275964391691394
0 0.7308333333333333 0.4495548961424332 0.065 0.10979228486646884
0 0.8591666666666666 0.456973293768546 0.065 0.10979228486646884
0 0.3025 0.04747774480712166 0.065 0.09495548961424333
0 0.5341666666666667 0.057863501483679525 0.06666666666666667 0.10682492581602374
0 0.6583333333333333 0.06231454005934718 0.06 0.11275964391691394
0 0.6658333333333334 0.6513353115727003 0.07666666666666666 0.17804154302670624
0 0.7341666666666666 0.6572700296735905 0.07166666666666667 0.17507418397626112
0 0.86 0.6617210682492581 0.08166666666666667 0.16913946587537093
0 0.7941666666666667 0.672106824925816 0.06666666666666667 0.17804154302670624
0 0.4708333333333333 0.0712166172106825 0.05333333333333334 0.04747774480712166
0 0.48833333333333334 0.712166172106825 0.05333333333333334 0.13353115727002968
0 0.5416666666666666 0.7136498516320475 0.051666666666666666 0.13056379821958458
0 0.5991666666666666 0.7151335311572701 0.055 0.13056379821958458
0 0.8391666666666666 0.0830860534124629 0.05333333333333334 0.10385756676557864
0 0.7375 0.8086053412462908 0.06333333333333334 0.12462908011869436
0 0.6691666666666667 0.8100890207715133 0.06833333333333333 0.11869436201780416
0 0.8716666666666667 0.8130563798219584 0.08 0.13353115727002968
0 0.8025 0.814540059347181 0.065 0.12166172106824925
0 0.5991666666666666 0.8293768545994066 0.055 0.09495548961424333
0 0.5408333333333334 0.8308605341246291 0.055 0.10089020771513353
0 0.485 0.8323442136498517 0.05 0.0771513353115727
0 0.7191666666666666 0.08902077151335312 0.06 0.10385756676557864
0 0.7791666666666667 0.10682492581602374 0.06666666666666667 0.10682492581602374
0 0.775 0.02225519287833828 0.05333333333333334 0.04451038575667656
0 0.175 0.2344213649851632 0.08166666666666667 0.18397626112759644
0 0.47333333333333333 0.02373887240356083 0.06 0.04747774480712166
0 0.03916666666666667 0.24925816023738873 0.07833333333333334 0.12462908011869436
0 0.24583333333333332 0.26706231454005935 0.07333333333333333 0.18397626112759644
0 0.31083333333333335 0.27596439169139464 0.056666666666666664 0.19287833827893175
0 0.39416666666666667 0.2789317507418398 0.07166666666666667 0.18100890207715134
0 0.4633333333333333 0.2893175074183976 0.07 0.18991097922848665