0 0.9766666666666667 0.43471810089020774 0.043333333333333335 0.4658753709198813
0 0.37416666666666665 0.5237388724035609 0.10833333333333334 0.258160237388724
0 0.7875 0.5237388724035609 0.12833333333333333 0.3293768545994065
0 0.5 0.5563798219584569 0.115 0.3026706231454006
0 0.6316666666666667 0.5623145400593472 0.10166666666666667 0.2878338278931751
0 0.2916666666666667 0.7848664688427299 0.105 0.26706231454005935
0 0.39166666666666666 0.7863501483679525 0.09833333333333333 0.27299703264094954
0 0.5058333333333334 0.8056379821958457 0.09833333333333333 0.27002967359050445
0 0.9716666666666667 0.8160237388724035 0.05333333333333334 0.33827893175074186
0 0.6416666666666667 0.8338278931750742 0.105 0.28486646884273
0 0.7983333333333333 0.8367952522255193 0.12333333333333334 0.24925816023738873
0 0.7866666666666666 0.1824925816023739 0.13 0.3649851632047478
0 0.36 0.24777448071216618 0.11166666666666666 0.3026706231454006
0 0.6241666666666666 0.26409495548961426 0.11666666666666667 0.34124629080118696
0 0.4816666666666667 0.271513353115727 0.11333333333333333 0.3323442136498516