0 0.33416666666666667 0.31008902077151335 0.14166666666666666 0.3649851632047478
0 0.19166666666666668 0.31305637982195844 0.14333333333333334 0.37388724035608306
0 0.4708333333333333 0.32344213649851633 0.13166666666666665 0.34124629080118696
0 0.6 0.3323442136498516 0.12833333333333333 0.3264094955489614
0 0.7191666666666666 0.3991097922848665 0.09833333333333333 0.20474777448071216
0 0.8941666666666667 0.4050445103857567 0.09 0.20178041543026706
0 0.8141666666666667 0.4065281899109792 0.08333333333333333 0.18991097922848665
0 0.8233333333333334 0.7477744807121661 0.17 0.3590504451038576
0 0.9491666666666667 0.7507418397626113 0.09166666666666666 0.32047477744807124
0 0.6775 0.7581602373887241 0.16166666666666665 0.3857566765578635
0 0.54 0.7655786350148368 0.15 0.40059347181008903
0 0.39 0.7744807121661721 0.135 0.3887240356083086
0 0.24166666666666667 0.7804154302670623 0.16333333333333333 0.4094955489614243