0 0.76 0.3026706231454006 0.021666666666666667 0.08902077151335312
0 0.20083333333333334 0.30415430267062316 0.041666666666666664 0.09495548961424333
0 0.24333333333333335 0.31305637982195844 0.03666666666666667 0.08902077151335312
0 0.7375 0.3189910979228487 0.023333333333333334 0.09198813056379822
0 0.2833333333333333 0.3189910979228487 0.03666666666666667 0.09495548961424333
0 0.32 0.32047477744807124 0.03666666666666667 0.09198813056379822
0 0.3591666666666667 0.3264094955489614 0.03333333333333333 0.09792284866468842
0 0.72 0.3353115727002967 0.016666666666666666 0.0771513353115727
0 0.3975 0.3353115727002967 0.035 0.08605341246290801
0 0.43416666666666665 0.3427299703264095 0.03666666666666667 0.08605341246290801
0 0.4708333333333333 0.3456973293768546 0.035 0.0771513353115727
0 0.7025 0.3456973293768546 0.016666666666666666 0.07418397626112759
0 0.505 0.3486646884272997 0.035 0.0771513353115727
0 0.6875 0.3516320474777448 0.016666666666666666 0.08011869436201781
0 0.54 0.3516320474777448 0.035 0.08902077151335312
0 0.6091666666666666 0.3560830860534125 0.03333333333333333 0.08902077151335312
0 0.6708333333333333 0.3560830860534125 0.018333333333333333 0.08011869436201781
0 0.575 0.3590504451038576 0.03333333333333333 0.09198813056379822
0 0.6441666666666667 0.3620178041543027 0.03666666666666667 0.0830860534124629
0 0.2975 0.4198813056379822 0.035 0.05934718100890208
0 0.33666666666666667 0.42136498516320475 0.03333333333333333 0.05637982195845697
0 0.455 0.4465875370919881 0.03166666666666667 0.0830860534124629
0 0.5225 0.45252225519287836 0.03 0.06824925816023739
0 0.4866666666666667 0.4540059347181009 0.028333333333333332 0.0712166172106825
0 0.5916666666666667 0.4599406528189911 0.03166666666666667 0.07418397626112759
0 0.5583333333333333 0.46142433234421365 0.028333333333333332 0.05934718100890208
0 0.37166666666666665 0.46142433234421365 0.03666666666666667 0.04747774480712166
0 0.7933333333333333 0.46439169139465875 0.02 0.0830860534124629
0 0.8141666666666667 0.46439169139465875 0.023333333333333334 0.0830860534124629
0 0.4075 0.46735905044510384 0.03166666666666667 0.050445103857566766
0 0.7783333333333333 0.47032640949554894 0.016666666666666666 0.0830860534124629
0 0.2966666666666667 0.47477744807121663 0.03833333333333333 0.05934718100890208
0 0.049166666666666664 0.47477744807121663 0.02 0.04747774480712166
0 0.7616666666666667 0.4762611275964392 0.021666666666666667 0.0712166172106825
0 0.335 0.47774480712166173 0.035 0.06231454005934718
0 0.6225 0.48516320474777447 0.02666666666666667 0.07418397626112759
0 0.135 0.48813056379821956 0.02 0.050445103857566766
0 0.6566666666666666 0.48813056379821956 0.021666666666666667 0.07418397626112759
0 0.6791666666666667 0.4896142433234421 0.02666666666666667 0.0830860534124629
0 0.15583333333333332 0.4910979228486647 0.02 0.05637982195845697
0 0.0475 0.5222551928783383 0.021666666666666667 0.04451038575667656
0 0.37 0.5281899109792285 0.03333333333333333 0.08011869436201781
0 0.48583333333333334 0.5311572700296736 0.028333333333333332 0.0771513353115727
0 0.295 0.5341246290801187 0.03666666666666667 0.05934718100890208
0 0.3325 0.5356083086053413 0.03666666666666667 0.06231454005934718
0 0.52 0.5356083086053413 0.03833333333333333 0.08902077151335312
0 0.13416666666666666 0.5370919881305638 0.018333333333333333 0.04747774480712166
0 0.15416666666666667 0.5370919881305638 0.02 0.04154302670623145
0 0.5575 0.5400593471810089 0.03666666666666667 0.08902077151335312
0 0.5925 0.543026706231454 0.035 0.08902077151335312
0 0.7933333333333333 0.5489614243323442 0.016666666666666666 0.0771513353115727
0 0.8125 0.5504451038575667 0.021666666666666667 0.07418397626112759
0 0.7783333333333333 0.5519287833827893 0.015 0.0712166172106825
0 0.7608333333333334 0.5548961424332344 0.018333333333333333 0.0712166172106825
0 0.745 0.5563798219584569 0.02 0.07418397626112759
0 0.72 0.5563798219584569 0.03 0.0712166172106825
0 0.655 0.5563798219584569 0.02 0.07418397626112759
0 0.6225 0.5578635014836796 0.028333333333333332 0.06824925816023739
0 0.6766666666666666 0.5608308605341247 0.028333333333333332 0.06824925816023739
0 0.045 0.5682492581602374 0.02 0.04747774480712166
0 0.15333333333333332 0.5801186943620178 0.018333333333333333 0.03857566765578635
0 0.9475 0.06231454005934718 0.041666666666666664 0.12462908011869436
0 0.3958333333333333 0.6394658753709199 0.04 0.08605341246290801
0 0.4691666666666667 0.6394658753709199 0.035 0.08902077151335312
0 0.43916666666666665 0.6439169139465876 0.025 0.07418397626112759
0 0.5075 0.6439169139465876 0.02666666666666667 0.06824925816023739
0 0.5425 0.6454005934718101 0.02666666666666667 0.0712166172106825
0 0.5791666666666667 0.6454005934718101 0.03833333333333333 0.08605341246290801
0 0.6141666666666666 0.6483679525222552 0.025 0.0712166172106825
0 0.6683333333333333 0.6602373887240356 0.03 0.08011869436201781
0 0.7191666666666666 0.6617210682492581 0.02 0.09495548961424333
0 0.6958333333333333 0.6632047477744807 0.028333333333333332 0.09792284866468842
0 0.7441666666666666 0.6646884272997032 0.03333333333333333 0.09495548961424333
0 0.775 0.6676557863501483 0.03333333333333333 0.10385756676557864
0 0.8008333333333333 0.6735905044510386 0.03 0.0830860534124629
0 0.5058333333333334 0.7240356083086054 0.03666666666666667 0.08902077151335312
0 0.43666666666666665 0.7255192878338279 0.025 0.08011869436201781
0 0.5408333333333334 0.7270029673590505 0.02666666666666667 0.09198813056379822
0 0.4683333333333333 0.728486646884273 0.03833333333333333 0.09198813056379822
0 0.3908333333333333 0.7299703264094956 0.03333333333333333 0.08011869436201781
0 0.5758333333333333 0.7344213649851632 0.04 0.09198813056379822
0 0.6141666666666666 0.7373887240356083 0.035 0.09198813056379822
0 0.6625 0.7403560830860534 0.03666666666666667 0.10089020771513353
0 0.6916666666666667 0.7522255192878339 0.021666666666666667 0.09198813056379822
0 0.715 0.7566765578635015 0.02666666666666667 0.09198813056379822
0 0.7425 0.7640949554896143 0.035 0.10979228486646884
0 0.7725 0.7729970326409495 0.03 0.10385756676557864
0 0.9108333333333334 0.0830860534124629 0.045 0.14540059347181009
0 0.515 0.8590504451038575 0.03166666666666667 0.05637982195845697
0 0.5441666666666667 0.8605341246290801 0.03333333333333333 0.05637982195845697
0 0.48333333333333334 0.8635014836795252 0.03 0.06231454005934718
0 0.4483333333333333 0.8679525222551929 0.028333333333333332 0.06528189910979229
0 0.5733333333333334 0.8679525222551929 0.03 0.06824925816023739
0 0.6025 0.870919881305638 0.03 0.0771513353115727
0 0.6125 0.9465875370919882 0.015 0.0712166172106825
0 0.8733333333333333 0.10385756676557864 0.03833333333333333 0.13056379821958458
0 0.8183333333333334 0.1632047477744807 0.05 0.11572700296735905
0 0.9833333333333333 0.16765578635014836 0.03 0.1572700296735905
0 0.7866666666666666 0.1824925816023739 0.023333333333333334 0.11275964391691394
0 0.20416666666666666 0.1943620178041543 0.04 0.11275964391691394
0 0.9483333333333334 0.20029673590504452 0.035 0.1394658753709199
0 0.7633333333333333 0.2032640949554896 0.023333333333333334 0.09495548961424333
0 0.24833333333333332 0.21216617210682492 0.03833333333333333 0.10979228486646884
0 0.28833333333333333 0.21810089020771514 0.035 0.10979228486646884
0 0.9116666666666666 0.2195845697329377 0.043333333333333335 0.142433234421365
0 0.7425 0.22255192878338279 0.025 0.09198813056379822
0 0.32666666666666666 0.22700296735905046 0.035 0.11275964391691394
0 0.3625 0.22700296735905046 0.035 0.10385756676557864
0 0.7208333333333333 0.2344213649851632 0.021666666666666667 0.0830860534124629
0 0.4008333333333333 0.2403560830860534 0.03333333333333333 0.10089020771513353
0 0.8725 0.2403560830860534 0.03333333333333333 0.13353115727002968
0 0.43583333333333335 0.25370919881305637 0.03833333333333333 0.09792284866468842
0 0.8433333333333334 0.25667655786350146 0.03333333333333333 0.12462908011869436
0 0.4725 0.258160237388724 0.035 0.09792284866468842
0 0.5058333333333334 0.2626112759643917 0.03666666666666667 0.09198813056379822
0 0.6941666666666667 0.2626112759643917 0.03 0.08902077151335312
0 0.54 0.2685459940652819 0.03833333333333333 0.09495548961424333
0 0.5758333333333333 0.27299703264094954 0.035 0.09495548961424333
0 0.6116666666666667 0.27596439169139464 0.035 0.09792284866468842
0 0.6716666666666666 0.27596439169139464 0.016666666666666666 0.0830860534124629
0 0.8108333333333333 0.2774480712166172 0.03166666666666667 0.10979228486646884
0 0.6475 0.2789317507418398 0.03833333333333333 0.09495548961424333
0 0.7833333333333333 0.2922848664688427 0.021666666666666667 0.10385756676557864