0 0.9308333333333333 0.3219584569732938 0.06666666666666667 0.1661721068249258
0 0.865 0.32344213649851633 0.06333333333333334 0.16023738872403562
0 0.8025 0.3293768545994065 0.06166666666666667 0.1543026706231454
0 0.7425 0.33382789317507416 0.06166666666666667 0.14836795252225518
0 0.1875 0.33827893175074186 0.02666666666666667 0.14540059347181009
0 0.6858333333333333 0.33827893175074186 0.055 0.14540059347181009
0 0.22 0.3397626112759644 0.04 0.14836795252225518
0 0.6358333333333334 0.34421364985163205 0.05 0.142433234421365
0 0.5833333333333334 0.3456973293768546 0.05333333333333334 0.1394658753709199
0 0.5375 0.35014836795252224 0.043333333333333335 0.13353115727002968
0 0.2916666666666667 0.35311572700296734 0.03833333333333333 0.12166172106824925
0 0.3283333333333333 0.35311572700296734 0.03666666666666667 0.12462908011869436
0 0.36583333333333334 0.35311572700296734 0.03666666666666667 0.11869436201780416
0 0.4925 0.35311572700296734 0.043333333333333335 0.13649851632047477
0 0.405 0.3560830860534125 0.043333333333333335 0.12759643916913946
0 0.4483333333333333 0.35756676557863504 0.043333333333333335 0.13353115727002968
0 0.25583333333333336 0.36053412462908013 0.03333333333333333 0.10682492581602374
0 0.36583333333333334 0.47032640949554894 0.035 0.11869436201780416
0 0.33 0.47477744807121663 0.035 0.12759643916913946
0 0.4066666666666667 0.47477744807121663 0.041666666666666664 0.11572700296735905
0 0.45 0.47477744807121663 0.043333333333333335 0.12166172106824925
0 0.8016666666666666 0.4762611275964392 0.06166666666666667 0.142433234421365
0 0.8641666666666666 0.4762611275964392 0.06666666666666667 0.14540059347181009
0 0.9333333333333333 0.4762611275964392 0.07166666666666667 0.1513353115727003
0 0.2941666666666667 0.47774480712166173 0.03666666666666667 0.13353115727002968
0 0.4925 0.47774480712166173 0.043333333333333335 0.11869436201780416
0 0.5358333333333334 0.47774480712166173 0.043333333333333335 0.12759643916913946
0 0.635 0.47774480712166173 0.04833333333333333 0.12759643916913946
0 0.6858333333333333 0.47774480712166173 0.055 0.1394658753709199
0 0.7416666666666667 0.47774480712166173 0.058333333333333334 0.142433234421365
0 0.22333333333333333 0.4807121661721068 0.03666666666666667 0.142433234421365
0 0.25833333333333336 0.4807121661721068 0.03666666666666667 0.13353115727002968
0 0.5833333333333334 0.4807121661721068 0.05 0.13056379821958458
0 0.19 0.486646884272997 0.03166666666666667 0.14836795252225518
0 0.5375 0.05192878338278932 0.04833333333333333 0.10385756676557864
0 0.49166666666666664 0.05637982195845697 0.041666666666666664 0.11275964391691394
0 0.29083333333333333 0.06083086053412463 0.03666666666666667 0.12166172106824925
0 0.45 0.06083086053412463 0.041666666666666664 0.12166172106824925
0 0.3875 0.6498516320474778 0.045 0.12759643916913946
0 0.36083333333333334 0.06528189910979229 0.04833333333333333 0.13056379821958458
0 0.4075 0.06528189910979229 0.043333333333333335 0.13056379821958458
0 0.3233333333333333 0.06528189910979229 0.03666666666666667 0.13056379821958458
0 0.4741666666666667 0.6691394658753709 0.05 0.13649851632047477
0 0.7383333333333333 0.6706231454005934 0.043333333333333335 0.11869436201780416
0 0.785 0.672106824925816 0.04666666666666667 0.11869436201780416
0 0.5258333333333334 0.6780415430267063 0.04833333333333333 0.13353115727002968
0 0.8816666666666667 0.6810089020771514 0.051666666666666666 0.12462908011869436
0 0.5766666666666667 0.6839762611275965 0.051666666666666666 0.1394658753709199
0 0.935 0.6869436201780416 0.051666666666666666 0.12759643916913946
0 0.9791666666666666 0.6958456973293768 0.03833333333333333 0.1394658753709199
0 0.66 0.755192878338279 0.04 0.11572700296735905
0 0.3875 0.7744807121661721 0.041666666666666664 0.12759643916913946
0 0.7383333333333333 0.7818991097922848 0.04833333333333333 0.10682492581602374
0 0.4275 0.7863501483679525 0.043333333333333335 0.13056379821958458
0 0.785 0.7863501483679525 0.043333333333333335 0.11572700296735905
0 0.8316666666666667 0.7922848664688428 0.04833333333333333 0.13353115727002968
0 0.47333333333333333 0.7997032640949555 0.04833333333333333 0.12759643916913946
0 0.5258333333333334 0.8056379821958457 0.051666666666666666 0.12759643916913946
0 0.9325 0.8100890207715133 0.055 0.12462908011869436
0 0.5775 0.8189910979228486 0.05 0.13056379821958458
0 0.9783333333333334 0.8219584569732937 0.04 0.11869436201780416
0 0.6183333333333333 0.844213649851632 0.04 0.13056379821958458
0 0.6575 0.8635014836795252 0.03666666666666667 0.10385756676557864
0 0.3875 0.8738872403560831 0.03833333333333333 0.06824925816023739
0 0.6916666666666667 0.8768545994065282 0.05 0.13353115727002968
0 0.7408333333333333 0.8931750741839762 0.045 0.11572700296735905
0 0.7816666666666666 0.913946587537092 0.04 0.08605341246290801
0 0.47333333333333333 0.9169139465875371 0.04666666666666667 0.10682492581602374
0 0.525 0.9287833827893175 0.051666666666666666 0.12462908011869436
0 0.835 0.9347181008902077 0.051666666666666666 0.10385756676557864
0 0.575 0.9406528189910979 0.04833333333333333 0.11275964391691394
0 0.7408333333333333 0.9688427299703264 0.041666666666666664 0.05637982195845697
0 0.6966666666666667 0.9703264094955489 0.043333333333333335 0.05341246290801187
0 0.9808333333333333 0.10682492581602374 0.035 0.14836795252225518
0 0.9383333333333334 0.1083086053412463 0.06833333333333333 0.1513353115727003
0 0.8791666666666667 0.10979228486646884 0.05 0.13056379821958458
0 0.81 0.11275964391691394 0.06333333333333334 0.1513353115727003
0 0.7483333333333333 0.12314540059347182 0.06 0.14836795252225518
0 0.6908333333333333 0.13204747774480713 0.055 0.142433234421365
0 0.6375 0.1394658753709199 0.051666666666666666 0.142433234421365
0 0.585 0.1513353115727003 0.051666666666666666 0.1394658753709199
0 0.5358333333333334 0.1572700296735905 0.04666666666666667 0.12759643916913946
0 0.49083333333333334 0.16468842729970326 0.043333333333333335 0.12759643916913946
0 0.44916666666666666 0.17210682492581603 0.03833333333333333 0.12759643916913946
0 0.4083333333333333 0.17804154302670624 0.043333333333333335 0.12166172106824925