0 0.03333333333333333 0.456973293768546 0.041666666666666664 0.05637982195845697
0 0.22833333333333333 0.4940652818991098 0.041666666666666664 0.10089020771513353
0 0.2683333333333333 0.4970326409495549 0.03833333333333333 0.10385756676557864
0 0.3475 0.5 0.041666666666666664 0.09495548961424333
0 0.30666666666666664 0.5029673590504451 0.04 0.10089020771513353
0 0.4225 0.5059347181008902 0.035 0.08902077151335312
0 0.38666666666666666 0.5074183976261127 0.03833333333333333 0.09792284866468842
0 0.029166666666666667 0.5089020771513353 0.04 0.04747774480712166
0 0.4925 0.516320474777448 0.03166666666666667 0.08902077151335312
0 0.7675 0.5178041543026706 0.041666666666666664 0.09198813056379822
0 0.5991666666666666 0.5192878338278932 0.03166666666666667 0.0712166172106825
0 0.5658333333333333 0.5222551928783383 0.028333333333333332 0.0830860534124629
0 0.73 0.5222551928783383 0.03666666666666667 0.0830860534124629
0 0.6708333333333333 0.5252225519287834 0.03666666666666667 0.08605341246290801
0 0.028333333333333332 0.5667655786350149 0.03833333333333333 0.06231454005934718
0 0.3466666666666667 0.5919881305637982 0.04 0.10089020771513353
0 0.3858333333333333 0.5934718100890207 0.035 0.09792284866468842
0 0.225 0.5964391691394659 0.041666666666666664 0.10682492581602374
0 0.2675 0.5964391691394659 0.04 0.09792284866468842
0 0.42333333333333334 0.5964391691394659 0.03666666666666667 0.09495548961424333
0 0.30416666666666664 0.5979228486646885 0.03833333333333333 0.10089020771513353
0 0.6 0.599406528189911 0.03333333333333333 0.0830860534124629
0 0.7741666666666667 0.6023738872403561 0.043333333333333335 0.09495548961424333
0 0.46 0.6038575667655787 0.035 0.10089020771513353
0 0.49416666666666664 0.6038575667655787 0.03166666666666667 0.09792284866468842
0 0.5625 0.6038575667655787 0.03333333333333333 0.0712166172106825
0 0.6725 0.6083086053412463 0.041666666666666664 0.06824925816023739
0 0.6341666666666667 0.6112759643916914 0.03166666666666667 0.09198813056379822
0 0.74 0.612759643916914 0.04666666666666667 0.10385756676557864
0 0.025 0.6261127596439169 0.03666666666666667 0.05341246290801187
0 0.1125 0.6735905044510386 0.041666666666666664 0.08605341246290801
0 0.06416666666666666 0.6765578635014837 0.03833333333333333 0.08011869436201781
0 0.0225 0.685459940652819 0.04 0.06231454005934718