0 0.2841666666666667 0.44807121661721067 0.058333333333333334 0.1661721068249258
0 0.4008333333333333 0.44807121661721067 0.058333333333333334 0.16913946587537093
0 0.3433333333333333 0.4495548961424332 0.058333333333333334 0.16913946587537093
0 0.5258333333333334 0.4495548961424332 0.065 0.18100890207715134
0 0.83 0.45103857566765576 0.09666666666666666 0.2314540059347181
0 0.46166666666666667 0.45252225519287836 0.06333333333333334 0.17507418397626112
0 0.5891666666666666 0.45252225519287836 0.06333333333333334 0.18694362017804153
0 0.6608333333333334 0.45252225519287836 0.08 0.19287833827893175
0 0.7416666666666667 0.45252225519287836 0.08333333333333333 0.19881305637982197
0 0.5591666666666667 0.05934718100890208 0.07166666666666667 0.11869436201780416
0 0.49166666666666664 0.06379821958456973 0.06666666666666667 0.12462908011869436
0 0.2991666666666667 0.6231454005934718 0.04666666666666667 0.11869436201780416
0 0.3516666666666667 0.6305637982195845 0.051666666666666666 0.13353115727002968
0 0.31416666666666665 0.06973293768545995 0.07666666666666666 0.1394658753709199
0 0.2966666666666667 0.7477744807121661 0.05333333333333334 0.11869436201780416
0 0.4075 0.7477744807121661 0.056666666666666664 0.17804154302670624
0 0.4675 0.7581602373887241 0.06666666666666667 0.18397626112759644
0 0.35 0.7596439169139466 0.051666666666666666 0.12759643916913946
0 0.535 0.7700296735905044 0.06833333333333333 0.18991097922848665
0 0.6033333333333334 0.7744807121661721 0.06833333333333333 0.19287833827893175
0 0.6741666666666667 0.787833827893175 0.07333333333333333 0.20178041543026706
0 0.7525 0.798219584569733 0.08333333333333333 0.22255192878338279
0 0.8341666666666666 0.8071216617210683 0.085 0.22255192878338279
0 0.9225 0.8249258160237388 0.09166666666666666 0.2344213649851632
0 0.2725 0.9332344213649851 0.05 0.12759643916913946
0 0.32 0.9376854599406528 0.04 0.11869436201780416
0 0.36833333333333335 0.9421364985163204 0.05333333333333334 0.10979228486646884
0 0.5733333333333334 0.9480712166172107 0.056666666666666664 0.09792284866468842
0 0.4166666666666667 0.9480712166172107 0.05333333333333334 0.09792284866468842
0 0.4675 0.9510385756676558 0.051666666666666666 0.09198813056379822
0 0.635 0.9554896142433235 0.06 0.0830860534124629
0 0.9458333333333333 0.15875370919881307 0.08666666666666667 0.23738872403560832
0 0.8616666666666667 0.16913946587537093 0.08333333333333333 0.2195845697329377
0 0.7741666666666667 0.17804154302670624 0.08666666666666667 0.2195845697329377
0 0.6258333333333334 0.18694362017804153 0.07333333333333333 0.20178041543026706
0 0.5558333333333333 0.2032640949554896 0.06666666666666667 0.18100890207715134
0 0.49166666666666664 0.21068249258160238 0.06166666666666667 0.17507418397626112
0 0.4275 0.21216617210682492 0.06166666666666667 0.17210682492581603
0 0.36833333333333335 0.21513353115727002 0.06166666666666667 0.17210682492581603
0 0.305 0.2195845697329377 0.065 0.16023738872403562