0 0.40166666666666667 0.30712166172106825 0.14166666666666666 0.3560830860534125
0 0.615 0.3486646884272997 0.06333333333333334 0.3323442136498516
0 0.535 0.3545994065281899 0.12 0.314540059347181
0 0.6858333333333333 0.37091988130563797 0.09333333333333334 0.3115727002967359
0 0.9175 0.456973293768546 0.06333333333333334 0.18397626112759644
0 0.9775 0.6676557863501483 0.041666666666666664 0.24925816023738873
0 0.9116666666666666 0.6676557863501483 0.051666666666666666 0.2344213649851632
0 0.8075 0.6676557863501483 0.07 0.2818991097922849
0 0.7508333333333334 0.6750741839762612 0.058333333333333334 0.29376854599406527
0 0.6808333333333333 0.6928783382789317 0.09333333333333334 0.3264094955489614
0 0.62 0.6973293768545994 0.045 0.35311572700296734
0 0.07 0.6973293768545994 0.14 0.599406528189911
0 0.5533333333333333 0.7136498516320475 0.11666666666666667 0.4094955489614243
0 0.2375 0.7270029673590505 0.18333333333333332 0.5400593471810089
0 0.4083333333333333 0.728486646884273 0.18666666666666668 0.49554896142433236
0 0.0575 0.21364985163204747 0.11 0.42729970326409494
0 0.22416666666666665 0.26706231454005935 0.16833333333333333 0.3827893175074184