0 0.2783333333333333 0.41839762611275966 0.05333333333333334 0.12462908011869436
0 0.23583333333333334 0.5341246290801187 0.05333333333333334 0.13353115727002968
0 0.2891666666666667 0.5400593471810089 0.056666666666666664 0.12166172106824925
0 0.335 0.5534124629080118 0.04666666666666667 0.11869436201780416
0 0.37916666666666665 0.5563798219584569 0.045 0.11275964391691394
0 0.4725 0.5593471810089021 0.045 0.11869436201780416
0 0.42333333333333334 0.5623145400593472 0.045 0.11869436201780416
0 0.5175 0.5637982195845698 0.04 0.12166172106824925
0 0.5616666666666666 0.5682492581602374 0.043333333333333335 0.11572700296735905
0 0.6758333333333333 0.5712166172106825 0.04833333333333333 0.11869436201780416
0 0.6433333333333333 0.5741839762611276 0.028333333333333332 0.08902077151335312
0 0.9825 0.6320474777448071 0.03166666666666667 0.09495548961424333
0 0.23083333333333333 0.655786350148368 0.058333333333333334 0.12462908011869436
0 0.2825 0.6602373887240356 0.05333333333333334 0.12166172106824925
0 0.595 0.6661721068249258 0.02666666666666667 0.08605341246290801
0 0.33 0.6691394658753709 0.04833333333333333 0.12462908011869436
0 0.375 0.6706231454005934 0.043333333333333335 0.12166172106824925
0 0.6391666666666667 0.6735905044510386 0.041666666666666664 0.11869436201780416
0 0.7858333333333334 0.6765578635014837 0.05333333333333334 0.13056379821958458
0 0.8275 0.6780415430267063 0.045 0.13056379821958458
0 0.41833333333333333 0.6780415430267063 0.041666666666666664 0.11869436201780416
0 0.4683333333333333 0.6810089020771514 0.051666666666666666 0.12462908011869436
0 0.5166666666666667 0.6810089020771514 0.041666666666666664 0.12166172106824925
0 0.8675 0.6810089020771514 0.03666666666666667 0.12759643916913946
0 0.5591666666666667 0.6824925816023739 0.045 0.11869436201780416
0 0.6783333333333333 0.6824925816023739 0.04 0.11572700296735905
0 0.7166666666666667 0.6869436201780416 0.04 0.11869436201780416
0 0.9025 0.7106824925816023 0.041666666666666664 0.10979228486646884
0 0.9366666666666666 0.7136498516320475 0.035 0.11572700296735905
0 0.965 0.7210682492581603 0.03166666666666667 0.10385756676557864
0 0.9875 0.7270029673590505 0.021666666666666667 0.10089020771513353
0 0.5966666666666667 0.7373887240356083 0.03 0.06231454005934718
0 0.22666666666666666 0.7804154302670623 0.051666666666666666 0.13056379821958458
0 0.2791666666666667 0.7848664688427299 0.05333333333333334 0.13056379821958458
0 0.3283333333333333 0.787833827893175 0.045 0.12462908011869436
0 0.37083333333333335 0.7893175074183977 0.04 0.12462908011869436
0 0.8675 0.7952522255192879 0.041666666666666664 0.12166172106824925
0 0.415 0.7952522255192879 0.041666666666666664 0.11869436201780416
0 0.5158333333333334 0.7952522255192879 0.03833333333333333 0.11869436201780416
0 0.6358333333333334 0.7952522255192879 0.041666666666666664 0.13056379821958458
0 0.8308333333333333 0.7967359050445104 0.045 0.13056379821958458
0 0.5591666666666667 0.7967359050445104 0.041666666666666664 0.11275964391691394
0 0.6766666666666666 0.7967359050445104 0.045 0.11869436201780416
0 0.4675 0.798219584569733 0.04833333333333333 0.12166172106824925
0 0.7141666666666666 0.8026706231454006 0.03666666666666667 0.12166172106824925
0 0.7533333333333333 0.8026706231454006 0.03666666666666667 0.12462908011869436
0 0.7908333333333334 0.8056379821958457 0.051666666666666666 0.13056379821958458
0 0.5983333333333334 0.8100890207715133 0.025 0.0830860534124629
0 0.9033333333333333 0.8130563798219584 0.03833333333333333 0.10979228486646884
0 0.9358333333333333 0.8175074183976261 0.035 0.11572700296735905
0 0.9683333333333334 0.8219584569732937 0.028333333333333332 0.10089020771513353
0 0.9883333333333333 0.8293768545994066 0.02 0.11572700296735905