0 0.7008333333333333 0.34718100890207715 0.09666666666666666 0.24925816023738873
0 0.5291666666666667 0.35014836795252224 0.07333333333333333 0.2166172106824926
0 0.6091666666666666 0.35014836795252224 0.08166666666666667 0.2344213649851632
0 0.19916666666666666 0.3590504451038576 0.05 0.18100890207715134
0 0.38416666666666666 0.36053412462908013 0.065 0.18694362017804153
0 0.4533333333333333 0.36053412462908013 0.06833333333333333 0.19287833827893175
0 0.2525 0.3620178041543027 0.06333333333333334 0.18694362017804153
0 0.31833333333333336 0.36350148367952523 0.065 0.19584569732937684
0 0.15166666666666667 0.3649851632047478 0.041666666666666664 0.17507418397626112
0 0.9741666666666666 0.3827893175074184 0.04833333333333333 0.26112759643916916
0 0.9025 0.3887240356083086 0.1 0.2195845697329377
0 0.20333333333333334 0.6083086053412463 0.06 0.17804154302670624
0 0.26416666666666666 0.6172106824925816 0.056666666666666664 0.18694362017804153
0 0.3233333333333333 0.6201780415430267 0.05333333333333334 0.21068249258160238
0 0.3825 0.642433234421365 0.07 0.21364985163204747
0 0.4525 0.655786350148368 0.06833333333333333 0.2314540059347181
0 0.53 0.6691394658753709 0.07833333333333334 0.2403560830860534
0 0.6166666666666667 0.6810089020771514 0.085 0.2522255192878338
0 0.6958333333333333 0.7477744807121661 0.07666666666666666 0.2166172106824926
0 0.14416666666666667 0.7789317507418397 0.056666666666666664 0.18694362017804153
0 0.20083333333333334 0.7937685459940653 0.06166666666666667 0.19287833827893175
0 0.26 0.814540059347181 0.06166666666666667 0.20474777448071216
0 0.3175 0.8293768545994066 0.051666666666666666 0.20474777448071216
0 0.37916666666666665 0.8486646884272997 0.06833333333333333 0.20178041543026706
0 0.4483333333333333 0.8753709198813057 0.07333333333333333 0.2195845697329377
0 0.5291666666666667 0.8931750741839762 0.07833333333333334 0.20771513353115728
0 0.6116666666666667 0.9020771513353115 0.08166666666666667 0.18991097922848665
0 0.7008333333333333 0.9272997032640949 0.08 0.12759643916913946
0 0.6116666666666667 0.1172106824925816 0.09166666666666666 0.22255192878338279
0 0.5283333333333333 0.129080118694362 0.075 0.21068249258160238
0 0.9741666666666666 0.14836795252225518 0.04833333333333333 0.2433234421364985
0 0.4508333333333333 0.14985163204747776 0.06666666666666667 0.2195845697329377
0 0.385 0.1572700296735905 0.065 0.20178041543026706
0 0.25666666666666665 0.16913946587537093 0.056666666666666664 0.18991097922848665
0 0.31916666666666665 0.16913946587537093 0.065 0.20178041543026706
0 0.20083333333333334 0.1795252225519288 0.04833333333333333 0.17210682492581603
0 0.9075 0.1884272997032641 0.09 0.1661721068249258
0 0.15333333333333332 0.1913946587537092 0.03833333333333333 0.1632047477744807