0 0.7725 0.31008902077151335 0.028333333333333332 0.12462908011869436
0 0.8425 0.31602373887240354 0.04833333333333333 0.10089020771513353
0 0.5441666666666667 0.38427299703264095 0.045 0.142433234421365
0 0.6433333333333333 0.38427299703264095 0.043333333333333335 0.12462908011869436
0 0.44416666666666665 0.3857566765578635 0.051666666666666666 0.12759643916913946
0 0.5941666666666666 0.38724035608308605 0.051666666666666666 0.13056379821958458
0 0.4 0.3887240356083086 0.03 0.13056379821958458
0 0.49666666666666665 0.39020771513353114 0.05 0.13649851632047477
0 0.8083333333333333 0.41543026706231456 0.043333333333333335 0.10089020771513353
0 0.8866666666666667 0.41543026706231456 0.045 0.10089020771513353
0 0.9583333333333334 0.4198813056379822 0.056666666666666664 0.11275964391691394
0 0.8508333333333333 0.42136498516320475 0.043333333333333335 0.09792284866468842
0 0.7766666666666666 0.4258160237388724 0.023333333333333334 0.09792284866468842
0 0.7175 0.42729970326409494 0.03666666666666667 0.10385756676557864
0 0.6808333333333333 0.4287833827893175 0.03333333333333333 0.09495548961424333
0 0.6441666666666667 0.5103857566765578 0.04 0.12759643916913946
0 0.5991666666666666 0.5118694362017804 0.04833333333333333 0.11869436201780416
0 0.7791666666666667 0.516320474777448 0.025 0.09792284866468842
0 0.5475 0.516320474777448 0.05 0.11572700296735905
0 0.40166666666666667 0.5178041543026706 0.03833333333333333 0.11869436201780416
0 0.495 0.5178041543026706 0.043333333333333335 0.11572700296735905
0 0.8925 0.5178041543026706 0.045 0.10979228486646884
0 0.44666666666666666 0.5192878338278932 0.051666666666666666 0.13056379821958458
0 0.81 0.5207715133531158 0.051666666666666666 0.09792284866468842
0 0.8525 0.5237388724035609 0.045 0.10089020771513353
0 0.6816666666666666 0.5237388724035609 0.03166666666666667 0.09495548961424333
0 0.9616666666666667 0.5252225519287834 0.056666666666666664 0.10089020771513353
0 0.7183333333333334 0.5311572700296736 0.03833333333333333 0.09792284866468842
0 0.4041666666666667 0.06231454005934718 0.03666666666666667 0.12462908011869436
0 0.93 0.6142433234421365 0.043333333333333335 0.10682492581602374
0 0.8958333333333334 0.6186943620178041 0.03666666666666667 0.10682492581602374
0 0.9675 0.6231454005934718 0.043333333333333335 0.10682492581602374
0 0.8533333333333334 0.629080118694362 0.045 0.10385756676557864
0 0.8158333333333333 0.6320474777448071 0.041666666666666664 0.10385756676557864
0 0.5041666666666667 0.06824925816023739 0.05 0.12759643916913946
0 0.5541666666666667 0.06824925816023739 0.041666666666666664 0.12166172106824925
0 0.5558333333333333 0.6988130563798219 0.04833333333333333 0.13353115727002968
0 0.6075 0.7002967359050445 0.05 0.13056379821958458
0 0.6575 0.7002967359050445 0.043333333333333335 0.13353115727002968
0 0.7016666666666667 0.701780415430267 0.03833333333333333 0.10979228486646884
0 0.5075 0.7047477744807121 0.04833333333333333 0.13353115727002968
0 0.45666666666666667 0.7062314540059347 0.05 0.13649851632047477
0 0.41 0.7151335311572701 0.03666666666666667 0.13056379821958458
0 0.9491666666666667 0.7789317507418397 0.03333333333333333 0.11572700296735905
0 0.9825 0.7789317507418397 0.03166666666666667 0.10979228486646884
0 0.91 0.7818991097922848 0.041666666666666664 0.11869436201780416
0 0.8708333333333333 0.7848664688427299 0.04833333333333333 0.13353115727002968
0 0.8266666666666667 0.7922848664688428 0.035 0.12759643916913946
0 0.7925 0.8056379821958457 0.03166666666666667 0.10385756676557864
0 0.7066666666666667 0.8115727002967359 0.04666666666666667 0.11869436201780416
0 0.6583333333333333 0.8219584569732937 0.043333333333333335 0.10385756676557864
0 0.6116666666666667 0.8308605341246291 0.045 0.12462908011869436
0 0.5091666666666667 0.8323442136498517 0.04833333333333333 0.13353115727002968
0 0.56 0.8323442136498517 0.04833333333333333 0.13353115727002968
0 0.45666666666666667 0.8353115727002968 0.05 0.13353115727002968
0 0.41083333333333333 0.844213649851632 0.03833333333333333 0.12759643916913946
0 0.45416666666666666 0.08753709198813056 0.03666666666666667 0.08902077151335312
0 0.9841666666666666 0.8976261127596439 0.028333333333333332 0.10979228486646884
0 0.9525 0.8976261127596439 0.04 0.11572700296735905
0 0.9125 0.8976261127596439 0.03833333333333333 0.10979228486646884
0 0.8666666666666667 0.9065281899109793 0.041666666666666664 0.10979228486646884
0 0.83 0.913946587537092 0.045 0.10979228486646884
0 0.7966666666666666 0.9169139465875371 0.03 0.10089020771513353
0 0.6908333333333333 0.09792284866468842 0.055 0.12462908011869436
0 0.4058333333333333 0.1943620178041543 0.04 0.12759643916913946
0 0.4558333333333333 0.19584569732937684 0.05 0.13056379821958458
0 0.555 0.20029673590504452 0.04666666666666667 0.12462908011869436
0 0.5091666666666667 0.2032640949554896 0.051666666666666666 0.11869436201780416
0 0.5933333333333334 0.21068249258160238 0.023333333333333334 0.10089020771513353
0 0.6516666666666666 0.21068249258160238 0.05 0.11869436201780416
0 0.6991666666666667 0.2166172106824926 0.045 0.11869436201780416