0 0.29833333333333334 0.37388724035608306 0.008333333333333333 0.08605341246290801
0 0.30833333333333335 0.37388724035608306 0.015 0.09198813056379822
0 0.3441666666666667 0.37388724035608306 0.02 0.10385756676557864
0 0.36083333333333334 0.37388724035608306 0.02 0.10979228486646884
0 0.3825 0.37537091988130566 0.023333333333333334 0.12166172106824925
0 0.4025 0.3768545994065282 0.021666666666666667 0.13353115727002968
0 0.32666666666666666 0.37833827893175076 0.02 0.10089020771513353
0 0.4266666666666667 0.37833827893175076 0.02666666666666667 0.142433234421365
0 0.4583333333333333 0.38130563798219586 0.03666666666666667 0.14540059347181009
0 0.5058333333333334 0.38130563798219586 0.04833333333333333 0.1661721068249258
0 0.5891666666666666 0.38427299703264095 0.04666666666666667 0.18100890207715134
0 0.6283333333333333 0.38427299703264095 0.04833333333333333 0.20178041543026706
0 0.6875 0.3857566765578635 0.06666666666666667 0.24629080118694363
0 0.5441666666666667 0.3887240356083086 0.04833333333333333 0.16913946587537093
0 0.7533333333333333 0.39317507418397624 0.08166666666666667 0.258160237388724
0 0.8358333333333333 0.39762611275964393 0.085 0.2878338278931751
0 0.9333333333333333 0.4035608308605341 0.12333333333333334 0.35014836795252224
0 0.5908333333333333 0.04451038575667656 0.058333333333333334 0.08902077151335312
0 0.5391666666666667 0.04896142433234421 0.043333333333333335 0.09792284866468842
0 0.49666666666666665 0.06676557863501484 0.05 0.13056379821958458
0 0.6483333333333333 0.6795252225519288 0.07166666666666667 0.19584569732937684
0 0.41 0.6958456973293768 0.023333333333333334 0.13649851632047477
0 0.43916666666666665 0.7181008902077152 0.035 0.14836795252225518
0 0.7366666666666667 0.7255192878338279 0.08 0.29080118694362017
0 0.465 0.7403560830860534 0.016666666666666666 0.14836795252225518
0 0.485 0.7581602373887241 0.02666666666666667 0.1513353115727003
0 0.8116666666666666 0.7700296735905044 0.08666666666666667 0.31750741839762614
0 0.42833333333333334 0.07863501483679525 0.056666666666666664 0.1513353115727003
0 0.5133333333333333 0.7804154302670623 0.03666666666666667 0.1661721068249258
0 0.5583333333333333 0.7997032640949555 0.065 0.18100890207715134
0 0.9025 0.8100890207715133 0.11 0.33827893175074186
0 0.41583333333333333 0.8264094955489614 0.025 0.12759643916913946
0 0.9783333333333334 0.8367952522255193 0.04 0.32047477744807124
0 0.445 0.8471810089020771 0.03 0.11572700296735905
0 0.4666666666666667 0.870919881305638 0.016666666666666666 0.12759643916913946
0 0.635 0.884272997032641 0.03666666666666667 0.18694362017804153
0 0.6816666666666666 0.8916913946587537 0.06666666666666667 0.21068249258160238
0 0.48833333333333334 0.900593471810089 0.02666666666666667 0.13353115727002968
0 0.5191666666666667 0.9272997032640949 0.03166666666666667 0.12759643916913946
0 0.7408333333333333 0.9287833827893175 0.06833333333333333 0.13649851632047477
0 0.3908333333333333 0.09495548961424333 0.025 0.13649851632047477
0 0.5541666666666667 0.9480712166172107 0.041666666666666664 0.09792284866468842
0 0.37 0.10682492581602374 0.023333333333333334 0.12462908011869436
0 0.9358333333333333 0.1172106824925816 0.12 0.2344213649851632
0 0.8333333333333334 0.11869436201780416 0.09 0.23738872403560832
0 0.3475 0.1201780415430267 0.025 0.11869436201780416
0 0.7508333333333334 0.129080118694362 0.08666666666666667 0.258160237388724
0 0.3258333333333333 0.13204747774480713 0.02 0.10979228486646884
0 0.31583333333333335 0.14391691394658754 0.025 0.10089020771513353
0 0.6808333333333333 0.1513353115727003 0.075 0.23738872403560832
0 0.30083333333333334 0.15578635014836795 0.013333333333333334 0.09198813056379822
0 0.6241666666666666 0.1572700296735905 0.05 0.19287833827893175
0 0.5841666666666666 0.18991097922848665 0.043333333333333335 0.19584569732937684
0 0.5425 0.19287833827893175 0.051666666666666666 0.18397626112759644
0 0.5 0.22106824925816024 0.051666666666666666 0.1661721068249258
0 0.45666666666666667 0.22551928783382788 0.04 0.17210682492581603
0 0.42083333333333334 0.23293768545994065 0.03166666666666667 0.1513353115727003
0 0.3775 0.24629080118694363 0.02 0.142433234421365
0 0.39666666666666667 0.24629080118694363 0.023333333333333334 0.14836795252225518
0 0.3541666666666667 0.25667655786350146 0.025 0.13353115727002968
0 0.335 0.26112759643916916 0.016666666666666666 0.13649851632047477
0 0.32083333333333336 0.26706231454005935 0.02 0.12166172106824925
0 0.30916666666666665 0.271513353115727 0.018333333333333333 0.12462908011869436
0 0.2975 0.27596439169139464 0.015 0.12462908011869436