0 0.7566666666666667 0.33086053412462907 0.058333333333333334 0.16023738872403562
0 0.4975 0.3323442136498516 0.058333333333333334 0.1513353115727003
0 0.37416666666666665 0.33382789317507416 0.056666666666666664 0.1572700296735905
0 0.435 0.33382789317507416 0.06 0.14836795252225518
0 0.6933333333333334 0.3353115727002967 0.06333333333333334 0.1572700296735905
0 0.5633333333333334 0.3367952522255193 0.06333333333333334 0.1513353115727003
0 0.6283333333333333 0.3367952522255193 0.065 0.1543026706231454
0 0.13166666666666665 0.3367952522255193 0.06666666666666667 0.16023738872403562
0 0.25083333333333335 0.33827893175074186 0.056666666666666664 0.1513353115727003
0 0.06583333333333333 0.3397626112759644 0.06333333333333334 0.16023738872403562
0 0.31333333333333335 0.34124629080118696 0.06 0.1632047477744807
0 0.4325 0.4792284866468843 0.06166666666666667 0.1543026706231454
0 0.49666666666666665 0.4807121661721068 0.06333333333333334 0.1513353115727003
0 0.7641666666666667 0.4807121661721068 0.06333333333333334 0.1513353115727003
0 0.6983333333333334 0.4821958456973294 0.065 0.1543026706231454
0 0.5616666666666666 0.4836795252225519 0.06833333333333333 0.1513353115727003
0 0.6308333333333334 0.4836795252225519 0.06833333333333333 0.1572700296735905
0 0.18333333333333332 0.486646884272997 0.06166666666666667 0.16023738872403562
0 0.05416666666666667 0.486646884272997 0.06166666666666667 0.1513353115727003
0 0.11666666666666667 0.48813056379821956 0.06166666666666667 0.1572700296735905
0 0.30416666666666664 0.4896142433234421 0.065 0.142433234421365
0 0.37083333333333335 0.49258160237388726 0.06333333333333334 0.13353115727002968
0 0.24166666666666667 0.4940652818991098 0.06166666666666667 0.14540059347181009
0 0.7708333333333334 0.6350148367952523 0.065 0.16023738872403562
0 0.4975 0.6364985163204748 0.06833333333333333 0.16023738872403562
0 0.43 0.6379821958456974 0.06 0.1572700296735905
0 0.6333333333333333 0.6379821958456974 0.06833333333333333 0.1513353115727003
0 0.565 0.6394658753709199 0.06166666666666667 0.1513353115727003
0 0.7033333333333334 0.6394658753709199 0.06833333333333333 0.1543026706231454
0 0.36666666666666664 0.642433234421365 0.065 0.16023738872403562
0 0.30083333333333334 0.6439169139465876 0.06333333333333334 0.16023738872403562
0 0.23416666666666666 0.6454005934718101 0.06333333333333334 0.1661721068249258
0 0.1075 0.6468842729970327 0.06666666666666667 0.16913946587537093
0 0.043333333333333335 0.6483679525222552 0.06833333333333333 0.1661721068249258
0 0.17333333333333334 0.6513353115727003 0.06333333333333334 0.1661721068249258
0 0.30666666666666664 0.9124629080118695 0.06666666666666667 0.16913946587537093
0 0.5375 0.9124629080118695 0.07166666666666667 0.16913946587537093
0 0.7525 0.913946587537092 0.08166666666666667 0.1661721068249258
0 0.6808333333333333 0.9169139465875371 0.075 0.16023738872403562
0 0.9308333333333333 0.9198813056379822 0.07833333333333334 0.1543026706231454
0 0.1 0.9258160237388724 0.07 0.142433234421365
0 0.23583333333333334 0.9258160237388724 0.075 0.142433234421365
0 0.16666666666666666 0.9287833827893175 0.06666666666666667 0.13649851632047477
0 0.855 0.9421364985163204 0.07 0.10979228486646884
0 0.4708333333333333 0.9525222551928784 0.058333333333333334 0.08902077151335312