0 0.8233333333333334 0.22666666666666666 0.03333333333333333 0.06888888888888889
0 0.3933333333333333 0.2411111111111111 0.03666666666666667 0.07333333333333333
0 0.4375 0.24666666666666667 0.04 0.07111111111111111
0 0.48 0.25333333333333335 0.03833333333333333 0.06666666666666667
0 0.5191666666666667 0.25666666666666665 0.03833333333333333 0.06666666666666667
0 0.5616666666666666 0.26 0.041666666666666664 0.06888888888888889
0 0.6016666666666667 0.26666666666666666 0.03666666666666667 0.07111111111111111
0 0.6441666666666667 0.2733333333333333 0.035 0.06666666666666667
0 0.6825 0.2788888888888889 0.03166666666666667 0.06222222222222222
0 0.7233333333333334 0.28 0.03333333333333333 0.06222222222222222
0 0.7566666666666667 0.2866666666666667 0.03166666666666667 0.057777777777777775
0 0.7916666666666666 0.2922222222222222 0.03666666666666667 0.06222222222222222
0 0.8258333333333333 0.2922222222222222 0.028333333333333332 0.06222222222222222
0 0.8641666666666666 0.3011111111111111 0.028333333333333332 0.06222222222222222
0 0.2891666666666667 0.33666666666666667 0.04666666666666667 0.10222222222222223
0 0.23583333333333334 0.34 0.05 0.09111111111111111
0 0.021666666666666667 0.35888888888888887 0.043333333333333335 0.1111111111111111
0 0.075 0.3622222222222222 0.06333333333333334 0.10888888888888888
0 0.1375 0.36333333333333334 0.06 0.10666666666666667
0 0.3358333333333333 0.39555555555555555 0.045 0.06444444444444444
0 0.4741666666666667 0.4 0.04833333333333333 0.09111111111111111
0 0.5175 0.4033333333333333 0.041666666666666664 0.08
0 0.5633333333333334 0.40444444444444444 0.04 0.07777777777777778
0 0.6383333333333333 0.4077777777777778 0.03833333333333333 0.06222222222222222
0 0.6016666666666667 0.4088888888888889 0.03333333333333333 0.07555555555555556
0 0.7508333333333334 0.4122222222222222 0.03333333333333333 0.06666666666666667
0 0.6791666666666667 0.41333333333333333 0.04 0.07777777777777778
0 0.7916666666666666 0.4166666666666667 0.035 0.07111111111111111
0 0.8666666666666667 0.4177777777777778 0.03833333333333333 0.07555555555555556
0 0.8275 0.42 0.03833333333333333 0.06888888888888889
0 0.2875 0.43333333333333335 0.06 0.08666666666666667
0 0.23416666666666666 0.43444444444444447 0.05 0.09333333333333334
0 0.33416666666666667 0.4633333333333333 0.04666666666666667 0.06888888888888889
0 0.018333333333333333 0.4688888888888889 0.03666666666666667 0.10444444444444445
0 0.06833333333333333 0.4688888888888889 0.06 0.10444444444444445
0 0.13333333333333333 0.4711111111111111 0.06166666666666667 0.10444444444444445
0 0.6375 0.4722222222222222 0.035 0.06
0 0.5216666666666666 0.48333333333333334 0.043333333333333335 0.08
0 0.4775 0.48444444444444446 0.045 0.08222222222222222
0 0.5641666666666667 0.48444444444444446 0.041666666666666664 0.07777777777777778
0 0.6025 0.4866666666666667 0.03333333333333333 0.07111111111111111
0 0.7583333333333333 0.4866666666666667 0.03666666666666667 0.07333333333333333
0 0.7916666666666666 0.48777777777777775 0.03333333333333333 0.07111111111111111
0 0.87 0.49 0.03666666666666667 0.06222222222222222
0 0.8308333333333333 0.4922222222222222 0.03833333333333333 0.06888888888888889
0 0.68 0.49333333333333335 0.03833333333333333 0.07333333333333333
0 0.7233333333333334 0.49333333333333335 0.035 0.07777777777777778
0 0.2808333333333333 0.5211111111111111 0.04833333333333333 0.08888888888888889
0 0.23083333333333333 0.5211111111111111 0.043333333333333335 0.08444444444444445
0 0.32916666666666666 0.5322222222222223 0.041666666666666664 0.06222222222222222
0 0.685 0.5488888888888889 0.03833333333333333 0.03333333333333333
0 0.8725 0.5611111111111111 0.04 0.07777777777777778
0 0.43416666666666665 0.5644444444444444 0.041666666666666664 0.08888888888888889
0 0.5225 0.5644444444444444 0.041666666666666664 0.08444444444444445
0 0.4791666666666667 0.5655555555555556 0.041666666666666664 0.08222222222222222
0 0.5616666666666666 0.5655555555555556 0.03833333333333333 0.07777777777777778
0 0.835 0.5655555555555556 0.04 0.07333333333333333
0 0.2225 0.6566666666666666 0.043333333333333335 0.07333333333333333
0 0.27416666666666667 0.6644444444444444 0.06 0.09111111111111111
0 0.7041666666666667 0.6988888888888889 0.041666666666666664 0.07333333333333333
0 0.21833333333333332 0.74 0.05 0.09111111111111111
0 0.27166666666666667 0.7566666666666667 0.055 0.09333333333333334
0 0.325 0.7611111111111111 0.04833333333333333 0.08666666666666667
0 0.7475 0.7766666666666666 0.03666666666666667 0.07333333333333333
0 0.7058333333333333 0.7777777777777778 0.041666666666666664 0.06666666666666667
0 0.7833333333333333 0.7788888888888889 0.041666666666666664 0.07777777777777778
0 0.6625 0.7877777777777778 0.03333333333333333 0.08222222222222222
0 0.625 0.7955555555555556 0.03666666666666667 0.08888888888888889
0 0.5775 0.7966666666666666 0.051666666666666666 0.09111111111111111
0 0.53 0.7977777777777778 0.04666666666666667 0.09333333333333334
0 0.39 0.8033333333333333 0.04666666666666667 0.09555555555555556
0 0.48333333333333334 0.8044444444444444 0.045 0.08444444444444445
0 0.44 0.81 0.04833333333333333 0.11555555555555555
0 0.21583333333333332 0.8466666666666667 0.06 0.10888888888888888
0 0.26916666666666667 0.8544444444444445 0.06 0.09333333333333334
0 0.3258333333333333 0.8566666666666667 0.05333333333333334 0.09777777777777778
0 0.03666666666666667 0.11444444444444445 0.03333333333333333 0.07333333333333333
0 0.08583333333333333 0.11444444444444445 0.058333333333333334 0.11333333333333333
0 0.14583333333333334 0.11888888888888889 0.06333333333333334 0.10888888888888888
0 0.3933333333333333 0.16111111111111112 0.03833333333333333 0.08
0 0.4375 0.17333333333333334 0.03833333333333333 0.06888888888888889
0 0.48 0.18 0.043333333333333335 0.07333333333333333
0 0.52 0.18444444444444444 0.03833333333333333 0.07333333333333333
0 0.5608333333333333 0.18777777777777777 0.035 0.07111111111111111
0 0.025 0.19 0.04666666666666667 0.08888888888888889
0 0.6025 0.19444444444444445 0.03 0.06666666666666667
0 0.08 0.2 0.06333333333333334 0.07777777777777778
0 0.1425 0.20666666666666667 0.05333333333333334 0.08222222222222222
0 0.7525 0.21777777777777776 0.03333333333333333 0.06444444444444444
0 0.79 0.22111111111111112 0.028333333333333332 0.06444444444444444