0 0.48333333333333334 0.3026706231454006 0.05333333333333334 0.13353115727002968
0 0.535 0.314540059347181 0.056666666666666664 0.12759643916913946
0 0.59 0.3219584569732938 0.056666666666666664 0.142433234421365
0 0.6408333333333334 0.3264094955489614 0.05333333333333334 0.13353115727002968
0 0.69 0.3367952522255193 0.051666666666666666 0.13649851632047477
0 0.74 0.3397626112759644 0.041666666666666664 0.142433234421365
0 0.7866666666666666 0.3397626112759644 0.055 0.13649851632047477
0 0.835 0.3397626112759644 0.045 0.13056379821958458
0 0.9533333333333334 0.36053412462908013 0.04 0.10682492581602374
0 0.8691666666666666 0.3620178041543027 0.03166666666666667 0.08902077151335312
0 0.1125 0.41097922848664686 0.06166666666666667 0.16023738872403562
0 0.175 0.41839762611275966 0.065 0.1513353115727003
0 0.24 0.4198813056379822 0.058333333333333334 0.1543026706231454
0 0.30416666666666664 0.4228486646884273 0.06666666666666667 0.16023738872403562
0 0.3625 0.43026706231454004 0.056666666666666664 0.14540059347181009
0 0.4225 0.4406528189910979 0.058333333333333334 0.14836795252225518
0 0.1475 0.04599406528189911 0.06166666666666667 0.09198813056379822
0 0.47583333333333333 0.44807121661721067 0.04833333333333333 0.1513353115727003
0 0.53 0.4495548961424332 0.05333333333333334 0.1543026706231454
0 0.5841666666666666 0.4599406528189911 0.055 0.1513353115727003
0 0.6375 0.46439169139465875 0.05 0.14836795252225518
0 0.8683333333333333 0.4688427299703264 0.045 0.11275964391691394
0 0.9608333333333333 0.4688427299703264 0.05 0.11572700296735905
0 0.6883333333333334 0.47181008902077154 0.051666666666666666 0.14540059347181009
0 0.7333333333333333 0.4732937685459941 0.045 0.13649851632047477
0 0.7833333333333333 0.4762611275964392 0.051666666666666666 0.13649851632047477
0 0.8325 0.4762611275964392 0.043333333333333335 0.13056379821958458
0 0.9166666666666666 0.4836795252225519 0.04666666666666667 0.10089020771513353
0 0.905 0.05192878338278932 0.03833333333333333 0.10385756676557864
0 0.2075 0.05341246290801187 0.05 0.09495548961424333
0 0.7716666666666666 0.05341246290801187 0.055 0.10682492581602374
0 0.26416666666666666 0.05637982195845697 0.06333333333333334 0.11275964391691394
0 0.23666666666666666 0.6083086053412463 0.065 0.14540059347181009
0 0.31083333333333335 0.6112759643916914 0.05333333333333334 0.14540059347181009
0 0.4225 0.6112759643916914 0.055 0.14540059347181009
0 0.3641666666666667 0.612759643916914 0.06333333333333334 0.14836795252225518
0 0.16833333333333333 0.615727002967359 0.065 0.1543026706231454
0 0.1225 0.615727002967359 0.028333333333333332 0.1543026706231454
0 0.47583333333333333 0.6172106824925816 0.051666666666666666 0.1394658753709199
0 0.0775 0.6172106824925816 0.06166666666666667 0.16913946587537093
0 0.5333333333333333 0.6216617210682492 0.05333333333333334 0.142433234421365
0 0.6383333333333333 0.6216617210682492 0.04833333333333333 0.12759643916913946
0 0.5891666666666666 0.6231454005934718 0.055 0.12759643916913946
0 0.7358333333333333 0.6261127596439169 0.04666666666666667 0.12166172106824925
0 0.69 0.6275964391691394 0.04833333333333333 0.12462908011869436
0 0.7691666666666667 0.629080118694362 0.021666666666666667 0.11869436201780416
0 0.7975 0.655786350148368 0.028333333333333332 0.0830860534124629
0 0.9266666666666666 0.6617210682492581 0.03333333333333333 0.09495548961424333
0 0.8491666666666666 0.6661721068249258 0.03666666666666667 0.09792284866468842
0 0.8908333333333334 0.6706231454005934 0.03666666666666667 0.09495548961424333
0 0.3258333333333333 0.06973293768545995 0.055 0.13056379821958458
0 0.7633333333333333 0.7418397626112759 0.035 0.10979228486646884
0 0.7958333333333333 0.7433234421364985 0.02666666666666667 0.08902077151335312
0 0.6416666666666667 0.744807121661721 0.051666666666666666 0.11869436201780416
0 0.3641666666666667 0.7462908011869436 0.06 0.1394658753709199
0 0.5875 0.7462908011869436 0.051666666666666666 0.12166172106824925
0 0.7283333333333334 0.7477744807121661 0.03833333333333333 0.12462908011869436
0 0.30333333333333334 0.7492581602373887 0.055 0.13353115727002968
0 0.4216666666666667 0.7492581602373887 0.056666666666666664 0.12759643916913946
0 0.475 0.7492581602373887 0.05333333333333334 0.13353115727002968
0 0.5325 0.7492581602373887 0.055 0.12759643916913946
0 0.6875 0.7492581602373887 0.03833333333333333 0.11572700296735905
0 0.23416666666666666 0.7522255192878339 0.06 0.14540059347181009
0 0.9258333333333333 0.7537091988130564 0.035 0.0771513353115727
0 0.1675 0.7596439169139466 0.06666666666666667 0.14836795252225518
0 0.8916666666666667 0.7596439169139466 0.03666666666666667 0.06824925816023739
0 0.11833333333333333 0.7640949554896143 0.028333333333333332 0.13353115727002968
0 0.8525 0.7655786350148368 0.04833333333333333 0.08902077151335312
0 0.0725 0.7700296735905044 0.06166666666666667 0.1394658753709199
0 0.38083333333333336 0.09050445103857567 0.051666666666666666 0.12759643916913946
0 0.525 0.10682492581602374 0.06333333333333334 0.12462908011869436
0 0.6841666666666667 0.13056379821958458 0.04666666666666667 0.12166172106824925
0 0.7758333333333334 0.15281899109792285 0.05 0.11275964391691394
0 0.8641666666666666 0.1572700296735905 0.045 0.10385756676557864
0 0.9058333333333334 0.16023738872403562 0.035 0.10682492581602374
0 0.9425 0.16023738872403562 0.041666666666666664 0.10682492581602374
0 0.82 0.16023738872403562 0.045 0.11275964391691394
0 0.1175 0.258160237388724 0.065 0.1572700296735905
0 0.1775 0.26112759643916916 0.056666666666666664 0.1632047477744807
0 0.24416666666666667 0.26706231454005935 0.056666666666666664 0.1513353115727003
0 0.30666666666666664 0.2744807121661721 0.065 0.142433234421365
0 0.37 0.28635014836795253 0.055 0.1543026706231454
0 0.42833333333333334 0.29376854599406527 0.06 0.14540059347181009