0 0.2025 0.5029673590504451 0.06333333333333334 0.1661721068249258
0 0.2683333333333333 0.5074183976261127 0.07166666666666667 0.17507418397626112
0 0.335 0.5207715133531158 0.06833333333333333 0.18991097922848665
0 0.4025 0.5326409495548962 0.07166666666666667 0.19584569732937684
0 0.4791666666666667 0.5504451038575667 0.075 0.2195845697329377
0 0.5558333333333333 0.5593471810089021 0.07833333333333334 0.24925816023738873
0 0.6458333333333334 0.5727002967359051 0.1 0.26409495548961426
0 0.7508333333333334 0.5845697329376854 0.10666666666666667 0.26409495548961426
0 0.745 0.0712166172106825 0.09666666666666666 0.13649851632047477
0 0.5541666666666667 0.08011869436201781 0.09 0.16023738872403562
0 0.6508333333333334 0.08011869436201781 0.09333333333333334 0.1513353115727003
0 0.285 0.09940652818991098 0.06 0.12462908011869436
0 0.4725 0.1201780415430267 0.09 0.16913946587537093
0 0.39666666666666667 0.13204747774480713 0.06166666666666667 0.1513353115727003
0 0.3433333333333333 0.13649851632047477 0.056666666666666664 0.1394658753709199
0 0.65 0.24480712166172106 0.095 0.17210682492581603
0 0.74 0.24777448071216618 0.08666666666666667 0.17804154302670624
0 0.56 0.2507418397626113 0.09333333333333334 0.17210682492581603
0 0.21083333333333334 0.2507418397626113 0.06666666666666667 0.18397626112759644
0 0.2841666666666667 0.25667655786350146 0.07333333333333333 0.19584569732937684
0 0.4741666666666667 0.26409495548961426 0.085 0.11275964391691394
0 0.39916666666666667 0.271513353115727 0.05 0.12759643916913946
0 0.34833333333333333 0.27299703264094954 0.06166666666666667 0.13056379821958458