0 0.2683333333333333 0.2997032640949555 0.08 0.2195845697329377
0 0.8425 0.35756676557863504 0.105 0.17804154302670624
0 0.6775 0.3724035608308605 0.07666666666666666 0.18694362017804153
0 0.9083333333333333 0.37537091988130566 0.058333333333333334 0.17507418397626112
0 0.735 0.3827893175074184 0.07166666666666667 0.18694362017804153
0 0.965 0.38427299703264095 0.058333333333333334 0.1632047477744807
0 0.13333333333333333 0.4406528189910979 0.14833333333333334 0.29673590504451036
0 0.03166666666666667 0.4421364985163205 0.06333333333333334 0.26409495548961426
0 0.3516666666666667 0.46142433234421365 0.09333333333333334 0.24925816023738873
0 0.4508333333333333 0.4821958456973294 0.085 0.2433234421364985
0 0.5391666666666667 0.4896142433234421 0.085 0.2195845697329377
0 0.6175 0.4940652818991098 0.08166666666666667 0.22255192878338279
0 0.2658333333333333 0.5192878338278932 0.085 0.21068249258160238
0 0.8158333333333333 0.5252225519287834 0.07333333333333333 0.19881305637982197
0 0.8716666666666667 0.5370919881305638 0.07166666666666667 0.17804154302670624
0 0.6816666666666666 0.5489614243323442 0.075 0.17210682492581603
0 0.9283333333333333 0.5519287833827893 0.058333333333333334 0.17210682492581603
0 0.7533333333333333 0.5519287833827893 0.085 0.17210682492581603
0 0.9766666666666667 0.5548961424332344 0.043333333333333335 0.17804154302670624
0 0.5475 0.7195845697329377 0.09666666666666666 0.24925816023738873
0 0.11916666666666667 0.7210682492581603 0.17166666666666666 0.3056379821958457
0 0.3575 0.7210682492581603 0.1 0.27299703264094954
0 0.6358333333333334 0.7210682492581603 0.08833333333333333 0.228486646884273
0 0.455 0.728486646884273 0.09 0.2403560830860534
0 0.8366666666666667 0.728486646884273 0.07 0.19584569732937684
0 0.8875 0.7329376854599406 0.065 0.20771513353115728
0 0.7125 0.7329376854599406 0.07166666666666667 0.18991097922848665
0 0.7708333333333334 0.7388724035608308 0.07666666666666666 0.19287833827893175
0 0.265 0.7403560830860534 0.08666666666666667 0.2314540059347181
0 0.24833333333333332 0.13501483679525222 0.08333333333333333 0.20474777448071216
0 0.145 0.16023738872403562 0.14666666666666667 0.32047477744807124
0 0.0325 0.17062314540059348 0.065 0.3056379821958457
0 0.35333333333333333 0.24183976261127596 0.07166666666666667 0.18991097922848665
0 0.43916666666666665 0.2433234421364985 0.08666666666666667 0.2314540059347181
0 0.525 0.271513353115727 0.08833333333333333 0.2166172106824926
0 0.6108333333333333 0.28486646884273 0.07666666666666666 0.19881305637982197