0 0.6458333333333334 0.29821958456973297 0.035 0.08605341246290801
0 0.6775 0.2997032640949555 0.043333333333333335 0.10089020771513353
0 0.7866666666666666 0.3026706231454006 0.035 0.08605341246290801
0 0.7475 0.3026706231454006 0.043333333333333335 0.08902077151335312
0 0.7091666666666666 0.30415430267062316 0.03 0.08902077151335312
0 0.8183333333333334 0.3056379821958457 0.03166666666666667 0.08902077151335312
0 0.9241666666666667 0.35014836795252224 0.035 0.0830860534124629
0 0.8516666666666667 0.35311572700296734 0.03833333333333333 0.09198813056379822
0 0.9558333333333333 0.3545994065281899 0.035 0.0712166172106825
0 0.9875 0.3620178041543027 0.021666666666666667 0.0771513353115727
0 0.8158333333333333 0.4332344213649852 0.03666666666666667 0.0830860534124629
0 0.7616666666666667 0.4362017804154303 0.03166666666666667 0.07418397626112759
0 0.15833333333333333 0.4688427299703264 0.035 0.11869436201780416
0 0.19833333333333333 0.47181008902077154 0.045 0.12462908011869436
0 0.365 0.4762611275964392 0.04666666666666667 0.11869436201780416
0 0.24166666666666667 0.4792284866468843 0.03666666666666667 0.10979228486646884
0 0.305 0.4807121661721068 0.045 0.10979228486646884
0 0.4791666666666667 0.4821958456973294 0.03833333333333333 0.10682492581602374
0 0.4058333333333333 0.4836795252225519 0.041666666666666664 0.10089020771513353
0 0.5175 0.48516320474777447 0.041666666666666664 0.09792284866468842
0 0.5983333333333334 0.48813056379821956 0.035 0.09198813056379822
0 0.5591666666666667 0.4896142433234421 0.03666666666666667 0.10385756676557864
0 0.44166666666666665 0.49258160237388726 0.03833333333333333 0.11275964391691394
0 0.6733333333333333 0.4940652818991098 0.04 0.09198813056379822
0 0.7375 0.4940652818991098 0.025 0.08902077151335312
0 0.7941666666666667 0.5074183976261127 0.028333333333333332 0.08011869436201781
0 0.7641666666666667 0.5089020771513353 0.03 0.0771513353115727
0 0.8216666666666667 0.5148367952522255 0.025 0.07418397626112759
0 0.2683333333333333 0.5830860534124629 0.03666666666666667 0.08011869436201781
0 0.31166666666666665 0.5919881305637982 0.02666666666666667 0.08011869436201781
0 0.43916666666666665 0.5964391691394659 0.028333333333333332 0.07418397626112759
0 0.19916666666666666 0.6112759643916914 0.03166666666666667 0.08011869436201781
0 0.2375 0.6142433234421365 0.02666666666666667 0.0712166172106825
0 0.36833333333333335 0.6795252225519288 0.03666666666666667 0.11572700296735905
0 0.27166666666666667 0.6810089020771514 0.03666666666666667 0.10979228486646884
0 0.4041666666666667 0.6824925816023739 0.03833333333333333 0.10385756676557864
0 0.43666666666666665 0.6824925816023739 0.023333333333333334 0.09792284866468842
0 0.31083333333333335 0.685459940652819 0.035 0.10682492581602374
0 0.2025 0.6988130563798219 0.025 0.0830860534124629
0 0.2325 0.6988130563798219 0.02666666666666667 0.0771513353115727
0 0.3425 0.7002967359050445 0.03666666666666667 0.08605341246290801
0 0.3233333333333333 0.8397626112759644 0.025 0.0771513353115727
0 0.25583333333333336 0.8427299703264095 0.035 0.0830860534124629
0 0.2925 0.844213649851632 0.03333333333333333 0.08605341246290801
0 0.2175 0.844213649851632 0.03333333333333333 0.08011869436201781
0 0.2891666666666667 0.9228486646884273 0.03166666666666667 0.0771513353115727
0 0.25416666666666665 0.9243323442136498 0.035 0.0771513353115727
0 0.2175 0.9258160237388724 0.035 0.08011869436201781
0 0.45416666666666666 0.10385756676557864 0.03666666666666667 0.08902077151335312
0 0.6775 0.1083086053412463 0.03833333333333333 0.08902077151335312
0 0.4925 0.11275964391691394 0.04 0.08902077151335312
0 0.0225 0.1142433234421365 0.045 0.11572700296735905
0 0.5325 0.1172106824925816 0.04 0.09792284866468842
0 0.5708333333333333 0.1172106824925816 0.04 0.08605341246290801
0 0.6083333333333333 0.1201780415430267 0.03666666666666667 0.08605341246290801
0 0.07 0.12166172106824925 0.04833333333333333 0.11275964391691394
0 0.7141666666666666 0.12166172106824925 0.035 0.08902077151335312
0 0.15916666666666668 0.129080118694362 0.041666666666666664 0.11275964391691394
0 0.11583333333333333 0.129080118694362 0.045 0.12166172106824925
0 0.20166666666666666 0.14094955489614244 0.045 0.11275964391691394
0 0.24416666666666667 0.14688427299703263 0.043333333333333335 0.11275964391691394
0 0.2875 0.1513353115727003 0.04666666666666667 0.11572700296735905
0 0.33416666666666667 0.16023738872403562 0.051666666666666666 0.10385756676557864
0 0.39666666666666667 0.1661721068249258 0.041666666666666664 0.11869436201780416
0 0.4533333333333333 0.19287833827893175 0.035 0.08605341246290801
0 0.49333333333333335 0.20029673590504452 0.04 0.09495548961424333
0 0.5316666666666666 0.20029673590504452 0.03666666666666667 0.0830860534124629
0 0.6433333333333333 0.20029673590504452 0.03666666666666667 0.09495548961424333
0 0.6791666666666667 0.20029673590504452 0.03666666666666667 0.09198813056379822
0 0.7491666666666666 0.20178041543026706 0.03833333333333333 0.10385756676557864
0 0.785 0.2032640949554896 0.035 0.10979228486646884
0 0.57 0.2032640949554896 0.03666666666666667 0.08605341246290801
0 0.6083333333333333 0.2062314540059347 0.03833333333333333 0.08605341246290801
0 0.7125 0.21216617210682492 0.03166666666666667 0.09495548961424333
0 0.9516666666666667 0.21364985163204747 0.035 0.06824925816023739
0 0.8175 0.2166172106824926 0.03333333333333333 0.09495548961424333
0 0.023333333333333334 0.2314540059347181 0.04666666666666667 0.12759643916913946
0 0.1125 0.23590504451038577 0.045 0.11572700296735905
0 0.0675 0.23887240356083086 0.045 0.11572700296735905
0 0.2025 0.24629080118694363 0.04 0.12759643916913946
0 0.15916666666666668 0.24777448071216618 0.05 0.12462908011869436
0 0.24416666666666667 0.2522255192878338 0.041666666666666664 0.10089020771513353
0 0.8491666666666666 0.258160237388724 0.041666666666666664 0.10089020771513353
0 0.28833333333333333 0.2596439169139466 0.041666666666666664 0.11275964391691394
0 0.3308333333333333 0.26706231454005935 0.045 0.10979228486646884
0 0.3925 0.271513353115727 0.043333333333333335 0.10089020771513353
0 0.9208333333333333 0.2789317507418398 0.03666666666666667 0.08605341246290801
0 0.9525 0.28041543026706234 0.03833333333333333 0.08011869436201781
0 0.4533333333333333 0.2818991097922849 0.03333333333333333 0.08605341246290801
0 0.49 0.28338278931750743 0.03833333333333333 0.08902077151335312
0 0.5291666666666667 0.28486646884273 0.041666666666666664 0.09198813056379822
0 0.5683333333333334 0.2893175074183976 0.04 0.09495548961424333
0 0.6058333333333333 0.2893175074183976 0.035 0.08011869436201781