0 0.4658333333333333 0.2997032640949555 0.08666666666666667 0.2314540059347181
0 0.645 0.3115727002967359 0.08166666666666667 0.228486646884273
0 0.7241666666666666 0.31750741839762614 0.075 0.21364985163204747
0 0.8166666666666667 0.3219584569732938 0.08166666666666667 0.2195845697329377
0 0.5558333333333333 0.33086053412462907 0.065 0.16913946587537093
0 0.36916666666666664 0.5281899109792285 0.09333333333333334 0.2433234421364985
0 0.5558333333333333 0.5311572700296736 0.08 0.22255192878338279
0 0.26666666666666666 0.5326409495548962 0.095 0.23738872403560832
0 0.46416666666666667 0.5356083086053413 0.08666666666666667 0.228486646884273
0 0.7258333333333333 0.5370919881305638 0.07 0.22255192878338279
0 0.9733333333333334 0.5385756676557863 0.05 0.20474777448071216
0 0.6433333333333333 0.5385756676557863 0.08333333333333333 0.22551928783382788
0 0.8141666666666667 0.5445103857566765 0.07833333333333334 0.21068249258160238
0 0.9275 0.7462908011869436 0.03166666666666667 0.21364985163204747
0 0.9766666666666667 0.7462908011869436 0.043333333333333335 0.19881305637982197
0 0.8141666666666667 0.7596439169139466 0.08166666666666667 0.20474777448071216
0 0.6416666666666667 0.7626112759643917 0.085 0.22551928783382788
0 0.7258333333333333 0.7626112759643917 0.07666666666666666 0.2195845697329377
0 0.5533333333333333 0.7655786350148368 0.08333333333333333 0.2314540059347181
0 0.46 0.7744807121661721 0.09 0.23738872403560832
0 0.365 0.7759643916913946 0.09166666666666666 0.2433234421364985
0 0.2625 0.7804154302670623 0.09833333333333333 0.24629080118694363
0 0.27166666666666667 0.28486646884273 0.09333333333333334 0.258160237388724
0 0.37166666666666665 0.28635014836795253 0.085 0.2403560830860534