0 0.32 0.2388888888888889 0.115 0.24444444444444444
0 0.435 0.2677777777777778 0.11333333333333333 0.2222222222222222
0 0.535 0.28 0.08666666666666667 0.20222222222222222
0 0.5433333333333333 0.4922222222222222 0.09666666666666666 0.21777777777777776
0 0.4375 0.49444444444444446 0.11166666666666666 0.24
0 0.31833333333333336 0.49 0.125 0.26222222222222225
0 0.32083333333333336 0.7522222222222222 0.12333333333333334 0.2644444444444444
0 0.44166666666666665 0.7377777777777778 0.11666666666666667 0.24
0 0.55 0.7188888888888889 0.10333333333333333 0.22444444444444445
0 0.6391666666666667 0.7077777777777777 0.06666666666666667 0.20222222222222222
0 0.72 0.6833333333333333 0.095 0.20666666666666667
0 0.6175 0.2911111111111111 0.075 0.20222222222222222
0 0.6275 0.49777777777777776 0.07833333333333334 0.20666666666666667
0 0.7041666666666667 0.29 0.09666666666666666 0.19111111111111112
0 0.71 0.4811111111111111 0.09166666666666666 0.19555555555555557
0 0.18583333333333332 0.20333333333333334 0.15 0.28
0 0.18083333333333335 0.4866666666666667 0.15 0.2822222222222222
0 0.18083333333333335 0.7711111111111111 0.15333333333333332 0.29333333333333333
0 0.055 0.15444444444444444 0.10666666666666667 0.3
0 0.0525 0.4722222222222222 0.105 0.3244444444444444
0 0.0525 0.7844444444444445 0.10166666666666667 0.29777777777777775