0 0.11222222222222222 0.2325 0.16 0.20666666666666667
0 0.2588888888888889 0.24666666666666667 0.13555555555555557 0.18833333333333332
0 0.39 0.26 0.11777777777777777 0.16833333333333333
0 0.6577777777777778 0.2608333333333333 0.1 0.13333333333333333
0 0.4955555555555556 0.2625 0.08888888888888889 0.16333333333333333
0 0.5722222222222222 0.2633333333333333 0.07111111111111111 0.155
0 0.66 0.395 0.1 0.13
0 0.5811111111111111 0.4116666666666667 0.06666666666666667 0.13666666666666666
0 0.5 0.4166666666666667 0.09555555555555556 0.15
0 0.3977777777777778 0.42333333333333334 0.1111111111111111 0.16333333333333333
0 0.2733333333333333 0.43083333333333335 0.14222222222222222 0.185
0 0.1288888888888889 0.44416666666666665 0.15777777777777777 0.205
0 0.021111111111111112 0.45166666666666666 0.042222222222222223 0.21333333333333335
0 0.6644444444444444 0.525 0.08666666666666667 0.12666666666666668
0 0.5855555555555556 0.545 0.07111111111111111 0.12666666666666668
0 0.5033333333333333 0.56 0.09333333333333334 0.14333333333333334
0 0.4033333333333333 0.5791666666666667 0.10444444444444445 0.15166666666666667
0 0.28 0.6058333333333333 0.14222222222222222 0.165
0 0.13555555555555557 0.6366666666666667 0.15333333333333332 0.17833333333333334
0 0.027777777777777776 0.6608333333333334 0.05555555555555555 0.21666666666666667