0 0.051666666666666666 0.22555555555555556 0.023333333333333334 0.04888888888888889
0 0.7158333333333333 0.22555555555555556 0.06333333333333334 0.1288888888888889
0 0.0275 0.23222222222222222 0.02666666666666667 0.051111111111111114
0 0.6533333333333333 0.23444444444444446 0.06166666666666667 0.1288888888888889
0 0.5958333333333333 0.24444444444444444 0.051666666666666666 0.12222222222222222
0 0.5383333333333333 0.2511111111111111 0.06333333333333334 0.11333333333333333
0 0.4775 0.26 0.055 0.11777777777777777
0 0.42083333333333334 0.26222222222222225 0.058333333333333334 0.11333333333333333
0 0.2575 0.29555555555555557 0.03833333333333333 0.08
0 0.2991666666666667 0.2966666666666667 0.03666666666666667 0.06666666666666667
0 0.765 0.3611111111111111 0.043333333333333335 0.13111111111111112
0 0.7133333333333334 0.36333333333333334 0.06 0.11555555555555555
0 0.6433333333333333 0.3711111111111111 0.056666666666666664 0.11555555555555555
0 0.5858333333333333 0.37666666666666665 0.05 0.11555555555555555
0 0.5291666666666667 0.37777777777777777 0.058333333333333334 0.11777777777777777
0 0.4266666666666667 0.3844444444444444 0.06 0.10888888888888888
0 0.4775 0.38555555555555554 0.045 0.1111111111111111
0 0.3333333333333333 0.3977777777777778 0.03 0.09555555555555556
0 0.25083333333333335 0.40444444444444444 0.03833333333333333 0.07777777777777778
0 0.29 0.40444444444444444 0.03666666666666667 0.07555555555555556
0 0.32666666666666666 0.5388888888888889 0.04666666666666667 0.08888888888888889
0 0.4091666666666667 0.5388888888888889 0.04833333333333333 0.10888888888888888
0 0.4608333333333333 0.5411111111111111 0.051666666666666666 0.10444444444444445
0 0.515 0.5422222222222223 0.056666666666666664 0.11555555555555555
0 0.5725 0.5422222222222223 0.058333333333333334 0.11555555555555555
0 0.6333333333333333 0.5422222222222223 0.065 0.12
0 0.7016666666666667 0.5433333333333333 0.07166666666666667 0.12666666666666668
0 0.7641666666666667 0.5444444444444444 0.04666666666666667 0.12444444444444444
0 0.8641666666666666 0.5455555555555556 0.085 0.13333333333333333
0 0.9141666666666667 0.06222222222222222 0.065 0.1
0 0.4166666666666667 0.6633333333333333 0.05333333333333334 0.12666666666666668
0 0.4708333333333333 0.6733333333333333 0.055 0.12444444444444444
0 0.5258333333333334 0.6777777777777778 0.055 0.12444444444444444
0 0.5833333333333334 0.68 0.05333333333333334 0.13333333333333333
0 0.6433333333333333 0.6855555555555556 0.06833333333333333 0.13555555555555557
0 0.7133333333333334 0.6944444444444444 0.06166666666666667 0.14
0 0.7675 0.7 0.04666666666666667 0.14666666666666667
0 0.7808333333333334 0.07333333333333333 0.02666666666666667 0.09333333333333334
0 0.855 0.07777777777777778 0.055 0.1111111111111111
0 0.24916666666666668 0.7644444444444445 0.03333333333333333 0.04
0 0.3258333333333333 0.7833333333333333 0.03833333333333333 0.09333333333333334
0 0.2841666666666667 0.7844444444444445 0.041666666666666664 0.06888888888888889
0 0.4116666666666667 0.8011111111111111 0.045 0.09111111111111111
0 0.45666666666666667 0.8133333333333334 0.04 0.09111111111111111
0 0.5016666666666667 0.8211111111111111 0.04833333333333333 0.09555555555555556
0 0.5591666666666667 0.8333333333333334 0.05333333333333334 0.09111111111111111
0 0.6433333333333333 0.8355555555555556 0.07166666666666667 0.14222222222222222
0 0.7116666666666667 0.8444444444444444 0.065 0.13111111111111112
0 0.7691666666666667 0.8566666666666667 0.04666666666666667 0.13777777777777778
0 0.7275 0.08666666666666667 0.05333333333333334 0.09555555555555556
0 0.915 0.8677777777777778 0.075 0.16
0 0.8558333333333333 0.8722222222222222 0.05333333333333334 0.14444444444444443
0 0.9758333333333333 0.8866666666666667 0.045 0.16444444444444445
0 0.6258333333333334 0.11777777777777777 0.04 0.08222222222222222
0 0.5791666666666667 0.11888888888888889 0.04833333333333333 0.08
0 0.53 0.13111111111111112 0.035 0.09111111111111111
0 0.49416666666666664 0.14222222222222222 0.04 0.08444444444444445
0 0.44916666666666666 0.14555555555555555 0.04833333333333333 0.08666666666666667
0 0.41083333333333333 0.1511111111111111 0.03333333333333333 0.07111111111111111
0 0.3308333333333333 0.16333333333333333 0.025 0.06222222222222222
0 0.3 0.17333333333333334 0.03333333333333333 0.06666666666666667
0 0.26 0.18 0.04 0.06666666666666667
0 0.9325 0.19666666666666666 0.085 0.11777777777777777
0 0.8558333333333333 0.20444444444444446 0.07166666666666667 0.12222222222222222
0 0.7741666666666667 0.21888888888888888 0.03833333333333333 0.11333333333333333