0 0.06 0.31008902077151335 0.03 0.0771513353115727
0 0.3875 0.33086053412462907 0.07833333333333334 0.2314540059347181
0 0.19583333333333333 0.3323442136498516 0.08333333333333333 0.24925816023738873
0 0.02666666666666667 0.37388724035608306 0.03166666666666667 0.0771513353115727
0 0.11666666666666667 0.3798219584569733 0.07666666666666666 0.2403560830860534
0 0.06 0.38427299703264095 0.03333333333333333 0.06528189910979229
0 0.455 0.3857566765578635 0.056666666666666664 0.20474777448071216
0 0.5975 0.40801186943620177 0.051666666666666666 0.142433234421365
0 0.6341666666666667 0.4332344213649852 0.02666666666666667 0.1394658753709199
0 0.49666666666666665 0.4421364985163205 0.03 0.18100890207715134
0 0.023333333333333334 0.4495548961424332 0.035 0.0771513353115727
0 0.6525 0.4540059347181009 0.016666666666666666 0.10979228486646884
0 0.0575 0.45845697329376855 0.03166666666666667 0.0771513353115727
0 0.6691666666666667 0.46735905044510384 0.016666666666666666 0.10682492581602374
0 0.5466666666666666 0.4910979228486647 0.07 0.14836795252225518
0 0.6 0.5178041543026706 0.04 0.1543026706231454
0 0.2783333333333333 0.5415430267062314 0.085 0.26112759643916916
0 0.39916666666666667 0.5578635014836796 0.06833333333333333 0.2166172106824926
0 0.63 0.5593471810089021 0.018333333333333333 0.12462908011869436
0 0.6508333333333334 0.5756676557863502 0.02 0.12759643916913946
0 0.6683333333333333 0.5845697329376854 0.018333333333333333 0.11572700296735905
0 0.46166666666666667 0.5890207715133531 0.056666666666666664 0.20178041543026706
0 0.195 0.5905044510385756 0.08666666666666667 0.2522255192878338
0 0.6858333333333333 0.6008902077151336 0.016666666666666666 0.11275964391691394
0 0.71 0.612759643916914 0.03 0.09495548961424333
0 0.5041666666666667 0.6216617210682492 0.03833333333333333 0.1661721068249258
0 0.08833333333333333 0.06231454005934718 0.04666666666666667 0.10682492581602374
0 0.11583333333333333 0.6231454005934718 0.09 0.228486646884273
0 0.5483333333333333 0.6409495548961425 0.05 0.16913946587537093
0 0.7383333333333333 0.6409495548961425 0.03166666666666667 0.11275964391691394
0 0.5816666666666667 0.6572700296735905 0.02 0.1543026706231454
0 0.61 0.6780415430267063 0.04 0.16913946587537093
0 0.6408333333333334 0.7047477744807121 0.02 0.1394658753709199
0 0.6625 0.712166172106825 0.016666666666666666 0.13056379821958458
0 0.6808333333333333 0.7151335311572701 0.013333333333333334 0.12462908011869436
0 0.7016666666666667 0.7240356083086054 0.025 0.12462908011869436
0 0.7416666666666667 0.7507418397626113 0.025 0.09792284866468842
0 0.035833333333333335 0.142433234421365 0.04833333333333333 0.12462908011869436
0 0.08666666666666667 0.17804154302670624 0.045 0.11275964391691394
0 0.29083333333333333 0.28635014836795253 0.11 0.2433234421364985
0 0.029166666666666667 0.29080118694362017 0.028333333333333332 0.08605341246290801