0 0.055 0.29821958456973297 0.056666666666666664 0.18991097922848665
0 0.1975 0.30415430267062316 0.07333333333333333 0.18991097922848665
0 0.2733333333333333 0.31305637982195844 0.075 0.18991097922848665
0 0.3458333333333333 0.314540059347181 0.07 0.18100890207715134
0 0.4141666666666667 0.31602373887240354 0.06833333333333333 0.17210682492581603
0 0.4875 0.3219584569732938 0.055 0.17804154302670624
0 0.55 0.3264094955489614 0.06666666666666667 0.17507418397626112
0 0.6833333333333333 0.3323442136498516 0.065 0.1632047477744807
0 0.7508333333333334 0.33382789317507416 0.05333333333333334 0.1543026706231454
0 0.8758333333333334 0.33382789317507416 0.06 0.1661721068249258
0 0.6208333333333333 0.3353115727002967 0.06166666666666667 0.16913946587537093
0 0.8125 0.3353115727002967 0.06333333333333334 0.17507418397626112
0 0.9391666666666667 0.3456973293768546 0.06833333333333333 0.1661721068249258
0 0.06 0.4762611275964392 0.05333333333333334 0.16023738872403562
0 0.125 0.47774480712166173 0.07666666666666666 0.1632047477744807
0 0.19833333333333333 0.4792284866468843 0.07166666666666667 0.1661721068249258
0 0.2733333333333333 0.4821958456973294 0.075 0.14836795252225518
0 0.4125 0.4821958456973294 0.06833333333333333 0.16023738872403562
0 0.3458333333333333 0.4836795252225519 0.06666666666666667 0.1572700296735905
0 0.5458333333333333 0.48516320474777447 0.06833333333333333 0.14836795252225518
0 0.6766666666666666 0.48516320474777447 0.065 0.14836795252225518
0 0.6125 0.486646884272997 0.065 0.1572700296735905
0 0.7416666666666667 0.486646884272997 0.06166666666666667 0.14540059347181009
0 0.48333333333333334 0.48813056379821956 0.056666666666666664 0.1543026706231454
0 0.8033333333333333 0.49258160237388726 0.06166666666666667 0.14540059347181009
0 0.865 0.49258160237388726 0.055 0.14540059347181009
0 0.925 0.49554896142433236 0.06333333333333334 0.1513353115727003
0 0.8458333333333333 0.057863501483679525 0.05333333333333334 0.10682492581602374
0 0.79 0.06528189910979229 0.051666666666666666 0.11869436201780416
0 0.595 0.6468842729970327 0.06 0.13353115727002968
0 0.7275 0.6483679525222552 0.04 0.13056379821958458
0 0.8333333333333334 0.6498516320474778 0.055 0.12759643916913946
0 0.7391666666666666 0.06676557863501484 0.04666666666666667 0.11869436201780416
0 0.7783333333333333 0.6543026706231454 0.058333333333333334 0.142433234421365
0 0.895 0.6543026706231454 0.07 0.13649851632047477
0 0.6566666666666666 0.655786350148368 0.06833333333333333 0.13353115727002968
0 0.19666666666666666 0.658753709198813 0.075 0.14540059347181009
0 0.2675 0.658753709198813 0.07333333333333333 0.1513353115727003
0 0.47833333333333333 0.6602373887240356 0.05 0.142433234421365
0 0.1275 0.6617210682492581 0.06666666666666667 0.1632047477744807
0 0.3383333333333333 0.6646884272997032 0.065 0.14540059347181009
0 0.405 0.6646884272997032 0.06666666666666667 0.14540059347181009
0 0.5341666666666667 0.6646884272997032 0.065 0.14540059347181009
0 0.065 0.6661721068249258 0.05333333333333334 0.17804154302670624
0 0.8283333333333334 0.7863501483679525 0.058333333333333334 0.1543026706231454
0 0.7716666666666666 0.7893175074183977 0.055 0.142433234421365
0 0.7216666666666667 0.7908011869436202 0.045 0.1513353115727003
0 0.8891666666666667 0.7908011869436202 0.065 0.14540059347181009
0 0.5941666666666666 0.7967359050445104 0.058333333333333334 0.14540059347181009
0 0.6533333333333333 0.7967359050445104 0.06166666666666667 0.14540059347181009
0 0.47333333333333333 0.8041543026706232 0.043333333333333335 0.13649851632047477
0 0.5308333333333334 0.8056379821958457 0.06166666666666667 0.1394658753709199
0 0.4058333333333333 0.8086053412462908 0.065 0.1394658753709199
0 0.2708333333333333 0.8100890207715133 0.06666666666666667 0.1543026706231454
0 0.3375 0.8115727002967359 0.06666666666666667 0.14540059347181009
0 0.19916666666666666 0.8130563798219584 0.07 0.16023738872403562
0 0.1275 0.8160237388724035 0.07 0.1543026706231454
0 0.030833333333333334 0.08605341246290801 0.06166666666666667 0.17210682492581603
0 0.10083333333333333 0.09347181008902077 0.08666666666666667 0.18100890207715134
0 0.17666666666666667 0.09940652818991098 0.075 0.17507418397626112
0 0.325 0.1142433234421365 0.07166666666666667 0.17210682492581603
0 0.25166666666666665 0.11572700296735905 0.07833333333333334 0.17507418397626112
0 0.4 0.12314540059347182 0.07 0.17210682492581603
0 0.8983333333333333 0.13056379821958458 0.06666666666666667 0.18100890207715134
0 0.9666666666666667 0.13501483679525222 0.06333333333333334 0.18100890207715134
0 0.47333333333333333 0.13501483679525222 0.06833333333333333 0.17804154302670624
0 0.5425 0.14391691394658754 0.07 0.1632047477744807
0 0.6083333333333333 0.14688427299703263 0.06166666666666667 0.1632047477744807
0 0.675 0.14985163204747776 0.06333333333333334 0.1661721068249258
0 0.7341666666666666 0.16913946587537093 0.05333333333333334 0.11275964391691394
0 0.7875 0.1795252225519288 0.04833333333333333 0.11869436201780416
0 0.835 0.18100890207715134 0.05333333333333334 0.12462908011869436
0 0.12333333333333334 0.2952522255192878 0.07666666666666666 0.18991097922848665