0 0.53 0.29673590504451036 0.05333333333333334 0.14540059347181009
0 0.5875 0.30712166172106825 0.058333333333333334 0.14836795252225518
0 0.64 0.32047477744807124 0.051666666666666666 0.1394658753709199
0 0.925 0.3249258160237389 0.03666666666666667 0.10979228486646884
0 0.9875 0.327893175074184 0.021666666666666667 0.10979228486646884
0 0.020833333333333332 0.3293768545994065 0.041666666666666664 0.26706231454005935
0 0.6933333333333334 0.3293768545994065 0.051666666666666666 0.13353115727002968
0 0.9616666666666667 0.3323442136498516 0.041666666666666664 0.10089020771513353
0 0.7433333333333333 0.3427299703264095 0.051666666666666666 0.13056379821958458
0 0.7908333333333334 0.35014836795252224 0.043333333333333335 0.1394658753709199
0 0.8391666666666666 0.35756676557863504 0.05 0.142433234421365
0 0.1775 0.39762611275964393 0.08 0.18694362017804153
0 0.05416666666666667 0.39762611275964393 0.045 0.27596439169139464
0 0.2575 0.4065281899109792 0.08 0.17507418397626112
0 0.33666666666666667 0.41543026706231456 0.07166666666666667 0.16913946587537093
0 0.405 0.4198813056379822 0.06666666666666667 0.16023738872403562
0 0.4708333333333333 0.4332344213649852 0.058333333333333334 0.1572700296735905
0 0.5316666666666666 0.4421364985163205 0.06 0.1513353115727003
0 0.9375 0.4421364985163205 0.04 0.12462908011869436
0 0.97 0.443620178041543 0.043333333333333335 0.10089020771513353
0 0.08666666666666667 0.45252225519287836 0.035 0.23738872403560832
0 0.5933333333333334 0.4540059347181009 0.06333333333333334 0.1513353115727003
0 0.6491666666666667 0.46142433234421365 0.04666666666666667 0.142433234421365
0 0.7008333333333333 0.4658753709198813 0.056666666666666664 0.1394658753709199
0 0.7525 0.47477744807121663 0.05333333333333334 0.12759643916913946
0 0.8016666666666666 0.4836795252225519 0.045 0.13353115727002968
0 0.855 0.49258160237388726 0.06166666666666667 0.12759643916913946
0 0.015833333333333335 0.5637982195845698 0.03166666666666667 0.2522255192878338
0 0.0425 0.6468842729970327 0.043333333333333335 0.26409495548961426
0 0.07666666666666666 0.6691394658753709 0.04 0.23738872403560832
0 0.18416666666666667 0.07270029673590504 0.07666666666666666 0.1394658753709199
0 0.2608333333333333 0.07863501483679525 0.07666666666666666 0.14540059347181009
0 0.8058333333333333 0.8308605341246291 0.051666666666666666 0.10682492581602374
0 0.7525 0.841246290801187 0.04833333333333333 0.10979228486646884
0 0.24666666666666667 0.8516320474777448 0.06833333333333333 0.12759643916913946
0 0.17083333333333334 0.8620178041543026 0.08 0.13353115727002968
0 0.3325 0.09347181008902077 0.07 0.1572700296735905
0 0.79 0.9406528189910979 0.04666666666666667 0.10089020771513353
0 0.8408333333333333 0.9436201780415431 0.05 0.10385756676557864
0 0.9 0.9421364985163204 0.06666666666666667 0.10979228486646884
0 0.7375 0.9451038575667656 0.056666666666666664 0.09792284866468842
0 0.675 0.9465875370919882 0.06166666666666667 0.08902077151335312
0 0.5591666666666667 0.9525222551928784 0.03833333333333333 0.08605341246290801
0 0.6141666666666666 0.9540059347181009 0.065 0.0830860534124629
0 0.485 0.9554896142433235 0.06333333333333334 0.0771513353115727
0 0.03166666666666667 0.11127596439169139 0.045 0.22255192878338279
0 0.39916666666666667 0.1142433234421365 0.065 0.14540059347181009
0 0.4658333333333333 0.13798219584569732 0.06166666666666667 0.14540059347181009
0 0.5233333333333333 0.1543026706231454 0.056666666666666664 0.13649851632047477
0 0.5808333333333333 0.1661721068249258 0.058333333333333334 0.13649851632047477
0 0.07 0.17210682492581603 0.03833333333333333 0.21068249258160238
0 0.6341666666666667 0.1824925816023739 0.05 0.1394658753709199
0 0.6841666666666667 0.19732937685459942 0.05333333333333334 0.13353115727002968
0 0.9175 0.20178041543026706 0.03833333333333333 0.13056379821958458
0 0.7341666666666666 0.21216617210682492 0.04666666666666667 0.12759643916913946
0 0.9516666666666667 0.21364985163204747 0.04 0.12462908011869436
0 0.7808333333333334 0.22106824925816024 0.04 0.12166172106824925
0 0.18083333333333335 0.22255192878338279 0.07666666666666666 0.17804154302670624
0 0.9833333333333333 0.22403560830860533 0.03 0.10979228486646884
0 0.25916666666666666 0.23590504451038577 0.07333333333333333 0.17804154302670624
0 0.33416666666666667 0.24925816023738873 0.07 0.1632047477744807
0 0.09166666666666666 0.25370919881305637 0.03166666666666667 0.20178041543026706
0 0.4025 0.26112759643916916 0.065 0.1572700296735905
0 0.4691666666666667 0.28338278931750743 0.06166666666666667 0.14836795252225518