0 0.4124629080118694 0.17916666666666667 0.05341246290801187 0.05333333333333334
0 0.45548961424332346 0.18583333333333332 0.04451038575667656 0.07166666666666667
0 0.30415430267062316 0.19 0.06231454005934718 0.06333333333333334
0 0.16023738872403562 0.1975 0.08011869436201781 0.07666666666666666
0 0.5044510385756676 0.2075 0.04747774480712166 0.06166666666666667
0 0.36053412462908013 0.215 0.06231454005934718 0.06166666666666667
0 0.2314540059347181 0.22583333333333333 0.0771513353115727 0.06833333333333333
0 0.413946587537092 0.23666666666666666 0.05637982195845697 0.056666666666666664
0 0.06973293768545995 0.24333333333333335 0.10089020771513353 0.08833333333333333
0 0.29821958456973297 0.25166666666666665 0.06231454005934718 0.06
0 0.45845697329376855 0.25416666666666665 0.04451038575667656 0.055
0 0.5089020771513353 0.2675 0.04451038575667656 0.051666666666666666
0 0.1632047477744807 0.2708333333333333 0.08902077151335312 0.08166666666666667
0 0.3590504451038576 0.27416666666666667 0.05934718100890208 0.06166666666666667
0 0.23738872403560832 0.2941666666666667 0.07418397626112759 0.07
0 0.42136498516320475 0.2975 0.04451038575667656 0.05333333333333334
0 0.47477744807121663 0.31 0.05637982195845697 0.06666666666666667
0 0.3056379821958457 0.315 0.0712166172106825 0.07
0 0.5237388724035609 0.3275 0.04154302670623145 0.06166666666666667
0 0.37091988130563797 0.33916666666666667 0.05637982195845697 0.06833333333333333
0 0.22997032640949555 0.035833333333333335 0.0712166172106825 0.07
0 0.42729970326409494 0.3566666666666667 0.04747774480712166 0.056666666666666664
0 0.4792284866468843 0.37333333333333335 0.04747774480712166 0.056666666666666664
0 0.5281899109792285 0.38083333333333336 0.04154302670623145 0.055
0 0.4821958456973294 0.42583333333333334 0.05341246290801187 0.05
0 0.5326409495548962 0.43666666666666665 0.04747774480712166 0.04833333333333333
0 0.11572700296735905 0.4558333333333333 0.10089020771513353 0.06666666666666667
0 0.20029673590504452 0.5125 0.06231454005934718 0.09166666666666666
0 0.1201780415430267 0.5166666666666667 0.11572700296735905 0.065
0 0.2952522255192878 0.525 0.08605341246290801 0.09333333333333334
0 0.3991097922848665 0.5475 0.10089020771513353 0.085
0 0.47477744807121663 0.5508333333333333 0.050445103857566766 0.07166666666666667
0 0.5311572700296736 0.5566666666666666 0.06231454005934718 0.06666666666666667
0 0.5786350148367952 0.5625 0.03857566765578635 0.06166666666666667
0 0.6172106824925816 0.5708333333333333 0.032640949554896145 0.051666666666666666
0 0.6543026706231454 0.58 0.04154302670623145 0.06333333333333334
0 0.1172106824925816 0.5825 0.10979228486646884 0.06833333333333333
0 0.1572700296735905 0.058333333333333334 0.08605341246290801 0.075
0 0.6958456973293768 0.585 0.04154302670623145 0.06
0 0.7359050445103857 0.5958333333333333 0.05341246290801187 0.06333333333333334
0 0.20474777448071216 0.6083333333333333 0.0712166172106825 0.1
0 0.29673590504451036 0.6116666666666667 0.09495548961424333 0.08666666666666667
0 0.2952522255192878 0.06166666666666667 0.06528189910979229 0.06166666666666667
0 0.486646884272997 0.6275 0.06231454005934718 0.07833333333333334
0 0.4065281899109792 0.6283333333333333 0.10385756676557864 0.075
0 0.5415430267062314 0.63 0.05341246290801187 0.08166666666666667
0 0.6246290801186943 0.6325 0.04154302670623145 0.07666666666666666
0 0.5890207715133531 0.6333333333333333 0.04154302670623145 0.07833333333333334
0 0.6617210682492581 0.6425 0.03857566765578635 0.07333333333333333
0 0.7002967359050445 0.6458333333333334 0.050445103857566766 0.06666666666666667
0 0.7492581602373887 0.655 0.04154302670623145 0.058333333333333334
0 0.30118694362017806 0.7033333333333334 0.09198813056379822 0.095
0 0.20771513353115728 0.705 0.0712166172106825 0.095
0 0.4065281899109792 0.7058333333333333 0.10385756676557864 0.08
0 0.4910979228486647 0.7066666666666667 0.0712166172106825 0.075
0 0.5875370919881305 0.7083333333333334 0.050445103857566766 0.07166666666666667
0 0.6305637982195845 0.7083333333333334 0.04154302670623145 0.075
0 0.5459940652818991 0.7091666666666666 0.050445103857566766 0.07666666666666666
0 0.6661721068249258 0.7091666666666666 0.04154302670623145 0.07
0 0.7062314540059347 0.7108333333333333 0.050445103857566766 0.07
0 0.7492581602373887 0.7166666666666667 0.04451038575667656 0.06333333333333334
0 0.2878338278931751 0.825 0.09792284866468842 0.08166666666666667
0 0.6943620178041543 0.8358333333333333 0.09198813056379822 0.07833333333333334
0 0.5652818991097923 0.86 0.06824925816023739 0.07166666666666667
0 0.5029673590504451 0.8641666666666666 0.07418397626112759 0.065
0 0.10385756676557864 0.8725 0.17507418397626112 0.145
0 0.456973293768546 0.8866666666666667 0.0830860534124629 0.09
0 0.3857566765578635 0.8975 0.09495548961424333 0.09166666666666666
0 0.07270029673590504 0.09 0.10089020771513353 0.08333333333333333
0 0.2997032640949555 0.9075 0.10979228486646884 0.09166666666666666
0 0.6780415430267063 0.9158333333333334 0.06231454005934718 0.07833333333333334
0 0.3516320474777448 0.09333333333333334 0.05934718100890208 0.058333333333333334
0 0.22997032640949555 0.095 0.07418397626112759 0.07
0 0.6305637982195845 0.9341666666666667 0.0712166172106825 0.09333333333333334
0 0.5845697329376854 0.9391666666666667 0.07418397626112759 0.09166666666666666
0 0.526706231454006 0.9491666666666667 0.08902077151335312 0.08666666666666667
0 0.4094955489614243 0.12416666666666666 0.05934718100890208 0.06
0 0.29673590504451036 0.12583333333333332 0.05934718100890208 0.06333333333333334
0 0.15578635014836795 0.1275 0.09198813056379822 0.07333333333333333
0 0.3545994065281899 0.15416666666666667 0.06231454005934718 0.06333333333333334
0 0.23293768545994065 0.16083333333333333 0.07418397626112759 0.075
0 0.07270029673590504 0.16416666666666666 0.10089020771513353 0.08333333333333333