0 0.43 0.43471810089020774 0.09166666666666666 0.2403560830860534
0 0.27 0.3560830860534125 0.11666666666666667 0.29376854599406527
0 0.44083333333333335 0.19732937685459942 0.09166666666666666 0.24925816023738873
0 0.27416666666666667 0.10385756676557864 0.09166666666666666 0.19287833827893175
0 0.3641666666666667 0.09347181008902077 0.06166666666666667 0.18694362017804153
0 0.3591666666666667 0.32344213649851633 0.06666666666666667 0.26409495548961426
0 0.5208333333333334 0.37833827893175076 0.07833333333333334 0.27002967359050445
0 0.5291666666666667 0.12314540059347182 0.08 0.23738872403560832
0 0.44583333333333336 0.03560830860534125 0.07666666666666666 0.06231454005934718
0 0.5875 0.37833827893175076 0.051666666666666666 0.21364985163204747
0 0.6533333333333333 0.10385756676557864 0.07666666666666666 0.20178041543026706
0 0.6458333333333334 0.327893175074184 0.08 0.24629080118694363
0 0.7208333333333333 0.10385756676557864 0.04833333333333333 0.19287833827893175
0 0.7116666666666667 0.314540059347181 0.03833333333333333 0.21364985163204747
0 0.745 0.327893175074184 0.03166666666666667 0.13353115727002968
0 0.7608333333333334 0.14985163204747776 0.04 0.18991097922848665
0 0.33416666666666667 0.9035608308605341 0.10333333333333333 0.18694362017804153
0 0.24333333333333335 0.8590504451038575 0.07166666666666667 0.27002967359050445
0 0.2625 0.6810089020771514 0.08 0.11572700296735905
0 0.4058333333333333 0.7032640949554896 0.07166666666666667 0.08011869436201781
0 0.49166666666666664 0.6572700296735905 0.07666666666666666 0.10979228486646884
0 0.5675 0.6083086053412463 0.05333333333333334 0.08011869436201781
0 0.4141666666666667 0.8635014836795252 0.06666666666666667 0.2403560830860534
0 0.48833333333333334 0.8219584569732937 0.06833333333333333 0.2195845697329377
0 0.5633333333333334 0.7522255192878339 0.05333333333333334 0.20178041543026706
0 0.6225 0.6973293768545994 0.04666666666666667 0.17210682492581603
0 0.6325 0.5534124629080118 0.05333333333333334 0.09495548961424333
0 0.6741666666666667 0.6795252225519288 0.04666666666666667 0.1394658753709199
0 0.6875 0.5459940652818991 0.045 0.12462908011869436