0 0.46166666666666667 0.3086053412462908 0.03333333333333333 0.11572700296735905
0 0.195 0.31305637982195844 0.09666666666666666 0.1661721068249258
0 0.49666666666666665 0.3219584569732938 0.03166666666666667 0.12462908011869436
0 0.3408333333333333 0.3293768545994065 0.045 0.14836795252225518
0 0.2625 0.3516320474777448 0.03666666666666667 0.11572700296735905
0 0.5266666666666666 0.3516320474777448 0.03333333333333333 0.12462908011869436
0 0.38916666666666666 0.3649851632047478 0.045 0.14540059347181009
0 0.555 0.3694362017804154 0.028333333333333332 0.10979228486646884
0 0.585 0.39465875370919884 0.025 0.10089020771513353
0 0.43166666666666664 0.4020771513353116 0.04 0.1513353115727003
0 0.30916666666666665 0.4050445103857567 0.05 0.0830860534124629
0 0.25166666666666665 0.04302670623145401 0.03166666666666667 0.08605341246290801
0 0.47 0.43471810089020774 0.04 0.12759643916913946
0 0.6108333333333333 0.4406528189910979 0.02666666666666667 0.10385756676557864
0 0.5066666666666667 0.45103857566765576 0.035 0.13056379821958458
0 0.6375 0.45252225519287836 0.028333333333333332 0.10682492581602374
0 0.6608333333333334 0.4658753709198813 0.023333333333333334 0.09792284866468842
0 0.07 0.47181008902077154 0.135 0.2789317507418398
0 0.5425 0.4762611275964392 0.03833333333333333 0.12462908011869436
0 0.5708333333333333 0.48813056379821956 0.03833333333333333 0.12462908011869436
0 0.5983333333333334 0.5133531157270029 0.03 0.12166172106824925
0 0.47833333333333333 0.5356083086053413 0.03333333333333333 0.050445103857566766
0 0.6233333333333333 0.5504451038575667 0.03 0.09198813056379822
0 0.515 0.5534124629080118 0.035 0.05341246290801187
0 0.6516666666666666 0.5593471810089021 0.023333333333333334 0.09792284866468842
0 0.6758333333333333 0.5741839762611276 0.028333333333333332 0.09495548961424333
0 0.5491666666666667 0.5771513353115727 0.03166666666666667 0.06528189910979229
0 0.5808333333333333 0.5949554896142433 0.03 0.06824925816023739
0 0.61 0.6112759643916914 0.02666666666666667 0.06528189910979229
0 0.6366666666666667 0.629080118694362 0.02 0.06528189910979229
0 0.6616666666666666 0.6394658753709199 0.018333333333333333 0.06528189910979229
0 0.69 0.6543026706231454 0.028333333333333332 0.06231454005934718
0 0.08083333333333333 0.0771513353115727 0.10666666666666667 0.1543026706231454
0 0.06416666666666666 0.7566765578635015 0.12166666666666667 0.32344213649851633
0 0.20833333333333334 0.7908011869436202 0.12333333333333334 0.27002967359050445
0 0.30583333333333335 0.8026706231454006 0.09333333333333334 0.26409495548961426
0 0.37666666666666665 0.8204747774480712 0.065 0.2195845697329377
0 0.43583333333333335 0.8427299703264095 0.065 0.19584569732937684
0 0.4825 0.8516320474777448 0.045 0.18397626112759644
0 0.5283333333333333 0.8605341246290801 0.041666666666666664 0.17507418397626112
0 0.6066666666666667 0.8694362017804155 0.06166666666666667 0.16023738872403562
0 0.5683333333333334 0.870919881305638 0.05 0.16023738872403562
0 0.6466666666666666 0.8738872403560831 0.04833333333333333 0.16023738872403562
0 0.6725 0.8783382789317508 0.04666666666666667 0.1572700296735905
0 0.7041666666666667 0.8902077151335311 0.03666666666666667 0.142433234421365
0 0.73 0.8931750741839762 0.03 0.12462908011869436
0 0.7533333333333333 0.8991097922848664 0.03333333333333333 0.1394658753709199
0 0.7766666666666666 0.900593471810089 0.028333333333333332 0.13056379821958458
0 0.18916666666666668 0.12166172106824925 0.09666666666666666 0.19584569732937684
0 0.2866666666666667 0.12462908011869436 0.03166666666666667 0.19584569732937684
0 0.3325 0.17507418397626112 0.04833333333333333 0.1543026706231454
0 0.25583333333333336 0.18397626112759644 0.03 0.1543026706231454
0 0.3825 0.20771513353115728 0.04666666666666667 0.14836795252225518
0 0.075 0.2166172106824926 0.115 0.18100890207715134
0 0.4225 0.25370919881305637 0.041666666666666664 0.1394658753709199
0 0.29583333333333334 0.2922848664688427 0.04 0.12759643916913946