0 0.8425 0.17210682492581603 0.09 0.22255192878338279
0 0.7441666666666666 0.16765578635014836 0.095 0.23738872403560832
0 0.8325 0.40801186943620177 0.09 0.23738872403560832
0 0.7358333333333333 0.41097922848664686 0.09833333333333333 0.2433234421364985
0 0.8241666666666667 0.857566765578635 0.09833333333333333 0.24925816023738873
0 0.7266666666666667 0.8679525222551929 0.08833333333333333 0.22551928783382788
0 0.635 0.1543026706231454 0.07666666666666666 0.2166172106824926
0 0.33916666666666667 0.16023738872403562 0.085 0.2166172106824926
0 0.6366666666666667 0.4050445103857567 0.08833333333333333 0.2551928783382789
0 0.5425 0.17655786350148367 0.085 0.21364985163204747
0 0.44583333333333336 0.16765578635014836 0.095 0.2166172106824926
0 0.5391666666666667 0.4050445103857567 0.1 0.228486646884273
0 0.44083333333333335 0.4035608308605341 0.09 0.24629080118694363
0 0.23416666666666666 0.14391691394658754 0.10333333333333333 0.23738872403560832
0 0.2375 0.40059347181008903 0.10666666666666667 0.26112759643916916
0 0.345 0.3961424332344214 0.1 0.26706231454005935
0 0.5466666666666666 0.6735905044510386 0.085 0.14540059347181009
0 0.45166666666666666 0.6780415430267063 0.08833333333333333 0.16023738872403562
0 0.25916666666666666 0.6839762611275965 0.085 0.1632047477744807
0 0.3566666666666667 0.6765578635014837 0.07666666666666666 0.1572700296735905
0 0.6458333333333334 0.6661721068249258 0.07333333333333333 0.13353115727002968
0 0.7316666666666667 0.6735905044510386 0.07833333333333334 0.1543026706231454
0 0.25833333333333336 0.8857566765578635 0.105 0.21068249258160238
0 0.36 0.8738872403560831 0.08833333333333333 0.2166172106824926
0 0.4558333333333333 0.8768545994065282 0.085 0.21068249258160238
0 0.5466666666666666 0.8649851632047477 0.085 0.2195845697329377
0 0.635 0.8545994065281899 0.08166666666666667 0.22255192878338279