0 0.15281899109792285 0.0375 0.13649851632047477 0.07333333333333333
0 0.14985163204747776 0.13583333333333333 0.14540059347181009 0.12
0 0.142433234421365 0.245 0.14540059347181009 0.09833333333333333
0 0.24480712166172106 0.07666666666666666 0.04154302670623145 0.10666666666666667
0 0.24480712166172106 0.18416666666666667 0.04451038575667656 0.105
0 0.2433234421364985 0.2758333333333333 0.04747774480712166 0.075
0 0.14836795252225518 0.5175 0.1661721068249258 0.14333333333333334
0 0.28338278931750743 0.5233333333333333 0.10089020771513353 0.13
0 0.1572700296735905 0.8558333333333333 0.10979228486646884 0.16166666666666665
0 0.17804154302670624 0.6941666666666667 0.10979228486646884 0.15833333333333333
0 0.5296735905044511 0.6891666666666667 0.0712166172106825 0.11
0 0.29080118694362017 0.1175 0.04451038575667656 0.10333333333333333
0 0.29080118694362017 0.21833333333333332 0.04154302670623145 0.10166666666666667
0 0.28635014836795253 0.295 0.04154302670623145 0.051666666666666666
0 0.3427299703264095 0.15083333333333335 0.050445103857566766 0.095
0 0.3456973293768546 0.2475 0.06824925816023739 0.09666666666666666
0 0.3456973293768546 0.3225 0.05934718100890208 0.04666666666666667
0 0.4035608308605341 0.18333333333333332 0.06824925816023739 0.09166666666666666
0 0.4094955489614243 0.275 0.05934718100890208 0.09
0 0.40801186943620177 0.3408333333333333 0.05341246290801187 0.041666666666666664
0 0.4658753709198813 0.21 0.050445103857566766 0.07666666666666666
0 0.4658753709198813 0.29333333333333333 0.050445103857566766 0.08333333333333333
0 0.46439169139465875 0.355 0.050445103857566766 0.03833333333333333
0 0.516320474777448 0.23416666666666666 0.050445103857566766 0.08
0 0.5148367952522255 0.30916666666666665 0.04451038575667656 0.06666666666666667
0 0.5133531157270029 0.3675 0.050445103857566766 0.04833333333333333
0 0.5845697329376854 0.7966666666666666 0.050445103857566766 0.08833333333333333
0 0.56973293768546 0.2475 0.04451038575667656 0.08333333333333333
0 0.6097922848664689 0.2633333333333333 0.03857566765578635 0.07333333333333333
0 0.6572700296735905 0.2816666666666667 0.04451038575667656 0.07
0 0.6913946587537092 0.29583333333333334 0.032640949554896145 0.07333333333333333
0 0.5667655786350149 0.3233333333333333 0.050445103857566766 0.07833333333333334
0 0.6142433234421365 0.3408333333333333 0.04747774480712166 0.08
0 0.6543026706231454 0.3516666666666667 0.04154302670623145 0.07166666666666667
0 0.6928783382789317 0.36583333333333334 0.03857566765578635 0.07
0 0.5652818991097923 0.385 0.05341246290801187 0.043333333333333335
0 0.612759643916914 0.3975 0.04451038575667656 0.041666666666666664
0 0.655786350148368 0.4083333333333333 0.04154302670623145 0.03666666666666667
0 0.6928783382789317 0.42 0.03560830860534125 0.03833333333333333
0 0.7373887240356083 0.7691666666666667 0.0712166172106825 0.08166666666666667
0 0.7240356083086054 0.315 0.02373887240356083 0.06333333333333334
0 0.7596439169139466 0.3283333333333333 0.04154302670623145 0.058333333333333334
0 0.7952522255192879 0.34 0.026706231454005934 0.055
0 0.7270029673590505 0.37833333333333335 0.032640949554896145 0.06333333333333334
0 0.7611275964391692 0.38666666666666666 0.03560830860534125 0.06
0 0.7314540059347181 0.43083333333333335 0.03560830860534125 0.04
0 0.7626112759643917 0.43833333333333335 0.032640949554896145 0.03833333333333333
0 0.7937685459940653 0.3933333333333333 0.032640949554896145 0.051666666666666666
0 0.7997032640949555 0.44166666666666665 0.032640949554896145 0.04666666666666667
0 0.03115727002967359 0.495 0.05637982195845697 0.17166666666666666
0 0.37833827893175076 0.5358333333333334 0.0830860534124629 0.12
0 0.45548961424332346 0.5441666666666667 0.0712166172106825 0.11166666666666666
0 0.516320474777448 0.5491666666666667 0.04451038575667656 0.095
0 0.5667655786350149 0.555 0.05341246290801187 0.09333333333333334
0 0.6201780415430267 0.5591666666666667 0.05341246290801187 0.085
0 0.6780415430267063 0.5608333333333333 0.05934718100890208 0.07833333333333334
0 0.728486646884273 0.5683333333333334 0.04451038575667656 0.08
0 0.7670623145400594 0.5691666666666667 0.03560830860534125 0.07166666666666667
0 0.8071216617210683 0.5708333333333333 0.04154302670623145 0.07166666666666667
0 0.8427299703264095 0.5766666666666667 0.02967359050445104 0.06333333333333334
0 0.4465875370919881 0.6933333333333334 0.07418397626112759 0.11166666666666666
0 0.443620178041543 0.8108333333333333 0.07418397626112759 0.12166666666666667
0 0.5207715133531158 0.8016666666666666 0.0712166172106825 0.115
0 0.8768545994065282 0.5758333333333333 0.032640949554896145 0.065
0 0.9065281899109793 0.5775 0.026706231454005934 0.058333333333333334
0 0.27596439169139464 0.6983333333333334 0.08605341246290801 0.13166666666666665
0 0.3664688427299703 0.6966666666666667 0.0830860534124629 0.11666666666666667
0 0.2685459940652819 0.8383333333333334 0.09198813056379822 0.145
0 0.3590504451038576 0.8216666666666667 0.08902077151335312 0.12833333333333333
0 0.06083086053412463 0.6966666666666667 0.11572700296735905 0.16333333333333333
0 0.04896142433234421 0.8741666666666666 0.09198813056379822 0.185
0 0.7937685459940653 0.7591666666666667 0.04154302670623145 0.08333333333333333
0 0.8724035608308606 0.8541666666666666 0.02967359050445104 0.06666666666666667
0 0.8768545994065282 0.92 0.026706231454005934 0.06333333333333334
0 0.7359050445103857 0.6816666666666666 0.0830860534124629 0.09
0 0.798219584569733 0.6783333333333333 0.03560830860534125 0.08
0 0.8308605341246291 0.6758333333333333 0.02967359050445104 0.07666666666666666
0 0.8293768545994066 0.7533333333333333 0.026706231454005934 0.06833333333333333
0 0.6706231454005934 0.9625 0.0712166172106825 0.06833333333333333
0 0.7359050445103857 0.9566666666666667 0.05934718100890208 0.07666666666666666
0 0.7818991097922848 0.935 0.06528189910979229 0.08
0 0.9035608308605341 0.8916666666666667 0.03560830860534125 0.07666666666666666