0 0.8325 0.3516320474777448 0.05 0.11275964391691394
0 0.8825 0.35311572700296734 0.045 0.12759643916913946
0 0.9283333333333333 0.3560830860534125 0.045 0.11869436201780416
0 0.7866666666666666 0.3560830860534125 0.04666666666666667 0.11275964391691394
0 0.4775 0.3590504451038576 0.04 0.10979228486646884
0 0.6525 0.3590504451038576 0.041666666666666664 0.10979228486646884
0 0.5216666666666666 0.3620178041543027 0.04666666666666667 0.11869436201780416
0 0.7425 0.3620178041543027 0.04 0.11869436201780416
0 0.605 0.3620178041543027 0.045 0.12166172106824925
0 0.6975 0.36350148367952523 0.04833333333333333 0.10979228486646884
0 0.565 0.36350148367952523 0.041666666666666664 0.11572700296735905
0 0.20416666666666666 0.37537091988130566 0.03 0.10979228486646884
0 0.23416666666666666 0.37537091988130566 0.04 0.10385756676557864
0 0.31583333333333335 0.37537091988130566 0.03333333333333333 0.11869436201780416
0 0.27416666666666667 0.3768545994065282 0.03833333333333333 0.11572700296735905
0 0.35583333333333333 0.3768545994065282 0.03833333333333333 0.11572700296735905
0 0.39916666666666667 0.3768545994065282 0.03833333333333333 0.10682492581602374
0 0.7883333333333333 0.4688427299703264 0.04666666666666667 0.12166172106824925
0 0.8375 0.47181008902077154 0.043333333333333335 0.13056379821958458
0 0.4775 0.4732937685459941 0.04833333333333333 0.10385756676557864
0 0.9341666666666667 0.4732937685459941 0.04833333333333333 0.12166172106824925
0 0.8841666666666667 0.47477744807121663 0.04833333333333333 0.11275964391691394
0 0.4175 0.47477744807121663 0.04666666666666667 0.12166172106824925
0 0.5233333333333333 0.47477744807121663 0.045 0.11869436201780416
0 0.6975 0.47477744807121663 0.041666666666666664 0.11275964391691394
0 0.6075 0.4762611275964392 0.043333333333333335 0.11275964391691394
0 0.1875 0.4762611275964392 0.043333333333333335 0.10979228486646884
0 0.5641666666666667 0.47774480712166173 0.04666666666666667 0.10682492581602374
0 0.23333333333333334 0.4792284866468843 0.043333333333333335 0.10385756676557864
0 0.6525 0.4807121661721068 0.043333333333333335 0.11275964391691394
0 0.7433333333333333 0.4821958456973294 0.043333333333333335 0.12462908011869436
0 0.31416666666666665 0.4821958456973294 0.041666666666666664 0.09792284866468842
0 0.2758333333333333 0.4836795252225519 0.03833333333333333 0.08902077151335312
0 0.3566666666666667 0.48516320474777447 0.041666666666666664 0.09198813056379822
0 0.7266666666666667 0.5919881305637982 0.03666666666666667 0.08902077151335312
0 0.915 0.5934718100890207 0.04 0.09495548961424333
0 0.8358333333333333 0.5934718100890207 0.04 0.08902077151335312
0 0.8766666666666667 0.5949554896142433 0.03666666666666667 0.09198813056379822
0 0.5108333333333334 0.6216617210682492 0.045 0.11869436201780416
0 0.21416666666666667 0.6246290801186943 0.035 0.12166172106824925
0 0.25083333333333335 0.6246290801186943 0.03833333333333333 0.12166172106824925
0 0.1725 0.6261127596439169 0.04 0.11572700296735905
0 0.37916666666666665 0.6261127596439169 0.04666666666666667 0.10385756676557864
0 0.46416666666666667 0.6261127596439169 0.04 0.10979228486646884
0 0.295 0.629080118694362 0.041666666666666664 0.11572700296735905
0 0.3375 0.6320474777448071 0.04 0.11275964391691394
0 0.6375 0.6661721068249258 0.045 0.13056379821958458
0 0.6858333333333333 0.6691394658753709 0.04666666666666667 0.13649851632047477
0 0.7641666666666667 0.6824925816023739 0.03833333333333333 0.10385756676557864
0 0.8016666666666666 0.6839762611275965 0.03666666666666667 0.10089020771513353
0 0.8783333333333333 0.685459940652819 0.03666666666666667 0.09495548961424333
0 0.7291666666666666 0.685459940652819 0.035 0.10385756676557864
0 0.9183333333333333 0.6884272997032641 0.03833333333333333 0.09198813056379822
0 0.8391666666666666 0.6899109792284867 0.04 0.09198813056379822
0 0.21916666666666668 0.7462908011869436 0.03 0.08902077151335312
0 0.18166666666666667 0.7492581602373887 0.035 0.08605341246290801
0 0.25333333333333335 0.7492581602373887 0.028333333333333332 0.0830860534124629
0 0.2866666666666667 0.7492581602373887 0.03 0.08902077151335312
0 0.6525 0.7833827893175074 0.03666666666666667 0.08011869436201781
0 0.6958333333333333 0.787833827893175 0.03833333333333333 0.08011869436201781
0 0.7825 0.7908011869436202 0.045 0.08605341246290801
0 0.9 0.7908011869436202 0.041666666666666664 0.0830860534124629
0 0.8633333333333333 0.7922848664688428 0.04 0.0830860534124629
0 0.8225 0.7937685459940653 0.041666666666666664 0.08902077151335312
0 0.325 0.8130563798219584 0.03833333333333333 0.11572700296735905
0 0.36916666666666664 0.814540059347181 0.043333333333333335 0.13353115727002968
0 0.4175 0.8204747774480712 0.045 0.11275964391691394
0 0.4716666666666667 0.8204747774480712 0.043333333333333335 0.10682492581602374
0 0.5158333333333334 0.8204747774480712 0.041666666666666664 0.10682492581602374
0 0.5633333333333334 0.8234421364985163 0.043333333333333335 0.10979228486646884
0 0.18 0.8293768545994066 0.03333333333333333 0.08605341246290801
0 0.6108333333333333 0.8323442136498517 0.04 0.11869436201780416
0 0.21833333333333332 0.8323442136498517 0.03333333333333333 0.0830860534124629
0 0.2525 0.8367952522255193 0.03333333333333333 0.08605341246290801
0 0.285 0.8382789317507419 0.03333333333333333 0.0771513353115727
0 0.6516666666666666 0.8590504451038575 0.035 0.0771513353115727
0 0.695 0.8620178041543026 0.035 0.0830860534124629
0 0.7341666666666666 0.8635014836795252 0.035 0.08902077151335312
0 0.8616666666666667 0.8664688427299704 0.03666666666666667 0.0771513353115727
0 0.9 0.8664688427299704 0.04 0.08011869436201781
0 0.9383333333333334 0.8679525222551929 0.04 0.08902077151335312
0 0.7825 0.870919881305638 0.041666666666666664 0.0771513353115727
0 0.8225 0.8724035608308606 0.041666666666666664 0.0712166172106825
0 0.36916666666666664 0.9480712166172107 0.041666666666666664 0.09792284866468842
0 0.4475 0.9495548961424333 0.041666666666666664 0.09495548961424333
0 0.4058333333333333 0.9510385756676558 0.041666666666666664 0.09198813056379822
0 0.1675 0.956973293768546 0.03166666666666667 0.0830860534124629
0 0.20083333333333334 0.9554896142433235 0.03166666666666667 0.0830860534124629
0 0.23166666666666666 0.9554896142433235 0.03666666666666667 0.0830860534124629
0 0.2675 0.9554896142433235 0.03833333333333333 0.0830860534124629
0 0.30333333333333334 0.9554896142433235 0.03333333333333333 0.0830860534124629