0 0.32916666666666666 0.3622222222222222 0.03333333333333333 0.05555555555555555
0 0.3616666666666667 0.3688888888888889 0.03166666666666667 0.05555555555555555
0 0.3908333333333333 0.39666666666666667 0.023333333333333334 0.06222222222222222
0 0.2891666666666667 0.4033333333333333 0.03166666666666667 0.08222222222222222
0 0.9873833333333333 0.4074666666666667 0.02521666666666685 0.045511111111111155
0 0.9616833333333333 0.4172222222222222 0.027433333333333393 0.03902222222222223
0 0.4191666666666667 0.41888888888888887 0.02666666666666667 0.06222222222222222
0 0.9368833333333333 0.42588888888888893 0.026616666666666712 0.04117777777777784
0 0.9117 0.4345555555555556 0.021749999999999926 0.03902222222222223
0 0.4475 0.43666666666666665 0.02666666666666667 0.057777777777777775
0 0.88855 0.4459333333333333 0.024199999999999968 0.03793333333333332
0 0.475 0.4533333333333333 0.023333333333333334 0.05333333333333334
0 0.8666 0.4556888888888889 0.024216666666666622 0.0357555555555555
0 0.3908333333333333 0.4577777777777778 0.03 0.06
0 0.9908333333333333 0.46111111111111114 0.015 0.05555555555555555
0 0.9725 0.4666666666666667 0.028333333333333332 0.04666666666666667
0 0.5016666666666667 0.4677777777777778 0.025 0.05555555555555555
0 0.8454666666666666 0.4686888888888889 0.02096666666666664 0.03142222222222219
0 0.4191666666666667 0.4766666666666667 0.023333333333333334 0.051111111111111114
0 0.8284166666666667 0.4768222222222222 0.01773333333333331 0.03033333333333328
0 0.9433333333333334 0.47888888888888886 0.028333333333333332 0.044444444444444446
0 0.9158333333333334 0.48333333333333334 0.028333333333333332 0.044444444444444446
0 0.8958333333333334 0.4988888888888889 0.028333333333333332 0.04
0 0.4775 0.5077777777777778 0.021666666666666667 0.05333333333333334
0 0.875 0.5077777777777778 0.02666666666666667 0.035555555555555556
0 0.9791666666666666 0.51 0.028333333333333332 0.044444444444444446
0 0.5 0.5144444444444445 0.021666666666666667 0.03777777777777778
0 0.8533333333333334 0.5177777777777778 0.025 0.04666666666666667
0 0.95 0.52 0.028333333333333332 0.042222222222222223
0 0.8316666666666667 0.5233333333333333 0.028333333333333332 0.044444444444444446
0 0.38083333333333336 0.5311111111111111 0.03666666666666667 0.07333333333333333
0 0.9258333333333333 0.5322222222222223 0.02666666666666667 0.04666666666666667
0 0.9016666666666666 0.5411111111111111 0.02666666666666667 0.044444444444444446
0 0.5366666666666666 0.5455555555555556 0.04 0.06
0 0.8791666666666667 0.5477777777777778 0.025 0.04
0 0.5691666666666667 0.5511111111111111 0.03166666666666667 0.06222222222222222
0 0.45 0.5544444444444444 0.03333333333333333 0.06444444444444444
0 0.8583333333333333 0.5555555555555556 0.023333333333333334 0.03111111111111111
0 0.9858333333333333 0.5611111111111111 0.025 0.042222222222222223
0 0.8341666666666666 0.5622222222222222 0.025 0.035555555555555556
0 0.5958333333333333 0.5666666666666667 0.03166666666666667 0.06
0 0.48083333333333333 0.5677777777777778 0.03833333333333333 0.06666666666666667
0 0.645 0.5677777777777778 0.03666666666666667 0.05555555555555555
0 0.9616666666666667 0.5755555555555556 0.028333333333333332 0.044444444444444446
0 0.935 0.5844444444444444 0.02666666666666667 0.04666666666666667
0 0.9108333333333334 0.59 0.025 0.04666666666666667
0 0.37416666666666665 0.5966666666666667 0.03833333333333333 0.07555555555555556
0 0.8858333333333334 0.5977777777777777 0.021666666666666667 0.044444444444444446
0 0.5358333333333334 0.6011111111111112 0.04666666666666667 0.057777777777777775
0 0.41083333333333333 0.6044444444444445 0.04 0.08222222222222222
0 0.8658333333333333 0.6066666666666667 0.023333333333333334 0.044444444444444446
0 0.8416666666666667 0.61 0.023333333333333334 0.03777777777777778
0 0.7441666666666666 0.6111111111111112 0.03166666666666667 0.04
0 0.57 0.6122222222222222 0.03666666666666667 0.06444444444444444
0 0.99 0.6144444444444445 0.016666666666666666 0.05555555555555555
0 0.44583333333333336 0.6155555555555555 0.035 0.06666666666666667
0 0.9666666666666667 0.62 0.03 0.042222222222222223
0 0.6008333333333333 0.6244444444444445 0.03 0.05555555555555555
0 0.9416666666666667 0.6288888888888889 0.025 0.042222222222222223
0 0.4816666666666667 0.63 0.041666666666666664 0.06888888888888889
0 0.6466666666666666 0.6322222222222222 0.03333333333333333 0.06666666666666667
0 0.8258333333333333 0.6388888888888888 0.028333333333333332 0.04666666666666667
0 0.9183333333333333 0.6388888888888888 0.028333333333333332 0.04
0 0.6741666666666667 0.64 0.023333333333333334 0.06
0 0.8691666666666666 0.6422222222222222 0.021666666666666667 0.035555555555555556
0 0.8925 0.6422222222222222 0.025 0.04
0 0.5116666666666667 0.6466666666666666 0.04 0.06222222222222222
0 0.8475 0.6477777777777778 0.02 0.04666666666666667
0 0.7375 0.65 0.018333333333333333 0.04666666666666667
0 0.7741666666666667 0.6588888888888889 0.025 0.051111111111111114
0 0.5408333333333334 0.6611111111111111 0.035 0.06666666666666667
0 0.755 0.6611111111111111 0.015 0.05333333333333334
0 0.7958333333333333 0.6611111111111111 0.02 0.051111111111111114
0 0.36666666666666664 0.6633333333333333 0.041666666666666664 0.08
0 0.7108333333333333 0.6677777777777778 0.03666666666666667 0.05555555555555555
0 0.8116666666666666 0.6711111111111111 0.018333333333333333 0.04888888888888889
0 0.405 0.6733333333333333 0.03833333333333333 0.07555555555555556
0 0.925 0.6733333333333333 0.028333333333333332 0.02666666666666667
0 0.9825 0.6744444444444444 0.03166666666666667 0.06888888888888889
0 0.9508333333333333 0.6766666666666666 0.03166666666666667 0.06222222222222222
0 0.5716666666666667 0.6788888888888889 0.04 0.06888888888888889
0 0.6016666666666667 0.6822222222222222 0.028333333333333332 0.06444444444444444
0 0.4425 0.6855555555555556 0.035 0.08
0 0.8333333333333334 0.6866666666666666 0.023333333333333334 0.05333333333333334
0 0.9 0.6866666666666666 0.03 0.044444444444444446
0 0.875 0.6888888888888889 0.03 0.042222222222222223
0 0.7391666666666666 0.6922222222222222 0.016666666666666666 0.028888888888888888
0 0.8541666666666666 0.6955555555555556 0.018333333333333333 0.044444444444444446
0 0.645 0.6966666666666667 0.03333333333333333 0.06222222222222222
0 0.4766666666666667 0.6988888888888889 0.043333333333333335 0.08222222222222222
0 0.6758333333333333 0.7022222222222222 0.025 0.06666666666666667
0 0.51 0.7111111111111111 0.035 0.07777777777777778
0 0.7808333333333334 0.7111111111111111 0.03 0.044444444444444446
0 0.7583333333333333 0.7144444444444444 0.016666666666666666 0.05555555555555555
0 0.8025 0.7144444444444444 0.016666666666666666 0.04888888888888889
0 0.8191666666666667 0.7222222222222222 0.02 0.05333333333333334
0 0.9866666666666667 0.7277777777777777 0.023333333333333334 0.06444444444444444
0 0.7116666666666667 0.7277777777777777 0.03333333333333333 0.057777777777777775
0 0.54 0.7288888888888889 0.035 0.06666666666666667
0 0.7383333333333333 0.7344444444444445 0.025 0.05333333333333334
0 0.9633333333333334 0.7355555555555555 0.043333333333333335 0.06
0 0.5733333333333334 0.7388888888888889 0.035 0.06888888888888889
0 0.84 0.7388888888888889 0.021666666666666667 0.04888888888888889
0 0.8591666666666666 0.7433333333333333 0.016666666666666666 0.04666666666666667
0 0.5991666666666666 0.7466666666666667 0.03333333333333333 0.057777777777777775
0 0.8475833333333332 0.7598222222222223 0.02166666666666657 0.06222222222222222
0 0.7841666666666667 0.7644444444444445 0.03166666666666667 0.06222222222222222
0 0.6458333333333334 0.7666666666666667 0.03833333333333333 0.07777777777777778
0 0.6758333333333333 0.77 0.025 0.07333333333333333
0 0.8083333333333333 0.77 0.016666666666666666 0.04888888888888889
0 0.825 0.7766666666666666 0.016666666666666666 0.05333333333333334
0 0.7016666666666667 0.7855555555555556 0.02 0.06666666666666667
0 0.845 0.79 0.021666666666666667 0.051111111111111114
0 0.8666666666666667 0.79 0.015 0.05333333333333334
0 0.9725 0.7911111111111111 0.045 0.06444444444444444
0 0.7266666666666667 0.7922222222222223 0.02 0.06888888888888889
0 0.5341666666666667 0.7988888888888889 0.028333333333333332 0.06
0 0.745 0.8 0.016666666666666666 0.07333333333333333
0 0.5608333333333333 0.8066666666666666 0.03 0.06888888888888889
0 0.765 0.8122222222222222 0.018333333333333333 0.06
0 0.5825 0.8144444444444444 0.03166666666666667 0.06444444444444444
0 0.7908333333333334 0.8244444444444444 0.028333333333333332 0.06
0 0.815 0.83 0.018333333333333333 0.05555555555555555
0 0.83 0.8322222222222222 0.018333333333333333 0.05333333333333334
0 0.8441666666666666 0.84 0.016666666666666666 0.04888888888888889
0 0.8591666666666666 0.8433333333333334 0.02 0.05333333333333334
0 0.98 0.8433333333333334 0.03666666666666667 0.06888888888888889
0 0.5108333333333334 0.8444444444444444 0.03166666666666667 0.07777777777777778
0 0.8733333333333333 0.8477777777777777 0.02 0.05333333333333334
0 0.5308333333333334 0.8577777777777778 0.035 0.07333333333333333
0 0.5591666666666667 0.8611111111111112 0.03333333333333333 0.06
0 0.5841666666666666 0.8733333333333333 0.03166666666666667 0.07333333333333333
0 0.7066666666666667 0.8955555555555555 0.041666666666666664 0.07777777777777778
0 0.7358333333333333 0.9022222222222223 0.023333333333333334 0.07555555555555556
0 0.7566666666666667 0.9033333333333333 0.021666666666666667 0.07111111111111111
0 0.4741666666666667 0.9077777777777778 0.03833333333333333 0.08
0 0.7966666666666666 0.9077777777777778 0.018333333333333333 0.06222222222222222
0 0.7766666666666666 0.9088888888888889 0.028333333333333332 0.06222222222222222
0 0.5033333333333333 0.9144444444444444 0.03166666666666667 0.07777777777777778
0 0.5308333333333334 0.9222222222222223 0.035 0.07111111111111111
0 0.8325 0.9233333333333333 0.028333333333333332 0.06
0 0.9283333333333333 0.9233333333333333 0.02666666666666667 0.05333333333333334
0 0.9541666666666667 0.9233333333333333 0.02666666666666667 0.051111111111111114
0 0.9791666666666666 0.9244444444444444 0.02666666666666667 0.057777777777777775
0 0.8509833333333333 0.9263777777777777 0.01761666666666675 0.0589555555555555
0 0.8639333333333333 0.9280666666666667 0.018233333333333424 0.057266666666666625
0 0.56 0.93 0.03333333333333333 0.07111111111111111
0 0.585 0.9333333333333333 0.03 0.07111111111111111
0 0.8892 0.9364888888888889 0.027066666666666683 0.0589555555555555
0 0.7116666666666667 0.9644444444444444 0.04 0.06666666666666667
0 0.7416666666666667 0.9677777777777777 0.023333333333333334 0.06
0 0.76 0.9677777777777777 0.02666666666666667 0.06
0 0.8016666666666666 0.9677777777777777 0.02 0.06
0 0.9841666666666666 0.97 0.03 0.042222222222222223
0 0.7841666666666667 0.97 0.028333333333333332 0.05555555555555555
0 0.9591666666666666 0.9722222222222222 0.02 0.044444444444444446
0 0.9325 0.9755555555555555 0.028333333333333332 0.044444444444444446
0 0.8533333333333334 0.9777777777777777 0.02666666666666667 0.04
0 0.8933333333333333 0.9833333333333333 0.023333333333333334 0.028888888888888888