0 0.305 0.2966666666666667 0.025 0.05333333333333334
0 0.4575 0.29777777777777775 0.02666666666666667 0.051111111111111114
0 0.33416666666666667 0.29888888888888887 0.03166666666666667 0.06
0 0.38333333333333336 0.3022222222222222 0.023333333333333334 0.04888888888888889
0 0.36083333333333334 0.3022222222222222 0.02 0.05333333333333334
0 0.4241666666666667 0.30777777777777776 0.03166666666666667 0.05555555555555555
0 0.30416666666666664 0.3488888888888889 0.028333333333333332 0.04888888888888889
0 0.38166666666666665 0.3488888888888889 0.02 0.051111111111111114
0 0.3625 0.3488888888888889 0.023333333333333334 0.051111111111111114
0 0.3333333333333333 0.35 0.035 0.044444444444444446
0 0.4558333333333333 0.35 0.03333333333333333 0.05333333333333334
0 0.425 0.3511111111111111 0.03333333333333333 0.044444444444444446
0 0.3983333333333333 0.3522222222222222 0.021666666666666667 0.051111111111111114
0 0.5683333333333334 0.4 0.028333333333333332 0.051111111111111114
0 0.6916666666666667 0.4 0.02666666666666667 0.057777777777777775
0 0.5366666666666666 0.40555555555555556 0.03 0.057777777777777775
0 0.6291666666666667 0.40555555555555556 0.03333333333333333 0.06222222222222222
0 0.6608333333333334 0.4077777777777778 0.03166666666666667 0.05555555555555555
0 0.46166666666666667 0.43 0.02666666666666667 0.04888888888888889
0 0.4866666666666667 0.43444444444444447 0.02666666666666667 0.051111111111111114
0 0.5116666666666667 0.43444444444444447 0.025 0.051111111111111114
0 0.44333333333333336 0.45222222222222225 0.028333333333333332 0.06444444444444444
0 0.4216666666666667 0.45444444444444443 0.021666666666666667 0.06
0 0.4008333333333333 0.4577777777777778 0.02 0.06666666666666667
0 0.37666666666666665 0.46111111111111114 0.028333333333333332 0.07111111111111111
0 0.5408333333333334 0.46111111111111114 0.035 0.057777777777777775
0 0.57 0.46111111111111114 0.023333333333333334 0.06
0 0.595 0.4622222222222222 0.021666666666666667 0.05555555555555555
0 0.6916666666666667 0.4622222222222222 0.028333333333333332 0.06222222222222222
0 0.66 0.4677777777777778 0.03333333333333333 0.06222222222222222
0 0.3475 0.47 0.03 0.06888888888888889
0 0.46166666666666667 0.47555555555555556 0.023333333333333334 0.04666666666666667
0 0.31916666666666665 0.4766666666666667 0.021666666666666667 0.07555555555555556
0 0.5108333333333334 0.4777777777777778 0.025 0.04
0 0.29333333333333333 0.4777777777777778 0.03666666666666667 0.07555555555555556
0 0.4866666666666667 0.4811111111111111 0.025 0.03777777777777778
0 0.225 0.4822222222222222 0.03333333333333333 0.08888888888888889
0 0.25916666666666666 0.48333333333333334 0.03666666666666667 0.09111111111111111
0 0.5108333333333334 0.5155555555555555 0.021666666666666667 0.042222222222222223
0 0.6933333333333334 0.52 0.023333333333333334 0.04888888888888889
0 0.5391666666666667 0.52 0.03666666666666667 0.057777777777777775
0 0.4633333333333333 0.5211111111111111 0.021666666666666667 0.04888888888888889
0 0.44083333333333335 0.5211111111111111 0.023333333333333334 0.06444444444444444
0 0.3983333333333333 0.5266666666666666 0.025 0.06666666666666667
0 0.485 0.5266666666666666 0.028333333333333332 0.044444444444444446
0 0.42 0.5277777777777778 0.02 0.06222222222222222
0 0.375 0.5333333333333333 0.025 0.07111111111111111
0 0.3466666666666667 0.5388888888888889 0.03 0.07111111111111111
0 0.6216666666666667 0.5411111111111111 0.045 0.09777777777777778
0 0.31916666666666665 0.5455555555555556 0.023333333333333334 0.06222222222222222
0 0.6641666666666667 0.5488888888888889 0.03333333333333333 0.08222222222222222
0 0.5783333333333334 0.5522222222222222 0.03666666666666667 0.09555555555555556
0 0.5108333333333334 0.56 0.03666666666666667 0.057777777777777775
0 0.7116666666666667 0.5855555555555556 0.03333333333333333 0.06666666666666667
0 0.745 0.5866666666666667 0.03166666666666667 0.07111111111111111
0 0.4725 0.6077777777777778 0.03666666666666667 0.057777777777777775
0 0.535 0.6211111111111111 0.04666666666666667 0.08666666666666667
0 0.6625 0.6255555555555555 0.03333333333333333 0.07555555555555556
0 0.49916666666666665 0.6377777777777778 0.03166666666666667 0.08888888888888889
0 0.5758333333333333 0.64 0.041666666666666664 0.08222222222222222
0 0.6216666666666667 0.64 0.05333333333333334 0.09555555555555556
0 0.39 0.6455555555555555 0.02666666666666667 0.08222222222222222
0 0.71 0.6477777777777778 0.03333333333333333 0.06222222222222222
0 0.36333333333333334 0.65 0.03666666666666667 0.08
0 0.445 0.6533333333333333 0.03166666666666667 0.07111111111111111
0 0.7525 0.6611111111111111 0.05 0.08222222222222222
0 0.6591666666666667 0.7022222222222222 0.03666666666666667 0.07333333333333333
0 0.535 0.7044444444444444 0.045 0.09111111111111111
0 0.7116666666666667 0.7111111111111111 0.03 0.06222222222222222
0 0.49666666666666665 0.7177777777777777 0.03166666666666667 0.07777777777777778
0 0.6191666666666666 0.7188888888888889 0.043333333333333335 0.06444444444444444
0 0.5758333333333333 0.7188888888888889 0.03833333333333333 0.07777777777777778
0 0.365 0.7233333333333334 0.03666666666666667 0.07111111111111111
0 0.445 0.7233333333333334 0.03166666666666667 0.07111111111111111
0 0.415 0.7511111111111111 0.03666666666666667 0.08666666666666667
0 0.7091666666666666 0.7711111111111111 0.03333333333333333 0.06