0 0.1575 0.22555555555555556 0.16 0.2911111111111111
0 0.6275 0.23444444444444446 0.185 0.28444444444444444
0 0.31 0.24666666666666667 0.0016666666666666668 0.0022222222222222222
0 0.27666666666666667 0.2511111111111111 0.22 0.32
0 0.4791666666666667 0.32555555555555554 0.12666666666666668 0.2
0 0.1175 0.42333333333333334 0.11666666666666667 0.20444444444444446
0 0.21338333333333334 0.48011111111111116 0.12126666666666665 0.21077777777777784
0 0.32916666666666666 0.52 0.175 0.18888888888888888
0 0.8291666666666667 0.5355555555555556 0.11333333333333333 0.23777777777777778
0 0.5108333333333334 0.5822222222222222 0.155 0.26222222222222225
0 0.175 0.6033333333333334 0.09166666666666666 0.15777777777777777
0 0.69 0.6255555555555555 0.18666666666666668 0.3244444444444444
0 0.25583333333333336 0.6544444444444445 0.11833333333333333 0.18888888888888888
0 0.36666666666666664 0.7044444444444444 0.15833333333333333 0.1711111111111111
0 0.19583333333333333 0.8155555555555556 0.09833333333333333 0.14
0 0.5283333333333333 0.8177777777777778 0.13166666666666665 0.19111111111111112
0 0.30505 0.8618888888888889 0.05703333333333328 0.0800888888888888
0 0.6733333333333333 0.8733333333333333 0.15333333333333332 0.19111111111111112
0 0.8408333333333333 0.8966666666666666 0.18166666666666667 0.20222222222222222
0 0.25583333333333336 0.9122222222222223 0.08333333333333333 0.14
0 0.3698666666666666 0.9213555555555556 0.07688333333333333 0.08422222222222217
0 0.4475 0.15333333333333332 0.13166666666666665 0.1688888888888889
0 0.06 0.18222222222222223 0.11833333333333333 0.26222222222222225
0 0.8533333333333334 0.19444444444444445 0.16666666666666666 0.18888888888888888