0 0.044444444444444446 0.16916666666666666 0.08222222222222222 0.09333333333333334
0 0.31666666666666665 0.17166666666666666 0.06 0.07833333333333334
0 0.38222222222222224 0.18166666666666667 0.06444444444444444 0.075
0 0.44222222222222224 0.18166666666666667 0.06 0.06833333333333333
0 0.5055555555555555 0.19916666666666666 0.05555555555555555 0.07
0 0.5666666666666667 0.20666666666666667 0.057777777777777775 0.065
0 0.6233333333333333 0.20916666666666667 0.044444444444444446 0.06
0 0.17888888888888888 0.2225 0.07333333333333333 0.06833333333333333
0 0.2477777777777778 0.23 0.07777777777777778 0.07
0 0.31666666666666665 0.23666666666666666 0.06 0.06333333333333334
0 0.042222222222222223 0.2425 0.07777777777777778 0.08333333333333333
0 0.37666666666666665 0.25166666666666665 0.06 0.07333333333333333
0 0.44333333333333336 0.25166666666666665 0.057777777777777775 0.06666666666666667
0 0.5133333333333333 0.26 0.06 0.058333333333333334
0 0.57 0.27 0.051111111111111114 0.07166666666666667
0 0.6244444444444445 0.27416666666666667 0.04888888888888889 0.06166666666666667
0 0.1688888888888889 0.2891666666666667 0.07333333333333333 0.075
0 0.24555555555555555 0.30083333333333334 0.07333333333333333 0.07333333333333333
0 0.30666666666666664 0.30833333333333335 0.057777777777777775 0.07333333333333333
0 0.37555555555555553 0.31916666666666665 0.057777777777777775 0.07
0 0.43666666666666665 0.31916666666666665 0.05333333333333334 0.065
0 0.5011111111111111 0.32666666666666666 0.06 0.065
0 0.5655555555555556 0.3325 0.05555555555555555 0.065
0 0.6188888888888889 0.33416666666666667 0.044444444444444446 0.07
0 0.04777777777777778 0.3475 0.06444444444444444 0.07333333333333333
0 0.16666666666666666 0.41333333333333333 0.07555555555555556 0.07166666666666667
0 0.23555555555555555 0.4166666666666667 0.06444444444444444 0.07
0 0.31 0.42 0.07777777777777778 0.08166666666666667
0 0.38333333333333336 0.42333333333333334 0.06666666666666667 0.075
0 0.45111111111111113 0.4275 0.06666666666666667 0.07
0 0.5133333333333333 0.42833333333333334 0.05333333333333334 0.06
0 0.5666666666666667 0.4325 0.05333333333333334 0.065
0 0.6255555555555555 0.43416666666666665 0.051111111111111114 0.06
0 0.04777777777777778 0.44 0.06444444444444444 0.09833333333333333
0 0.1622222222222222 0.4875 0.07333333333333333 0.08166666666666667
0 0.23333333333333334 0.49 0.06444444444444444 0.075
0 0.4477777777777778 0.49333333333333335 0.06 0.07333333333333333
0 0.38 0.49666666666666665 0.06666666666666667 0.07166666666666667
0 0.5066666666666667 0.4975 0.05555555555555555 0.07833333333333334
0 0.6244444444444445 0.4975 0.04888888888888889 0.06666666666666667
0 0.30666666666666664 0.49833333333333335 0.07111111111111111 0.07
0 0.5666666666666667 0.49833333333333335 0.057777777777777775 0.06333333333333334
0 0.044444444444444446 0.5641666666666667 0.07555555555555556 0.085
0 0.6255555555555555 0.6025 0.06 0.07333333333333333
0 0.5066666666666667 0.6033333333333334 0.05555555555555555 0.07
0 0.5666666666666667 0.6033333333333334 0.06 0.07166666666666667
0 0.4488888888888889 0.605 0.06444444444444444 0.07333333333333333
0 0.2311111111111111 0.6108333333333333 0.07777777777777778 0.07666666666666666
0 0.29777777777777775 0.6108333333333333 0.07777777777777778 0.07833333333333334
0 0.15666666666666668 0.6116666666666667 0.06444444444444444 0.08
0 0.38222222222222224 0.6141666666666666 0.06 0.07666666666666666
0 0.04 0.6491666666666667 0.06666666666666667 0.07666666666666666
0 0.5633333333333334 0.67 0.05555555555555555 0.065
0 0.6244444444444445 0.67 0.06222222222222222 0.06666666666666667
0 0.5044444444444445 0.6733333333333333 0.06 0.06666666666666667
0 0.4477777777777778 0.6808333333333333 0.05555555555555555 0.08333333333333333
0 0.22777777777777777 0.685 0.06888888888888889 0.06833333333333333
0 0.3877777777777778 0.685 0.06666666666666667 0.07166666666666667
0 0.15333333333333332 0.685 0.07333333333333333 0.07
0 0.2922222222222222 0.69 0.07111111111111111 0.09
0 0.03222222222222222 0.7333333333333333 0.06444444444444444 0.10166666666666667
0 0.6188888888888889 0.7366666666666667 0.06 0.06833333333333333
0 0.5033333333333333 0.7391666666666666 0.06 0.06833333333333333
0 0.5577777777777778 0.7391666666666666 0.051111111111111114 0.07333333333333333
0 0.4477777777777778 0.7425 0.05333333333333334 0.075
0 0.3844444444444444 0.7525 0.06 0.06333333333333334
0 0.22444444444444445 0.7591666666666667 0.06444444444444444 0.07833333333333334
0 0.2922222222222222 0.7616666666666667 0.06222222222222222 0.058333333333333334
0 0.15333333333333332 0.7625 0.07111111111111111 0.085
0 0.6133333333333333 0.8375 0.07777777777777778 0.08166666666666667
0 0.38333333333333336 0.8458333333333333 0.06666666666666667 0.075
0 0.5388888888888889 0.8491666666666666 0.04888888888888889 0.06666666666666667
0 0.4766666666666667 0.8541666666666666 0.06222222222222222 0.08833333333333333
0 0.61 0.9108333333333334 0.07111111111111111 0.08166666666666667
0 0.38222222222222224 0.9116666666666666 0.07111111111111111 0.08
0 0.5444444444444444 0.9241666666666667 0.07333333333333333 0.08
0 0.4622222222222222 0.9266666666666666 0.07777777777777778 0.09
0 0.17555555555555555 0.145 0.06666666666666667 0.085
0 0.25222222222222224 0.15916666666666668 0.08 0.07