0 0.4475 0.22777777777777777 0.03333333333333333 0.06444444444444444
0 0.41833333333333333 0.23777777777777778 0.025 0.051111111111111114
0 0.35333333333333333 0.24 0.03833333333333333 0.06888888888888889
0 0.31416666666666665 0.2411111111111111 0.03833333333333333 0.06666666666666667
0 0.2733333333333333 0.24666666666666667 0.03333333333333333 0.06666666666666667
0 0.8508333333333333 0.25555555555555554 0.04666666666666667 0.08222222222222222
0 0.18 0.2611111111111111 0.03166666666666667 0.06
0 0.8016666666666666 0.2611111111111111 0.05 0.08888888888888889
0 0.14416666666666667 0.26222222222222225 0.03166666666666667 0.057777777777777775
0 0.11416666666666667 0.2633333333333333 0.03 0.05555555555555555
0 0.24166666666666667 0.2644444444444444 0.025 0.03777777777777778
0 0.07666666666666666 0.2677777777777778 0.03166666666666667 0.057777777777777775
0 0.7566666666666667 0.2688888888888889 0.045 0.08222222222222222
0 0.3883333333333333 0.27555555555555555 0.03 0.05555555555555555
0 0.705 0.2777777777777778 0.055 0.07111111111111111
0 0.5683333333333334 0.2866666666666667 0.041666666666666664 0.07111111111111111
0 0.5266666666666666 0.28888888888888886 0.04 0.06666666666666667
0 0.485 0.29 0.04 0.06888888888888889
0 0.4141666666666667 0.2911111111111111 0.02 0.057777777777777775
0 0.44333333333333336 0.29888888888888887 0.04 0.06888888888888889
0 0.35333333333333333 0.3088888888888889 0.035 0.06888888888888889
0 0.30916666666666665 0.3111111111111111 0.04 0.06888888888888889
0 0.2708333333333333 0.31444444444444447 0.035 0.06222222222222222
0 0.035833333333333335 0.31555555555555553 0.03333333333333333 0.06222222222222222
0 0.235 0.31666666666666665 0.028333333333333332 0.06222222222222222
0 0.16916666666666666 0.3233333333333333 0.03 0.06444444444444444
0 0.3858333333333333 0.3244444444444444 0.028333333333333332 0.051111111111111114
0 0.20416666666666666 0.32555555555555554 0.03166666666666667 0.06666666666666667
0 0.10333333333333333 0.32555555555555554 0.03166666666666667 0.06444444444444444
0 0.06916666666666667 0.32666666666666666 0.03166666666666667 0.06
0 0.1375 0.32666666666666666 0.03333333333333333 0.06444444444444444
0 0.8583333333333333 0.33666666666666667 0.04666666666666667 0.08444444444444445
0 0.8075 0.34 0.055 0.07555555555555556
0 0.7575 0.34444444444444444 0.045 0.07111111111111111
0 0.4091666666666667 0.3477777777777778 0.023333333333333334 0.06
0 0.7108333333333333 0.35 0.05 0.08222222222222222
0 0.6608333333333334 0.3566666666666667 0.045 0.07555555555555556
0 0.4841666666666667 0.3611111111111111 0.03666666666666667 0.07555555555555556
0 0.5675 0.3611111111111111 0.043333333333333335 0.06888888888888889
0 0.5241666666666667 0.3622222222222222 0.03666666666666667 0.07555555555555556
0 0.44 0.37333333333333335 0.043333333333333335 0.07333333333333333
0 0.060833333333333336 0.37777777777777777 0.03 0.03777777777777778
0 0.305 0.38 0.035 0.06666666666666667
0 0.345 0.38 0.03833333333333333 0.06666666666666667
0 0.3825 0.3811111111111111 0.028333333333333332 0.057777777777777775
0 0.09166666666666666 0.3811111111111111 0.03166666666666667 0.051111111111111114
0 0.02666666666666667 0.3844444444444444 0.03 0.07555555555555556
0 0.23 0.38666666666666666 0.03 0.06888888888888889
0 0.2658333333333333 0.3877777777777778 0.04 0.07111111111111111
0 0.125 0.3877777777777778 0.035 0.06
0 0.19416666666666665 0.3888888888888889 0.03 0.06
0 0.16166666666666665 0.3888888888888889 0.03333333333333333 0.06444444444444444
0 0.4066666666666667 0.4088888888888889 0.023333333333333334 0.05333333333333334
0 0.865 0.4166666666666667 0.05 0.06888888888888889
0 0.8116666666666666 0.4222222222222222 0.051666666666666666 0.08444444444444445
0 0.7591666666666667 0.42444444444444446 0.04666666666666667 0.08444444444444445
0 0.7116666666666667 0.42777777777777776 0.04833333333333333 0.08
0 0.03916666666666667 0.4311111111111111 0.03833333333333333 0.07555555555555556
0 0.0775 0.43222222222222223 0.04666666666666667 0.07555555555555556
0 0.19368333333333332 0.43293333333333334 0.024283333333333323 0.027088888888888885
0 0.16116666666666668 0.43293333333333334 0.03566666666666667 0.03793333333333332
0 0.57 0.43444444444444447 0.045 0.08
0 0.6625 0.43444444444444447 0.04666666666666667 0.08
0 0.015833333333333335 0.43555555555555553 0.021666666666666667 0.04666666666666667
0 0.37666666666666665 0.43666666666666665 0.03333333333333333 0.06
0 0.48 0.43666666666666665 0.041666666666666664 0.08
0 0.5225 0.43666666666666665 0.03833333333333333 0.07111111111111111
0 0.6158333333333333 0.43777777777777777 0.04 0.08222222222222222
0 0.11833333333333333 0.4444444444444444 0.03166666666666667 0.05555555555555555
0 0.44 0.44555555555555554 0.03833333333333333 0.06666666666666667
0 0.4033333333333333 0.46111111111111114 0.023333333333333334 0.042222222222222223
0 0.31333333333333335 0.4666666666666667 0.03333333333333333 0.06222222222222222
0 0.34833333333333333 0.4711111111111111 0.041666666666666664 0.057777777777777775
0 0.2475 0.4722222222222222 0.035 0.057777777777777775
0 0.2783333333333333 0.4722222222222222 0.03333333333333333 0.06
0 0.21833333333333332 0.47444444444444445 0.03 0.05333333333333334
0 0.12666666666666668 0.47555555555555556 0.03666666666666667 0.04888888888888889
0 0.18666666666666668 0.4766666666666667 0.03 0.051111111111111114
0 0.1575 0.48 0.03333333333333333 0.051111111111111114
0 0.8916666666666667 0.4866666666666667 0.04666666666666667 0.07333333333333333
0 0.8425 0.49 0.043333333333333335 0.07333333333333333
0 0.7575 0.49333333333333335 0.043333333333333335 0.06
0 0.7983333333333333 0.49333333333333335 0.03833333333333333 0.057777777777777775
0 0.7125 0.5 0.04833333333333333 0.06444444444444444
0 0.5758333333333333 0.5011111111111111 0.035 0.05555555555555555
0 0.6158333333333333 0.5011111111111111 0.041666666666666664 0.04888888888888889
0 0.4558333333333333 0.5033333333333333 0.03333333333333333 0.051111111111111114
0 0.5358333333333334 0.5033333333333333 0.041666666666666664 0.051111111111111114
0 0.06166666666666667 0.5066666666666667 0.03833333333333333 0.08
0 0.6666666666666666 0.5066666666666667 0.05 0.06
0 0.0925 0.5066666666666667 0.03333333333333333 0.07555555555555556
0 0.03 0.5077777777777778 0.03666666666666667 0.07333333333333333
0 0.49416666666666664 0.5088888888888888 0.03333333333333333 0.044444444444444446
0 0.3858333333333333 0.5122222222222222 0.035 0.057777777777777775
0 0.4191666666666667 0.5122222222222222 0.03833333333333333 0.057777777777777775
0 0.345 0.5144444444444445 0.04 0.044444444444444446
0 0.2733333333333333 0.5166666666666667 0.03833333333333333 0.03777777777777778
0 0.3075 0.5188888888888888 0.03666666666666667 0.042222222222222223
0 0.24166666666666667 0.52 0.03333333333333333 0.035555555555555556
0 0.21 0.5222222222222223 0.03166666666666667 0.04
0 0.1525 0.5233333333333333 0.03666666666666667 0.035555555555555556
0 0.12166666666666667 0.5244444444444445 0.035 0.04
0 0.18166666666666667 0.5255555555555556 0.035 0.04
0 0.535 0.15777777777777777 0.028333333333333332 0.05555555555555555
0 0.4891666666666667 0.15888888888888889 0.03333333333333333 0.05555555555555555
0 0.4508333333333333 0.16666666666666666 0.02666666666666667 0.04666666666666667
0 0.8483333333333334 0.17444444444444446 0.043333333333333335 0.08
0 0.7991666666666667 0.17777777777777778 0.04833333333333333 0.07333333333333333
0 0.4225 0.18222222222222223 0.025 0.057777777777777775
0 0.7558333333333334 0.19333333333333333 0.051666666666666666 0.07777777777777778
0 0.7083333333333334 0.20444444444444446 0.04833333333333333 0.08666666666666667
0 0.38916666666666666 0.21555555555555556 0.025 0.057777777777777775
0 0.48833333333333334 0.22111111111111112 0.041666666666666664 0.06222222222222222
0 0.5333333333333333 0.22111111111111112 0.04 0.06444444444444444