0 0.9661 0.28013333333333335 0.03053333333333323 0.034733333333333324
0 0.9430666666666667 0.2943777777777778 0.025866666666666635 0.03117777777777775
0 0.22416666666666665 0.29555555555555557 0.03166666666666667 0.05333333333333334
0 0.91735 0.3095111111111111 0.03054999999999988 0.034733333333333324
0 0.26166666666666666 0.31222222222222223 0.03666666666666667 0.06666666666666667
0 0.29833333333333334 0.3211111111111111 0.03333333333333333 0.04666666666666667
0 0.8929666666666666 0.32153333333333334 0.027216666666666545 0.03562222222222216
0 0.9835166666666667 0.32795555555555556 0.028083333333333182 0.04391111111111109
0 0.8742666666666665 0.3389111111111111 0.02589999999999994 0.03831111111111113
0 0.9586666666666668 0.3462888888888889 0.031950000000000124 0.04024444444444447
0 0.3325 0.3488888888888889 0.028333333333333332 0.06222222222222222
0 0.8502333333333333 0.3504888888888889 0.023233333333333425 0.03831111111111113
0 0.3675 0.36 0.028333333333333332 0.057777777777777775
0 0.9350499999999999 0.3625111111111111 0.025866666666666635 0.042755555555555574
0 0.21833333333333332 0.36333333333333334 0.03 0.08
0 0.8298500000000001 0.3651777777777778 0.023916666666666704 0.03206666666666668
0 0.9889333333333333 0.3738888888888889 0.021150000000000092 0.0475111111111111
0 0.9076666666666667 0.3740888888888889 0.03790000000000002 0.04631111111111105
0 0.8098166666666666 0.3749777777777778 0.018566666666666645 0.03206666666666668
0 0.29333333333333333 0.3788888888888889 0.04666666666666667 0.08444444444444445
0 0.3975 0.3788888888888889 0.028333333333333332 0.05333333333333334
0 0.9692666666666666 0.38626666666666665 0.03450000000000008 0.040999999999999974
0 0.7871166666666667 0.38655555555555554 0.019916666666666742 0.028511111111111077
0 0.8812833333333333 0.3883555555555555 0.029233333333333274 0.04097777777777777
0 0.25166666666666665 0.39444444444444443 0.035 0.07777777777777778
0 0.42833333333333334 0.3977777777777778 0.02666666666666667 0.06222222222222222
0 0.9424166666666668 0.40188888888888885 0.030616666666666483 0.03319999999999999
0 0.8605833333333334 0.40259999999999996 0.025233333333333406 0.042755555555555574
0 0.3325 0.40555555555555556 0.03166666666666667 0.044444444444444446
0 0.455 0.4122222222222222 0.028333333333333332 0.05555555555555555
0 0.8392 0.4132888888888889 0.022566666666666606 0.042755555555555574
0 0.9168000000000001 0.41619999999999996 0.02525000000000015 0.037088888888888887
0 0.36083333333333334 0.4222222222222222 0.045 0.057777777777777775
0 0.81865 0.42573333333333335 0.022883333333333363 0.03737777777777776
0 0.8926333333333334 0.42791111111111113 0.02671666666666662 0.03971111111111112
0 0.7974666666666667 0.4382222222222222 0.024583333333333332 0.03919999999999997
0 0.9808333333333333 0.44 0.03666666666666667 0.051111111111111114
0 0.86945 0.44126666666666664 0.024299999999999877 0.03515555555555554
0 0.9525 0.4533333333333333 0.03 0.04888888888888889
0 0.8477333333333333 0.4546 0.028700000000000045 0.037088888888888887
0 0.43166666666666664 0.45555555555555555 0.025 0.04666666666666667
0 0.45666666666666667 0.46 0.028333333333333332 0.04
0 0.8256666666666667 0.4626222222222222 0.023233333333333425 0.0324666666666667
0 0.24666666666666667 0.4633333333333333 0.03833333333333333 0.06888888888888889
0 0.4033333333333333 0.46444444444444444 0.035 0.06222222222222222
0 0.9266666666666666 0.47 0.03666666666666667 0.051111111111111114
0 0.8058333333333333 0.47648888888888885 0.02058333333333337 0.02940000000000004
0 0.9016666666666666 0.4811111111111111 0.03166666666666667 0.05333333333333334
0 0.3616666666666667 0.4855555555555556 0.04833333333333333 0.06888888888888889
0 0.4975 0.4866666666666667 0.041666666666666664 0.07111111111111111
0 0.53 0.4888888888888889 0.03166666666666667 0.06
0 0.8783333333333333 0.4888888888888889 0.02666666666666667 0.051111111111111114
0 0.9858333333333333 0.4911111111111111 0.025 0.05333333333333334
0 0.6083333333333333 0.4955555555555556 0.03333333333333333 0.05333333333333334
0 0.5566666666666666 0.49666666666666665 0.03166666666666667 0.057777777777777775
0 0.9616666666666667 0.4988888888888889 0.03666666666666667 0.04888888888888889
0 0.855 0.5011111111111111 0.02666666666666667 0.044444444444444446
0 0.835 0.5133333333333333 0.03 0.04
0 0.43666666666666665 0.5166666666666667 0.041666666666666664 0.06888888888888889
0 0.5833333333333334 0.5166666666666667 0.021666666666666667 0.06444444444444444
0 0.8128166666666666 0.5170444444444444 0.02058333333333337 0.02940000000000004
0 0.9366666666666666 0.5211111111111111 0.035 0.04888888888888889
0 0.4025 0.53 0.03833333333333333 0.06666666666666667
0 0.9125 0.53 0.035 0.044444444444444446
0 0.7166666666666667 0.5355555555555556 0.02666666666666667 0.057777777777777775
0 0.8883333333333333 0.5388888888888889 0.035 0.044444444444444446
0 0.6925 0.54 0.03333333333333333 0.05333333333333334
0 0.665 0.5411111111111111 0.021666666666666667 0.042222222222222223
0 0.5 0.5477777777777778 0.04666666666666667 0.06
0 0.8641666666666666 0.5488888888888889 0.035 0.044444444444444446
0 0.9841666666666666 0.5488888888888889 0.028333333333333332 0.05333333333333334
0 0.3225 0.5511111111111111 0.041666666666666664 0.08
0 0.5375 0.5544444444444444 0.03166666666666667 0.06222222222222222
0 0.9658333333333333 0.5544444444444444 0.028333333333333332 0.042222222222222223
0 0.36083333333333334 0.5555555555555556 0.045 0.07777777777777778
0 0.81 0.5555555555555556 0.03 0.04
0 0.8408333333333333 0.5555555555555556 0.03166666666666667 0.044444444444444446
0 0.6116666666666667 0.5566666666666666 0.03666666666666667 0.06222222222222222
0 0.565 0.5588888888888889 0.03166666666666667 0.06444444444444444
0 0.78 0.5644444444444444 0.023333333333333334 0.044444444444444446
0 0.9441666666666667 0.5644444444444444 0.02666666666666667 0.044444444444444446
0 0.6416666666666667 0.5666666666666667 0.025 0.051111111111111114
0 0.7483333333333333 0.5722222222222222 0.028333333333333332 0.04666666666666667
0 0.9233333333333333 0.5733333333333334 0.028333333333333332 0.042222222222222223
0 0.77 0.5755555555555556 0.02 0.044444444444444446
0 0.43833333333333335 0.5844444444444444 0.04833333333333333 0.07555555555555556
0 0.6808333333333333 0.59 0.041666666666666664 0.057777777777777775
0 0.4041666666666667 0.5933333333333334 0.03166666666666667 0.06888888888888889
0 0.7066666666666667 0.5955555555555555 0.018333333333333333 0.06
0 0.7258333333333333 0.5988888888888889 0.018333333333333333 0.057777777777777775
0 0.8483333333333334 0.6022222222222222 0.025 0.044444444444444446
0 0.8066666666666666 0.6033333333333334 0.03 0.04
0 0.8258333333333333 0.6033333333333334 0.018333333333333333 0.04666666666666667
0 0.5016666666666667 0.6077777777777778 0.045 0.06444444444444444
0 0.5383333333333333 0.61 0.035 0.05555555555555555
0 0.97 0.6133333333333333 0.045 0.06888888888888889
0 0.745 0.6144444444444445 0.02 0.04888888888888889
0 0.9366666666666666 0.6188888888888889 0.03166666666666667 0.06444444444444444
0 0.5708333333333333 0.62 0.03333333333333333 0.06444444444444444
0 0.31916666666666665 0.6222222222222222 0.043333333333333335 0.07555555555555556
0 0.7616666666666667 0.6222222222222222 0.016666666666666666 0.04888888888888889
0 0.6158333333333333 0.6233333333333333 0.03333333333333333 0.06444444444444444
0 0.6458333333333334 0.6266666666666667 0.021666666666666667 0.06888888888888889
0 0.7783333333333333 0.6277777777777778 0.018333333333333333 0.057777777777777775
0 0.36083333333333334 0.6311111111111111 0.045 0.08
0 0.795 0.6377777777777778 0.018333333333333333 0.044444444444444446
0 0.8175 0.65 0.02666666666666667 0.044444444444444446
0 0.6866666666666666 0.6522222222222223 0.043333333333333335 0.06222222222222222
0 0.405 0.6533333333333333 0.03 0.051111111111111114
0 0.8366666666666667 0.6533333333333333 0.018333333333333333 0.044444444444444446
0 0.43916666666666665 0.6544444444444445 0.045 0.07777777777777778
0 0.7141666666666666 0.6555555555555556 0.02 0.06
0 0.47833333333333333 0.66 0.03666666666666667 0.07111111111111111
0 0.7341666666666666 0.66 0.021666666666666667 0.06666666666666667
0 0.5091666666666667 0.6655555555555556 0.03166666666666667 0.06888888888888889
0 0.7525 0.6677777777777778 0.021666666666666667 0.057777777777777775
0 0.5425 0.6711111111111111 0.035 0.06888888888888889
0 0.7708333333333334 0.6755555555555556 0.02 0.057777777777777775
0 0.9808333333333333 0.6755555555555556 0.035 0.07111111111111111
0 0.9516666666666667 0.68 0.041666666666666664 0.06222222222222222
0 0.7866666666666666 0.6833333333333333 0.015 0.05555555555555555
0 0.5733333333333334 0.6855555555555556 0.03 0.06444444444444444
0 0.8041666666666667 0.6877777777777778 0.025 0.051111111111111114
0 0.6216666666666667 0.69 0.03833333333333333 0.06
0 0.6541666666666667 0.7 0.02666666666666667 0.07111111111111111
0 0.8275 0.7 0.025 0.05333333333333334
0 0.8483333333333334 0.7022222222222222 0.015 0.04666666666666667
0 0.6791666666666667 0.7066666666666667 0.021666666666666667 0.06888888888888889
0 0.7041666666666667 0.7166666666666667 0.028333333333333332 0.06
0 0.7233333333333334 0.7177777777777777 0.021666666666666667 0.06666666666666667
0 0.7408333333333333 0.7233333333333334 0.018333333333333333 0.06222222222222222
0 0.7625 0.7277777777777777 0.021666666666666667 0.06222222222222222
0 0.985 0.73 0.02666666666666667 0.06888888888888889
0 0.7783333333333333 0.7333333333333333 0.018333333333333333 0.057777777777777775
0 0.96 0.7333333333333333 0.043333333333333335 0.06222222222222222
0 0.7975 0.74 0.018333333333333333 0.05555555555555555
0 0.8116666666666666 0.7433333333333333 0.02 0.06222222222222222
0 0.8275 0.7466666666666667 0.015 0.05333333333333334
0 0.5558333333333333 0.7544444444444445 0.03 0.06222222222222222
0 0.8425 0.7544444444444445 0.021666666666666667 0.051111111111111114
0 0.8583333333333333 0.7544444444444445 0.016666666666666666 0.044444444444444446
0 0.5008333333333334 0.7577777777777778 0.03333333333333333 0.06222222222222222
0 0.5291666666666667 0.7588888888888888 0.025 0.05555555555555555
0 0.30833333333333335 0.7611111111111111 0.03833333333333333 0.08444444444444445
0 0.37833333333333335 0.7666666666666667 0.03833333333333333 0.08
0 0.4125 0.7677777777777778 0.03166666666666667 0.08666666666666667
0 0.3458333333333333 0.7733333333333333 0.03666666666666667 0.06888888888888889
0 0.5858333333333333 0.8044444444444444 0.03 0.05555555555555555
0 0.9858333333333333 0.8077777777777778 0.025 0.051111111111111114
0 0.5583333333333333 0.8088888888888889 0.03333333333333333 0.06222222222222222
0 0.9616666666666667 0.8122222222222222 0.028333333333333332 0.04888888888888889
0 0.505 0.8144444444444444 0.035 0.05333333333333334
0 0.5325 0.8144444444444444 0.023333333333333334 0.057777777777777775
0 0.9366666666666666 0.8155555555555556 0.02666666666666667 0.04888888888888889
0 0.7191666666666666 0.8188888888888889 0.02666666666666667 0.07777777777777778
0 0.9116666666666666 0.8188888888888889 0.03166666666666667 0.04888888888888889
0 0.6583333333333333 0.8222222222222222 0.03666666666666667 0.07111111111111111
0 0.6891666666666667 0.8222222222222222 0.045 0.08222222222222222
0 0.755 0.8233333333333334 0.043333333333333335 0.06888888888888889
0 0.8375 0.8344444444444444 0.023333333333333334 0.07333333333333333
0 0.8183333333333334 0.8377777777777777 0.02666666666666667 0.07555555555555556
0 0.8758333333333334 0.84 0.023333333333333334 0.05333333333333334
0 0.30333333333333334 0.8466666666666667 0.045 0.09333333333333334
0 0.38166666666666665 0.85 0.035 0.08666666666666667
0 0.415 0.8511111111111112 0.03 0.09111111111111111
0 0.9908333333333333 0.8533333333333334 0.015 0.04
0 0.97 0.8544444444444445 0.028333333333333332 0.03777777777777778
0 0.3416666666666667 0.8555555555555555 0.041666666666666664 0.09111111111111111
0 0.44583333333333336 0.86 0.03333333333333333 0.08
0 0.9458333333333333 0.86 0.02666666666666667 0.03777777777777778
0 0.47833333333333333 0.8611111111111112 0.03666666666666667 0.07777777777777778
0 0.9216666666666666 0.8611111111111112 0.025 0.03777777777777778
0 0.5075 0.8677777777777778 0.035 0.06444444444444444
0 0.5616666666666666 0.8711111111111111 0.04 0.06888888888888889
0 0.5908333333333333 0.8711111111111111 0.02666666666666667 0.06888888888888889
0 0.535 0.8733333333333333 0.025 0.06
0 0.7475 0.8933333333333333 0.02666666666666667 0.07777777777777778
0 0.695 0.8944444444444445 0.04833333333333333 0.08
0 0.7283333333333334 0.8944444444444445 0.03 0.07333333333333333
0 0.8466666666666667 0.8944444444444445 0.028333333333333332 0.06222222222222222
0 0.885 0.8944444444444445 0.023333333333333334 0.05555555555555555
0 0.77 0.8955555555555555 0.03166666666666667 0.07555555555555556
0 0.9525 0.8955555555555555 0.021666666666666667 0.035555555555555556
0 0.9783333333333334 0.8966666666666666 0.02666666666666667 0.03777777777777778
0 0.9258333333333333 0.8977777777777778 0.025 0.04
0 0.8258333333333333 0.9011111111111111 0.021666666666666667 0.051111111111111114
0 0.9866666666666667 0.9622222222222222 0.023333333333333334 0.06222222222222222
0 0.9316666666666666 0.9644444444444444 0.02666666666666667 0.06
0 0.9608333333333333 0.9655555555555555 0.03333333333333333 0.05555555555555555