0 0.11916666666666667 0.2777777777777778 0.06 0.12444444444444444
0 0.1575 0.3022222222222222 0.056666666666666664 0.12222222222222222
0 0.2125 0.3422222222222222 0.055 0.12444444444444444
0 0.28583333333333333 0.38222222222222224 0.06666666666666667 0.14
0 0.6508333333333334 0.04666666666666667 0.028333333333333332 0.09111111111111111
0 0.6075 0.05444444444444444 0.056666666666666664 0.10888888888888888
0 0.32166666666666666 0.5766666666666667 0.056666666666666664 0.09111111111111111
0 0.33 0.6711111111111111 0.04666666666666667 0.08444444444444445
0 0.08416666666666667 0.14666666666666667 0.06166666666666667 0.13555555555555557
0 0.5916666666666667 0.16111111111111112 0.02666666666666667 0.07111111111111111
0 0.12833333333333333 0.1622222222222222 0.06166666666666667 0.14
0 0.2025 0.20222222222222222 0.08833333333333333 0.14666666666666667