0 0.5808333333333333 0.16 0.07833333333333334 0.13333333333333333
0 0.5066666666666667 0.27555555555555555 0.09333333333333334 0.1511111111111111
0 0.5833333333333334 0.31333333333333335 0.051666666666666666 0.15333333333333332
0 0.5041666666666667 0.43222222222222223 0.08 0.16444444444444445
0 0.49916666666666665 0.5877777777777777 0.07833333333333334 0.14
0 0.5908333333333333 0.5666666666666667 0.09666666666666666 0.1622222222222222
0 0.625 0.42333333333333334 0.06166666666666667 0.13333333333333333
0 0.7025 0.2088888888888889 0.09333333333333334 0.1688888888888889
0 0.6975 0.37555555555555553 0.09 0.16
0 0.6933333333333334 0.5344444444444445 0.1 0.15555555555555556
0 0.8983333333333333 0.33111111111111113 0.10166666666666667 0.18
0 0.795 0.5188888888888888 0.105 0.17555555555555555
0 0.9016666666666666 0.4888888888888889 0.10333333333333333 0.12666666666666668
0 0.8958333333333334 0.1688888888888889 0.09666666666666666 0.14666666666666667
0 0.41 0.3522222222222222 0.07166666666666667 0.08
0 0.41333333333333333 0.23444444444444446 0.085 0.14666666666666667
0 0.33166666666666667 0.36444444444444446 0.09 0.15777777777777777
0 0.32166666666666666 0.5144444444444445 0.07 0.1511111111111111
0 0.31333333333333335 0.6355555555555555 0.08 0.08888888888888889
0 0.25 0.37 0.07333333333333333 0.14888888888888888
0 0.24583333333333332 0.5222222222222223 0.07 0.14666666666666667
0 0.1575 0.6533333333333333 0.08833333333333333 0.14888888888888888
0 0.39916666666666667 0.4633333333333333 0.08333333333333333 0.15555555555555556
0 0.3983333333333333 0.6 0.08833333333333333 0.10666666666666667
0 0.25333333333333335 0.2544444444444444 0.06833333333333333 0.07333333333333333
0 0.165 0.4955555555555556 0.08333333333333333 0.1688888888888889
0 0.8141666666666667 0.24555555555555555 0.056666666666666664 0.15777777777777777
0 0.8166666666666667 0.38 0.055 0.09333333333333334
0 0.765 0.2588888888888889 0.03666666666666667 0.13111111111111112
0 0.7658333333333334 0.38 0.04833333333333333 0.09555555555555556
0 0.115 0.4022222222222222 0.06333333333333334 0.13111111111111112
0 0.17833333333333334 0.36333333333333334 0.065 0.08888888888888889
0 0.09916666666666667 0.5533333333333333 0.03333333333333333 0.13555555555555557
0 0.0925 0.6855555555555556 0.04 0.1111111111111111
0 0.2375 0.6544444444444445 0.06333333333333334 0.1111111111111111
0 0.04 0.5211111111111111 0.075 0.1511111111111111
0 0.03833333333333333 0.6766666666666666 0.07166666666666667 0.1511111111111111
0 0.02 0.29444444444444445 0.03666666666666667 0.13555555555555557
0 0.06583333333333333 0.33111111111111113 0.05333333333333334 0.12666666666666668
0 0.12333333333333334 0.2966666666666667 0.065 0.07555555555555556
0 0.185 0.27444444444444444 0.06333333333333334 0.08