0 0.7844444444444445 0.18333333333333332 0.07333333333333333 0.07666666666666666
0 0.9677777777777777 0.18416666666666667 0.06 0.08833333333333333
0 0.9033333333333333 0.18833333333333332 0.08 0.07333333333333333
0 0.7077777777777777 0.18916666666666668 0.06444444444444444 0.06666666666666667
0 0.8405111111111111 0.18941666666666668 0.04193333333333334 0.06795
0 0.6377777777777778 0.19166666666666668 0.06444444444444444 0.06833333333333333
0 0.29444444444444445 0.19333333333333333 0.06666666666666667 0.065
0 0.3611111111111111 0.19333333333333333 0.06444444444444444 0.06666666666666667
0 0.49666666666666665 0.19583333333333333 0.06444444444444444 0.06166666666666667
0 0.42777777777777776 0.1975 0.06444444444444444 0.07
0 0.5888888888888889 0.22083333333333333 0.06666666666666667 0.07333333333333333
0 0.5155555555555555 0.24666666666666667 0.06666666666666667 0.085
0 0.4022222222222222 0.30083333333333334 0.07777777777777778 0.09333333333333334
0 0.9477777777777778 0.31333333333333335 0.06222222222222222 0.07166666666666667
0 0.5 0.3383333333333333 0.06444444444444444 0.09333333333333334
0 0.31333333333333335 0.3408333333333333 0.044444444444444446 0.06333333333333334
0 0.5755555555555556 0.3408333333333333 0.08 0.08333333333333333
0 0.35444444444444445 0.3416666666666667 0.051111111111111114 0.06666666666666667
0 0.9333333333333333 0.38166666666666665 0.06222222222222222 0.065
0 0.4066666666666667 0.3875 0.05555555555555555 0.08
0 0.45444444444444443 0.3875 0.04 0.07833333333333334
0 0.9788888888888889 0.3908333333333333 0.03777777777777778 0.07833333333333334
0 0.83 0.395 0.04 0.056666666666666664
0 0.3244444444444444 0.405 0.042222222222222223 0.055
0 0.36666666666666664 0.4066666666666667 0.044444444444444446 0.05333333333333334
0 0.5055555555555555 0.4191666666666667 0.057777777777777775 0.075
0 0.5755555555555556 0.4191666666666667 0.07555555555555556 0.07
0 0.67 0.4275 0.057777777777777775 0.06333333333333334
0 0.9211111111111111 0.44166666666666665 0.051111111111111114 0.051666666666666666
0 0.7977777777777778 0.4558333333333333 0.044444444444444446 0.056666666666666664
0 0.4533333333333333 0.46 0.03777777777777778 0.065
0 0.8822222222222222 0.4658333333333333 0.04 0.058333333333333334
0 0.8388888888888889 0.4666666666666667 0.042222222222222223 0.055
0 0.9744444444444444 0.4708333333333333 0.04666666666666667 0.065
0 0.5733333333333334 0.48833333333333334 0.07333333333333333 0.06333333333333334
0 0.5055555555555555 0.49 0.057777777777777775 0.06833333333333333
0 0.6588888888888889 0.5125 0.042222222222222223 0.055
0 0.7244444444444444 0.5216666666666666 0.08 0.08166666666666667
0 0.46111111111111114 0.5266666666666666 0.03111111111111111 0.06333333333333334
0 0.9101999999999999 0.05603333333333333 0.05064444444444437 0.05669999999999999
0 0.5744444444444444 0.5508333333333333 0.06888888888888889 0.055
0 0.5077777777777778 0.5533333333333333 0.05333333333333334 0.058333333333333334
0 0.7959555555555555 0.05734999999999999 0.05419999999999997 0.056700000000000014
0 0.9711111111111111 0.5766666666666667 0.05333333333333334 0.08666666666666667
0 0.46444444444444444 0.5875 0.03777777777777778 0.055
0 0.5733333333333334 0.6083333333333333 0.06888888888888889 0.05333333333333334
0 0.51 0.6125 0.051111111111111114 0.056666666666666664
0 0.8574666666666667 0.06394999999999999 0.06473333333333332 0.06723333333333334
0 0.4722222222222222 0.655 0.035555555555555556 0.056666666666666664
0 0.5722222222222222 0.6641666666666667 0.06444444444444444 0.051666666666666666
0 0.5144444444444445 0.6666666666666666 0.042222222222222223 0.04833333333333333
0 0.4 0.6925 0.07555555555555556 0.07833333333333334
0 0.5744444444444444 0.7158333333333333 0.06222222222222222 0.041666666666666664
0 0.4955555555555556 0.7483333333333333 0.07111111111111111 0.06833333333333333
0 0.7107111111111111 0.11206666666666666 0.08411111111111116 0.07383333333333332
0 0.5655555555555556 0.11416666666666667 0.07333333333333333 0.06
0 0.9119555555555555 0.11735 0.07877777777777788 0.06591666666666668
0 0.8486888888888889 0.12063333333333333 0.04715555555555562 0.056700000000000014
0 0.35555555555555557 0.1225 0.07111111111111111 0.07666666666666666
0 0.49666666666666665 0.1225 0.07333333333333333 0.07666666666666666
0 0.42444444444444446 0.12416666666666666 0.06666666666666667 0.07666666666666666
0 0.6349777777777778 0.13145 0.059688888888888916 0.05571666666666668