0 0.9141666666666667 0.23222222222222222 0.1 0.12
0 0.7716666666666666 0.27666666666666667 0.065 0.08444444444444445
0 0.8475 0.29777777777777775 0.07833333333333334 0.11333333333333333
0 0.26 0.3188888888888889 0.056666666666666664 0.08
0 0.7308333333333333 0.3377777777777778 0.05 0.08888888888888889
0 0.0225 0.34555555555555556 0.043333333333333335 0.11333333333333333
0 0.08333333333333333 0.35333333333333333 0.07 0.10444444444444445
0 0.18166666666666667 0.36333333333333334 0.07 0.09777777777777778
0 0.9483333333333334 0.3711111111111111 0.10166666666666667 0.15777777777777777
0 0.7941666666666667 0.37666666666666665 0.065 0.10888888888888888
0 0.4 0.3877777777777778 0.065 0.07555555555555556
0 0.48083333333333333 0.39222222222222225 0.045 0.06222222222222222
0 0.44583333333333336 0.39666666666666667 0.025 0.07111111111111111
0 0.6191666666666666 0.3988888888888889 0.04 0.07777777777777778
0 0.8541666666666666 0.042222222222222223 0.08833333333333333 0.08
0 0.2425 0.4288888888888889 0.07833333333333334 0.11555555555555555
0 0.875 0.4288888888888889 0.08833333333333333 0.13333333333333333
0 0.7408333333333333 0.4311111111111111 0.05 0.10444444444444445
0 0.5841666666666666 0.43222222222222223 0.03333333333333333 0.07111111111111111
0 0.66 0.43555555555555553 0.04666666666666667 0.08888888888888889
0 0.16333333333333333 0.43777777777777777 0.07666666666666666 0.051111111111111114
0 0.5058333333333334 0.4488888888888889 0.055 0.08666666666666667
0 0.06166666666666667 0.45555555555555555 0.07 0.11333333333333333
0 0.3025 0.45666666666666667 0.041666666666666664 0.08444444444444445
0 0.3408333333333333 0.4711111111111111 0.03666666666666667 0.08222222222222222
0 0.7008333333333333 0.47555555555555556 0.06333333333333334 0.09333333333333334
0 0.6208333333333333 0.48 0.03166666666666667 0.07777777777777778
0 0.3958333333333333 0.48444444444444446 0.07 0.11777777777777777
0 0.4675 0.49 0.075 0.11333333333333333
0 0.5666666666666667 0.4922222222222222 0.025 0.06666666666666667
0 0.8208333333333333 0.49666666666666665 0.07 0.13555555555555557
0 0.595 0.5111111111111111 0.03166666666666667 0.08444444444444445
0 0.5208333333333334 0.5244444444444445 0.028333333333333332 0.06222222222222222
0 0.6608333333333334 0.5288888888888889 0.045 0.09555555555555556
0 0.1375 0.5322222222222223 0.09166666666666666 0.14222222222222222
0 0.7625 0.5377777777777778 0.06666666666666667 0.11555555555555555
0 0.295 0.5411111111111111 0.045 0.08444444444444445
0 0.3358333333333333 0.5544444444444444 0.03333333333333333 0.08222222222222222
0 0.2325 0.5555555555555556 0.08166666666666667 0.1288888888888889
0 0.63 0.5588888888888889 0.03666666666666667 0.08
0 0.5733333333333334 0.56 0.023333333333333334 0.06888888888888889
0 0.7125 0.58 0.06 0.11555555555555555
0 0.0275 0.59 0.051666666666666666 0.1511111111111111
0 0.5983333333333334 0.59 0.03 0.07777777777777778
0 0.29083333333333333 0.6088888888888889 0.04666666666666667 0.04666666666666667
0 0.4691666666666667 0.61 0.07166666666666667 0.12222222222222222
0 0.39166666666666666 0.6122222222222222 0.08 0.13333333333333333
0 0.5383333333333333 0.6266666666666667 0.07 0.13333333333333333
0 0.675 0.6311111111111111 0.03833333333333333 0.10444444444444445
0 0.64 0.6466666666666666 0.03833333333333333 0.08666666666666667
0 0.6058333333333333 0.66 0.035 0.057777777777777775
0 0.1 0.6922222222222222 0.105 0.17555555555555555
0 0.2025 0.7 0.095 0.1688888888888889
0 0.2966666666666667 0.7144444444444444 0.09 0.16
0 0.3858333333333333 0.7455555555555555 0.09166666666666666 0.15555555555555556
0 0.4691666666666667 0.7488888888888889 0.075 0.1511111111111111
0 0.545 0.7611111111111111 0.06833333333333333 0.14222222222222222
0 0.6183333333333333 0.7611111111111111 0.08333333333333333 0.14666666666666667
0 0.6805166666666667 0.8584666666666667 0.03403333333333326 0.09697777777777775
0 0.07 0.8788888888888889 0.12666666666666668 0.20666666666666667
0 0.19 0.8822222222222222 0.10333333333333333 0.19333333333333333
0 0.2875 0.89 0.08833333333333333 0.18444444444444444
0 0.7179333333333333 0.9069555555555555 0.03830000000000003 0.10266666666666677
0 0.38083333333333336 0.9088888888888889 0.09166666666666666 0.1688888888888889
0 0.4716666666666667 0.9111111111111111 0.08666666666666667 0.16444444444444445
0 0.773 0.9126666666666666 0.05431666666666672 0.07986666666666653
0 0.5508333333333333 0.9166666666666666 0.07333333333333333 0.16
0 0.6316666666666667 0.9188888888888889 0.08166666666666667 0.15555555555555556
0 0.6928 0.9526 0.026549999999999917 0.09411111111111116
0 0.845 0.97 0.06333333333333334 0.05555555555555555
0 0.915 0.9711111111111111 0.06666666666666667 0.05333333333333334
0 0.7708333333333334 0.9755555555555555 0.055 0.044444444444444446
0 0.7966666666666666 0.11666666666666667 0.07166666666666667 0.07777777777777778
0 0.88 0.14444444444444443 0.09333333333333334 0.10888888888888888
0 0.96 0.1511111111111111 0.06833333333333333 0.15777777777777777
0 0.7525 0.18777777777777777 0.07 0.08444444444444445
0 0.8275 0.2111111111111111 0.075 0.09333333333333334