0 0.8241666666666667 0.33111111111111113 0.04666666666666667 0.07777777777777778
0 0.7741666666666667 0.3322222222222222 0.04666666666666667 0.07333333333333333
0 0.5858333333333333 0.3411111111111111 0.04833333333333333 0.07555555555555556
0 0.63 0.3411111111111111 0.043333333333333335 0.07333333333333333
0 0.6808333333333333 0.3433333333333333 0.04 0.07333333333333333
0 0.73 0.3433333333333333 0.04666666666666667 0.06888888888888889
0 0.48583333333333334 0.34444444444444444 0.04833333333333333 0.06666666666666667
0 0.5366666666666666 0.34444444444444444 0.043333333333333335 0.06444444444444444
0 0.8333333333333334 0.41333333333333333 0.05333333333333334 0.08
0 0.7808333333333334 0.4177777777777778 0.051666666666666666 0.08666666666666667
0 0.68 0.42 0.04666666666666667 0.07111111111111111
0 0.5383333333333333 0.4211111111111111 0.041666666666666664 0.08222222222222222
0 0.7316666666666667 0.4211111111111111 0.04833333333333333 0.08222222222222222
0 0.6341666666666667 0.4222222222222222 0.04666666666666667 0.08666666666666667
0 0.49 0.42333333333333334 0.04833333333333333 0.08222222222222222
0 0.585 0.42444444444444446 0.05 0.08666666666666667
0 0.43833333333333335 0.4311111111111111 0.05 0.07111111111111111
0 0.8458333333333333 0.4988888888888889 0.06 0.09333333333333334
0 0.39166666666666666 0.5044444444444445 0.051666666666666666 0.08222222222222222
0 0.7883333333333333 0.5044444444444445 0.051666666666666666 0.08
0 0.44 0.5055555555555555 0.045 0.08
0 0.5391666666666667 0.5055555555555555 0.05 0.08222222222222222
0 0.3383333333333333 0.5066666666666667 0.04833333333333333 0.07777777777777778
0 0.6375 0.5066666666666667 0.04833333333333333 0.08
0 0.6858333333333333 0.5066666666666667 0.04833333333333333 0.08444444444444445
0 0.7366666666666667 0.5066666666666667 0.04666666666666667 0.08444444444444445
0 0.4866666666666667 0.5077777777777778 0.045 0.08
0 0.5883333333333334 0.5088888888888888 0.043333333333333335 0.08
0 0.29083333333333333 0.5133333333333333 0.045 0.08222222222222222
0 0.77 0.6822222222222222 0.05333333333333334 0.08888888888888889
0 0.27166666666666667 0.6866666666666666 0.05 0.10666666666666667
0 0.43833333333333335 0.6866666666666666 0.056666666666666664 0.10666666666666667
0 0.38083333333333336 0.6877777777777778 0.055 0.10222222222222223
0 0.32416666666666666 0.6888888888888889 0.04666666666666667 0.09555555555555556
0 0.495 0.69 0.051666666666666666 0.09777777777777778
0 0.5416666666666666 0.6933333333333334 0.06166666666666667 0.09111111111111111
0 0.7733333333333333 0.7633333333333333 0.04666666666666667 0.057777777777777775
0 0.325 0.7811111111111111 0.06166666666666667 0.09333333333333334
0 0.6066666666666667 0.7844444444444445 0.06 0.09777777777777778
0 0.27 0.7855555555555556 0.05333333333333334 0.08222222222222222
0 0.4975 0.7855555555555556 0.056666666666666664 0.09333333333333334
0 0.5508333333333333 0.7866666666666666 0.051666666666666666 0.09555555555555556
0 0.385 0.7877777777777778 0.055 0.09111111111111111
0 0.44083333333333335 0.7877777777777778 0.05333333333333334 0.08888888888888889