0 0.03111111111111111 0.21 0.05555555555555555 0.11
0 0.25 0.21083333333333334 0.08444444444444445 0.10666666666666667
0 0.16333333333333333 0.2125 0.08 0.105
0 0.09222222222222222 0.21333333333333335 0.07111111111111111 0.09833333333333333
0 0.32555555555555554 0.21416666666666667 0.06 0.10166666666666667
0 0.7277777777777777 0.2725 0.15333333333333332 0.16
0 0.5688888888888889 0.27416666666666667 0.14666666666666667 0.16
0 0.9211111111111111 0.2791666666666667 0.13555555555555557 0.20666666666666667
0 0.5844444444444444 0.45916666666666667 0.1711111111111111 0.21166666666666667
0 0.4288888888888889 0.4625 0.13777777777777778 0.18833333333333332
0 0.76 0.4816666666666667 0.17333333333333334 0.2
0 0.93 0.485 0.13555555555555557 0.2
0 0.4311111111111111 0.65 0.14222222222222222 0.18833333333333332
0 0.5844444444444444 0.6541666666666667 0.16444444444444445 0.18166666666666667
0 0.7622222222222222 0.6775 0.16666666666666666 0.18666666666666668
0 0.9211111111111111 0.6816666666666666 0.1511111111111111 0.19666666666666666
0 0.025555555555555557 0.08416666666666667 0.051111111111111114 0.12833333333333333
0 0.43444444444444447 0.835 0.14 0.17666666666666667
0 0.5877777777777777 0.8433333333333334 0.16666666666666666 0.19666666666666666
0 0.7566666666666667 0.8641666666666666 0.1622222222222222 0.18833333333333332
0 0.09 0.08666666666666667 0.07555555555555556 0.13
0 0.9177777777777778 0.875 0.14888888888888888 0.18666666666666668
0 0.96 0.09416666666666666 0.07555555555555556 0.15833333333333333
0 0.16666666666666666 0.09416666666666666 0.07111111111111111 0.11666666666666667
0 0.24888888888888888 0.09583333333333334 0.08666666666666667 0.12166666666666667
0 0.43666666666666665 0.9616666666666667 0.13333333333333333 0.075
0 0.59 0.9716666666666667 0.1711111111111111 0.05333333333333334
0 0.3231777777777778 0.10021666666666668 0.0607555555555555 0.10900000000000001
0 0.6766666666666666 0.11166666666666666 0.06 0.105
0 0.8755555555555555 0.1275 0.07777777777777778 0.105
0 0.7722222222222223 0.1325 0.1111111111111111 0.10833333333333334