0 0.5307499999999999 0.05139999999999999 0.10584999999999999 0.10277777777777777
0 0.19583333333333333 0.5833333333333334 0.08333333333333333 0.18666666666666668
0 0.4475 0.06111111111111111 0.08666666666666667 0.12222222222222222
0 0.3375 0.6033333333333334 0.09166666666666666 0.22
0 0.41833333333333333 0.6066666666666667 0.095 0.20444444444444446
0 0.25833333333333336 0.6077777777777778 0.07666666666666666 0.17777777777777778
0 0.5225 0.6155555555555555 0.12333333333333334 0.23777777777777778
0 0.6408333333333334 0.6211111111111111 0.115 0.24666666666666667
0 0.36666666666666664 0.07222222222222222 0.085 0.14444444444444443
0 0.1975 0.7533333333333333 0.07666666666666666 0.14444444444444443
0 0.27416666666666667 0.7744444444444445 0.07 0.1511111111111111
0 0.3433333333333333 0.7966666666666666 0.08666666666666667 0.16444444444444445
0 0.42583333333333334 0.8111111111111111 0.09333333333333334 0.20222222222222222
0 0.285 0.08444444444444445 0.10166666666666667 0.1688888888888889
0 0.5266666666666666 0.8466666666666667 0.11333333333333333 0.22
0 0.6483333333333333 0.8722222222222222 0.12333333333333334 0.2511111111111111
0 0.2025 0.09333333333333334 0.09666666666666666 0.17555555555555555
0 0.13583333333333333 0.11222222222222222 0.09 0.18444444444444444
0 0.08083333333333333 0.13555555555555557 0.07666666666666666 0.1622222222222222
0 0.0375 0.15666666666666668 0.075 0.17333333333333334