0 0.9658333333333333 0.24 0.065 0.13333333333333333
0 0.8666666666666667 0.27444444444444444 0.08833333333333333 0.12
0 0.5141666666666667 0.3566666666666667 0.075 0.13555555555555557
0 0.44166666666666665 0.38333333333333336 0.065 0.1288888888888889
0 0.965 0.4011111111111111 0.06666666666666667 0.20222222222222222
0 0.38166666666666665 0.41444444444444445 0.05333333333333334 0.11333333333333333
0 0.8833333333333333 0.42333333333333334 0.12 0.1711111111111111
0 0.7741666666666667 0.4488888888888889 0.10166666666666667 0.1688888888888889
0 0.67 0.46 0.09833333333333333 0.16
0 0.5825 0.48 0.08166666666666667 0.15777777777777777
0 0.5016666666666667 0.4988888888888889 0.07666666666666666 0.14
0 0.43083333333333335 0.5177777777777778 0.06666666666666667 0.1288888888888889
0 0.36916666666666664 0.5355555555555556 0.058333333333333334 0.12444444444444444
0 0.31083333333333335 0.5377777777777778 0.058333333333333334 0.13333333333333333
0 0.25 0.5533333333333333 0.055 0.12222222222222222
0 0.9783333333333334 0.5922222222222222 0.04 0.18888888888888888
0 0.8975 0.6044444444444445 0.13 0.17555555555555555
0 0.7791666666666667 0.6166666666666667 0.11333333333333333 0.1688888888888889
0 0.6758333333333333 0.6244444444444445 0.09666666666666666 0.1622222222222222
0 0.5816666666666667 0.6322222222222222 0.09333333333333334 0.15555555555555556
0 0.49333333333333335 0.6422222222222222 0.08333333333333333 0.14444444444444443
0 0.42083333333333334 0.6555555555555556 0.06666666666666667 0.13111111111111112
0 0.3575 0.6622222222222223 0.055 0.13333333333333333
0 0.2966666666666667 0.6722222222222223 0.06333333333333334 0.12666666666666668
0 0.2325 0.68 0.065 0.12
0 0.13583333333333333 0.9577777777777777 0.06166666666666667 0.08
0 0.20416666666666666 0.9633333333333334 0.08833333333333333 0.06888888888888889