0 0.495 0.30666666666666664 0.07333333333333333 0.16266666666666665
0 0.16833333333333333 0.32 0.07833333333333334 0.17866666666666667
0 0.43711666666666665 0.3426666666666667 0.05971666666666669 0.14133333333333334
0 0.05416666666666667 0.3506666666666667 0.10833333333333334 0.24533333333333332
0 0.355 0.36666666666666664 0.10166666666666667 0.25866666666666666
0 0.225 0.37866666666666665 0.041666666666666664 0.11733333333333333
0 0.5675 0.4026666666666667 0.06166666666666667 0.13066666666666665
0 0.9658333333333333 0.452 0.065 0.20533333333333334
0 0.6966666666666667 0.47333333333333333 0.11 0.17333333333333334
0 0.435 0.484 0.051666666666666666 0.192
0 0.9091666666666667 0.484 0.08333333333333333 0.15466666666666667
0 0.23666666666666666 0.4866666666666667 0.065 0.096
0 0.4975 0.4866666666666667 0.06833333333333333 0.19466666666666665
0 0.7875 0.4866666666666667 0.08 0.168
0 0.8608333333333333 0.488 0.075 0.14933333333333335
0 0.15666666666666668 0.492 0.085 0.176
0 0.6175 0.5213333333333333 0.06166666666666667 0.14933333333333335
0 0.049166666666666664 0.5866666666666667 0.09166666666666666 0.256
0 0.3475 0.616 0.11333333333333333 0.24533333333333332
0 0.21083333333333334 0.6373333333333333 0.09833333333333333 0.192
0 0.5791666666666667 0.6506666666666666 0.09666666666666666 0.19466666666666665
0 0.13 0.6546666666666666 0.06833333333333333 0.128
0 0.43416666666666665 0.6586666666666666 0.056666666666666664 0.14666666666666667
0 0.7125 0.6626666666666666 0.11333333333333333 0.18666666666666668
0 0.49583333333333335 0.668 0.065 0.14933333333333335
0 0.8783333333333333 0.6693333333333333 0.085 0.20266666666666666
0 0.8091666666666667 0.672 0.08166666666666667 0.18666666666666668
0 0.95 0.6786666666666666 0.07666666666666666 0.18933333333333333
0 0.2225 0.252 0.055 0.13866666666666666