0 0.5316666666666666 0.2853333333333333 0.05333333333333334 0.15466666666666667
0 0.5891666666666666 0.3 0.058333333333333334 0.144
0 0.6483333333333333 0.30533333333333335 0.056666666666666664 0.13866666666666666
0 0.8466666666666667 0.3373333333333333 0.055 0.13066666666666665
0 0.8983333333333333 0.348 0.045 0.12533333333333332
0 0.015833333333333335 0.34933333333333333 0.03 0.16533333333333333
0 0.9483333333333334 0.35333333333333333 0.043333333333333335 0.12266666666666666
0 0.07666666666666666 0.37733333333333335 0.08833333333333333 0.184
0 0.16833333333333333 0.38666666666666666 0.08166666666666667 0.17333333333333334
0 0.4625 0.4066666666666667 0.06166666666666667 0.16266666666666665
0 0.25 0.408 0.07333333333333333 0.15466666666666667
0 0.3125 0.408 0.05333333333333334 0.14666666666666667
0 0.3933333333333333 0.41333333333333333 0.065 0.15466666666666667
0 0.5225 0.428 0.055 0.14133333333333334
0 0.5816666666666667 0.43733333333333335 0.056666666666666664 0.136
0 0.6408333333333334 0.44533333333333336 0.055 0.13866666666666666
0 0.7008333333333333 0.45066666666666666 0.055 0.13066666666666665
0 0.7841666666666667 0.46266666666666667 0.056666666666666664 0.13333333333333333
0 0.8433333333333334 0.4706666666666667 0.05333333333333334 0.13333333333333333
0 0.8933333333333333 0.47333333333333333 0.05 0.136
0 0.94 0.47733333333333333 0.041666666666666664 0.128
0 0.013033333333333334 0.5493333333333333 0.02155 0.20266666666666666
0 0.06833333333333333 0.5533333333333333 0.08166666666666667 0.16266666666666665
0 0.24333333333333335 0.56 0.07333333333333333 0.16
0 0.16416666666666666 0.5626666666666666 0.075 0.17333333333333334
0 0.3233333333333333 0.5653333333333334 0.06666666666666667 0.16
0 0.39 0.5666666666666667 0.056666666666666664 0.14933333333333335
0 0.46 0.5666666666666667 0.058333333333333334 0.14933333333333335
0 0.5166666666666667 0.5746666666666667 0.05333333333333334 0.14666666666666667
0 0.5758333333333333 0.576 0.06166666666666667 0.14933333333333335
0 0.6341666666666667 0.5826666666666667 0.055 0.14133333333333334
0 0.6941666666666667 0.588 0.058333333333333334 0.144
0 0.7741666666666667 0.5893333333333334 0.058333333333333334 0.12266666666666666
0 0.8358333333333333 0.596 0.05333333333333334 0.13066666666666665
0 0.8866666666666667 0.6013333333333334 0.045 0.12266666666666666
0 0.935 0.6026666666666667 0.04666666666666667 0.112
0 0.8308333333333333 0.712 0.05333333333333334 0.13333333333333333
0 0.78 0.7133333333333334 0.045 0.12
0 0.5125 0.7146666666666667 0.058333333333333334 0.136
0 0.5716666666666667 0.7146666666666667 0.055 0.13866666666666666
0 0.6258333333333334 0.7146666666666667 0.05 0.13066666666666665
0 0.7366666666666667 0.72 0.03833333333333333 0.13066666666666665
0 0.4525 0.7213333333333334 0.06333333333333334 0.15466666666666667
0 0.385 0.7226666666666667 0.06166666666666667 0.14133333333333334
0 0.9275 0.7226666666666667 0.041666666666666664 0.11733333333333333
0 0.23666666666666666 0.724 0.06666666666666667 0.16
0 0.31166666666666665 0.724 0.065 0.14933333333333335
0 0.8825 0.7266666666666667 0.04666666666666667 0.128
0 0.1575 0.7293333333333333 0.07833333333333334 0.168
0 0.6841666666666667 0.7306666666666667 0.06 0.128
0 0.06416666666666666 0.732 0.07666666666666666 0.16533333333333333
0 0.7791666666666667 0.9093333333333333 0.11166666666666666 0.176
0 0.855 0.9106666666666666 0.045 0.13066666666666665
0 0.8975 0.9146666666666666 0.045 0.12266666666666666
0 0.6983333333333334 0.9413333333333334 0.045 0.11466666666666667
0 0.6491666666666667 0.9426666666666667 0.045 0.112
0 0.6075 0.9466666666666667 0.035 0.10133333333333333
0 0.5308333333333334 0.9533333333333334 0.065 0.08533333333333333
0 0.4666666666666667 0.9546666666666667 0.06833333333333333 0.08
0 0.395 0.956 0.06833333333333333 0.08
0 0.020833333333333332 0.176 0.03833333333333333 0.17333333333333334
0 0.08833333333333333 0.19466666666666665 0.07833333333333334 0.18933333333333333
0 0.17583333333333334 0.21333333333333335 0.07666666666666666 0.18133333333333335
0 0.25666666666666665 0.23333333333333334 0.07833333333333334 0.18133333333333335
0 0.4716666666666667 0.24533333333333332 0.058333333333333334 0.16266666666666665
0 0.39916666666666667 0.25466666666666665 0.07 0.152
0 0.3233333333333333 0.25866666666666666 0.055 0.15733333333333333