0 0.6066666666666667 0.2693333333333333 0.058333333333333334 0.144
0 0.5333333333333333 0.27066666666666667 0.021666666666666667 0.128
0 0.6633333333333333 0.272 0.045 0.136
0 0.5616666666666666 0.2773333333333333 0.03 0.13066666666666665
0 0.7041666666666667 0.2773333333333333 0.03 0.13066666666666665
0 0.8075 0.28 0.04833333333333333 0.11733333333333333
0 0.8541666666666666 0.2866666666666667 0.03833333333333333 0.11466666666666667
0 0.8925 0.288 0.041666666666666664 0.12266666666666666
0 0.9433333333333334 0.29333333333333333 0.051666666666666666 0.11733333333333333
0 0.045 0.37866666666666665 0.085 0.18666666666666668
0 0.215 0.38 0.07833333333333334 0.17333333333333334
0 0.13166666666666665 0.38 0.08666666666666667 0.18133333333333335
0 0.2916666666666667 0.38666666666666666 0.07 0.16533333333333333
0 0.49166666666666664 0.3973333333333333 0.05333333333333334 0.14933333333333335
0 0.8483333333333334 0.4013333333333333 0.04 0.12266666666666666
0 0.36083333333333334 0.4026666666666667 0.07 0.152
0 0.5341666666666667 0.4026666666666667 0.023333333333333334 0.12533333333333332
0 0.4275 0.404 0.06666666666666667 0.15466666666666667
0 0.8916666666666667 0.404 0.035 0.10933333333333334
0 0.8033333333333333 0.4053333333333333 0.045 0.128
0 0.5591666666666667 0.408 0.025 0.128
0 0.6025 0.408 0.06 0.13066666666666665
0 0.6591666666666667 0.408 0.051666666666666666 0.136
0 0.9383333333333334 0.408 0.05 0.10933333333333334
0 0.7583333333333333 0.4093333333333333 0.041666666666666664 0.128
0 0.71 0.4106666666666667 0.045 0.13066666666666665
0 0.8908333333333334 0.516 0.03833333333333333 0.12
0 0.8483333333333334 0.52 0.041666666666666664 0.104
0 0.8016666666666666 0.5213333333333333 0.045 0.09066666666666667
0 0.9358333333333333 0.5213333333333333 0.043333333333333335 0.112
0 0.7558333333333334 0.5333333333333333 0.04666666666666667 0.12266666666666666
0 0.6033333333333334 0.54 0.04833333333333333 0.12533333333333332
0 0.7066666666666667 0.54 0.045 0.11466666666666667
0 0.6558333333333334 0.5413333333333333 0.04666666666666667 0.12533333333333332
0 0.5491666666666667 0.544 0.058333333333333334 0.13333333333333333
0 0.49 0.5466666666666666 0.06166666666666667 0.14133333333333334
0 0.42916666666666664 0.548 0.06166666666666667 0.14133333333333334
0 0.2941666666666667 0.5506666666666666 0.06666666666666667 0.16533333333333333
0 0.36333333333333334 0.5533333333333333 0.07 0.14666666666666667
0 0.21666666666666667 0.556 0.08166666666666667 0.16266666666666665
0 0.0475 0.5626666666666666 0.08333333333333333 0.18666666666666668
0 0.13333333333333333 0.5626666666666666 0.08166666666666667 0.17066666666666666
0 0.8925 0.6226666666666667 0.02666666666666667 0.08
0 0.9316666666666666 0.6346666666666667 0.04666666666666667 0.10933333333333334
0 0.7016666666666667 0.66 0.03833333333333333 0.12266666666666666
0 0.6558333333333334 0.664 0.05 0.12266666666666666
0 0.6041666666666666 0.6746666666666666 0.04666666666666667 0.12533333333333332
0 0.5458333333333333 0.68 0.056666666666666664 0.136
0 0.48833333333333334 0.6866666666666666 0.056666666666666664 0.128
0 0.4266666666666667 0.696 0.06333333333333334 0.13866666666666666
0 0.36333333333333334 0.708 0.065 0.136
0 0.2925 0.7173333333333334 0.06833333333333333 0.15466666666666667
0 0.21666666666666667 0.7266666666666667 0.07333333333333333 0.15733333333333333
0 0.058333333333333334 0.728 0.06 0.13333333333333333
0 0.1325 0.7333333333333333 0.085 0.16
0 0.6833333333333333 0.9 0.035 0.11733333333333333
0 0.6458333333333334 0.908 0.03666666666666667 0.13066666666666665
0 0.56 0.92 0.055 0.13066666666666665
0 0.49833333333333335 0.936 0.06666666666666667 0.12533333333333332
0 0.435 0.9466666666666667 0.056666666666666664 0.09866666666666667
0 0.37166666666666665 0.9546666666666667 0.056666666666666664 0.08533333333333333
0 0.295 0.956 0.07 0.08533333333333333
0 0.04416666666666667 0.18 0.08166666666666667 0.20266666666666666
0 0.12916666666666668 0.19066666666666668 0.08166666666666667 0.18666666666666668
0 0.21416666666666667 0.19866666666666666 0.07833333333333334 0.18933333333333333
0 0.2925 0.22133333333333333 0.07166666666666667 0.16266666666666665
0 0.3625 0.24266666666666667 0.065 0.16266666666666665
0 0.43 0.24933333333333332 0.06166666666666667 0.152
0 0.49416666666666664 0.25466666666666665 0.058333333333333334 0.136