0 0.8583333333333333 0.372 0.05333333333333334 0.12266666666666666
0 0.6116666666666667 0.3933333333333333 0.06166666666666667 0.14933333333333335
0 0.6866666666666666 0.3973333333333333 0.06 0.144
0 0.5491666666666667 0.41333333333333333 0.056666666666666664 0.13066666666666665
0 0.31583333333333335 0.416 0.041666666666666664 0.136
0 0.44083333333333335 0.42 0.045 0.13333333333333333
0 0.98 0.464 0.03666666666666667 0.13866666666666666
0 0.9308333333333333 0.472 0.055 0.128
0 0.7808333333333334 0.488 0.05333333333333334 0.11733333333333333
0 0.6325 0.05466666666666667 0.06333333333333334 0.10933333333333334
0 0.6133333333333333 0.5386666666666666 0.06 0.136
0 0.6825 0.5386666666666666 0.07333333333333333 0.13866666666666666
0 0.43666666666666665 0.5506666666666666 0.055 0.12266666666666666
0 0.37583333333333335 0.552 0.058333333333333334 0.136
0 0.5491666666666667 0.5533333333333333 0.058333333333333334 0.14133333333333334
0 0.32166666666666666 0.5546666666666666 0.045 0.13066666666666665
0 0.2975 0.056 0.07 0.09866666666666667
0 0.43666666666666665 0.05733333333333333 0.056666666666666664 0.112
0 0.23 0.058666666666666666 0.065 0.104
0 0.5683333333333334 0.058666666666666666 0.055 0.10666666666666667
0 0.6991666666666667 0.058666666666666666 0.058333333333333334 0.10933333333333334
0 0.37333333333333335 0.06 0.065 0.12
0 0.5041666666666667 0.06 0.065 0.10933333333333334
0 0.7808333333333334 0.6106666666666667 0.056666666666666664 0.13866666666666666
0 0.9708333333333333 0.064 0.055 0.128
0 0.8375 0.6146666666666667 0.06166666666666667 0.14666666666666667
0 0.9091666666666667 0.62 0.06166666666666667 0.14133333333333334
0 0.7941666666666667 0.06533333333333333 0.056666666666666664 0.13066666666666665
0 0.9666666666666667 0.6586666666666666 0.043333333333333335 0.12
0 0.6108333333333333 0.6773333333333333 0.055 0.14133333333333334
0 0.4425 0.6826666666666666 0.056666666666666664 0.13066666666666665
0 0.6808333333333333 0.684 0.065 0.14133333333333334
0 0.37916666666666665 0.6866666666666666 0.058333333333333334 0.13066666666666665
0 0.3225 0.6893333333333334 0.045 0.13866666666666666
0 0.5516666666666666 0.6906666666666667 0.058333333333333334 0.128
0 0.8558333333333333 0.06933333333333333 0.056666666666666664 0.13333333333333333
0 0.915 0.06933333333333333 0.06 0.136
0 0.7775 0.7386666666666667 0.06 0.13333333333333333
0 0.84 0.7506666666666667 0.05333333333333334 0.12
0 0.9016666666666666 0.7546666666666667 0.05333333333333334 0.128
0 0.9566666666666667 0.764 0.043333333333333335 0.10133333333333333
0 0.37916666666666665 0.8173333333333334 0.055 0.12533333333333332
0 0.6108333333333333 0.8173333333333334 0.06 0.13066666666666665
0 0.6808333333333333 0.8186666666666667 0.07 0.12266666666666666
0 0.5516666666666666 0.82 0.055 0.128
0 0.44416666666666665 0.8213333333333334 0.056666666666666664 0.12533333333333332
0 0.32416666666666666 0.8253333333333334 0.043333333333333335 0.12266666666666666
0 0.975 0.9226666666666666 0.04666666666666667 0.14933333333333335
0 0.6475 0.96 0.065 0.07466666666666667
0 0.49583333333333335 0.9653333333333334 0.06166666666666667 0.06666666666666667
0 0.5716666666666667 0.9653333333333334 0.06166666666666667 0.06666666666666667
0 0.5016666666666667 0.16933333333333334 0.055 0.11466666666666667
0 0.4375 0.176 0.06333333333333334 0.12
0 0.3016666666666667 0.17733333333333334 0.065 0.12533333333333332
0 0.37583333333333335 0.18266666666666667 0.065 0.10933333333333334
0 0.565 0.18533333333333332 0.056666666666666664 0.152
0 0.6975 0.18666666666666668 0.055 0.13333333333333333
0 0.6291666666666667 0.18933333333333333 0.06 0.14133333333333334
0 0.23666666666666666 0.19066666666666668 0.065 0.152
0 0.7908333333333334 0.19733333333333333 0.058333333333333334 0.128
0 0.9733333333333334 0.19733333333333333 0.05 0.13866666666666666
0 0.8525 0.19866666666666666 0.055 0.13066666666666665
0 0.9108333333333334 0.2 0.05 0.128