0 0.532 0.1675 0.112 0.1
0 0.6493333333333333 0.17 0.12 0.08666666666666667
0 0.30133333333333334 0.18333333333333332 0.09866666666666667 0.075
0 0.09466666666666666 0.2425 0.10666666666666667 0.06333333333333334
0 0.20133333333333334 0.25083333333333335 0.112 0.07833333333333334
0 0.4146666666666667 0.25166666666666665 0.11466666666666667 0.09
0 0.7066666666666667 0.25416666666666665 0.09066666666666667 0.08166666666666667
0 0.31066666666666665 0.25583333333333336 0.09866666666666667 0.07166666666666667
0 0.5373333333333333 0.2575 0.11466666666666667 0.075
0 0.6293333333333333 0.25833333333333336 0.07733333333333334 0.07166666666666667
0 0.34 0.3575 0.08266666666666667 0.07
0 0.4666666666666667 0.3591666666666667 0.08266666666666667 0.06333333333333334
0 0.584 0.36083333333333334 0.09866666666666667 0.085
0 0.021333333333333333 0.3625 0.042666666666666665 0.07
0 0.6746666666666666 0.3625 0.08 0.08666666666666667
0 0.10666666666666667 0.3641666666666667 0.09066666666666667 0.06666666666666667
0 0.23066666666666666 0.36583333333333334 0.08533333333333333 0.06166666666666667
0 0.484 0.4425 0.12 0.11
0 0.356 0.445 0.12266666666666666 0.11333333333333333
0 0.5906666666666667 0.4508333333333333 0.096 0.09166666666666666
0 0.124 0.4508333333333333 0.12 0.1
0 0.68 0.45166666666666666 0.06933333333333333 0.09333333333333334
0 0.030666666666666665 0.4525 0.06133333333333333 0.11333333333333333
0 0.23466666666666666 0.4525 0.112 0.105
0 0.6626666666666666 0.5566666666666666 0.08266666666666667 0.08666666666666667
0 0.568 0.5591666666666667 0.096 0.08166666666666667
0 0.2 0.5783333333333334 0.10133333333333333 0.09
0 0.08266666666666667 0.5858333333333333 0.11466666666666667 0.085
0 0.08133333333333333 0.065 0.10666666666666667 0.09333333333333334
0 0.456 0.6466666666666666 0.13066666666666665 0.12833333333333333
0 0.6626666666666666 0.6466666666666666 0.07733333333333334 0.09333333333333334
0 0.5706666666666667 0.6475 0.09066666666666667 0.09166666666666666
0 0.32666666666666666 0.6491666666666667 0.13333333333333333 0.12666666666666668
0 0.4053333333333333 0.0675 0.104 0.07833333333333334
0 0.20666666666666667 0.67 0.10933333333333334 0.09166666666666666
0 0.088 0.6775 0.12 0.08666666666666667
0 0.6413333333333333 0.075 0.12533333333333332 0.10166666666666667
0 0.5253333333333333 0.07666666666666666 0.10933333333333334 0.08166666666666667
0 0.5426666666666666 0.8466666666666667 0.104 0.09
0 0.656 0.85 0.11466666666666667 0.09333333333333334
0 0.43866666666666665 0.8508333333333333 0.09866666666666667 0.09666666666666666
0 0.3333333333333333 0.86 0.10666666666666667 0.08333333333333333
0 0.224 0.8716666666666667 0.10666666666666667 0.08666666666666667
0 0.09866666666666667 0.8783333333333333 0.09066666666666667 0.08
0 0.02666666666666667 0.8875 0.050666666666666665 0.09666666666666666
0 0.29733333333333334 0.1175 0.07733333333333334 0.05333333333333334
0 0.5213333333333333 0.016666666666666666 0.096 0.03333333333333333
0 0.088 0.16 0.10666666666666667 0.09333333333333334
0 0.4066666666666667 0.16 0.128 0.09666666666666666
0 0.19333333333333333 0.16166666666666665 0.11733333333333333 0.09333333333333334