0 0.37555555555555553 0.17 0.08222222222222222 0.12666666666666668
0 0.4477777777777778 0.195 0.06 0.11666666666666667
0 0.5144444444444445 0.215 0.06666666666666667 0.10666666666666667
0 0.5722222222222222 0.23166666666666666 0.04666666666666667 0.10333333333333333
0 0.62 0.24583333333333332 0.042222222222222223 0.08833333333333333
0 0.17 0.24833333333333332 0.13111111111111112 0.12833333333333333
0 0.6655555555555556 0.25666666666666665 0.04 0.085
0 0.7033333333333334 0.27 0.028888888888888888 0.075
0 0.2866666666666667 0.2733333333333333 0.09777777777777778 0.125
0 0.7333333333333333 0.2791666666666667 0.028888888888888888 0.07166666666666667
0 0.37666666666666665 0.2891666666666667 0.08666666666666667 0.11833333333333333
0 0.7677777777777778 0.2916666666666667 0.03111111111111111 0.07
0 0.4488888888888889 0.30333333333333334 0.05555555555555555 0.10166666666666667
0 0.8277777777777777 0.31333333333333335 0.022222222222222223 0.06
0 0.5122222222222222 0.31666666666666665 0.06888888888888889 0.1
0 0.8511111111111112 0.32 0.022222222222222223 0.06166666666666667
0 0.87 0.3258333333333333 0.015555555555555555 0.05333333333333334
0 0.5711111111111111 0.3283333333333333 0.04666666666666667 0.09666666666666666
0 0.8877777777777778 0.3308333333333333 0.02 0.055
0 0.6155555555555555 0.335 0.04 0.09166666666666666
0 0.9055555555555556 0.33666666666666667 0.013333333333333334 0.05
0 0.6622222222222223 0.3425 0.051111111111111114 0.08833333333333333
0 0.9188888888888889 0.3425 0.015555555555555555 0.055
0 0.9355555555555556 0.3466666666666667 0.013333333333333334 0.04833333333333333
0 0.7033333333333334 0.34833333333333333 0.03111111111111111 0.08333333333333333
0 0.7333333333333333 0.3516666666666667 0.02666666666666667 0.07666666666666666
0 0.95 0.35333333333333333 0.013333333333333334 0.043333333333333335
0 0.7644444444444445 0.36083333333333334 0.028888888888888888 0.07166666666666667
0 0.8255555555555556 0.37583333333333335 0.02666666666666667 0.058333333333333334
0 0.8522222222222222 0.38333333333333336 0.024444444444444446 0.058333333333333334
0 0.8733333333333333 0.3875 0.017777777777777778 0.051666666666666666
0 0.8922222222222222 0.38916666666666666 0.015555555555555555 0.055
0 0.9088888888888889 0.3908333333333333 0.013333333333333334 0.05
0 0.93 0.39166666666666666 0.02 0.04
0 0.9466666666666667 0.395 0.011111111111111112 0.03333333333333333
0 0.9588888888888889 0.3975 0.015555555555555555 0.03833333333333333
0 0.9211111111111111 0.5325 0.017777777777777778 0.05
0 0.9 0.5358333333333334 0.02 0.04833333333333333
0 0.8777777777777778 0.5408333333333334 0.02666666666666667 0.055
0 0.8211111111111111 0.55 0.024444444444444446 0.06
0 0.8422222222222222 0.555 0.02 0.055
0 0.7577777777777778 0.5608333333333333 0.03333333333333333 0.065
0 0.7211111111111111 0.565 0.03333333333333333 0.06833333333333333
0 0.6911111111111111 0.5708333333333333 0.02666666666666667 0.07166666666666667
0 0.6555555555555556 0.5783333333333334 0.04 0.08166666666666667
0 0.6155555555555555 0.5833333333333334 0.03333333333333333 0.08833333333333333
0 0.9011111111111111 0.585 0.017777777777777778 0.051666666666666666
0 0.9266666666666666 0.585 0.02 0.04833333333333333
0 0.88 0.5941666666666666 0.022222222222222223 0.055
0 0.5511111111111111 0.5975 0.05555555555555555 0.09166666666666666
0 0.8633333333333333 0.5991666666666666 0.017777777777777778 0.05333333333333334
0 0.4911111111111111 0.6058333333333333 0.06 0.09666666666666666
0 0.8488888888888889 0.6116666666666667 0.017777777777777778 0.055
0 0.8244444444444444 0.6125 0.02666666666666667 0.06
0 0.4177777777777778 0.6141666666666666 0.06666666666666667 0.10666666666666667
0 0.7577777777777778 0.6283333333333333 0.03333333333333333 0.065
0 0.34 0.6308333333333334 0.08666666666666667 0.11833333333333333
0 0.9222222222222223 0.6333333333333333 0.022222222222222223 0.045
0 0.7222222222222222 0.6383333333333333 0.03333333333333333 0.06833333333333333
0 0.8988888888888888 0.6383333333333333 0.017777777777777778 0.051666666666666666
0 0.24444444444444444 0.6425 0.10444444444444445 0.12333333333333334
0 0.8822222222222222 0.6475 0.02 0.055
0 0.6877777777777778 0.65 0.03111111111111111 0.075
0 0.8633333333333333 0.655 0.017777777777777778 0.055
0 0.6533333333333333 0.6616666666666666 0.03333333333333333 0.08166666666666667
0 0.14333333333333334 0.6616666666666666 0.09111111111111111 0.13833333333333334
0 0.8477777777777777 0.665 0.015555555555555555 0.05333333333333334
0 0.6166666666666667 0.6716666666666666 0.035555555555555556 0.07833333333333334
0 0.8277777777777777 0.6741666666666667 0.028888888888888888 0.058333333333333334
0 0.5522222222222222 0.6908333333333333 0.06 0.09166666666666666
0 0.7533333333333333 0.6958333333333333 0.03777777777777778 0.065
0 0.4888888888888889 0.705 0.06222222222222222 0.09666666666666666
0 0.7211111111111111 0.7075 0.028888888888888888 0.06666666666666667
0 0.6877777777777778 0.725 0.02666666666666667 0.075
0 0.4211111111111111 0.7258333333333333 0.07555555555555556 0.11166666666666666
0 0.6555555555555556 0.7433333333333333 0.03111111111111111 0.075
0 0.3411111111111111 0.75 0.08 0.11666666666666667
0 0.6222222222222222 0.7583333333333333 0.03333333333333333 0.09
0 0.25 0.7758333333333334 0.1 0.135
0 0.5566666666666666 0.7858333333333334 0.06 0.09
0 0.14333333333333334 0.8066666666666666 0.09555555555555556 0.145
0 0.4888888888888889 0.8083333333333333 0.06 0.105
0 0.4222222222222222 0.8366666666666667 0.07777777777777778 0.10666666666666667
0 0.3411111111111111 0.8683333333333333 0.08444444444444445 0.12
0 0.25333333333333335 0.9116666666666666 0.10666666666666667 0.13166666666666665
0 0.14777777777777779 0.9383333333333334 0.09777777777777778 0.11833333333333333
0 0.17 0.11583333333333333 0.13333333333333333 0.125
0 0.28555555555555556 0.1425 0.09333333333333334 0.14