0 0.32 0.26222222222222225 0.09666666666666666 0.15777777777777777
0 0.32166666666666666 0.42444444444444446 0.10166666666666667 0.16
0 0.495 0.6133333333333333 0.07333333333333333 0.14444444444444443
0 0.58 0.5944444444444444 0.07333333333333333 0.14666666666666667
0 0.49833333333333335 0.76 0.075 0.14444444444444443
0 0.5008333333333334 0.9133333333333333 0.08 0.15333333333333332
0 0.41083333333333333 0.10888888888888888 0.07166666666666667 0.1511111111111111
0 0.4116666666666667 0.2633333333333333 0.08666666666666667 0.15555555555555556
0 0.4141666666666667 0.41888888888888887 0.08166666666666667 0.1511111111111111
0 0.49833333333333335 0.09666666666666666 0.10166666666666667 0.1622222222222222
0 0.505 0.26 0.085 0.15777777777777777
0 0.5041666666666667 0.4166666666666667 0.08833333333333333 0.1511111111111111
0 0.5866666666666667 0.12333333333333334 0.06833333333333333 0.15333333333333332
0 0.6575 0.12333333333333334 0.06666666666666667 0.15777777777777777
0 0.5825 0.27111111111111114 0.07 0.14444444444444443
0 0.655 0.2733333333333333 0.07333333333333333 0.14666666666666667
0 0.5833333333333334 0.41555555555555557 0.07333333333333333 0.14222222222222222
0 0.6566666666666666 0.4177777777777778 0.07 0.13777777777777778
0 0.735 0.11222222222222222 0.085 0.1622222222222222
0 0.7333333333333333 0.26555555555555554 0.08 0.14444444444444443
0 0.7333333333333333 0.4111111111111111 0.08666666666666667 0.14444444444444443
0 0.8425 0.08333333333333333 0.06333333333333334 0.07555555555555556
0 0.8391666666666666 0.29888888888888887 0.07 0.09333333333333334
0 0.8408333333333333 0.41444444444444445 0.06166666666666667 0.13555555555555557
0 0.32666666666666666 0.6166666666666667 0.09666666666666666 0.1622222222222222
0 0.4166666666666667 0.62 0.07333333333333333 0.14888888888888888
0 0.33 0.7788888888888889 0.09666666666666666 0.1511111111111111
0 0.4191666666666667 0.7677777777777778 0.07833333333333334 0.14666666666666667
0 0.3333333333333333 0.9244444444444444 0.10166666666666667 0.13777777777777778
0 0.42 0.9133333333333333 0.06833333333333333 0.13555555555555557
0 0.655 0.6144444444444445 0.07333333333333333 0.14444444444444443
0 0.58 0.7522222222222222 0.07666666666666666 0.1511111111111111
0 0.5825 0.9055555555555556 0.07833333333333334 0.14444444444444443
0 0.6566666666666666 0.7533333333333333 0.07333333333333333 0.13333333333333333
0 0.9683333333333334 0.5988888888888889 0.058333333333333334 0.14
0 0.9691666666666666 0.74 0.058333333333333334 0.1288888888888889
0 0.7366666666666667 0.6033333333333334 0.075 0.14222222222222222
0 0.7366666666666667 0.7522222222222222 0.08166666666666667 0.14666666666666667
0 0.6558333333333334 0.8944444444444445 0.07333333333333333 0.14444444444444443
0 0.7383333333333333 0.9 0.08 0.13111111111111112
0 0.8375 0.6 0.05333333333333334 0.14
0 0.8375 0.7411111111111112 0.056666666666666664 0.14444444444444443
0 0.835 0.8866666666666667 0.06166666666666667 0.13555555555555557
0 0.9 0.75 0.06833333333333333 0.13333333333333333
0 0.9041666666666667 0.6122222222222222 0.06666666666666667 0.14
0 0.9025 0.8811111111111111 0.065 0.13555555555555557
0 0.91 0.11555555555555555 0.07 0.14
0 0.9733333333333334 0.11777777777777777 0.05 0.1511111111111111
0 0.9125 0.2633333333333333 0.07333333333333333 0.13777777777777778
0 0.9066666666666666 0.4111111111111111 0.07166666666666667 0.14222222222222222
0 0.9758333333333333 0.2644444444444444 0.045 0.14666666666666667
0 0.9708333333333333 0.4122222222222222 0.056666666666666664 0.14888888888888888