0 0.74 0.23777777777777778 0.12166666666666667 0.2088888888888889
0 0.6233333333333333 0.28 0.09666666666666666 0.2
0 0.5241666666666667 0.3055555555555556 0.085 0.17777777777777778
0 0.43916666666666665 0.3422222222222222 0.075 0.17333333333333334
0 0.36916666666666664 0.37 0.06666666666666667 0.15555555555555556
0 0.14666666666666667 0.4211111111111111 0.03833333333333333 0.13555555555555557
0 0.89 0.43222222222222223 0.16 0.26222222222222225
0 0.08833333333333333 0.4633333333333333 0.056666666666666664 0.11777777777777777
0 0.7425 0.46444444444444444 0.13166666666666665 0.2288888888888889
0 0.05 0.4811111111111111 0.02666666666666667 0.10444444444444445
0 0.018333333333333333 0.48444444444444446 0.03 0.10222222222222223
0 0.625 0.4911111111111111 0.10333333333333333 0.2088888888888889
0 0.5241666666666667 0.5011111111111111 0.1 0.19555555555555557
0 0.42833333333333334 0.5244444444444445 0.08 0.18222222222222223
0 0.35333333333333333 0.5355555555555556 0.06333333333333334 0.1711111111111111
0 0.2866666666666667 0.5433333333333333 0.06666666666666667 0.15777777777777777
0 0.12583333333333332 0.5688888888888889 0.041666666666666664 0.13555555555555557
0 0.0675 0.5855555555555556 0.06666666666666667 0.12
0 0.021666666666666667 0.5977777777777777 0.03166666666666667 0.11333333333333333
0 0.3408333333333333 0.72 0.07666666666666666 0.19777777777777777
0 0.06166666666666667 0.7211111111111111 0.03833333333333333 0.14666666666666667
0 0.26416666666666666 0.7222222222222222 0.06666666666666667 0.18666666666666668
0 0.42083333333333334 0.7222222222222222 0.08 0.20666666666666667
0 0.10333333333333333 0.7233333333333334 0.04666666666666667 0.14444444444444443
0 0.016666666666666666 0.7244444444444444 0.03333333333333333 0.12444444444444444
0 0.5141666666666667 0.7244444444444444 0.09833333333333333 0.2288888888888889
0 0.6216666666666667 0.7255555555555555 0.11 0.24444444444444444
0 0.7416666666666667 0.7255555555555555 0.12833333333333333 0.2822222222222222
0 0.0325 0.9411111111111111 0.04666666666666667 0.10888888888888888
0 0.875 0.18555555555555556 0.145 0.22444444444444445