0 0.14416666666666667 0.4187725631768953 0.028333333333333332 0.07581227436823104
0 0.9741666666666666 0.4620938628158845 0.035 0.09386281588447654
0 0.9416666666666667 0.463898916967509 0.03 0.12274368231046931
0 0.0625 0.4675090252707581 0.045 0.12274368231046931
0 0.020833333333333332 0.47833935018050544 0.03666666666666667 0.10108303249097472
0 0.9125 0.4855595667870036 0.028333333333333332 0.11913357400722022
0 0.18666666666666668 0.49097472924187724 0.03833333333333333 0.10469314079422383
0 0.22583333333333333 0.4981949458483754 0.03666666666666667 0.1263537906137184
0 0.14083333333333334 0.5 0.03333333333333333 0.07220216606498195
0 0.2633333333333333 0.5072202166064982 0.03833333333333333 0.11552346570397112
0 0.3025 0.5108303249097473 0.03666666666666667 0.10830324909747292
0 0.33916666666666667 0.516245487364621 0.03333333333333333 0.11552346570397112
0 0.42083333333333334 0.5234657039711191 0.03 0.11191335740072202
0 0.4425 0.5397111913357401 0.015 0.10469314079422383
0 0.49833333333333335 0.5415162454873647 0.041666666666666664 0.10830324909747292
0 0.5416666666666666 0.5451263537906137 0.03833333333333333 0.11552346570397112
0 0.1025 0.5631768953068592 0.03166666666666667 0.10469314079422383
0 0.605 0.5703971119133574 0.03333333333333333 0.09747292418772563
0 0.9766666666666667 0.5740072202166066 0.045 0.11552346570397112
0 0.9416666666666667 0.5884476534296029 0.03166666666666667 0.11913357400722022
0 0.020833333333333332 0.5902527075812274 0.03833333333333333 0.12274368231046931
0 0.0625 0.5992779783393501 0.045 0.11191335740072202
0 0.9133333333333333 0.6046931407942239 0.028333333333333332 0.11552346570397112
0 0.14083333333333334 0.6064981949458483 0.041666666666666664 0.12274368231046931
0 0.1825 0.6119133574007221 0.041666666666666664 0.12274368231046931
0 0.22333333333333333 0.6155234657039711 0.03833333333333333 0.11552346570397112
0 0.7891666666666667 0.6173285198555957 0.03166666666666667 0.08303249097472924
0 0.26416666666666666 0.6227436823104693 0.035 0.10108303249097472
0 0.3025 0.628158844765343 0.035 0.11552346570397112
0 0.8841666666666667 0.631768953068592 0.03333333333333333 0.09025270758122744
0 0.7033333333333334 0.631768953068592 0.03 0.08303249097472924
0 0.34 0.6371841155234657 0.03333333333333333 0.10469314079422383
0 0.37583333333333335 0.6371841155234657 0.03666666666666667 0.10830324909747292
0 0.4166666666666667 0.6389891696750902 0.03666666666666667 0.10469314079422383
0 0.4425 0.6462093862815884 0.013333333333333334 0.09747292418772563
0 0.7616666666666667 0.648014440433213 0.025 0.08303249097472924
0 0.49833333333333335 0.6534296028880866 0.03666666666666667 0.11552346570397112
0 0.7325 0.6534296028880866 0.03 0.08664259927797834
0 0.10416666666666667 0.6570397111913358 0.03333333333333333 0.08303249097472924
0 0.5383333333333333 0.6624548736462094 0.041666666666666664 0.11191335740072202
0 0.6066666666666667 0.6805054151624549 0.03 0.11552346570397112
0 0.6791666666666667 0.6841155234657039 0.035 0.09025270758122744
0 0.98 0.7021660649819494 0.03833333333333333 0.1299638989169675
0 0.7916666666666666 0.7057761732851986 0.025 0.08303249097472924
0 0.0225 0.7129963898916968 0.03833333333333333 0.11913357400722022
0 0.945 0.7129963898916968 0.03333333333333333 0.1263537906137184
0 0.7116666666666667 0.720216606498195 0.018333333333333333 0.09025270758122744
0 0.06 0.7220216606498195 0.041666666666666664 0.11191335740072202
0 0.7641666666666667 0.723826714801444 0.021666666666666667 0.07220216606498195
0 0.9175 0.7292418772563177 0.028333333333333332 0.1299638989169675
0 0.18166666666666667 0.7292418772563177 0.03666666666666667 0.11191335740072202
0 0.14 0.7310469314079422 0.03833333333333333 0.11552346570397112
0 0.7383333333333333 0.7328519855595668 0.023333333333333334 0.07220216606498195
0 0.22 0.7346570397111913 0.03833333333333333 0.11191335740072202
0 0.25916666666666666 0.740072202166065 0.041666666666666664 0.12274368231046931
0 0.09833333333333333 0.740072202166065 0.03166666666666667 0.08664259927797834
0 0.3 0.7418772563176895 0.03833333333333333 0.11191335740072202
0 0.885 0.7436823104693141 0.03666666666666667 0.11552346570397112
0 0.37333333333333335 0.7472924187725631 0.04 0.11552346570397112
0 0.3383333333333333 0.7527075812274369 0.03333333333333333 0.10830324909747292
0 0.41583333333333333 0.7563176895306859 0.03833333333333333 0.11552346570397112
0 0.45916666666666667 0.7617328519855595 0.041666666666666664 0.10469314079422383
0 0.5025 0.7743682310469314 0.041666666666666664 0.11191335740072202
0 0.5416666666666666 0.7743682310469314 0.03666666666666667 0.10108303249097472
0 0.6091666666666666 0.7870036101083032 0.035 0.10830324909747292
0 0.6466666666666666 0.7888086642599278 0.03333333333333333 0.10469314079422383
0 0.6825 0.7906137184115524 0.025 0.11191335740072202
0 0.79 0.7996389891696751 0.025 0.08303249097472924
0 0.7633333333333333 0.8050541516245487 0.02666666666666667 0.07942238267148015
0 0.71 0.8068592057761733 0.025 0.08303249097472924
0 0.7358333333333333 0.8158844765342961 0.023333333333333334 0.08303249097472924