0 0.21916666666666668 0.37184115523465705 0.041666666666666664 0.11552346570397112
0 0.38666666666666666 0.37545126353790614 0.028333333333333332 0.08664259927797834
0 0.17833333333333334 0.37906137184115524 0.03833333333333333 0.11191335740072202
0 0.30333333333333334 0.38086642599277976 0.03166666666666667 0.07581227436823104
0 0.35333333333333333 0.38267148014440433 0.03166666666666667 0.08303249097472924
0 0.6 0.40974729241877256 0.05 0.12274368231046931
0 0.7816666666666666 0.4151624548736462 0.04666666666666667 0.11552346570397112
0 0.55 0.4296028880866426 0.04833333333333333 0.1371841155234657
0 0.6466666666666666 0.43862815884476536 0.041666666666666664 0.11191335740072202
0 0.7358333333333333 0.4404332129963899 0.043333333333333335 0.11913357400722022
0 0.5058333333333334 0.44584837545126355 0.035 0.11191335740072202
0 0.6925 0.44945848375451264 0.04666666666666667 0.11191335740072202
0 0.38416666666666666 0.4548736462093863 0.03166666666666667 0.07581227436823104
0 0.4633333333333333 0.4548736462093863 0.041666666666666664 0.08664259927797834
0 0.35083333333333333 0.4566787003610108 0.028333333333333332 0.07220216606498195
0 0.21083333333333334 0.4693140794223827 0.04666666666666667 0.11913357400722022
0 0.295 0.47653429602888087 0.04 0.10830324909747292
0 0.12833333333333333 0.48014440433212996 0.04 0.11913357400722022
0 0.09 0.4855595667870036 0.035 0.10830324909747292
0 0.019166666666666665 0.48736462093862815 0.035 0.11191335740072202
0 0.255 0.4891696750902527 0.03166666666666667 0.09025270758122744
0 0.165 0.49097472924187724 0.03833333333333333 0.11913357400722022
0 0.051666666666666666 0.4981949458483754 0.03833333333333333 0.09747292418772563
0 0.4166666666666667 0.5126353790613718 0.028333333333333332 0.07942238267148015
0 0.3825 0.5252707581227437 0.02666666666666667 0.07220216606498195
0 0.3458333333333333 0.5306859205776173 0.028333333333333332 0.07581227436823104
0 0.7925 0.5451263537906137 0.051666666666666666 0.1299638989169675
0 0.6016666666666667 0.5469314079422383 0.05 0.1444043321299639
0 0.7433333333333333 0.5523465703971119 0.04666666666666667 0.11191335740072202
0 0.6508333333333334 0.5577617328519856 0.04666666666666667 0.11913357400722022
0 0.505 0.5613718411552346 0.04 0.12274368231046931
0 0.6975 0.5613718411552346 0.04666666666666667 0.10469314079422383
0 0.5516666666666666 0.5613718411552346 0.05 0.11913357400722022
0 0.4608333333333333 0.5613718411552346 0.04833333333333333 0.1263537906137184
0 0.2891666666666667 0.5776173285198556 0.04 0.10469314079422383
0 0.245 0.5794223826714802 0.043333333333333335 0.10108303249097472
0 0.19916666666666666 0.5830324909747292 0.043333333333333335 0.10830324909747292
0 0.11666666666666667 0.5902527075812274 0.041666666666666664 0.09025270758122744
0 0.15833333333333333 0.592057761732852 0.041666666666666664 0.09025270758122744
0 0.0125 0.592057761732852 0.021666666666666667 0.09386281588447654
0 0.415 0.592057761732852 0.03 0.06859205776173286
0 0.03833333333333333 0.5938628158844765 0.03333333333333333 0.09747292418772563
0 0.07916666666666666 0.5938628158844765 0.03833333333333333 0.09386281588447654
0 0.345 0.5974729241877257 0.028333333333333332 0.061371841155234655
0 0.38 0.5974729241877257 0.03166666666666667 0.06859205776173286
0 0.6641666666666667 0.7382671480144405 0.04666666666666667 0.1407942238267148
0 0.8083333333333333 0.740072202166065 0.04 0.12274368231046931
0 0.7616666666666667 0.7418772563176895 0.04833333333333333 0.1263537906137184
0 0.5291666666666667 0.7436823104693141 0.04 0.12274368231046931
0 0.5725 0.7454873646209387 0.045 0.13357400722021662
0 0.44166666666666665 0.7472924187725631 0.041666666666666664 0.1263537906137184
0 0.485 0.7472924187725631 0.03833333333333333 0.1263537906137184
0 0.7141666666666666 0.7490974729241877 0.045 0.11913357400722022
0 0.3975 0.7509025270758123 0.041666666666666664 0.12274368231046931
0 0.6191666666666666 0.7527075812274369 0.04666666666666667 0.12274368231046931
0 0.30833333333333335 0.7545126353790613 0.04 0.11552346570397112
0 0.35333333333333333 0.7545126353790613 0.03833333333333333 0.11552346570397112
0 0.10166666666666667 0.7581227436823105 0.041666666666666664 0.12274368231046931
0 0.14166666666666666 0.7581227436823105 0.03666666666666667 0.12274368231046931
0 0.26666666666666666 0.7617328519855595 0.043333333333333335 0.12274368231046931
0 0.18166666666666667 0.7635379061371841 0.041666666666666664 0.11552346570397112
0 0.060833333333333336 0.7743682310469314 0.03666666666666667 0.11191335740072202
0 0.020833333333333332 0.7815884476534296 0.03666666666666667 0.11913357400722022
0 0.7675 0.8628158844765343 0.045 0.10469314079422383
0 0.44083333333333335 0.8646209386281588 0.03833333333333333 0.10469314079422383
0 0.7183333333333334 0.8646209386281588 0.04666666666666667 0.11191335740072202
0 0.6733333333333333 0.8664259927797834 0.041666666666666664 0.09747292418772563
0 0.8158333333333333 0.8664259927797834 0.04833333333333333 0.11552346570397112
0 0.5308333333333334 0.868231046931408 0.03666666666666667 0.10830324909747292
0 0.5741666666666667 0.868231046931408 0.043333333333333335 0.10108303249097472
0 0.0875 0.868231046931408 0.03833333333333333 0.09747292418772563
0 0.13166666666666665 0.868231046931408 0.043333333333333335 0.11552346570397112
0 0.39416666666666667 0.8700361010830325 0.035 0.09386281588447654
0 0.485 0.8700361010830325 0.043333333333333335 0.11552346570397112
0 0.175 0.871841155234657 0.043333333333333335 0.10830324909747292
0 0.35 0.871841155234657 0.03833333333333333 0.10108303249097472
0 0.26166666666666666 0.8736462093862816 0.045 0.08303249097472924
0 0.3075 0.8736462093862816 0.03833333333333333 0.09747292418772563
0 0.6233333333333333 0.8754512635379061 0.04666666666666667 0.09747292418772563
0 0.050833333333333335 0.8772563176895307 0.03166666666666667 0.07942238267148015
0 0.5966666666666667 0.2888086642599278 0.05 0.11552346570397112
0 0.39166666666666666 0.2996389891696751 0.028333333333333332 0.06859205776173286
0 0.3591666666666667 0.30685920577617326 0.02666666666666667 0.06859205776173286
0 0.7266666666666667 0.3140794223826715 0.043333333333333335 0.11913357400722022
0 0.6433333333333333 0.3231046931407942 0.043333333333333335 0.11191335740072202
0 0.6875 0.3267148014440433 0.04666666666666667 0.1299638989169675
0 0.46416666666666667 0.34115523465703973 0.04 0.1371841155234657