0 0.9783333333333334 0.37906137184115524 0.023333333333333334 0.07942238267148015
0 0.7766666666666666 0.4187725631768953 0.03666666666666667 0.08303249097472924
0 0.8133333333333334 0.4187725631768953 0.043333333333333335 0.08303249097472924
0 0.8533333333333334 0.42418772563176893 0.03833333333333333 0.09025270758122744
0 0.8883333333333333 0.4314079422382672 0.035 0.09386281588447654
0 0.9216666666666666 0.43501805054151627 0.03666666666666667 0.08303249097472924
0 0.9566666666666667 0.44584837545126355 0.03666666666666667 0.09025270758122744
0 0.985 0.4584837545126354 0.02666666666666667 0.07942238267148015
0 0.825 0.5054151624548736 0.041666666666666664 0.09386281588447654
0 0.7866666666666666 0.5126353790613718 0.043333333333333335 0.08664259927797834
0 0.8608333333333333 0.516245487364621 0.03666666666666667 0.09386281588447654
0 0.8966666666666666 0.5234657039711191 0.03666666666666667 0.09025270758122744
0 0.01815 0.526245487364621 0.0363 0.20826714801444043
0 0.9333333333333333 0.5306859205776173 0.03166666666666667 0.09747292418772563
0 0.21166666666666667 0.5342960288808665 0.041666666666666664 0.15162454873646208
0 0.9633333333333334 0.5342960288808665 0.02666666666666667 0.09386281588447654
0 0.9875 0.5415162454873647 0.021666666666666667 0.08664259927797834
0 0.2625 0.555956678700361 0.05 0.10830324909747292
0 0.37166666666666665 0.5685920577617328 0.05 0.1299638989169675
0 0.32 0.5812274368231047 0.045 0.09025270758122744
0 0.42333333333333334 0.5866425992779783 0.041666666666666664 0.09025270758122744
0 0.47 0.5938628158844765 0.041666666666666664 0.09747292418772563
0 0.5975 0.5956678700361011 0.041666666666666664 0.10830324909747292
0 0.835 0.5992779783393501 0.03833333333333333 0.09386281588447654
0 0.7925 0.6028880866425993 0.04666666666666667 0.09386281588447654
0 0.5125 0.6064981949458483 0.03666666666666667 0.08303249097472924
0 0.8716666666666667 0.6083032490974729 0.035 0.08303249097472924
0 0.5541666666666667 0.6119133574007221 0.03666666666666667 0.07581227436823104
0 0.905 0.6137184115523465 0.03166666666666667 0.08303249097472924
0 0.9366666666666666 0.6191335740072202 0.03166666666666667 0.09025270758122744
0 0.9741666666666666 0.6245487364620939 0.03166666666666667 0.09386281588447654
0 0.9933333333333333 0.6299638989169675 0.01 0.08303249097472924
0 0.21083333333333334 0.6498194945848376 0.04666666666666667 0.061371841155234655
0 0.013666666666666666 0.6956317689530686 0.02733333333333333 0.1971841155234657
0 0.2625 0.7003610108303249 0.051666666666666666 0.16606498194945848
0 0.31833333333333336 0.7111913357400722 0.05 0.15162454873646208
0 0.37166666666666665 0.7111913357400722 0.045 0.1371841155234657
0 0.425 0.7166064981949458 0.043333333333333335 0.15162454873646208
0 0.5583333333333333 0.7220216606498195 0.035 0.13357400722021662
0 0.4716666666666667 0.7256317689530686 0.041666666666666664 0.1444043321299639
0 0.5158333333333334 0.7256317689530686 0.03833333333333333 0.13357400722021662
0 0.5991666666666666 0.7292418772563177 0.045 0.1371841155234657
0 0.6475 0.7509025270758123 0.045 0.12274368231046931
0 0.6908333333333333 0.7527075812274369 0.035 0.11552346570397112
0 0.7275 0.7527075812274369 0.03833333333333333 0.1407942238267148
0 0.2625 0.8592057761732852 0.05 0.148014440433213
0 0.32166666666666666 0.8628158844765343 0.051666666666666666 0.15162454873646208
0 0.37583333333333335 0.8700361010830325 0.051666666666666666 0.15162454873646208
0 0.4266666666666667 0.8700361010830325 0.045 0.1444043321299639
0 0.4708333333333333 0.8700361010830325 0.045 0.13357400722021662
0 0.52 0.8736462093862816 0.041666666666666664 0.1444043321299639
0 0.5641666666666667 0.8736462093862816 0.04 0.15162454873646208
0 0.6075 0.8772563176895307 0.04666666666666667 0.15162454873646208
0 0.66 0.8844765342960289 0.043333333333333335 0.11552346570397112
0 0.9841666666666666 0.8844765342960289 0.02666666666666667 0.1371841155234657
0 0.9233333333333333 0.8880866425992779 0.04 0.1371841155234657
0 0.01815 0.8886281588447653 0.0363 0.1888447653429603
0 0.7008333333333333 0.8898916967509025 0.03833333333333333 0.13357400722021662
0 0.7383333333333333 0.8898916967509025 0.04 0.1407942238267148
0 0.9558333333333333 0.8898916967509025 0.03833333333333333 0.1263537906137184
0 0.20916666666666667 0.8935018050541517 0.045 0.10469314079422383
0 0.8308333333333333 0.8971119133574007 0.023333333333333334 0.148014440433213
0 0.8516666666666667 0.8989169675090253 0.023333333333333334 0.1299638989169675
0 0.8866666666666667 0.9025270758122743 0.05 0.1299638989169675
0 0.7708333333333334 0.3285198555956679 0.03666666666666667 0.09025270758122744
0 0.805 0.33212996389891697 0.041666666666666664 0.08303249097472924
0 0.845 0.33935018050541516 0.03833333333333333 0.08664259927797834
0 0.88 0.3447653429602888 0.03333333333333333 0.08303249097472924
0 0.915 0.34657039711191334 0.035 0.08664259927797834
0 0.9516666666666667 0.3592057761732852 0.03166666666666667 0.08664259927797834