0 0.7383333333333333 0.14888888888888888 0.21666666666666667 0.26666666666666666
0 0.8416666666666667 0.46111111111111114 0.26 0.3333333333333333
0 0.9116666666666666 0.8155555555555556 0.16833333333333333 0.36
0 0.38083333333333336 0.056666666666666664 0.11666666666666667 0.10444444444444445
0 0.4075 0.19666666666666666 0.1 0.1622222222222222
0 0.28583333333333333 0.03888888888888889 0.06666666666666667 0.07111111111111111
0 0.31333333333333335 0.14888888888888888 0.08 0.13555555555555557
0 0.3408333333333333 0.29333333333333333 0.07 0.14444444444444443
0 0.245 0.10222222222222223 0.05333333333333334 0.13555555555555557
0 0.2758333333333333 0.23444444444444446 0.056666666666666664 0.12
0 0.30416666666666664 0.35444444444444445 0.06 0.12
0 0.22666666666666666 0.17888888888888888 0.04833333333333333 0.12666666666666668
0 0.25333333333333335 0.31 0.05333333333333334 0.10222222222222223
0 0.27416666666666667 0.42444444444444446 0.04666666666666667 0.11555555555555555
0 0.20083333333333334 0.25333333333333335 0.05 0.11333333333333333
0 0.2275 0.36666666666666664 0.051666666666666666 0.10888888888888888
0 0.24666666666666667 0.4722222222222222 0.04666666666666667 0.1
0 0.46416666666666667 0.6822222222222222 0.105 0.19111111111111112
0 0.5091666666666667 0.8877777777777778 0.09 0.2111111111111111
0 0.4708333333333333 0.43222222222222223 0.09666666666666666 0.1511111111111111
0 0.5266666666666666 0.6277777777777778 0.105 0.2222222222222222
0 0.5783333333333334 0.8633333333333333 0.14 0.24444444444444444
0 0.4241666666666667 0.5088888888888888 0.07833333333333334 0.14666666666666667
0 0.535 0.37 0.13333333333333333 0.22666666666666666
0 0.6033333333333334 0.6077777777777778 0.12166666666666667 0.23555555555555555
0 0.6758333333333333 0.8622222222222222 0.13666666666666666 0.26222222222222225
0 0.695 0.5311111111111111 0.18166666666666667 0.28
0 0.7925 0.8344444444444444 0.19833333333333333 0.31333333333333335
0 0.1675 0.3788888888888889 0.065 0.09111111111111111
0 0.18916666666666668 0.4711111111111111 0.06 0.08666666666666667
0 0.20166666666666666 0.5644444444444444 0.05333333333333334 0.08888888888888889
0 0.37916666666666665 0.5422222222222223 0.06166666666666667 0.16666666666666666
0 0.42333333333333334 0.72 0.065 0.1711111111111111
0 0.465 0.8966666666666666 0.06333333333333334 0.1711111111111111
0 0.345 0.59 0.06333333333333334 0.16
0 0.38666666666666666 0.7322222222222222 0.065 0.16
0 0.4225 0.9022222222222223 0.065 0.16666666666666666
0 0.305 0.64 0.06166666666666667 0.12
0 0.3516666666666667 0.7588888888888888 0.04833333333333333 0.15555555555555556
0 0.3825 0.9133333333333333 0.05333333333333334 0.14666666666666667
0 0.2808333333333333 0.6655555555555556 0.03833333333333333 0.10888888888888888
0 0.31583333333333335 0.7833333333333333 0.06 0.12
0 0.3491666666666667 0.9155555555555556 0.041666666666666664 0.12222222222222222
0 0.2625 0.6933333333333334 0.03833333333333333 0.10666666666666667
0 0.2683333333333333 0.8066666666666666 0.045 0.10888888888888888
0 0.31416666666666665 0.9133333333333333 0.03833333333333333 0.12
0 0.29 0.9244444444444444 0.03333333333333333 0.10888888888888888