0 0.018333333333333333 0.31 0.03666666666666667 0.08222222222222222
0 0.0575 0.3188888888888889 0.03833333333333333 0.07777777777777778
0 0.09083333333333334 0.33444444444444443 0.03333333333333333 0.07777777777777778
0 0.1225 0.34444444444444444 0.03666666666666667 0.07555555555555556
0 0.1575 0.3611111111111111 0.03333333333333333 0.07333333333333333
0 0.1875 0.37 0.03166666666666667 0.07555555555555556
0 0.2175 0.38333333333333336 0.03333333333333333 0.07333333333333333
0 0.24916666666666668 0.39 0.02666666666666667 0.07111111111111111
0 0.015833333333333335 0.39111111111111113 0.03166666666666667 0.06888888888888889
0 0.275 0.3977777777777778 0.02666666666666667 0.057777777777777775
0 0.04833333333333333 0.3988888888888889 0.035 0.07777777777777778
0 0.3016666666666667 0.40555555555555556 0.023333333333333334 0.04888888888888889
0 0.08333333333333333 0.4111111111111111 0.03166666666666667 0.07555555555555556
0 0.32666666666666666 0.4122222222222222 0.021666666666666667 0.03333333333333333
0 0.35083333333333333 0.41333333333333333 0.023333333333333334 0.02666666666666667
0 0.11666666666666667 0.42 0.035 0.07333333333333333
0 0.3725 0.43222222222222223 0.02 0.04
0 0.39666666666666667 0.43555555555555553 0.023333333333333334 0.04
0 0.14916666666666667 0.43555555555555553 0.03 0.06888888888888889
0 0.18166666666666667 0.44222222222222224 0.03 0.07111111111111111
0 0.27 0.44222222222222224 0.03 0.044444444444444446
0 0.29583333333333334 0.4477777777777778 0.02666666666666667 0.042222222222222223
0 0.21083333333333334 0.4533333333333333 0.03 0.06
0 0.24083333333333334 0.45555555555555555 0.028333333333333332 0.06666666666666667
0 0.9783333333333334 0.46444444444444444 0.041666666666666664 0.05333333333333334
0 0.3441666666666667 0.47555555555555556 0.04833333333333333 0.09555555555555556
0 0.3933333333333333 0.47555555555555556 0.02666666666666667 0.04
0 0.26666666666666666 0.48 0.028333333333333332 0.035555555555555556
0 0.43916666666666665 0.5044444444444445 0.05 0.09333333333333334
0 0.48333333333333334 0.5066666666666667 0.04 0.08444444444444445
0 0.39166666666666666 0.5155555555555555 0.025 0.03777777777777778
0 0.9825 0.5222222222222223 0.03166666666666667 0.06222222222222222
0 0.52 0.5288888888888889 0.035 0.08666666666666667
0 0.8783333333333333 0.5333333333333333 0.041666666666666664 0.06444444444444444
0 0.5533333333333333 0.5388888888888889 0.03833333333333333 0.08444444444444445
0 0.9191666666666667 0.5388888888888889 0.03833333333333333 0.04888888888888889
0 0.24166666666666667 0.54 0.05333333333333334 0.10666666666666667
0 0.2916666666666667 0.5455555555555556 0.051666666666666666 0.1111111111111111
0 0.5858333333333333 0.5455555555555556 0.023333333333333334 0.07555555555555556
0 0.6133333333333333 0.55 0.028333333333333332 0.06666666666666667
0 0.8441666666666666 0.5555555555555556 0.03333333333333333 0.051111111111111114
0 0.645 0.5655555555555556 0.028333333333333332 0.07111111111111111
0 0.6725 0.5733333333333334 0.021666666666666667 0.06
0 0.3425 0.5755555555555556 0.04666666666666667 0.09777777777777778
0 0.6975 0.58 0.018333333333333333 0.06444444444444444
0 0.9841666666666666 0.5833333333333334 0.028333333333333332 0.06444444444444444
0 0.9541666666666667 0.5888888888888889 0.035 0.057777777777777775
0 0.39166666666666666 0.59 0.041666666666666664 0.08444444444444445
0 0.43833333333333335 0.5944444444444444 0.04833333333333333 0.08444444444444445
0 0.48083333333333333 0.5944444444444444 0.041666666666666664 0.08
0 0.9208333333333333 0.5955555555555555 0.03166666666666667 0.051111111111111114
0 0.8833333333333333 0.5977777777777777 0.043333333333333335 0.057777777777777775
0 0.7191666666666666 0.6033333333333334 0.03 0.06444444444444444
0 0.5183333333333333 0.6111111111111112 0.04 0.07555555555555556
0 0.8483333333333334 0.6111111111111112 0.03166666666666667 0.051111111111111114
0 0.555 0.6166666666666667 0.03833333333333333 0.07555555555555556
0 0.8041666666666667 0.6166666666666667 0.04 0.06444444444444444
0 0.5875 0.6244444444444445 0.03 0.06666666666666667
0 0.6208333333333333 0.6266666666666667 0.028333333333333332 0.07555555555555556
0 0.6508333333333334 0.6311111111111111 0.025 0.06666666666666667
0 0.675 0.6388888888888888 0.023333333333333334 0.06666666666666667
0 0.6983333333333334 0.6455555555555555 0.021666666666666667 0.06888888888888889
0 0.23166666666666666 0.6466666666666666 0.056666666666666664 0.10444444444444445
0 0.2875 0.6511111111111111 0.05333333333333334 0.1
0 0.7616666666666667 0.6622222222222223 0.035 0.06
0 0.7233333333333334 0.6633333333333333 0.028333333333333332 0.06222222222222222
0 0.33916666666666667 0.6644444444444444 0.05 0.08666666666666667
0 0.3875 0.6677777777777778 0.043333333333333335 0.08222222222222222
0 0.43583333333333335 0.6777777777777778 0.045 0.08222222222222222
0 0.4816666666666667 0.6811111111111111 0.043333333333333335 0.08666666666666667
0 0.5191666666666667 0.6866666666666666 0.03833333333333333 0.07333333333333333
0 0.555 0.6922222222222222 0.03666666666666667 0.07555555555555556
0 0.5925 0.6988888888888889 0.03333333333333333 0.07777777777777778
0 0.6541666666666667 0.7022222222222222 0.025 0.07555555555555556
0 0.6258333333333334 0.7055555555555556 0.02666666666666667 0.07111111111111111
0 0.6808333333333333 0.7111111111111111 0.021666666666666667 0.06666666666666667
0 0.7025 0.7111111111111111 0.021666666666666667 0.07111111111111111
0 0.7291666666666666 0.7233333333333334 0.03166666666666667 0.057777777777777775
0 0.7683333333333333 0.7277777777777777 0.03833333333333333 0.06222222222222222
0 0.8175 0.7333333333333333 0.03 0.06444444444444444
0 0.245 0.7888888888888889 0.03333333333333333 0.11777777777777777
0 0.28833333333333333 0.7944444444444444 0.05 0.12
0 0.3425 0.8011111111111111 0.05 0.11333333333333333
0 0.42333333333333334 0.8022222222222222 0.045 0.10222222222222223
0 0.4658333333333333 0.8022222222222222 0.045 0.09555555555555556
0 0.5058333333333334 0.8033333333333333 0.03833333333333333 0.10222222222222223
0 0.5741666666666667 0.8088888888888889 0.041666666666666664 0.08888888888888889
0 0.6075 0.8088888888888889 0.03166666666666667 0.08444444444444445
0 0.6341666666666667 0.8088888888888889 0.02666666666666667 0.08
0 0.5391666666666667 0.8111111111111111 0.02666666666666667 0.07777777777777778
0 0.715 0.8111111111111111 0.02666666666666667 0.07555555555555556
0 0.6658333333333334 0.8122222222222222 0.035 0.07333333333333333
0 0.6925 0.8133333333333334 0.028333333333333332 0.07333333333333333
0 0.7358333333333333 0.8144444444444444 0.025 0.07333333333333333
0 0.385 0.8222222222222222 0.04 0.08222222222222222
0 0.7383333333333333 0.8822222222222222 0.021666666666666667 0.07333333333333333
0 0.7666666666666667 0.8822222222222222 0.03 0.07111111111111111
0 0.7183333333333334 0.8833333333333333 0.02666666666666667 0.07111111111111111
0 0.6658333333333334 0.8888888888888888 0.041666666666666664 0.07333333333333333
0 0.6983333333333334 0.8888888888888888 0.02666666666666667 0.07111111111111111
0 0.6091666666666666 0.8977777777777778 0.035 0.08444444444444445
0 0.5358333333333334 0.9 0.028333333333333332 0.08222222222222222
0 0.575 0.9011111111111111 0.045 0.08666666666666667
0 0.4658333333333333 0.9033333333333333 0.045 0.08888888888888889
0 0.505 0.9033333333333333 0.03666666666666667 0.09111111111111111
0 0.2841666666666667 0.9066666666666666 0.045 0.09777777777777778
0 0.3775 0.9066666666666666 0.04 0.09333333333333334
0 0.3325 0.9077777777777778 0.04833333333333333 0.09333333333333334
0 0.4175 0.9111111111111111 0.043333333333333335 0.09111111111111111