0 0.11583333333333333 0.23 0.04666666666666667 0.1511111111111111
0 0.05416666666666667 0.2877777777777778 0.06333333333333334 0.17555555555555555
0 0.13666666666666666 0.32222222222222224 0.04833333333333333 0.12
0 0.19166666666666668 0.3488888888888889 0.03333333333333333 0.07777777777777778
0 0.22916666666666666 0.36 0.045 0.06888888888888889
0 0.27416666666666667 0.36777777777777776 0.03833333333333333 0.06888888888888889
0 0.315 0.37444444444444447 0.03833333333333333 0.06222222222222222
0 0.35583333333333333 0.38222222222222224 0.043333333333333335 0.06222222222222222
0 0.15333333333333332 0.38222222222222224 0.03166666666666667 0.11555555555555555
0 0.08 0.38333333333333336 0.05 0.14666666666666667
0 0.39416666666666667 0.3888888888888889 0.03666666666666667 0.06222222222222222
0 0.1825 0.40444444444444444 0.03166666666666667 0.06
0 0.43666666666666665 0.4111111111111111 0.03833333333333333 0.07111111111111111
0 0.22166666666666668 0.4177777777777778 0.03833333333333333 0.06888888888888889
0 0.4741666666666667 0.41888888888888887 0.04 0.07111111111111111
0 0.5133333333333333 0.4222222222222222 0.03666666666666667 0.07111111111111111
0 0.63 0.4311111111111111 0.043333333333333335 0.06888888888888889
0 0.26 0.43333333333333335 0.043333333333333335 0.07555555555555556
0 0.5541666666666667 0.43444444444444447 0.03833333333333333 0.07111111111111111
0 0.59 0.43666666666666665 0.041666666666666664 0.07111111111111111
0 0.30833333333333335 0.43777777777777777 0.045 0.06444444444444444
0 0.67 0.43777777777777777 0.035 0.06888888888888889
0 0.35 0.44333333333333336 0.03833333333333333 0.06888888888888889
0 0.7041666666666667 0.44333333333333336 0.03166666666666667 0.06222222222222222
0 0.062116666666666674 0.04584444444444444 0.09811666666666664 0.09166666666666666
0 0.39166666666666666 0.4488888888888889 0.041666666666666664 0.06666666666666667
0 0.10666666666666667 0.4533333333333333 0.043333333333333335 0.1688888888888889
0 0.74 0.4588888888888889 0.035 0.06888888888888889
0 0.78 0.4677777777777778 0.03666666666666667 0.06444444444444444
0 0.815 0.4677777777777778 0.035 0.06
0 0.1975 0.47333333333333333 0.035 0.09333333333333334
0 0.43083333333333335 0.4777777777777778 0.03333333333333333 0.057777777777777775
0 0.1675 0.48444444444444446 0.035 0.09555555555555556
0 0.47333333333333333 0.4888888888888889 0.04666666666666667 0.06888888888888889
0 0.5141666666666667 0.4922222222222222 0.03833333333333333 0.06888888888888889
0 0.5558333333333333 0.49444444444444446 0.04 0.06222222222222222
0 0.22416666666666665 0.4955555555555556 0.02 0.07333333333333333
0 0.6358333333333334 0.49666666666666665 0.04 0.06222222222222222
0 0.595 0.49777777777777776 0.041666666666666664 0.06666666666666667
0 0.6741666666666667 0.49777777777777776 0.04 0.06
0 0.25166666666666665 0.5033333333333333 0.04833333333333333 0.07777777777777778
0 0.7116666666666667 0.5055555555555555 0.041666666666666664 0.06444444444444444
0 0.29583333333333334 0.5077777777777778 0.04833333333333333 0.07333333333333333
0 0.34 0.5111111111111111 0.041666666666666664 0.07555555555555556
0 0.3875 0.5177777777777778 0.04666666666666667 0.07555555555555556
0 0.7491666666666666 0.5177777777777778 0.03666666666666667 0.05333333333333334
0 0.12166666666666667 0.5233333333333333 0.043333333333333335 0.14444444444444443
0 0.79 0.5322222222222223 0.035 0.05555555555555555
0 0.8275 0.5333333333333333 0.03666666666666667 0.06
0 0.18333333333333332 0.5411111111111111 0.02 0.10444444444444445
0 0.43 0.5444444444444444 0.03833333333333333 0.06
0 0.4716666666666667 0.5522222222222222 0.043333333333333335 0.07333333333333333
0 0.515 0.5544444444444444 0.043333333333333335 0.06888888888888889
0 0.5575 0.5566666666666666 0.043333333333333335 0.07333333333333333
0 0.5991666666666666 0.5577777777777778 0.04 0.07111111111111111
0 0.6383333333333333 0.5622222222222222 0.041666666666666664 0.06666666666666667
0 0.6783333333333333 0.5644444444444444 0.045 0.07111111111111111
0 0.23833333333333334 0.5733333333333334 0.04833333333333333 0.07777777777777778
0 0.7225 0.5744444444444444 0.04 0.07555555555555556
0 0.19083333333333333 0.5766666666666667 0.02 0.09111111111111111
0 0.76 0.5777777777777777 0.043333333333333335 0.06666666666666667
0 0.13833333333333334 0.5777777777777777 0.03 0.10444444444444445
0 0.2841666666666667 0.5811111111111111 0.05 0.08222222222222222
0 0.3325 0.5855555555555556 0.05 0.08444444444444445
0 0.8016666666666666 0.5922222222222222 0.04 0.05555555555555555
0 0.37833333333333335 0.5955555555555555 0.045 0.08444444444444445
0 0.8425 0.5955555555555555 0.03666666666666667 0.06444444444444444
0 0.665 0.6033333333333334 0.0016666666666666668 0.0022222222222222222
0 0.14833333333333334 0.6044444444444445 0.025 0.1111111111111111
0 0.42333333333333334 0.61 0.041666666666666664 0.06666666666666667
0 0.5141666666666667 0.6211111111111111 0.04666666666666667 0.07777777777777778
0 0.47 0.6222222222222222 0.041666666666666664 0.07555555555555556
0 0.5583333333333333 0.6222222222222222 0.04666666666666667 0.07333333333333333
0 0.6008333333333333 0.6266666666666667 0.045 0.08222222222222222
0 0.6433333333333333 0.63 0.043333333333333335 0.07111111111111111
0 0.6891666666666667 0.6388888888888888 0.045 0.06888888888888889
0 0.7308333333333333 0.6455555555555555 0.03833333333333333 0.07111111111111111
0 0.16333333333333333 0.6466666666666666 0.023333333333333334 0.09777777777777778
0 0.7716666666666666 0.6488888888888888 0.04666666666666667 0.06888888888888889
0 0.22416666666666665 0.6544444444444445 0.04666666666666667 0.08444444444444445
0 0.8116666666666666 0.6611111111111111 0.04666666666666667 0.06444444444444444
0 0.27416666666666667 0.6622222222222223 0.04833333333333333 0.09333333333333334
0 0.8575 0.6633333333333333 0.045 0.06666666666666667
0 0.32666666666666666 0.6677777777777778 0.051666666666666666 0.08444444444444445
0 0.37416666666666665 0.67 0.04666666666666667 0.08444444444444445
0 0.42333333333333334 0.6844444444444444 0.043333333333333335 0.08
0 0.4675 0.6911111111111111 0.04666666666666667 0.08444444444444445
0 0.56 0.6944444444444444 0.04666666666666667 0.08444444444444445
0 0.5158333333333334 0.6966666666666667 0.04666666666666667 0.07555555555555556
0 0.6058333333333333 0.7011111111111111 0.043333333333333335 0.08
0 0.65 0.7077777777777777 0.04666666666666667 0.07777777777777778
0 0.18583333333333332 0.7111111111111111 0.018333333333333333 0.09555555555555556
0 0.7016666666666667 0.7155555555555555 0.04666666666666667 0.08
0 0.7841666666666667 0.72 0.04833333333333333 0.06444444444444444
0 0.7425 0.7211111111111111 0.045 0.07777777777777778
0 0.21333333333333335 0.7311111111111112 0.04833333333333333 0.08
0 0.8291666666666667 0.7355555555555555 0.05 0.07333333333333333
0 0.8725 0.7355555555555555 0.04666666666666667 0.06888888888888889
0 0.26416666666666666 0.74 0.05 0.07777777777777778
0 0.315 0.7444444444444445 0.05 0.06888888888888889
0 0.3675 0.7466666666666667 0.05333333333333334 0.07333333333333333
0 0.4191666666666667 0.7566666666666667 0.043333333333333335 0.06
0 0.4666666666666667 0.7622222222222222 0.04666666666666667 0.057777777777777775
0 0.5141666666666667 0.7655555555555555 0.04666666666666667 0.06222222222222222
0 0.5633333333333334 0.7677777777777778 0.05 0.06444444444444444
0 0.028866666666666665 0.7686000000000001 0.05771666666666668 0.14919999999999997
0 0.6075 0.7722222222222223 0.04666666666666667 0.06666666666666667
0 0.6575 0.7788888888888889 0.05 0.06222222222222222
0 0.7066666666666667 0.7811111111111111 0.058333333333333334 0.05555555555555555
0 0.7941666666666667 0.7888888888888889 0.04833333333333333 0.06666666666666667
0 0.755 0.79 0.043333333333333335 0.05555555555555555
0 0.8808333333333334 0.7977777777777778 0.03666666666666667 0.04666666666666667
0 0.84 0.7988888888888889 0.04666666666666667 0.044444444444444446
0 0.054616666666666674 0.8382222222222222 0.07331666666666665 0.1853999999999999
0 0.1095 0.9084888888888889 0.06016666666666666 0.13075555555555562
0 0.06916666666666667 0.9155555555555556 0.03833333333333333 0.16444444444444445
0 0.0975 0.1411111111111111 0.06166666666666667 0.13555555555555557
0 0.034166666666666665 0.1622222222222222 0.06833333333333333 0.17777777777777778