0 0.5266666666666666 0.24666666666666667 0.042222222222222223 0.07166666666666667
0 0.5733333333333334 0.25833333333333336 0.051111111111111114 0.07166666666666667
0 0.6277777777777778 0.2825 0.05333333333333334 0.06166666666666667
0 0.6777777777777778 0.28833333333333333 0.042222222222222223 0.055
0 0.021111111111111112 0.31416666666666665 0.035555555555555556 0.03
0 0.05444444444444444 0.31583333333333335 0.03333333333333333 0.03166666666666667
0 0.08777777777777777 0.31833333333333336 0.035555555555555556 0.03333333333333333
0 0.5266666666666666 0.31916666666666665 0.042222222222222223 0.07
0 0.11888888888888889 0.32083333333333336 0.03333333333333333 0.03333333333333333
0 0.1511111111111111 0.3225 0.03333333333333333 0.03166666666666667
0 0.5755555555555556 0.3283333333333333 0.05333333333333334 0.06666666666666667
0 0.43555555555555553 0.3441666666666667 0.03333333333333333 0.06666666666666667
0 0.6277777777777778 0.3441666666666667 0.05333333333333334 0.06166666666666667
0 0.6766666666666666 0.3475 0.051111111111111114 0.06
0 0.05444444444444444 0.34833333333333333 0.03333333333333333 0.03333333333333333
0 0.02 0.3491666666666667 0.035555555555555556 0.035
0 0.08888888888888889 0.35083333333333333 0.03333333333333333 0.03333333333333333
0 0.4066666666666667 0.3516666666666667 0.024444444444444446 0.06666666666666667
0 0.12111111111111111 0.3525 0.03333333333333333 0.028333333333333332
0 0.1511111111111111 0.355 0.03111111111111111 0.03
0 0.38 0.35833333333333334 0.028888888888888888 0.06166666666666667
0 0.3511111111111111 0.3675 0.028888888888888888 0.058333333333333334
0 0.32555555555555554 0.36916666666666664 0.02666666666666667 0.05333333333333334
0 0.30444444444444446 0.37583333333333335 0.022222222222222223 0.051666666666666666
0 0.27 0.38333333333333336 0.017777777777777778 0.045
0 0.24888888888888888 0.3883333333333333 0.013333333333333334 0.041666666666666664
0 0.53 0.3925 0.04 0.07166666666666667
0 0.5766666666666667 0.3975 0.05555555555555555 0.07166666666666667
0 0.4688888888888889 0.3983333333333333 0.03111111111111111 0.065
0 0.43666666666666665 0.4058333333333333 0.028888888888888888 0.06166666666666667
0 0.6288888888888889 0.4058333333333333 0.05333333333333334 0.058333333333333334
0 0.005555555555555556 0.41333333333333333 0.011111111111111112 0.035
0 0.38222222222222224 0.4141666666666667 0.028888888888888888 0.058333333333333334
0 0.4066666666666667 0.41583333333333333 0.03333333333333333 0.065
0 0.03 0.4166666666666667 0.03333333333333333 0.03833333333333333
0 0.12666666666666668 0.4166666666666667 0.03333333333333333 0.03666666666666667
0 0.06222222222222222 0.4175 0.03333333333333333 0.03666666666666667
0 0.09333333333333334 0.4175 0.03333333333333333 0.03166666666666667
0 0.15777777777777777 0.41833333333333333 0.02666666666666667 0.03333333333333333
0 0.3522222222222222 0.42083333333333334 0.035555555555555556 0.06
0 0.32555555555555554 0.4225 0.022222222222222223 0.05333333333333334
0 0.30666666666666664 0.4266666666666667 0.024444444444444446 0.05
0 0.2722222222222222 0.43333333333333335 0.02 0.04833333333333333
0 0.25222222222222224 0.435 0.015555555555555555 0.05
0 0.16 0.45 0.02666666666666667 0.028333333333333332
0 0.12666666666666668 0.4508333333333333 0.03333333333333333 0.03166666666666667
0 0.09666666666666666 0.45166666666666666 0.03111111111111111 0.03166666666666667
0 0.005555555555555556 0.4525 0.011111111111111112 0.035
0 0.027777777777777776 0.45416666666666666 0.035555555555555556 0.03166666666666667
0 0.06333333333333334 0.45416666666666666 0.03333333333333333 0.03166666666666667
0 0.5311111111111111 0.4633333333333333 0.04 0.07
0 0.5755555555555556 0.4658333333333333 0.051111111111111114 0.06833333333333333
0 0.6244444444444445 0.4666666666666667 0.04666666666666667 0.06333333333333334
0 0.4711111111111111 0.4666666666666667 0.03333333333333333 0.07
0 0.43666666666666665 0.4683333333333333 0.03777777777777778 0.06666666666666667
0 0.38 0.47333333333333333 0.028888888888888888 0.065
0 0.35444444444444445 0.4741666666666667 0.03333333333333333 0.056666666666666664
0 0.40444444444444444 0.4741666666666667 0.028888888888888888 0.06166666666666667
0 0.32666666666666666 0.475 0.022222222222222223 0.058333333333333334
0 0.31 0.4766666666666667 0.022222222222222223 0.055
0 0.24888888888888888 0.47833333333333333 0.015555555555555555 0.03833333333333333
0 0.27 0.4791666666666667 0.017777777777777778 0.03833333333333333
0 0.12555555555555556 0.4825 0.028888888888888888 0.028333333333333332
0 0.09666666666666666 0.48333333333333334 0.03333333333333333 0.028333333333333332
0 0.06333333333333334 0.48333333333333334 0.03333333333333333 0.025
0 0.03111111111111111 0.4841666666666667 0.03333333333333333 0.02666666666666667
0 0.13111111111111112 0.545 0.03111111111111111 0.03166666666666667
0 0.09555555555555556 0.5466666666666666 0.03333333333333333 0.03166666666666667
0 0.2544444444444444 0.5575 0.022222222222222223 0.045
0 0.2722222222222222 0.5616666666666666 0.013333333333333334 0.051666666666666666
0 0.28888888888888886 0.5675 0.022222222222222223 0.05333333333333334
0 0.37777777777777777 0.5716666666666667 0.02 0.06333333333333334
0 0.33111111111111113 0.5733333333333334 0.024444444444444446 0.056666666666666664
0 0.30666666666666664 0.5741666666666667 0.017777777777777778 0.056666666666666664
0 0.35444444444444445 0.575 0.022222222222222223 0.051666666666666666
0 0.40555555555555556 0.5758333333333333 0.03333333333333333 0.065
0 0.13333333333333333 0.5783333333333334 0.03111111111111111 0.03166666666666667
0 0.1 0.58 0.03333333333333333 0.03166666666666667
0 0.43555555555555553 0.5833333333333334 0.03333333333333333 0.06333333333333334
0 0.47 0.5833333333333334 0.04 0.065
0 0.53 0.5891666666666666 0.028888888888888888 0.07333333333333333
0 0.25555555555555554 0.6066666666666667 0.017777777777777778 0.05
0 0.13333333333333333 0.61 0.03777777777777778 0.03166666666666667
0 0.09888888888888889 0.6116666666666667 0.028888888888888888 0.03166666666666667
0 0.27 0.6125 0.013333333333333334 0.041666666666666664
0 0.2877777777777778 0.6175 0.017777777777777778 0.04666666666666667
0 0.3088888888888889 0.6275 0.02 0.045
0 0.35444444444444445 0.6275 0.017777777777777778 0.05333333333333334
0 0.33 0.6283333333333333 0.017777777777777778 0.04833333333333333
0 0.3788888888888889 0.635 0.02 0.056666666666666664
0 0.4022222222222222 0.6433333333333333 0.02 0.06833333333333333
0 0.43555555555555553 0.6441666666666667 0.03333333333333333 0.058333333333333334
0 0.47444444444444445 0.6475 0.042222222222222223 0.06833333333333333
0 0.11555555555555555 0.6558333333333334 0.028888888888888888 0.035
0 0.2677777777777778 0.6575 0.017777777777777778 0.045
0 0.08444444444444445 0.6575 0.028888888888888888 0.035
0 0.5355555555555556 0.6608333333333334 0.028888888888888888 0.065
0 0.28555555555555556 0.6641666666666667 0.015555555555555555 0.041666666666666664
0 0.31222222222222223 0.675 0.028888888888888888 0.041666666666666664
0 0.3333333333333333 0.6783333333333333 0.017777777777777778 0.041666666666666664
0 0.36 0.68 0.024444444444444446 0.055
0 0.11444444444444445 0.6891666666666667 0.03111111111111111 0.028333333333333332
0 0.38333333333333336 0.6908333333333333 0.022222222222222223 0.056666666666666664
0 0.08888888888888889 0.6916666666666667 0.028888888888888888 0.03
0 0.40444444444444444 0.7083333333333334 0.022222222222222223 0.056666666666666664
0 0.43666666666666665 0.7083333333333334 0.03333333333333333 0.065
0 0.47333333333333333 0.7166666666666667 0.04 0.07
0 0.5355555555555556 0.7291666666666666 0.028888888888888888 0.07
0 0.37 0.7991666666666667 0.03111111111111111 0.058333333333333334
0 0.4022222222222222 0.8116666666666666 0.03111111111111111 0.06833333333333333
0 0.43333333333333335 0.825 0.03111111111111111 0.07666666666666666
0 0.4722222222222222 0.8475 0.042222222222222223 0.07
0 0.37222222222222223 0.8616666666666667 0.024444444444444446 0.055
0 0.4022222222222222 0.875 0.028888888888888888 0.056666666666666664
0 0.43555555555555553 0.8958333333333334 0.03333333333333333 0.065
0 0.37555555555555553 0.915 0.024444444444444446 0.05
0 0.47333333333333333 0.9183333333333333 0.035555555555555556 0.065
0 0.4022222222222222 0.935 0.028888888888888888 0.05
0 0.43333333333333335 0.9616666666666667 0.03777777777777778 0.06666666666666667
0 0.4711111111111111 0.975 0.03333333333333333 0.045