0 0.2675 0.11888888888888889 0.12 0.18444444444444444
0 0.3275 0.17333333333333334 0.11166666666666666 0.20444444444444446
0 0.4325 0.11 0.1 0.18
0 0.385 0.2577777777777778 0.08666666666666667 0.15333333333333332
0 0.48083333333333333 0.1811111111111111 0.09666666666666666 0.18222222222222223
0 0.43916666666666665 0.30333333333333334 0.085 0.14666666666666667
0 0.485 0.3522222222222222 0.07 0.13777777777777778
0 0.5266666666666666 0.22333333333333333 0.07833333333333334 0.1511111111111111
0 0.56 0.2777777777777778 0.06166666666666667 0.12444444444444444
0 0.5275 0.39444444444444443 0.06666666666666667 0.10888888888888888
0 0.5558333333333333 0.4311111111111111 0.055 0.12222222222222222
0 0.5966666666666667 0.45555555555555555 0.06333333333333334 0.11555555555555555
0 0.6208333333333333 0.35888888888888887 0.06 0.09555555555555556
0 0.5916666666666667 0.31777777777777777 0.056666666666666664 0.11777777777777777
0 0.19166666666666668 0.4388888888888889 0.14833333333333334 0.2288888888888889
0 0.13916666666666666 0.63 0.12833333333333333 0.2111111111111111
0 0.165 0.8033333333333333 0.105 0.1688888888888889
0 0.21166666666666667 0.64 0.13166666666666665 0.19111111111111112
0 0.3925 0.5522222222222222 0.095 0.15555555555555556
0 0.30833333333333335 0.8244444444444444 0.08833333333333333 0.13777777777777778
0 0.27 0.47444444444444445 0.11 0.19777777777777777
0 0.3416666666666667 0.5177777777777778 0.08 0.1711111111111111
0 0.29083333333333333 0.6788888888888889 0.08333333333333333 0.14222222222222222
0 0.24 0.8144444444444444 0.08 0.14666666666666667
0 0.3516666666666667 0.6922222222222222 0.07166666666666667 0.14
0 0.43833333333333335 0.58 0.08666666666666667 0.14888888888888888
0 0.48583333333333334 0.6033333333333334 0.06333333333333334 0.14666666666666667
0 0.5233333333333333 0.6211111111111111 0.06666666666666667 0.13111111111111112
0 0.4075 0.7177777777777777 0.06 0.1288888888888889
0 0.45 0.7311111111111112 0.058333333333333334 0.12
0 0.3616666666666667 0.8355555555555556 0.056666666666666664 0.10888888888888888
0 0.4091666666666667 0.8411111111111111 0.07 0.10888888888888888
0 0.4575 0.8511111111111112 0.06666666666666667 0.10666666666666667
0 0.49083333333333334 0.7466666666666667 0.058333333333333334 0.1
0 0.055 0.6811111111111111 0.07666666666666666 0.19555555555555557
0 0.08083333333333333 0.8466666666666667 0.08666666666666667 0.17777777777777778
0 0.0225 0.8477777777777777 0.045 0.15333333333333332
0 0.5783333333333334 0.7488888888888889 0.025 0.09777777777777778
0 0.5541666666666667 0.8488888888888889 0.035 0.08888888888888889
0 0.6066666666666667 0.76 0.023333333333333334 0.09777777777777778
0 0.5775 0.8488888888888889 0.03 0.09333333333333334
0 0.5241666666666667 0.9433333333333334 0.025 0.09111111111111111
0 0.5508333333333333 0.9411111111111111 0.025 0.09333333333333334
0 0.6725 0.43666666666666665 0.021666666666666667 0.08666666666666667
0 0.6958333333333333 0.4888888888888889 0.018333333333333333 0.08222222222222222
0 0.7175 0.4988888888888889 0.021666666666666667 0.07555555555555556
0 0.6466666666666666 0.5455555555555556 0.023333333333333334 0.07777777777777778
0 0.6691666666666667 0.5688888888888889 0.018333333333333333 0.08666666666666667
0 0.6958333333333333 0.5744444444444444 0.028333333333333332 0.07555555555555556
0 0.615 0.6322222222222222 0.03333333333333333 0.08666666666666667
0 0.645 0.6433333333333333 0.025 0.1
0 0.6733333333333333 0.6544444444444445 0.028333333333333332 0.08666666666666667
0 0.7325 0.5166666666666667 0.021666666666666667 0.06888888888888889
0 0.7516666666666667 0.5422222222222223 0.023333333333333334 0.05555555555555555
0 0.7141666666666666 0.5955555555555555 0.03 0.08222222222222222
0 0.7325 0.6088888888888889 0.025 0.07111111111111111
0 0.6958333333333333 0.6722222222222223 0.021666666666666667 0.08222222222222222
0 0.7166666666666667 0.6877777777777778 0.02 0.07111111111111111
0 0.6308333333333334 0.77 0.021666666666666667 0.09333333333333334
0 0.6508333333333334 0.7766666666666666 0.02 0.08888888888888889
0 0.6691666666666667 0.7777777777777778 0.013333333333333334 0.08222222222222222
0 0.6891666666666667 0.7777777777777778 0.018333333333333333 0.07555555555555556
0 0.605 0.86 0.018333333333333333 0.08888888888888889
0 0.6291666666666667 0.8666666666666667 0.023333333333333334 0.09333333333333334
0 0.6508333333333334 0.8655555555555555 0.016666666666666666 0.08222222222222222
0 0.6691666666666667 0.86 0.016666666666666666 0.07777777777777778
0 0.5916666666666667 0.9455555555555556 0.018333333333333333 0.07555555555555556
0 0.6091666666666666 0.9444444444444444 0.015 0.07111111111111111
0 0.6241666666666666 0.9466666666666667 0.011666666666666667 0.07111111111111111
0 0.64 0.9388888888888889 0.018333333333333333 0.06
0 0.5741666666666667 0.9422222222222222 0.021666666666666667 0.08444444444444445