0 0.18833333333333332 0.3277777777777778 0.08 0.13333333333333333
0 0.18 0.46111111111111114 0.085 0.15555555555555556
0 0.1675 0.6011111111111112 0.08833333333333333 0.1511111111111111
0 0.27166666666666667 0.31666666666666665 0.08 0.14
0 0.2625 0.45222222222222225 0.085 0.1511111111111111
0 0.3466666666666667 0.33111111111111113 0.07666666666666666 0.13777777777777778
0 0.3425 0.46444444444444444 0.07666666666666666 0.1511111111111111
0 0.33 0.6033333333333334 0.08666666666666667 0.14666666666666667
0 0.43166666666666664 0.27 0.08666666666666667 0.15777777777777777
0 0.4266666666666667 0.43222222222222223 0.09 0.1711111111111111
0 0.4225 0.5922222222222222 0.09833333333333333 0.1622222222222222
0 0.52 0.2633333333333333 0.09 0.16
0 0.5216666666666666 0.41888888888888887 0.09666666666666666 0.16444444444444445
0 0.5233333333333333 0.5822222222222222 0.09833333333333333 0.18
0 0.625 0.3933333333333333 0.11166666666666666 0.18888888888888888
0 0.63 0.5777777777777777 0.12333333333333334 0.18666666666666668
0 0.7133333333333334 0.2688888888888889 0.095 0.15777777777777777
0 0.7258333333333333 0.41333333333333333 0.10166666666666667 0.14888888888888888
0 0.7433333333333333 0.5822222222222222 0.11666666666666667 0.18222222222222223
0 0.9008333333333334 0.43 0.10333333333333333 0.11777777777777777
0 0.9308333333333333 0.5755555555555556 0.12833333333333333 0.19555555555555557
0 0.24 0.88 0.08333333333333333 0.15333333333333332
0 0.41583333333333333 0.8566666666666667 0.09166666666666666 0.14888888888888888
0 0.5141666666666667 0.9111111111111111 0.11166666666666666 0.17333333333333334
0 0.6266666666666667 0.91 0.11166666666666666 0.17555555555555555
0 0.7241666666666666 0.9088888888888889 0.105 0.17777777777777778
0 0.8341666666666666 0.9044444444444445 0.11666666666666667 0.18
0 0.15333333333333332 0.8677777777777778 0.085 0.13111111111111112
0 0.8108333333333333 0.41444444444444445 0.07666666666666666 0.15333333333333332
0 0.8408333333333333 0.5811111111111111 0.10166666666666667 0.17777777777777778
0 0.9616666666666667 0.9044444444444445 0.07333333333333333 0.16666666666666666
0 0.3258333333333333 0.8488888888888889 0.085 0.16666666666666666
0 0.9716666666666667 0.4066666666666667 0.04666666666666667 0.14