0 0.7333333333333333 0.3233333333333333 0.09333333333333334 0.17777777777777778
0 0.8583333333333333 0.3244444444444444 0.051666666666666666 0.16
0 0.8083333333333333 0.3277777777777778 0.056666666666666664 0.15333333333333332
0 0.9066666666666666 0.33111111111111113 0.04666666666666667 0.15333333333333332
0 0.6641666666666667 0.3377777777777778 0.056666666666666664 0.13777777777777778
0 0.9491666666666667 0.3511111111111111 0.03833333333333333 0.13333333333333333
0 0.9175 0.48333333333333334 0.051666666666666666 0.14
0 0.8708333333333333 0.4855555555555556 0.058333333333333334 0.1511111111111111
0 0.3025 0.4888888888888889 0.175 0.28
0 0.9583333333333334 0.4888888888888889 0.04 0.13555555555555557
0 0.11 0.4888888888888889 0.20833333333333334 0.30444444444444446
0 0.8191666666666667 0.49 0.06 0.16444444444444445
0 0.685 0.49444444444444446 0.065 0.1711111111111111
0 0.7566666666666667 0.4988888888888889 0.07666666666666666 0.16444444444444445
0 0.6041666666666666 0.5011111111111111 0.10166666666666667 0.18222222222222223
0 0.9658333333333333 0.6255555555555555 0.043333333333333335 0.13777777777777778
0 0.9283333333333333 0.6311111111111111 0.043333333333333335 0.14888888888888888
0 0.88 0.6366666666666667 0.058333333333333334 0.1511111111111111
0 0.8291666666666667 0.6477777777777778 0.06 0.15555555555555556
0 0.7666666666666667 0.6666666666666666 0.08166666666666667 0.16444444444444445
0 0.6966666666666667 0.6733333333333333 0.07166666666666667 0.18666666666666668
0 0.6116666666666667 0.69 0.10166666666666667 0.19333333333333333
0 0.5 0.7 0.10166666666666667 0.20444444444444446
0 0.7116666666666667 0.07222222222222222 0.06833333333333333 0.14444444444444443
0 0.42 0.7133333333333334 0.06166666666666667 0.21777777777777776
0 0.30666666666666664 0.7766666666666666 0.17833333333333334 0.28888888888888886
0 0.115 0.8144444444444444 0.20833333333333334 0.33111111111111113
0 0.9191666666666667 0.8533333333333334 0.05333333333333334 0.14444444444444443
0 0.7841666666666667 0.08777777777777777 0.075 0.16666666666666666
0 0.8725 0.8755555555555555 0.05 0.1511111111111111
0 0.7341666666666666 0.8855555555555555 0.04666666666666667 0.12222222222222222
0 0.8008333333333333 0.9011111111111111 0.095 0.1622222222222222
0 0.6825 0.9177777777777778 0.07 0.13777777777777778
0 0.6025 0.9477777777777778 0.09833333333333333 0.1
0 0.8541666666666666 0.10555555555555556 0.08166666666666667 0.16444444444444445
0 0.9166666666666666 0.12 0.06333333333333334 0.17555555555555555
0 0.9683333333333334 0.14444444444444443 0.051666666666666666 0.15555555555555556
0 0.1075 0.17 0.19833333333333333 0.33111111111111113
0 0.2975 0.20555555555555555 0.175 0.2866666666666667