0 0.3877777777777778 0.17 0.04666666666666667 0.06833333333333333
0 0.5366666666666666 0.18666666666666668 0.05555555555555555 0.08833333333333333
0 0.7588888888888888 0.19333333333333333 0.10222222222222223 0.085
0 0.48333333333333334 0.20666666666666667 0.05555555555555555 0.08
0 0.6677777777777778 0.21916666666666668 0.08222222222222222 0.08
0 0.27 0.22416666666666665 0.035555555555555556 0.04833333333333333
0 0.43777777777777777 0.225 0.051111111111111114 0.07833333333333334
0 0.39111111111111113 0.2325 0.04 0.07
0 0.2411111111111111 0.23583333333333334 0.028888888888888888 0.04666666666666667
0 0.5977777777777777 0.23833333333333334 0.07111111111111111 0.08
0 0.21777777777777776 0.24666666666666667 0.02666666666666667 0.043333333333333335
0 0.19333333333333333 0.25333333333333335 0.02666666666666667 0.041666666666666664
0 0.5355555555555556 0.25916666666666666 0.057777777777777775 0.06833333333333333
0 0.17222222222222222 0.2633333333333333 0.024444444444444446 0.03666666666666667
0 0.15444444444444444 0.27 0.024444444444444446 0.035
0 0.4822222222222222 0.2708333333333333 0.04888888888888889 0.065
0 0.27666666666666667 0.2816666666666667 0.03333333333333333 0.04833333333333333
0 0.7566666666666667 0.028333333333333332 0.09777777777777778 0.05333333333333334
0 0.43666666666666665 0.2866666666666667 0.044444444444444446 0.06166666666666667
0 0.24666666666666667 0.2891666666666667 0.028888888888888888 0.05
0 0.39666666666666667 0.2925 0.042222222222222223 0.06833333333333333
0 0.2222222222222222 0.2966666666666667 0.02666666666666667 0.045
0 0.19666666666666666 0.3016666666666667 0.03111111111111111 0.04833333333333333
0 0.17777777777777778 0.30666666666666664 0.02 0.04833333333333333
0 0.15555555555555556 0.31166666666666665 0.02666666666666667 0.04666666666666667
0 0.2811111111111111 0.33 0.03111111111111111 0.045
0 0.2511111111111111 0.3358333333333333 0.03333333333333333 0.04
0 0.22333333333333333 0.3433333333333333 0.03111111111111111 0.041666666666666664
0 0.2011111111111111 0.35 0.024444444444444446 0.045
0 0.17888888888888888 0.35583333333333333 0.022222222222222223 0.041666666666666664
0 0.15777777777777777 0.36 0.02666666666666667 0.03833333333333333
0 0.6677777777777778 0.0475 0.07777777777777778 0.09333333333333334
0 0.8033333333333333 0.47833333333333333 0.07111111111111111 0.11666666666666667
0 0.26 0.48083333333333333 0.028888888888888888 0.06
0 0.7266666666666667 0.48083333333333333 0.07555555555555556 0.11166666666666666
0 0.2388888888888889 0.48083333333333333 0.02 0.06166666666666667
0 0.49333333333333335 0.4825 0.05555555555555555 0.08833333333333333
0 0.3477777777777778 0.4841666666666667 0.02666666666666667 0.06166666666666667
0 0.5922222222222222 0.4841666666666667 0.051111111111111114 0.09833333333333333
0 0.6522222222222223 0.4841666666666667 0.06666666666666667 0.10166666666666667
0 0.3788888888888889 0.485 0.03333333333333333 0.07
0 0.2866666666666667 0.48583333333333334 0.042222222222222223 0.056666666666666664
0 0.41 0.48583333333333334 0.024444444444444446 0.075
0 0.4477777777777778 0.48583333333333334 0.04 0.085
0 0.5422222222222223 0.4866666666666667 0.057777777777777775 0.095
0 0.2611111111111111 0.5383333333333333 0.03111111111111111 0.05333333333333334
0 0.3511111111111111 0.5441666666666667 0.02666666666666667 0.06
0 0.2922222222222222 0.5441666666666667 0.03777777777777778 0.05
0 0.38222222222222224 0.5525 0.02666666666666667 0.06333333333333334
0 0.41333333333333333 0.5583333333333333 0.017777777777777778 0.06333333333333334
0 0.45 0.5658333333333333 0.04 0.07666666666666666
0 0.49444444444444446 0.5675 0.057777777777777775 0.08166666666666667
0 0.5444444444444444 0.5716666666666667 0.05555555555555555 0.08166666666666667
0 0.5933333333333334 0.5716666666666667 0.057777777777777775 0.08833333333333333
0 0.6555555555555556 0.58 0.06888888888888889 0.09
0 0.7277777777777777 0.5908333333333333 0.07555555555555556 0.10166666666666667
0 0.8077777777777778 0.5908333333333333 0.06666666666666667 0.105
0 0.26222222222222225 0.5958333333333333 0.02666666666666667 0.055
0 0.29444444444444445 0.6041666666666666 0.042222222222222223 0.05333333333333334
0 0.3522222222222222 0.6116666666666667 0.02666666666666667 0.065
0 0.38666666666666666 0.6166666666666667 0.028888888888888888 0.07
0 0.4177777777777778 0.6275 0.02666666666666667 0.07166666666666667
0 0.45555555555555555 0.6341666666666667 0.03777777777777778 0.07333333333333333
0 0.4988888888888889 0.6458333333333334 0.05555555555555555 0.07166666666666667
0 0.5444444444444444 0.6533333333333333 0.05333333333333334 0.07833333333333334
0 0.5944444444444444 0.6608333333333334 0.05333333333333334 0.08833333333333333
0 0.8244444444444444 0.06666666666666667 0.03777777777777778 0.115
0 0.6555555555555556 0.6741666666666667 0.06666666666666667 0.09666666666666666
0 0.7288888888888889 0.69 0.07111111111111111 0.10166666666666667
0 0.8066666666666666 0.7016666666666667 0.07111111111111111 0.12
0 0.3522222222222222 0.7441666666666666 0.04 0.075
0 0.38666666666666666 0.755 0.035555555555555556 0.07
0 0.4222222222222222 0.77 0.04 0.06833333333333333
0 0.5944444444444444 0.07833333333333334 0.07111111111111111 0.10166666666666667
0 0.46111111111111114 0.7866666666666666 0.03333333333333333 0.07833333333333334
0 0.5 0.81 0.04666666666666667 0.085
0 0.3522222222222222 0.8158333333333333 0.04 0.07
0 0.38333333333333336 0.8225 0.044444444444444446 0.06333333333333334
0 0.5544444444444444 0.8258333333333333 0.057777777777777775 0.08666666666666667
0 0.4255555555555556 0.8391666666666666 0.04 0.07666666666666666
0 0.6066666666666667 0.8483333333333334 0.06222222222222222 0.10166666666666667
0 0.46 0.865 0.03333333333333333 0.07166666666666667
0 0.6722222222222223 0.875 0.07111111111111111 0.1
0 0.5033333333333333 0.885 0.051111111111111114 0.07333333333333333
0 0.74 0.9008333333333334 0.07777777777777778 0.10833333333333334
0 0.5555555555555556 0.9083333333333333 0.06 0.08
0 0.8144444444444444 0.935 0.07111111111111111 0.12666666666666668
0 0.6077777777777778 0.9408333333333333 0.06 0.08166666666666667
0 0.6711111111111111 0.96 0.06888888888888889 0.07333333333333333
0 0.7588888888888888 0.10583333333333333 0.09777777777777778 0.11333333333333333
0 0.5344444444444445 0.10833333333333334 0.057777777777777775 0.09166666666666666
0 0.47888888888888886 0.13333333333333333 0.05555555555555555 0.08833333333333333
0 0.6644444444444444 0.13583333333333333 0.08444444444444445 0.10333333333333333
0 0.4311111111111111 0.155 0.04666666666666667 0.08
0 0.6 0.16583333333333333 0.06888888888888889 0.09
0 0.8277777777777777 0.16583333333333333 0.035555555555555556 0.08