0 0.14166666666666666 0.18666666666666668 0.06666666666666667 0.13555555555555557
0 0.215 0.20333333333333334 0.065 0.13555555555555557
0 0.13583333333333333 0.3 0.06833333333333333 0.13555555555555557
0 0.12583333333333332 0.4022222222222222 0.06666666666666667 0.10888888888888888
0 0.20666666666666667 0.31666666666666665 0.06833333333333333 0.13555555555555557
0 0.19666666666666666 0.41555555555555557 0.07 0.11333333333333333
0 0.2791666666666667 0.22333333333333333 0.058333333333333334 0.1288888888888889
0 0.2733333333333333 0.3288888888888889 0.058333333333333334 0.12444444444444444
0 0.2625 0.4266666666666667 0.06166666666666667 0.10888888888888888
0 0.3458333333333333 0.2411111111111111 0.056666666666666664 0.13555555555555557
0 0.34 0.3477777777777778 0.06166666666666667 0.11555555555555555
0 0.33166666666666667 0.43555555555555553 0.065 0.10222222222222223
0 0.4033333333333333 0.26 0.056666666666666664 0.12222222222222222
0 0.39916666666666667 0.35888888888888887 0.051666666666666666 0.11777777777777777
0 0.395 0.4488888888888889 0.056666666666666664 0.09333333333333334
0 0.4575 0.2777777777777778 0.051666666666666666 0.11777777777777777
0 0.4508333333333333 0.37666666666666665 0.05333333333333334 0.1111111111111111
0 0.44916666666666666 0.46 0.04666666666666667 0.08222222222222222
0 0.5091666666666667 0.2911111111111111 0.04666666666666667 0.11555555555555555
0 0.5008333333333334 0.38666666666666666 0.045 0.10666666666666667
0 0.495 0.4666666666666667 0.045 0.08222222222222222
0 0.555 0.3055555555555556 0.045 0.10444444444444445
0 0.5475 0.3977777777777778 0.04666666666666667 0.10444444444444445
0 0.5433333333333333 0.4766666666666667 0.05333333333333334 0.08444444444444445
0 0.5975 0.31333333333333335 0.041666666666666664 0.10666666666666667
0 0.5933333333333334 0.4011111111111111 0.041666666666666664 0.10222222222222223
0 0.5891666666666666 0.48444444444444446 0.045 0.07111111111111111
0 0.6375 0.32666666666666666 0.041666666666666664 0.10444444444444445
0 0.6333333333333333 0.41333333333333333 0.041666666666666664 0.09333333333333334
0 0.6325 0.4911111111111111 0.03833333333333333 0.08222222222222222
0 0.6766666666666666 0.3388888888888889 0.03833333333333333 0.09777777777777778
0 0.6733333333333333 0.4222222222222222 0.035 0.09111111111111111
0 0.6708333333333333 0.4955555555555556 0.03833333333333333 0.08666666666666667
0 0.7125 0.34555555555555556 0.03666666666666667 0.09111111111111111
0 0.71 0.4266666666666667 0.03833333333333333 0.09555555555555556
0 0.7083333333333334 0.5033333333333333 0.03833333333333333 0.08222222222222222
0 0.7475 0.3566666666666667 0.03333333333333333 0.09777777777777778
0 0.745 0.43555555555555553 0.035 0.09333333333333334
0 0.7441666666666666 0.5111111111111111 0.03333333333333333 0.07555555555555556
0 0.7816666666666666 0.3655555555555556 0.03666666666666667 0.09555555555555556
0 0.7808333333333334 0.4411111111111111 0.03166666666666667 0.08444444444444445
0 0.7816666666666666 0.5155555555555555 0.03833333333333333 0.08222222222222222
0 0.8175 0.37666666666666665 0.03333333333333333 0.08666666666666667
0 0.815 0.4488888888888889 0.03833333333333333 0.09111111111111111
0 0.8158333333333333 0.5166666666666667 0.03833333333333333 0.08
0 0.8491666666666666 0.38222222222222224 0.03 0.08444444444444445
0 0.8466666666666667 0.45555555555555555 0.03166666666666667 0.08666666666666667
0 0.8475 0.5244444444444445 0.03 0.07777777777777778
0 0.8791666666666667 0.3788888888888889 0.03 0.08666666666666667
0 0.8766666666666667 0.45666666666666667 0.028333333333333332 0.09111111111111111
0 0.8766666666666667 0.5277777777777778 0.028333333333333332 0.06666666666666667
0 0.905 0.3888888888888889 0.03166666666666667 0.08222222222222222
0 0.905 0.4633333333333333 0.03333333333333333 0.08444444444444445
0 0.9033333333333333 0.5322222222222223 0.028333333333333332 0.07555555555555556
0 0.9333333333333333 0.4 0.021666666666666667 0.07111111111111111
0 0.9325 0.4688888888888889 0.02666666666666667 0.07555555555555556
0 0.9291666666666667 0.5355555555555556 0.035 0.07111111111111111
0 0.9583333333333334 0.4111111111111111 0.03 0.07333333333333333
0 0.9591666666666666 0.47333333333333333 0.02666666666666667 0.07333333333333333
0 0.9591666666666666 0.5377777777777778 0.025 0.08222222222222222
0 0.12 0.6866666666666666 0.055 0.12222222222222222
0 0.18916666666666668 0.6911111111111111 0.06833333333333333 0.1288888888888889
0 0.2575 0.6988888888888889 0.06166666666666667 0.13111111111111112
0 0.25083333333333335 0.7988888888888889 0.06 0.09333333333333334
0 0.31833333333333336 0.7011111111111111 0.056666666666666664 0.12222222222222222
0 0.31 0.7966666666666666 0.055 0.09111111111111111
0 0.36916666666666664 0.7955555555555556 0.05333333333333334 0.09333333333333334
0 0.4266666666666667 0.7933333333333333 0.051666666666666666 0.09111111111111111
0 0.4841666666666667 0.6966666666666667 0.045 0.10888888888888888
0 0.47833333333333333 0.7911111111111111 0.045 0.1
0 0.5308333333333334 0.6988888888888889 0.04833333333333333 0.10888888888888888
0 0.5258333333333334 0.79 0.041666666666666664 0.09333333333333334