0 0.7477777777777778 0.07416666666666667 0.07111111111111111 0.10833333333333334
0 0.6788888888888889 0.0925 0.044444444444444446 0.08166666666666667
0 0.49777777777777776 0.1275 0.04888888888888889 0.09
0 0.45666666666666667 0.13833333333333334 0.03333333333333333 0.07666666666666666
0 0.42333333333333334 0.13916666666666666 0.024444444444444446 0.07666666666666666
0 0.9188888888888889 0.16916666666666666 0.12444444444444444 0.15166666666666667
0 0.8155555555555556 0.175 0.08666666666666667 0.13833333333333334
0 0.74 0.185 0.07555555555555556 0.11833333333333333
0 0.6766666666666666 0.1925 0.057777777777777775 0.12
0 0.5533333333333333 0.195 0.04 0.095
0 0.6044444444444445 0.195 0.05555555555555555 0.08333333333333333
0 0.5144444444444445 0.2025 0.044444444444444446 0.08833333333333333
0 0.4811111111111111 0.21166666666666667 0.024444444444444446 0.07333333333333333
0 0.4288888888888889 0.2125 0.02 0.06166666666666667
0 0.45444444444444443 0.215 0.024444444444444446 0.06833333333333333
0 0.4388888888888889 0.27666666666666667 0.02 0.065
0 0.5966666666666667 0.28 0.03333333333333333 0.08333333333333333
0 0.4588888888888889 0.2825 0.02 0.07
0 0.5211111111111111 0.2833333333333333 0.04 0.07833333333333334
0 0.56 0.2833333333333333 0.04 0.08333333333333333
0 0.4855555555555556 0.2866666666666667 0.024444444444444446 0.06833333333333333
0 0.6788888888888889 0.2966666666666667 0.06 0.09833333333333333
0 0.7355555555555555 0.3016666666666667 0.07111111111111111 0.12
0 0.81 0.3025 0.09111111111111111 0.12166666666666667
0 0.9077777777777778 0.30666666666666664 0.12444444444444444 0.135
0 0.49666666666666665 0.3441666666666667 0.024444444444444446 0.043333333333333335
0 0.5266666666666666 0.3466666666666667 0.02666666666666667 0.04833333333333333
0 0.5633333333333334 0.35083333333333333 0.04 0.07333333333333333
0 0.6077777777777778 0.3575 0.04 0.07666666666666666
0 0.6822222222222222 0.37416666666666665 0.06 0.06833333333333333
0 0.7366666666666667 0.3883333333333333 0.06666666666666667 0.07333333333333333
0 0.8111111111111111 0.40166666666666667 0.08666666666666667 0.08166666666666667
0 0.9011111111111111 0.4175 0.11333333333333333 0.105
0 0.5055555555555555 0.4708333333333333 0.04 0.056666666666666664
0 0.5388888888888889 0.48583333333333334 0.03777777777777778 0.07
0 0.57 0.49833333333333335 0.044444444444444446 0.065
0 0.6033333333333334 0.5133333333333333 0.04 0.08166666666666667
0 0.5088888888888888 0.5266666666666666 0.03333333333333333 0.05
0 0.6455555555555555 0.53 0.06 0.08166666666666667
0 0.5411111111111111 0.5466666666666666 0.03777777777777778 0.05
0 0.7011111111111111 0.5533333333333333 0.044444444444444446 0.08166666666666667
0 0.5722222222222222 0.5583333333333333 0.03333333333333333 0.06166666666666667
0 0.7455555555555555 0.57 0.044444444444444446 0.07666666666666666
0 0.6022222222222222 0.5766666666666667 0.035555555555555556 0.056666666666666664
0 0.4666666666666667 0.5775 0.04 0.056666666666666664
0 0.6444444444444445 0.5975 0.05333333333333334 0.06833333333333333
0 0.8088888888888889 0.5975 0.07111111111111111 0.08666666666666667
0 0.5022222222222222 0.6008333333333333 0.03333333333333333 0.05333333333333334
0 0.9444444444444444 0.6116666666666667 0.06888888888888889 0.095
0 0.8733333333333333 0.615 0.07111111111111111 0.08833333333333333
0 0.5344444444444445 0.6233333333333333 0.04 0.058333333333333334
0 0.7 0.625 0.051111111111111114 0.06166666666666667
0 0.4677777777777778 0.6291666666666667 0.02666666666666667 0.043333333333333335
0 0.57 0.6441666666666667 0.04 0.056666666666666664
0 0.7411111111111112 0.6441666666666667 0.05333333333333334 0.07
0 0.5 0.655 0.028888888888888888 0.051666666666666666
0 0.6177777777777778 0.6725 0.051111111111111114 0.06666666666666667
0 0.8011111111111111 0.6783333333333333 0.06 0.07833333333333334
0 0.5311111111111111 0.6791666666666667 0.03333333333333333 0.056666666666666664
0 0.9377777777777778 0.6875 0.06666666666666667 0.05333333333333334
0 0.5711111111111111 0.7041666666666667 0.04 0.05333333333333334
0 0.6722222222222223 0.7058333333333333 0.05333333333333334 0.06666666666666667
0 0.8677777777777778 0.7091666666666666 0.06 0.09
0 0.6144444444444445 0.7391666666666666 0.051111111111111114 0.06166666666666667
0 0.9311111111111111 0.7516666666666667 0.06444444444444444 0.07333333333333333
0 0.7211111111111111 0.7533333333333333 0.057777777777777775 0.06833333333333333
0 0.6677777777777778 0.7775 0.06 0.07
0 0.7822222222222223 0.7866666666666666 0.06666666666666667 0.08166666666666667
0 0.7266666666666667 0.8191666666666667 0.06666666666666667 0.07333333333333333
0 0.8555555555555555 0.85 0.07555555555555556 0.08166666666666667
0 0.7822222222222223 0.8666666666666667 0.06222222222222222 0.07333333333333333
0 0.9322222222222222 0.895 0.08666666666666667 0.09666666666666666
0 0.8488888888888889 0.9241666666666667 0.08 0.07
0 0.9155555555555556 0.9675 0.07333333333333333 0.06166666666666667