0 0.47 0.1875 0.044444444444444446 0.085
0 0.3622222222222222 0.20666666666666667 0.057777777777777775 0.10666666666666667
0 0.1922222222222222 0.22083333333333333 0.11333333333333333 0.09333333333333334
0 0.5144444444444445 0.22583333333333333 0.03777777777777778 0.07833333333333334
0 0.42 0.24083333333333334 0.05555555555555555 0.095
0 0.5522222222222222 0.2475 0.04 0.07333333333333333
0 0.28888888888888886 0.265 0.08888888888888889 0.09333333333333334
0 0.47 0.275 0.051111111111111114 0.09
0 0.36444444444444446 0.29833333333333334 0.06 0.07666666666666666
0 0.5144444444444445 0.30416666666666664 0.03777777777777778 0.075
0 0.5533333333333333 0.32083333333333336 0.03777777777777778 0.07166666666666667
0 0.4222222222222222 0.32416666666666666 0.051111111111111114 0.065
0 0.47333333333333333 0.35 0.04666666666666667 0.058333333333333334
0 0.5177777777777778 0.36833333333333335 0.04 0.06166666666666667
0 0.5566666666666666 0.38333333333333336 0.04 0.051666666666666666
0 0.28888888888888886 0.05 0.08444444444444445 0.1
0 0.1622222222222222 0.5183333333333333 0.07111111111111111 0.16
0 0.26 0.5266666666666666 0.11777777777777777 0.14166666666666666
0 0.59 0.585 0.02666666666666667 0.055
0 0.56 0.585 0.03777777777777778 0.058333333333333334
0 0.6188888888888889 0.5891666666666666 0.03111111111111111 0.04666666666666667
0 0.4811111111111111 0.6291666666666667 0.04 0.135
0 0.5244444444444445 0.6308333333333334 0.044444444444444446 0.12833333333333333
0 0.4311111111111111 0.635 0.06 0.15
0 0.62 0.6366666666666667 0.03111111111111111 0.05
0 0.3566666666666667 0.64 0.08222222222222222 0.15833333333333333
0 0.5911111111111111 0.6416666666666667 0.03111111111111111 0.056666666666666664
0 0.5611111111111111 0.6425 0.035555555555555556 0.055
0 0.26222222222222225 0.6766666666666666 0.1111111111111111 0.15333333333333332
0 0.16333333333333333 0.6866666666666666 0.08222222222222222 0.17
0 0.6277777777777778 0.7058333333333333 0.028888888888888888 0.08
0 0.5944444444444444 0.7133333333333334 0.03111111111111111 0.08833333333333333
0 0.5633333333333334 0.7166666666666667 0.04 0.08833333333333333
0 0.5266666666666666 0.7458333333333333 0.044444444444444446 0.10166666666666667
0 0.48333333333333334 0.7541666666666667 0.044444444444444446 0.125
0 0.4288888888888889 0.78 0.06666666666666667 0.13666666666666666
0 0.6311111111111111 0.7858333333333334 0.03333333333333333 0.06666666666666667
0 0.35444444444444445 0.7933333333333333 0.08666666666666667 0.14833333333333334
0 0.6011111111111112 0.8016666666666666 0.035555555555555556 0.07833333333333334
0 0.57 0.8158333333333333 0.035555555555555556 0.10333333333333333
0 0.2588888888888889 0.8333333333333334 0.10444444444444445 0.16333333333333333
0 0.5333333333333333 0.8433333333333334 0.04666666666666667 0.105
0 0.1688888888888889 0.8633333333333333 0.07777777777777778 0.18166666666666667
0 0.48777777777777775 0.87 0.04666666666666667 0.11833333333333333
0 0.4311111111111111 0.905 0.06222222222222222 0.13833333333333334
0 0.3566666666666667 0.9308333333333333 0.09333333333333334 0.13666666666666666
0 0.3622222222222222 0.10166666666666667 0.06666666666666667 0.095
0 0.19333333333333333 0.11166666666666666 0.1 0.125
0 0.41888888888888887 0.145 0.05555555555555555 0.08833333333333333
0 0.2877777777777778 0.16083333333333333 0.08444444444444445 0.11333333333333333