0 0.8908333333333334 0.1322222222222222 0.20833333333333334 0.2644444444444444
0 0.8941666666666667 0.47555555555555556 0.20833333333333334 0.4177777777777778
0 0.8841666666666667 0.8311111111111111 0.22833333333333333 0.3333333333333333
0 0.42333333333333334 0.27444444444444444 0.09833333333333333 0.21333333333333335
0 0.425 0.49777777777777776 0.09666666666666666 0.23777777777777778
0 0.4216666666666667 0.7522222222222222 0.1 0.27111111111111114
0 0.3375 0.49777777777777776 0.07833333333333334 0.22444444444444445
0 0.33416666666666667 0.7244444444444444 0.075 0.2311111111111111
0 0.2925 0.3011111111111111 0.09333333333333334 0.19555555555555557
0 0.2708333333333333 0.5033333333333333 0.06333333333333334 0.20666666666666667
0 0.2625 0.7033333333333334 0.06666666666666667 0.20444444444444446
0 0.21916666666666668 0.30666666666666664 0.041666666666666664 0.18666666666666668
0 0.18083333333333335 0.31333333333333335 0.03833333333333333 0.17555555555555555
0 0.215 0.4955555555555556 0.043333333333333335 0.19111111111111112
0 0.13166666666666665 0.6577777777777778 0.03 0.16444444444444445
0 0.16416666666666666 0.6655555555555556 0.03333333333333333 0.18666666666666668
0 0.205 0.68 0.045 0.2088888888888889
0 0.14166666666666666 0.34444444444444444 0.03166666666666667 0.14
0 0.1375 0.49444444444444446 0.03 0.16
0 0.17166666666666666 0.48777777777777775 0.03333333333333333 0.1688888888888889
0 0.5441666666666667 0.24444444444444444 0.13666666666666666 0.2088888888888889
0 0.6883333333333334 0.48444444444444446 0.195 0.3488888888888889
0 0.5258333333333334 0.4988888888888889 0.11833333333333333 0.29777777777777775
0 0.6766666666666666 0.8311111111111111 0.185 0.3288888888888889
0 0.5275 0.7922222222222223 0.11333333333333333 0.29777777777777775
0 0.056666666666666664 0.3711111111111111 0.043333333333333335 0.11777777777777777
0 0.10083333333333333 0.35444444444444445 0.045 0.13555555555555557
0 0.03916666666666667 0.5055555555555555 0.021666666666666667 0.1288888888888889
0 0.06666666666666667 0.5033333333333333 0.021666666666666667 0.13555555555555557
0 0.09833333333333333 0.49777777777777776 0.04 0.14444444444444443
0 0.0975 0.6555555555555556 0.04 0.1511111111111111
0 0.0625 0.6411111111111111 0.028333333333333332 0.13777777777777778
0 0.035833333333333335 0.6344444444444445 0.02 0.12666666666666668
0 0.0175 0.62 0.013333333333333334 0.12