0 0.9466666666666667 0.42777777777777776 0.04666666666666667 0.042222222222222223
0 0.8775 0.4666666666666667 0.025 0.051111111111111114
0 0.9866666666666667 0.4677777777777778 0.023333333333333334 0.06
0 0.9083333333333333 0.4711111111111111 0.041666666666666664 0.04666666666666667
0 0.375 0.4811111111111111 0.03333333333333333 0.07111111111111111
0 0.41333333333333333 0.4811111111111111 0.035 0.06666666666666667
0 0.4841666666666667 0.4866666666666667 0.03833333333333333 0.06666666666666667
0 0.4483333333333333 0.48777777777777775 0.03333333333333333 0.06444444444444444
0 0.5975 0.4911111111111111 0.04 0.06222222222222222
0 0.56 0.4922222222222222 0.03833333333333333 0.06
0 0.5225 0.49333333333333335 0.03333333333333333 0.057777777777777775
0 0.6741666666666667 0.49333333333333335 0.041666666666666664 0.06
0 0.715 0.49333333333333335 0.03833333333333333 0.06666666666666667
0 0.6375 0.4955555555555556 0.03333333333333333 0.057777777777777775
0 0.8866666666666667 0.5177777777777778 0.023333333333333334 0.04666666666666667
0 0.37166666666666665 0.53 0.03333333333333333 0.05555555555555555
0 0.4066666666666667 0.5311111111111111 0.03333333333333333 0.06
0 0.44166666666666665 0.5322222222222223 0.03666666666666667 0.057777777777777775
0 0.48083333333333333 0.5377777777777778 0.03666666666666667 0.057777777777777775
0 0.52 0.5388888888888889 0.035 0.05555555555555555
0 0.5558333333333333 0.54 0.04 0.05333333333333334
0 0.5966666666666667 0.5433333333333333 0.03833333333333333 0.05333333333333334
0 0.0725 0.5444444444444444 0.023333333333333334 0.05555555555555555
0 0.6366666666666667 0.5455555555555556 0.043333333333333335 0.05555555555555555
0 0.6775 0.5455555555555556 0.043333333333333335 0.06
0 0.7183333333333334 0.55 0.041666666666666664 0.057777777777777775
0 0.09333333333333334 0.5711111111111111 0.02 0.05333333333333334
0 0.87 0.5788888888888889 0.028333333333333332 0.044444444444444446
0 0.105 0.5988888888888889 0.018333333333333333 0.06
0 0.0525 0.6011111111111112 0.021666666666666667 0.05555555555555555
0 0.8466666666666667 0.6044444444444445 0.03 0.044444444444444446
0 0.12 0.6133333333333333 0.018333333333333333 0.06
0 0.06833333333333333 0.62 0.015 0.057777777777777775
0 0.825 0.6211111111111111 0.023333333333333334 0.03333333333333333
0 0.8733333333333333 0.6233333333333333 0.028333333333333332 0.044444444444444446
0 0.13333333333333333 0.6277777777777778 0.02 0.035555555555555556
0 0.0875 0.64 0.018333333333333333 0.06222222222222222
0 0.14333333333333334 0.6477777777777778 0.021666666666666667 0.044444444444444446
0 0.8283333333333334 0.6522222222222223 0.023333333333333334 0.035555555555555556
0 0.8533333333333334 0.6522222222222223 0.025 0.04666666666666667
0 0.105 0.6577777777777778 0.013333333333333334 0.051111111111111114
0 0.8116666666666666 0.6588888888888889 0.021666666666666667 0.044444444444444446
0 0.04 0.6622222222222223 0.021666666666666667 0.06444444444444444
0 0.8816666666666667 0.67 0.03 0.04666666666666667
0 0.11833333333333333 0.6722222222222223 0.016666666666666666 0.051111111111111114
0 0.0625 0.6833333333333333 0.013333333333333334 0.06222222222222222
0 0.9591666666666666 0.6844444444444444 0.04 0.06888888888888889
0 0.13583333333333333 0.69 0.018333333333333333 0.03777777777777778
0 0.8591666666666666 0.6955555555555556 0.03 0.051111111111111114
0 0.8158333333333333 0.7 0.023333333333333334 0.04
0 0.08083333333333333 0.7011111111111111 0.013333333333333334 0.04888888888888889
0 0.09833333333333333 0.7122222222222222 0.021666666666666667 0.04666666666666667
0 0.025833333333333333 0.7155555555555555 0.023333333333333334 0.051111111111111114
0 0.11833333333333333 0.72 0.021666666666666667 0.044444444444444446
0 0.8891666666666667 0.7233333333333334 0.03 0.05333333333333334
0 0.04833333333333333 0.73 0.018333333333333333 0.057777777777777775
0 0.9241666666666667 0.73 0.025 0.06444444444444444
0 0.065 0.7355555555555555 0.018333333333333333 0.051111111111111114
0 0.87 0.7444444444444445 0.02666666666666667 0.04666666666666667
0 0.07833333333333334 0.7555555555555555 0.011666666666666667 0.051111111111111114
0 0.095 0.7711111111111111 0.013333333333333334 0.05333333333333334
0 0.8975 0.7744444444444445 0.02666666666666667 0.04888888888888889
0 0.11166666666666666 0.78 0.016666666666666666 0.06
0 0.875 0.7911111111111111 0.025 0.05333333333333334
0 0.3441666666666667 0.7955555555555556 0.041666666666666664 0.08666666666666667
0 0.4766666666666667 0.8044444444444444 0.04666666666666667 0.09333333333333334
0 0.0122 0.8083111111111111 0.024383333333333337 0.07051111111111115
0 0.39166666666666666 0.8133333333333334 0.041666666666666664 0.08222222222222222
0 0.43333333333333335 0.8133333333333334 0.035 0.07777777777777778
0 0.5716666666666667 0.8155555555555556 0.043333333333333335 0.08666666666666667
0 0.6625 0.8155555555555556 0.05 0.08888888888888889
0 0.9725 0.8155555555555556 0.03166666666666667 0.06666666666666667
0 0.02625 0.8179333333333333 0.028966666666666658 0.061533333333333454
0 0.04833333333333333 0.8188888888888889 0.021666666666666667 0.07111111111111111
0 0.5225 0.8222222222222222 0.03833333333333333 0.04888888888888889
0 0.7491666666666666 0.8222222222222222 0.04833333333333333 0.09333333333333334
0 0.7016666666666667 0.8277777777777777 0.041666666666666664 0.06888888888888889
0 0.6116666666666667 0.8322222222222222 0.03166666666666667 0.06
0 0.0725 0.8333333333333334 0.02 0.06888888888888889
0 0.9491666666666667 0.8344444444444444 0.035 0.06444444444444444
0 0.3308333333333333 0.87 0.041666666666666664 0.08666666666666667
0 0.38083333333333336 0.8755555555555555 0.04833333333333333 0.08888888888888889
0 0.010833333333333334 0.8855555555555555 0.018333333333333333 0.08444444444444445
0 0.4716666666666667 0.8866666666666667 0.041666666666666664 0.08888888888888889
0 0.985 0.8877777777777778 0.02666666666666667 0.07777777777777778
0 0.425 0.8888888888888888 0.03333333333333333 0.07111111111111111
0 0.5183333333333333 0.8888888888888888 0.045 0.08666666666666667
0 0.5716666666666667 0.8944444444444445 0.058333333333333334 0.08444444444444445
0 0.25333333333333335 0.8966666666666666 0.041666666666666664 0.06888888888888889
0 0.030833333333333334 0.8966666666666666 0.015 0.09111111111111111
0 0.21333333333333335 0.8977777777777778 0.03833333333333333 0.057777777777777775
0 0.665 0.8988888888888888 0.04666666666666667 0.06666666666666667
0 0.6183333333333333 0.9 0.035 0.06222222222222222
0 0.9625 0.9 0.03166666666666667 0.07111111111111111
0 0.7133333333333334 0.9033333333333333 0.051666666666666666 0.08222222222222222
0 0.13026666666666667 0.9050888888888889 0.03768333333333335 0.052977777777777846
0 0.7616666666666667 0.9055555555555556 0.045 0.07777777777777778
0 0.050833333333333335 0.9077777777777778 0.015 0.07111111111111111
0 0.1187 0.9590444444444445 0.03333333333333333 0.04528888888888888
0 0.20333333333333334 0.96 0.045 0.06222222222222222
0 0.24083333333333334 0.9633333333333334 0.03666666666666667 0.06222222222222222