0 0.4822222222222222 0.17916666666666667 0.03333333333333333 0.07166666666666667
0 0.2011111111111111 0.19916666666666666 0.09111111111111111 0.11166666666666666
0 0.5177777777777778 0.205 0.03777777777777778 0.07333333333333333
0 0.4 0.20583333333333334 0.044444444444444446 0.09333333333333334
0 0.5522222222222222 0.21916666666666668 0.04888888888888889 0.07166666666666667
0 0.4477777777777778 0.23166666666666666 0.044444444444444446 0.08833333333333333
0 0.27666666666666667 0.23916666666666667 0.06 0.095
0 0.5966666666666667 0.245 0.028888888888888888 0.07166666666666667
0 0.4866666666666667 0.2608333333333333 0.03111111111111111 0.085
0 0.3411111111111111 0.2683333333333333 0.07333333333333333 0.1
0 0.5188888888888888 0.2816666666666667 0.03111111111111111 0.08
0 0.5577777777777778 0.29 0.044444444444444446 0.07166666666666667
0 0.4033333333333333 0.29333333333333333 0.04 0.085
0 0.44666666666666666 0.31583333333333335 0.051111111111111114 0.08
0 0.6011111111111112 0.31583333333333335 0.028888888888888888 0.065
0 0.4911111111111111 0.3375 0.03777777777777778 0.07
0 0.5211111111111111 0.355 0.03333333333333333 0.065
0 0.5577777777777778 0.36333333333333334 0.044444444444444446 0.07333333333333333
0 0.6022222222222222 0.3858333333333333 0.03333333333333333 0.06833333333333333
0 0.27555555555555555 0.041666666666666664 0.06222222222222222 0.08166666666666667
0 0.10444444444444445 0.0525 0.10666666666666667 0.10166666666666667
0 0.3388888888888889 0.056666666666666664 0.07111111111111111 0.105
0 0.5977777777777777 0.58 0.03333333333333333 0.06666666666666667
0 0.5477777777777778 0.5833333333333334 0.02666666666666667 0.08333333333333333
0 0.5711111111111111 0.5841666666666666 0.03333333333333333 0.07333333333333333
0 0.5222222222222223 0.5875 0.028888888888888888 0.085
0 0.46 0.5891666666666666 0.028888888888888888 0.09666666666666666
0 0.49 0.5891666666666666 0.04 0.09333333333333334
0 0.3522222222222222 0.5991666666666666 0.06222222222222222 0.12833333333333333
0 0.2811111111111111 0.6058333333333333 0.08222222222222222 0.14166666666666666
0 0.1922222222222222 0.6133333333333333 0.09333333333333334 0.165
0 0.08666666666666667 0.6208333333333333 0.12444444444444444 0.18333333333333332
0 0.6022222222222222 0.6516666666666666 0.03333333333333333 0.07333333333333333
0 0.5744444444444444 0.6608333333333334 0.028888888888888888 0.08166666666666667
0 0.5533333333333333 0.665 0.028888888888888888 0.08333333333333333
0 0.5277777777777778 0.6725 0.028888888888888888 0.095
0 0.49666666666666665 0.6791666666666667 0.028888888888888888 0.09166666666666666
0 0.46111111111111114 0.6875 0.03333333333333333 0.09833333333333333
0 0.3511111111111111 0.7175 0.06 0.11666666666666667
0 0.2777777777777778 0.7341666666666666 0.08 0.12333333333333334
0 0.1922222222222222 0.7566666666666667 0.09777777777777778 0.13666666666666666
0 0.0811111111111111 0.7841666666666667 0.12444444444444444 0.16333333333333333
0 0.6244444444444445 0.7933333333333333 0.028888888888888888 0.08666666666666667
0 0.5955555555555555 0.8116666666666666 0.028888888888888888 0.09666666666666666
0 0.5733333333333334 0.8283333333333334 0.022222222222222223 0.11
0 0.5322222222222223 0.8475 0.06 0.11333333333333333
0 0.6288888888888889 0.8758333333333334 0.02666666666666667 0.07833333333333334
0 0.2 0.08916666666666667 0.08444444444444445 0.115
0 0.6033333333333334 0.8983333333333333 0.028888888888888888 0.08166666666666667
0 0.5777777777777777 0.9183333333333333 0.024444444444444446 0.09333333333333334
0 0.38555555555555554 0.9283333333333333 0.06666666666666667 0.11166666666666666
0 0.5388888888888889 0.9466666666666667 0.051111111111111114 0.10333333333333333
0 0.31222222222222223 0.9566666666666667 0.07777777777777778 0.08333333333333333
0 0.39666666666666667 0.11333333333333333 0.044444444444444446 0.09
0 0.024444444444444446 0.11916666666666667 0.04888888888888889 0.145
0 0.2722222222222222 0.1375 0.06222222222222222 0.10666666666666667
0 0.44222222222222224 0.1475 0.044444444444444446 0.07833333333333334
0 0.10555555555555556 0.16 0.10222222222222223 0.12833333333333333
0 0.3388888888888889 0.165 0.07111111111111111 0.10666666666666667