0 0.39916666666666667 0.28444444444444444 0.03666666666666667 0.06666666666666667
0 0.43583333333333335 0.2866666666666667 0.03333333333333333 0.07111111111111111
0 0.4683333333333333 0.2788888888888889 0.03333333333333333 0.08
0 0.5058333333333334 0.2788888888888889 0.03833333333333333 0.08
0 0.5408333333333334 0.2777777777777778 0.035 0.08
0 0.5758333333333333 0.27666666666666667 0.04 0.08444444444444445
0 0.6133333333333333 0.2722222222222222 0.03333333333333333 0.08222222222222222
0 0.39916666666666667 0.3488888888888889 0.03833333333333333 0.06888888888888889
0 0.4325 0.35333333333333333 0.03166666666666667 0.06666666666666667
0 0.4675 0.3522222222222222 0.03666666666666667 0.07111111111111111
0 0.5033333333333333 0.3522222222222222 0.03833333333333333 0.07111111111111111
0 0.54 0.35 0.03333333333333333 0.07111111111111111
0 0.5733333333333334 0.3511111111111111 0.03833333333333333 0.06666666666666667
0 0.6116666666666667 0.3488888888888889 0.03833333333333333 0.07111111111111111
0 0.39666666666666667 0.4077777777777778 0.035 0.051111111111111114
0 0.43166666666666664 0.4066666666666667 0.03333333333333333 0.05555555555555555
0 0.4675 0.4066666666666667 0.03666666666666667 0.05555555555555555
0 0.5025 0.40444444444444444 0.03333333333333333 0.057777777777777775
0 0.5366666666666666 0.4077777777777778 0.03666666666666667 0.057777777777777775
0 0.575 0.4111111111111111 0.035 0.05555555555555555
0 0.6116666666666667 0.4111111111111111 0.03333333333333333 0.057777777777777775
0 0.435 0.5044444444444445 0.03666666666666667 0.06444444444444444
0 0.43333333333333335 0.5711111111111111 0.03333333333333333 0.07111111111111111
0 0.43 0.6355555555555555 0.03666666666666667 0.07333333333333333
0 0.39666666666666667 0.5055555555555555 0.035 0.06666666666666667
0 0.39666666666666667 0.5711111111111111 0.03833333333333333 0.06888888888888889
0 0.39666666666666667 0.6377777777777778 0.035 0.06888888888888889
0 0.5066666666666667 0.5055555555555555 0.03333333333333333 0.06666666666666667
0 0.5425 0.5055555555555555 0.03833333333333333 0.07555555555555556
0 0.5841666666666666 0.5044444444444445 0.041666666666666664 0.07555555555555556
0 0.6266666666666667 0.5033333333333333 0.041666666666666664 0.08222222222222222
0 0.5041666666666667 0.5722222222222222 0.03333333333333333 0.07555555555555556
0 0.5416666666666666 0.5744444444444444 0.04 0.07111111111111111
0 0.5816666666666667 0.5755555555555556 0.041666666666666664 0.07111111111111111
0 0.6258333333333334 0.5766666666666667 0.043333333333333335 0.07333333333333333
0 0.6691666666666667 0.5777777777777777 0.045 0.08
0 0.5025 0.64 0.03333333333333333 0.06222222222222222
0 0.5408333333333334 0.6411111111111111 0.041666666666666664 0.07111111111111111
0 0.58 0.6411111111111111 0.041666666666666664 0.07555555555555556
0 0.6241666666666666 0.6433333333333333 0.045 0.07555555555555556
0 0.6716666666666666 0.6477777777777778 0.043333333333333335 0.07777777777777778
0 0.3925 0.76 0.03166666666666667 0.06666666666666667
0 0.43 0.7488888888888889 0.041666666666666664 0.06888888888888889
0 0.46416666666666667 0.7444444444444445 0.03333333333333333 0.07555555555555556
0 0.49833333333333335 0.7455555555555555 0.03333333333333333 0.08222222222222222
0 0.535 0.7488888888888889 0.035 0.07555555555555556
0 0.57 0.7488888888888889 0.03833333333333333 0.07777777777777778
0 0.6075 0.7544444444444445 0.03666666666666667 0.07111111111111111
0 0.4241666666666667 0.8155555555555556 0.041666666666666664 0.06666666666666667
0 0.4625 0.8155555555555556 0.03666666666666667 0.07111111111111111
0 0.49833333333333335 0.8188888888888889 0.03833333333333333 0.06666666666666667
0 0.5341666666666667 0.82 0.03833333333333333 0.06666666666666667
0 0.5708333333333333 0.8222222222222222 0.03333333333333333 0.07333333333333333
0 0.605 0.8255555555555556 0.03833333333333333 0.06888888888888889
0 0.4241666666666667 0.8822222222222222 0.03333333333333333 0.06666666666666667
0 0.4608333333333333 0.8777777777777778 0.035 0.06888888888888889
0 0.4975 0.88 0.035 0.07111111111111111
0 0.5325 0.8833333333333333 0.045 0.07111111111111111
0 0.5675 0.8844444444444445 0.03833333333333333 0.07111111111111111
0 0.6025 0.8877777777777778 0.03666666666666667 0.06666666666666667
0 0.6425 0.8911111111111111 0.03833333333333333 0.06666666666666667
0 0.4675 0.5 0.03666666666666667 0.07333333333333333
0 0.4675 0.57 0.03333333333333333 0.06444444444444444
0 0.4666666666666667 0.64 0.03 0.06888888888888889
0 0.6433333333333333 0.75 0.03833333333333333 0.07333333333333333
0 0.6425 0.82 0.03 0.06444444444444444
0 0.6491666666666667 0.2677777777777778 0.035 0.06666666666666667
0 0.6491666666666667 0.33666666666666667 0.03 0.06
0 0.6858333333333333 0.33444444444444443 0.03666666666666667 0.06
0 0.6483333333333333 0.4022222222222222 0.03 0.06888888888888889
0 0.685 0.4011111111111111 0.03166666666666667 0.06444444444444444
0 0.7175 0.35777777777777775 0.03666666666666667 0.06
0 0.72 0.41333333333333333 0.03 0.04888888888888889