0 0.16333333333333333 0.5211111111111111 0.021666666666666667 0.05333333333333334
0 0.1875 0.5188888888888888 0.021666666666666667 0.057777777777777775
0 0.14833333333333334 0.5755555555555556 0.025 0.06
0 0.1725 0.5744444444444444 0.023333333333333334 0.06
0 0.1325 0.6355555555555555 0.023333333333333334 0.06
0 0.16083333333333333 0.6355555555555555 0.025 0.06
0 0.11583333333333333 0.6955555555555556 0.028333333333333332 0.057777777777777775
0 0.145 0.6933333333333334 0.025 0.06
0 0.21333333333333335 0.5088888888888888 0.023333333333333334 0.06
0 0.23916666666666667 0.49777777777777776 0.025 0.06
0 0.1975 0.5655555555555556 0.025 0.06
0 0.22666666666666666 0.5633333333333334 0.028333333333333332 0.06222222222222222
0 0.18583333333333332 0.63 0.02666666666666667 0.06444444444444444
0 0.21416666666666667 0.6255555555555555 0.03166666666666667 0.06666666666666667
0 0.17 0.6911111111111111 0.028333333333333332 0.06222222222222222
0 0.2025 0.6833333333333333 0.03166666666666667 0.05555555555555555
0 0.2675 0.49 0.025 0.06444444444444444
0 0.2966666666666667 0.4811111111111111 0.03 0.06
0 0.32666666666666666 0.4711111111111111 0.03333333333333333 0.06222222222222222
0 0.3575 0.46 0.03333333333333333 0.06222222222222222
0 0.255 0.5511111111111111 0.03333333333333333 0.06444444444444444
0 0.28583333333333333 0.5411111111111111 0.025 0.06666666666666667
0 0.31583333333333335 0.5311111111111111 0.03333333333333333 0.06
0 0.35 0.52 0.03333333333333333 0.06
0 0.24666666666666667 0.6144444444444445 0.03 0.06888888888888889
0 0.2783333333333333 0.6066666666666667 0.03 0.07111111111111111
0 0.3075 0.5955555555555555 0.03833333333333333 0.06444444444444444
0 0.34 0.5855555555555556 0.03833333333333333 0.06666666666666667
0 0.2325 0.6711111111111111 0.03 0.05555555555555555
0 0.26416666666666666 0.6611111111111111 0.028333333333333332 0.05555555555555555
0 0.29833333333333334 0.6522222222222223 0.03333333333333333 0.05333333333333334
0 0.3325 0.6477777777777778 0.03833333333333333 0.05555555555555555
0 0.3933333333333333 0.4444444444444444 0.03833333333333333 0.06222222222222222
0 0.38666666666666666 0.5111111111111111 0.03833333333333333 0.06222222222222222
0 0.3775 0.5744444444444444 0.03333333333333333 0.07111111111111111
0 0.37166666666666665 0.6377777777777778 0.03833333333333333 0.06
0 0.4275 0.43444444444444447 0.03333333333333333 0.06888888888888889
0 0.42083333333333334 0.5022222222222222 0.03333333333333333 0.06888888888888889
0 0.4141666666666667 0.5688888888888889 0.04 0.07555555555555556
0 0.4091666666666667 0.6244444444444445 0.04 0.057777777777777775
0 0.4625 0.4166666666666667 0.035 0.06222222222222222
0 0.45666666666666667 0.4766666666666667 0.035 0.06222222222222222
0 0.4525 0.54 0.03833333333333333 0.07333333333333333
0 0.44916666666666666 0.6144444444444445 0.03666666666666667 0.06666666666666667
0 0.49833333333333335 0.40444444444444444 0.035 0.06666666666666667
0 0.49583333333333335 0.4666666666666667 0.03666666666666667 0.06666666666666667
0 0.49166666666666664 0.5355555555555556 0.041666666666666664 0.07111111111111111
0 0.48833333333333334 0.6077777777777778 0.043333333333333335 0.06444444444444444
0 0.5375 0.3877777777777778 0.04 0.06888888888888889
0 0.535 0.4577777777777778 0.041666666666666664 0.07111111111111111
0 0.5341666666666667 0.5266666666666666 0.04833333333333333 0.08
0 0.5333333333333333 0.5955555555555555 0.045 0.07111111111111111
0 0.5783333333333334 0.37666666666666665 0.041666666666666664 0.06666666666666667
0 0.5775 0.44222222222222224 0.045 0.07111111111111111
0 0.5783333333333334 0.5122222222222222 0.04666666666666667 0.08666666666666667
0 0.5775 0.5822222222222222 0.045 0.07555555555555556
0 0.6208333333333333 0.36333333333333334 0.04833333333333333 0.06222222222222222
0 0.6241666666666666 0.4266666666666667 0.05 0.07111111111111111
0 0.625 0.4988888888888889 0.05333333333333334 0.07555555555555556
0 0.6258333333333334 0.5744444444444444 0.05 0.07111111111111111
0 0.6683333333333333 0.3477777777777778 0.04833333333333333 0.07333333333333333
0 0.6683333333333333 0.4122222222222222 0.05333333333333334 0.08222222222222222
0 0.6733333333333333 0.4855555555555556 0.05333333333333334 0.08666666666666667
0 0.6766666666666666 0.5644444444444444 0.055 0.07777777777777778
0 0.7116666666666667 0.3322222222222222 0.05333333333333334 0.07111111111111111
0 0.72 0.39666666666666667 0.05 0.08
0 0.7258333333333333 0.47333333333333333 0.05333333333333334 0.08666666666666667
0 0.7325 0.5533333333333333 0.056666666666666664 0.07555555555555556
0 0.76 0.31 0.05333333333333334 0.07333333333333333
0 0.7716666666666666 0.38222222222222224 0.056666666666666664 0.07555555555555556
0 0.7791666666666667 0.46 0.06166666666666667 0.09111111111111111
0 0.7883333333333333 0.5366666666666666 0.065 0.07777777777777778
0 0.8133333333333334 0.29 0.056666666666666664 0.07333333333333333
0 0.825 0.3611111111111111 0.056666666666666664 0.08222222222222222
0 0.8358333333333333 0.44333333333333336 0.06666666666666667 0.08666666666666667
0 0.8483333333333334 0.52 0.056666666666666664 0.07111111111111111
0 0.8683333333333333 0.2677777777777778 0.058333333333333334 0.06666666666666667
0 0.8825 0.3477777777777778 0.06166666666666667 0.08666666666666667
0 0.8966666666666666 0.43 0.065 0.09111111111111111
0 0.9141666666666667 0.5088888888888888 0.06833333333333333 0.07333333333333333