0 0.4766666666666667 0.22444444444444445 0.05333333333333334 0.09777777777777778
0 0.26166666666666666 0.22555555555555556 0.051666666666666666 0.09333333333333334
0 0.8283333333333334 0.23333333333333334 0.04666666666666667 0.08666666666666667
0 0.885 0.23777777777777778 0.055 0.07555555555555556
0 0.7758333333333334 0.24 0.055 0.08222222222222222
0 0.9683333333333334 0.03111111111111111 0.06 0.06222222222222222
0 0.9083333333333333 0.03111111111111111 0.058333333333333334 0.06222222222222222
0 0.8508333333333333 0.03222222222222222 0.065 0.06444444444444444
0 0.5283333333333333 0.31333333333333335 0.055 0.1
0 0.5816666666666667 0.31444444444444447 0.051666666666666666 0.1
0 0.9425 0.31555555555555553 0.056666666666666664 0.10444444444444445
0 0.2608333333333333 0.31777777777777777 0.05 0.08666666666666667
0 0.6341666666666667 0.31777777777777777 0.055 0.1
0 0.985 0.31777777777777777 0.02666666666666667 0.1111111111111111
0 0.4775 0.32 0.04666666666666667 0.09777777777777778
0 0.36916666666666664 0.32222222222222224 0.056666666666666664 0.10222222222222223
0 0.8841666666666667 0.3233333333333333 0.06 0.09333333333333334
0 0.4266666666666667 0.3233333333333333 0.056666666666666664 0.10888888888888888
0 0.8258333333333333 0.3233333333333333 0.05333333333333334 0.08888888888888889
0 0.7758333333333334 0.33 0.05333333333333334 0.09555555555555556
0 0.7941666666666667 0.034444444444444444 0.06 0.06888888888888889
0 0.6925 0.41 0.056666666666666664 0.10666666666666667
0 0.5833333333333334 0.4111111111111111 0.05 0.10222222222222223
0 0.6375 0.4122222222222222 0.056666666666666664 0.09555555555555556
0 0.25833333333333336 0.41333333333333333 0.05333333333333334 0.08666666666666667
0 0.5316666666666666 0.41333333333333333 0.056666666666666664 0.10222222222222223
0 0.47833333333333333 0.41444444444444445 0.04666666666666667 0.09111111111111111
0 0.4266666666666667 0.4211111111111111 0.055 0.09555555555555556
0 0.8283333333333334 0.42444444444444446 0.05 0.10888888888888888
0 0.36666666666666664 0.42444444444444446 0.055 0.10888888888888888
0 0.8858333333333334 0.42444444444444446 0.06333333333333334 0.10888888888888888
0 0.9858333333333333 0.4266666666666667 0.025 0.11555555555555555
0 0.9458333333333333 0.4255555555555556 0.055 0.11555555555555555
0 0.7758333333333334 0.42777777777777776 0.055 0.1
0 0.4766666666666667 0.49777777777777776 0.05333333333333334 0.08666666666666667
0 0.5333333333333333 0.5 0.056666666666666664 0.09333333333333334
0 0.5825 0.5066666666666667 0.056666666666666664 0.09777777777777778
0 0.32416666666666666 0.5088888888888888 0.03 0.08888888888888889
0 0.2725 0.51 0.028333333333333332 0.1
0 0.42583333333333334 0.51 0.05 0.08666666666666667
0 0.6391666666666667 0.5111111111111111 0.055 0.10444444444444445
0 0.6941666666666667 0.5111111111111111 0.04833333333333333 0.09333333333333334
0 0.37083333333333335 0.5188888888888888 0.056666666666666664 0.08666666666666667
0 0.7733333333333333 0.5211111111111111 0.06 0.09111111111111111
0 0.8825 0.5233333333333333 0.056666666666666664 0.08888888888888889
0 0.83 0.5244444444444445 0.04666666666666667 0.08666666666666667
0 0.9425 0.5255555555555556 0.056666666666666664 0.09333333333333334
0 0.9866666666666667 0.53 0.023333333333333334 0.09555555555555556
0 0.8441666666666666 0.6455555555555555 0.04666666666666667 0.08888888888888889
0 0.9933333333333333 0.6477777777777778 0.01 0.08222222222222222
0 0.685 0.6566666666666666 0.056666666666666664 0.10888888888888888
0 0.625 0.6577777777777778 0.05 0.1111111111111111
0 0.4608333333333333 0.6666666666666666 0.05 0.10222222222222223
0 0.5175 0.6666666666666666 0.056666666666666664 0.10888888888888888
0 0.5708333333333333 0.6722222222222223 0.055 0.11777777777777777
0 0.9683333333333334 0.7277777777777777 0.02666666666666667 0.10666666666666667
0 0.9275 0.7277777777777777 0.051666666666666666 0.10222222222222223
0 0.8816666666666667 0.7322222222222222 0.03333333333333333 0.08888888888888889
0 0.78 0.7355555555555555 0.055 0.08666666666666667
0 0.8383333333333334 0.7455555555555555 0.06 0.07777777777777778
0 0.9916666666666667 0.7488888888888889 0.013333333333333334 0.11555555555555555
0 0.4041666666666667 0.7488888888888889 0.045 0.1
0 0.3616666666666667 0.7555555555555555 0.02666666666666667 0.09777777777777778
0 0.6275 0.7677777777777778 0.045 0.09555555555555556
0 0.6883333333333334 0.7688888888888888 0.07 0.12444444444444444
0 0.4608333333333333 0.7733333333333333 0.06166666666666667 0.1111111111111111
0 0.5191666666666667 0.7733333333333333 0.04833333333333333 0.10888888888888888
0 0.5708333333333333 0.78 0.06 0.10222222222222223
0 0.785 0.8322222222222222 0.056666666666666664 0.10666666666666667
0 0.8433333333333334 0.8377777777777777 0.058333333333333334 0.10666666666666667
0 0.405 0.8422222222222222 0.043333333333333335 0.08888888888888889
0 0.365 0.8466666666666667 0.03 0.07111111111111111
0 0.9041666666666667 0.85 0.056666666666666664 0.13555555555555557
0 0.4583333333333333 0.8677777777777778 0.05333333333333334 0.07111111111111111
0 0.625 0.87 0.043333333333333335 0.12
0 0.5191666666666667 0.8755555555555555 0.05 0.10444444444444445
0 0.5716666666666667 0.8833333333333333 0.05333333333333334 0.10666666666666667
0 0.6891666666666667 0.8844444444444445 0.07 0.10888888888888888
0 0.4041666666666667 0.9344444444444444 0.04833333333333333 0.08444444444444445
0 0.7825 0.9411111111111111 0.056666666666666664 0.1111111111111111
0 0.8408333333333333 0.9466666666666667 0.05333333333333334 0.10222222222222223
0 0.4625 0.9555555555555556 0.05 0.08666666666666667
0 0.5216666666666666 0.9555555555555556 0.05 0.08222222222222222
0 0.9058333333333334 0.9577777777777777 0.065 0.08
0 0.5725 0.9622222222222222 0.051666666666666666 0.07111111111111111
0 0.6283333333333333 0.9633333333333334 0.045 0.06222222222222222
0 0.6908333333333333 0.9711111111111111 0.06666666666666667 0.05555555555555555
0 0.97 0.10666666666666667 0.056666666666666664 0.08666666666666667
0 0.91 0.10888888888888888 0.058333333333333334 0.08222222222222222
0 0.7966666666666666 0.1111111111111111 0.055 0.09111111111111111
0 0.8541666666666666 0.1111111111111111 0.056666666666666664 0.09111111111111111
0 0.9858333333333333 0.21444444444444444 0.025 0.10444444444444445
0 0.9416666666666667 0.21444444444444444 0.06166666666666667 0.10888888888888888
0 0.53 0.21777777777777776 0.055 0.1
0 0.635 0.21777777777777776 0.058333333333333334 0.10888888888888888
0 0.36916666666666664 0.22 0.055 0.10222222222222223
0 0.5825 0.22111111111111112 0.05 0.10222222222222223