0 0.07083333333333333 0.33555555555555555 0.12333333333333334 0.10666666666666667
0 0.16416666666666666 0.3622222222222222 0.105 0.11555555555555555
0 0.24916666666666668 0.40555555555555556 0.09666666666666666 0.10444444444444445
0 0.3416666666666667 0.4288888888888889 0.085 0.08666666666666667
0 0.425 0.45444444444444443 0.07833333333333334 0.09333333333333334
0 0.0425 0.45555555555555555 0.085 0.14222222222222222
0 0.5025 0.4766666666666667 0.075 0.09333333333333334
0 0.13166666666666665 0.4766666666666667 0.13833333333333334 0.12444444444444444
0 0.5783333333333334 0.5 0.08166666666666667 0.08666666666666667
0 0.23083333333333333 0.5088888888888888 0.10666666666666667 0.12444444444444444
0 0.65 0.53 0.07666666666666666 0.08888888888888889
0 0.3358333333333333 0.5322222222222223 0.09333333333333334 0.12
0 0.7291666666666666 0.5566666666666666 0.08833333333333333 0.09777777777777778
0 0.43083333333333335 0.5588888888888889 0.09333333333333334 0.12
0 0.025833333333333333 0.5711111111111111 0.04833333333333333 0.17555555555555555
0 0.5158333333333334 0.5777777777777777 0.09166666666666666 0.11777777777777777
0 0.8683333333333333 0.5955555555555555 0.10166666666666667 0.08444444444444445
0 0.5975 0.6044444444444445 0.09 0.12444444444444444
0 0.09416666666666666 0.6066666666666667 0.15666666666666668 0.17777777777777778
0 0.6783333333333333 0.6244444444444445 0.08166666666666667 0.10666666666666667
0 0.9366666666666666 0.6255555555555555 0.06833333333333333 0.09111111111111111
0 0.9708333333333333 0.6288888888888889 0.055 0.10222222222222223
0 0.7625 0.6511111111111111 0.09333333333333334 0.10888888888888888
0 0.21 0.6544444444444445 0.12 0.16666666666666666
0 0.33 0.6722222222222223 0.11666666666666667 0.16
0 0.8416666666666667 0.6822222222222222 0.09 0.08666666666666667
0 0.43833333333333335 0.6911111111111111 0.105 0.1511111111111111
0 0.9166666666666666 0.6933333333333334 0.11833333333333333 0.09555555555555556
0 0.5341666666666667 0.7133333333333334 0.105 0.14666666666666667
0 0.6275 0.7311111111111112 0.09833333333333333 0.13777777777777778
0 0.06166666666666667 0.7344444444444445 0.12333333333333334 0.14666666666666667
0 0.7183333333333334 0.7466666666666667 0.09 0.13777777777777778
0 0.18833333333333332 0.7733333333333333 0.13333333333333333 0.10666666666666667
0 0.8041666666666667 0.7788888888888889 0.12166666666666667 0.12666666666666668
0 0.32083333333333336 0.7944444444444444 0.12833333333333333 0.09555555555555556
0 0.8958333333333334 0.8044444444444444 0.11 0.12222222222222222
0 0.4425 0.8133333333333334 0.11666666666666667 0.1
0 0.9516666666666667 0.8166666666666667 0.09333333333333334 0.14444444444444443
0 0.55 0.8311111111111111 0.10833333333333334 0.08666666666666667
0 0.6525 0.8444444444444444 0.10333333333333333 0.09333333333333334
0 0.7466666666666667 0.8611111111111112 0.1 0.09333333333333334
0 0.8391666666666666 0.8811111111111111 0.105 0.06888888888888889
0 0.9408333333333333 0.9111111111111111 0.1 0.08