0 0.0825 0.3877777777777778 0.11666666666666667 0.19777777777777777
0 0.19 0.39666666666666667 0.12666666666666668 0.2088888888888889
0 0.31666666666666665 0.41333333333333333 0.125 0.2111111111111111
0 0.43666666666666665 0.43777777777777777 0.12 0.20444444444444446
0 0.57 0.45111111111111113 0.11833333333333333 0.22666666666666666
0 0.7183333333333334 0.4711111111111111 0.13666666666666666 0.22444444444444445
0 0.875 0.4777777777777778 0.16 0.24666666666666667
0 0.24833333333333332 0.5933333333333334 0.07333333333333333 0.15555555555555556
0 0.3375 0.6122222222222222 0.09833333333333333 0.1711111111111111
0 0.4475 0.6366666666666667 0.11333333333333333 0.1622222222222222
0 0.5641666666666667 0.6566666666666666 0.11333333333333333 0.17777777777777778
0 0.6983333333333334 0.68 0.11666666666666667 0.18666666666666668
0 0.7875 0.6877777777777778 0.03666666666666667 0.18444444444444444
0 0.39 0.8122222222222222 0.1 0.14222222222222222
0 0.5916666666666667 0.8333333333333334 0.08166666666666667 0.06444444444444444
0 0.5108333333333334 0.8555555555555555 0.07833333333333334 0.13555555555555557
0 0.0525 0.15666666666666668 0.09666666666666666 0.25333333333333335
0 0.1575 0.16333333333333333 0.14833333333333334 0.24666666666666667
0 0.2891666666666667 0.16777777777777778 0.14166666666666666 0.26666666666666666
0 0.42833333333333334 0.17888888888888888 0.14 0.29333333333333333
0 0.5716666666666667 0.17888888888888888 0.13666666666666666 0.29777777777777775
0 0.7358333333333333 0.18666666666666668 0.16 0.32222222222222224
0 0.91 0.18888888888888888 0.165 0.34444444444444444