0 0.86 0.5422222222222223 0.04833333333333333 0.05333333333333334
0 0.9491666666666667 0.5866666666666667 0.05333333333333334 0.06888888888888889
0 0.7925 0.5888888888888889 0.035 0.044444444444444446
0 0.9008333333333334 0.5988888888888889 0.065 0.057777777777777775
0 0.27666666666666667 0.6055555555555555 0.051666666666666666 0.07777777777777778
0 0.3333333333333333 0.6066666666666667 0.05333333333333334 0.07555555555555556
0 0.3883333333333333 0.6066666666666667 0.051666666666666666 0.07555555555555556
0 0.43666666666666665 0.61 0.041666666666666664 0.07555555555555556
0 0.16 0.6111111111111112 0.04666666666666667 0.06
0 0.58 0.6155555555555555 0.041666666666666664 0.07111111111111111
0 0.48333333333333334 0.6166666666666667 0.04666666666666667 0.07111111111111111
0 0.5325 0.6166666666666667 0.045 0.07333333333333333
0 0.6233333333333333 0.6166666666666667 0.04833333333333333 0.07111111111111111
0 0.7125 0.6177777777777778 0.04 0.06222222222222222
0 0.6716666666666666 0.6188888888888889 0.03833333333333333 0.06666666666666667
0 0.21083333333333334 0.6333333333333333 0.05 0.06666666666666667
0 0.8141666666666667 0.6433333333333333 0.041666666666666664 0.06888888888888889
0 0.8558333333333333 0.65 0.056666666666666664 0.06666666666666667
0 0.9291666666666667 0.6622222222222223 0.06666666666666667 0.08
0 0.15416666666666667 0.6733333333333333 0.04833333333333333 0.06666666666666667
0 0.7366666666666667 0.6833333333333333 0.051666666666666666 0.07111111111111111
0 0.38916666666666666 0.6877777777777778 0.05333333333333334 0.08222222222222222
0 0.4425 0.6877777777777778 0.05 0.07777777777777778
0 0.6866666666666666 0.6877777777777778 0.04833333333333333 0.06444444444444444
0 0.6416666666666667 0.6888888888888889 0.045 0.06444444444444444
0 0.5958333333333333 0.69 0.04833333333333333 0.06888888888888889
0 0.33166666666666667 0.6911111111111111 0.05333333333333334 0.08666666666666667
0 0.49333333333333335 0.6911111111111111 0.045 0.07111111111111111
0 0.5441666666666667 0.6911111111111111 0.05 0.06888888888888889
0 0.20166666666666666 0.6922222222222222 0.051666666666666666 0.06222222222222222
0 0.275 0.6933333333333334 0.056666666666666664 0.08444444444444445
0 0.8333333333333334 0.7022222222222222 0.04 0.06
0 0.875 0.7155555555555555 0.06333333333333334 0.06
0 0.14666666666666667 0.7366666666666667 0.05 0.06888888888888889
0 0.19583333333333333 0.7522222222222222 0.051666666666666666 0.06666666666666667
0 0.8525 0.7588888888888888 0.041666666666666664 0.057777777777777775
0 0.8991666666666667 0.7788888888888889 0.058333333333333334 0.06888888888888889
0 0.13416666666666666 0.8044444444444444 0.06 0.08666666666666667
0 0.19083333333333333 0.8177777777777778 0.051666666666666666 0.06222222222222222
0 0.8766666666666667 0.8177777777777778 0.043333333333333335 0.06222222222222222
0 0.9325 0.8488888888888889 0.07166666666666667 0.08
0 0.9 0.8855555555555555 0.045 0.06888888888888889
0 0.18666666666666668 0.8866666666666667 0.055 0.06888888888888889
0 0.12416666666666666 0.9011111111111111 0.06333333333333334 0.10444444444444445
0 0.1825 0.9544444444444444 0.056666666666666664 0.06888888888888889
0 0.11666666666666667 0.9766666666666667 0.07 0.042222222222222223