0 0.020833333333333332 0.23444444444444446 0.04 0.08444444444444445
0 0.05583333333333333 0.2411111111111111 0.045 0.07555555555555556
0 0.028333333333333332 0.027777777777777776 0.045 0.05555555555555555
0 0.021666666666666667 0.31555555555555553 0.041666666666666664 0.07777777777777778
0 0.3975 0.31666666666666665 0.03 0.10222222222222223
0 0.0625 0.31777777777777777 0.041666666666666664 0.06888888888888889
0 0.6275 0.32666666666666666 0.045 0.10888888888888888
0 0.44083333333333335 0.3288888888888889 0.06 0.12444444444444444
0 0.5716666666666667 0.33111111111111113 0.06166666666666667 0.12
0 0.5066666666666667 0.34 0.06666666666666667 0.11333333333333333
0 0.4500666666666667 0.47853333333333337 0.05186666666666667 0.07506666666666673
0 0.37916666666666665 0.5544444444444444 0.03833333333333333 0.1111111111111111
0 0.6483333333333333 0.5577777777777778 0.021666666666666667 0.10222222222222223
0 0.6125 0.5788888888888889 0.04666666666666667 0.11333333333333333
0 0.42916666666666664 0.5822222222222222 0.055 0.11555555555555555
0 0.555 0.5933333333333334 0.06166666666666667 0.11555555555555555
0 0.48833333333333334 0.5988888888888889 0.058333333333333334 0.11555555555555555
0 0.6425 0.6622222222222223 0.018333333333333333 0.09333333333333334
0 0.37833333333333335 0.6633333333333333 0.03833333333333333 0.10222222222222223
0 0.3933333333333333 0.06777777777777778 0.03666666666666667 0.12444444444444444
0 0.59 0.06777777777777778 0.06833333333333333 0.1288888888888889
0 0.6466666666666666 0.07 0.03833333333333333 0.13777777777777778
0 0.6083333333333333 0.69 0.045 0.10222222222222223
0 0.42916666666666664 0.6988888888888889 0.058333333333333334 0.10444444444444445
0 0.5533333333333333 0.7077777777777777 0.056666666666666664 0.10888888888888888
0 0.5141666666666667 0.07222222222222222 0.07 0.12222222222222222
0 0.48833333333333334 0.7111111111111111 0.05333333333333334 0.10888888888888888
0 0.38333333333333336 0.7644444444444445 0.03333333333333333 0.10444444444444445
0 0.6033333333333334 0.79 0.045 0.09111111111111111
0 0.425 0.8033333333333333 0.051666666666666666 0.09555555555555556
0 0.5491666666666667 0.8144444444444444 0.05333333333333334 0.09777777777777778
0 0.4866666666666667 0.8155555555555556 0.06666666666666667 0.09777777777777778
0 0.44333333333333336 0.08222222222222222 0.06333333333333334 0.10222222222222223
0 0.016666666666666666 0.14333333333333334 0.03 0.09333333333333334
0 0.050833333333333335 0.15666666666666668 0.04833333333333333 0.09777777777777778
0 0.445 0.19666666666666666 0.06166666666666667 0.1288888888888889
0 0.39666666666666667 0.19777777777777777 0.03 0.12444444444444444
0 0.6308333333333334 0.20222222222222222 0.045 0.13555555555555557
0 0.5108333333333334 0.20444444444444446 0.065 0.14444444444444443
0 0.58 0.20444444444444446 0.065 0.13333333333333333