0 0.055 0.2677777777777778 0.10833333333333334 0.29777777777777775
0 0.18 0.27555555555555555 0.18666666666666668 0.29333333333333333
0 0.3425 0.27111111111111114 0.18833333333333332 0.3244444444444444
0 0.5225 0.2811111111111111 0.17166666666666666 0.3288888888888889
0 0.7133333333333334 0.2788888888888889 0.165 0.3622222222222222
0 0.09916666666666667 0.4955555555555556 0.09 0.15333333333333332
0 0.22166666666666668 0.5566666666666666 0.16166666666666665 0.25555555555555554
0 0.37333333333333335 0.5611111111111111 0.15 0.24666666666666667
0 0.53 0.5711111111111111 0.15166666666666667 0.24
0 0.6883333333333334 0.5911111111111111 0.16666666666666666 0.27555555555555555
0 0.26916666666666667 0.7766666666666666 0.1 0.19333333333333333
0 0.3875 0.7811111111111111 0.14 0.18888888888888888
0 0.5316666666666666 0.7977777777777778 0.125 0.2
0 0.6741666666666667 0.8288888888888889 0.13333333333333333 0.19333333333333333
0 0.79 0.83 0.07833333333333334 0.18888888888888888
0 0.8958333333333334 0.2911111111111111 0.18666666666666668 0.37777777777777777
0 0.8625 0.6033333333333334 0.165 0.2644444444444444