0 0.1 0.34 0.085 0.15555555555555556
0 0.20333333333333334 0.3522222222222222 0.085 0.14444444444444443
0 0.2925 0.36777777777777776 0.07166666666666667 0.14444444444444443
0 0.36583333333333334 0.37444444444444447 0.06833333333333333 0.12666666666666668
0 0.44583333333333336 0.3844444444444444 0.07333333333333333 0.12444444444444444
0 0.5125 0.39111111111111113 0.056666666666666664 0.12222222222222222
0 0.5733333333333334 0.39666666666666667 0.06 0.11333333333333333
0 0.6333333333333333 0.4 0.05333333333333334 0.11333333333333333
0 0.6925 0.40444444444444444 0.056666666666666664 0.11333333333333333
0 0.8166666666666667 0.4211111111111111 0.065 0.09111111111111111
0 0.8783333333333333 0.4288888888888889 0.055 0.09111111111111111
0 0.9183333333333333 0.4288888888888889 0.045 0.09111111111111111
0 0.955 0.43333333333333335 0.04833333333333333 0.09777777777777778
0 0.09 0.49444444444444446 0.1 0.15333333333333332
0 0.19916666666666666 0.49666666666666665 0.09 0.14
0 0.29583333333333334 0.5055555555555555 0.07666666666666666 0.12444444444444444
0 0.37166666666666665 0.5055555555555555 0.07 0.13111111111111112
0 0.44666666666666666 0.5111111111111111 0.07 0.1288888888888889
0 0.5216666666666666 0.5133333333333333 0.06666666666666667 0.12666666666666668
0 0.7125 0.5188888888888888 0.056666666666666664 0.11777777777777777
0 0.9408333333333333 0.5211111111111111 0.051666666666666666 0.09333333333333334
0 0.5858333333333333 0.5222222222222223 0.055 0.11555555555555555
0 0.6508333333333334 0.5233333333333333 0.06166666666666667 0.11777777777777777
0 0.8341666666666666 0.5233333333333333 0.095 0.09777777777777778
0 0.895 0.5244444444444445 0.065 0.09333333333333334
0 0.9758333333333333 0.5244444444444445 0.043333333333333335 0.09777777777777778
0 0.9616666666666667 0.62 0.055 0.1
0 0.9191666666666667 0.6244444444444445 0.065 0.10444444444444445
0 0.8608333333333333 0.6244444444444445 0.08 0.09777777777777778
0 0.7383333333333333 0.7466666666666667 0.07 0.14444444444444443
0 0.6725 0.7488888888888889 0.07666666666666666 0.14444444444444443
0 0.6041666666666666 0.76 0.07 0.14888888888888888
0 0.53 0.7622222222222222 0.07 0.15555555555555556
0 0.8558333333333333 0.79 0.07 0.1111111111111111
0 0.9683333333333334 0.8844444444444445 0.06 0.14666666666666667
0 0.7483333333333333 0.9 0.06166666666666667 0.1511111111111111
0 0.685 0.9044444444444445 0.06166666666666667 0.1622222222222222
0 0.8716666666666667 0.9055555555555556 0.06833333333333333 0.1111111111111111
0 0.9291666666666667 0.9066666666666666 0.058333333333333334 0.10666666666666667
0 0.6175 0.9144444444444444 0.07833333333333334 0.15555555555555556
0 0.5441666666666667 0.9177777777777778 0.07333333333333333 0.15333333333333332