0 0.5533333333333333 0.22666666666666666 0.03333333333333333 0.16
0 0.585 0.23333333333333334 0.03833333333333333 0.14888888888888888
0 0.27 0.23555555555555555 0.10333333333333333 0.22
0 0.34833333333333333 0.25222222222222224 0.07166666666666667 0.2
0 0.6216666666666667 0.2544444444444444 0.03333333333333333 0.12444444444444444
0 0.5933333333333334 0.38 0.035 0.14444444444444443
0 0.625 0.38555555555555554 0.04 0.1288888888888889
0 0.4791666666666667 0.38666666666666666 0.05333333333333334 0.18666666666666668
0 0.5666666666666667 0.38666666666666666 0.03 0.15555555555555556
0 0.5266666666666666 0.39222222222222225 0.051666666666666666 0.16444444444444445
0 0.4241666666666667 0.40444444444444444 0.07 0.2088888888888889
0 0.3641666666666667 0.44 0.06166666666666667 0.1711111111111111
0 0.2891666666666667 0.45555555555555555 0.09666666666666666 0.20444444444444446
0 0.19416666666666665 0.4577777777777778 0.11833333333333333 0.26222222222222225
0 0.06666666666666667 0.48 0.13166666666666665 0.3022222222222222
0 0.6291666666666667 0.5577777777777778 0.035 0.14222222222222222
0 0.5958333333333333 0.58 0.055 0.1511111111111111
0 0.555 0.6166666666666667 0.051666666666666666 0.16444444444444445
0 0.25833333333333336 0.06555555555555556 0.10166666666666667 0.13111111111111112
0 0.5025 0.6544444444444445 0.06 0.17777777777777778
0 0.5108333333333334 0.06666666666666667 0.055 0.11777777777777777
0 0.6391666666666667 0.6955555555555556 0.035 0.13333333333333333
0 0.4325 0.7066666666666667 0.095 0.2288888888888889
0 0.55 0.07444444444444444 0.03333333333333333 0.14444444444444443
0 0.6116666666666667 0.7355555555555555 0.05 0.13777777777777778
0 0.3125 0.7822222222222223 0.15666666666666668 0.27555555555555555
0 0.5666666666666667 0.7855555555555556 0.06833333333333333 0.1711111111111111
0 0.33704999999999996 0.08055555555555556 0.08091666666666669 0.16111111111111112
0 0.13666666666666666 0.8433333333333334 0.21333333333333335 0.3088888888888889
0 0.52 0.8488888888888889 0.06666666666666667 0.19333333333333333
0 0.44916666666666666 0.91 0.105 0.17777777777777778
0 0.5808333333333333 0.09333333333333334 0.025 0.13111111111111112
0 0.6091666666666666 0.12333333333333334 0.03 0.12444444444444444
0 0.055 0.1622222222222222 0.11 0.32
0 0.4066666666666667 0.18 0.06166666666666667 0.2311111111111111
0 0.16583333333333333 0.1988888888888889 0.11666666666666667 0.25555555555555554
0 0.4633333333333333 0.20444444444444446 0.05333333333333334 0.19777777777777777
0 0.5125 0.21666666666666667 0.05 0.18