0 0.5858333333333333 0.22333333333333333 0.06333333333333334 0.15555555555555556
0 0.6546666666666667 0.28688888888888886 0.057933333333333316 0.09744444444444446
0 0.09 0.3488888888888889 0.16666666666666666 0.33111111111111113
0 0.44416666666666665 0.03666666666666667 0.09166666666666666 0.07333333333333333
0 0.2525 0.39 0.14833333333333334 0.26666666666666666
0 0.37916666666666665 0.4211111111111111 0.105 0.2222222222222222
0 0.4766666666666667 0.43555555555555553 0.08166666666666667 0.20444444444444446
0 0.5466666666666666 0.4622222222222222 0.058333333333333334 0.18
0 0.6091666666666666 0.4688888888888889 0.06833333333333333 0.1688888888888889
0 0.6608333333333334 0.47555555555555556 0.041666666666666664 0.14666666666666667
0 0.7008333333333333 0.4855555555555556 0.03833333333333333 0.13333333333333333
0 0.74 0.48777777777777775 0.04 0.1288888888888889
0 0.5133333333333333 0.056666666666666664 0.06333333333333334 0.11333333333333333
0 0.1275 0.056666666666666664 0.15166666666666667 0.11333333333333333
0 0.75 0.6133333333333333 0.03666666666666667 0.12
0 0.7058333333333333 0.6177777777777778 0.045 0.1288888888888889
0 0.6492666666666667 0.06315555555555556 0.06875 0.0902222222222222
0 0.6175 0.6277777777777778 0.058333333333333334 0.14888888888888888
0 0.6675 0.6277777777777778 0.05 0.14444444444444443
0 0.48333333333333334 0.6355555555555555 0.08166666666666667 0.18222222222222223
0 0.5558333333333333 0.6355555555555555 0.06166666666666667 0.16666666666666666
0 0.38416666666666666 0.6433333333333333 0.11666666666666667 0.20666666666666667
0 0.25083333333333335 0.6455555555555555 0.15666666666666668 0.24444444444444444
0 0.08833333333333333 0.6588888888888889 0.17166666666666666 0.2822222222222222
0 0.5775 0.07111111111111111 0.07166666666666667 0.13555555555555557
0 0.25083333333333335 0.07222222222222222 0.09333333333333334 0.14444444444444443
0 0.35 0.10111111111111111 0.10166666666666667 0.19777777777777777
0 0.7006833333333333 0.1299111111111111 0.030866666666666636 0.11548888888888888
0 0.7324833333333334 0.15426666666666666 0.03759999999999991 0.10646666666666665
0 0.44666666666666666 0.15777777777777777 0.08 0.17333333333333334
0 0.6533166666666667 0.1678 0.07146666666666666 0.12991111111111112
0 0.5208333333333334 0.20444444444444446 0.065 0.15555555555555556