0 0.0525 0.3388888888888889 0.105 0.33111111111111113
0 0.2075 0.4211111111111111 0.19666666666666666 0.27111111111111114
0 0.4533333333333333 0.46444444444444444 0.09333333333333334 0.15555555555555556
0 0.3775 0.5422222222222223 0.08666666666666667 0.17555555555555555
0 0.5933333333333334 0.5455555555555556 0.09666666666666666 0.13777777777777778
0 0.745 0.5622222222222222 0.09666666666666666 0.14
0 0.47583333333333333 0.6455555555555555 0.10833333333333334 0.19333333333333333
0 0.043333333333333335 0.6644444444444444 0.07666666666666666 0.45555555555555555
0 0.6191666666666666 0.6766666666666666 0.1 0.11333333333333333
0 0.7833333333333333 0.7 0.09833333333333333 0.12666666666666668
0 0.3825 0.7088888888888889 0.105 0.1688888888888889
0 0.195 0.7144444444444444 0.22 0.3888888888888889
0 0.7116666666666667 0.7211111111111111 0.07166666666666667 0.09333333333333334
0 0.3458333333333333 0.7977777777777778 0.085 0.21555555555555556
0 0.5008333333333334 0.8344444444444444 0.115 0.17333333333333334
0 0.6483333333333333 0.8377777777777777 0.11333333333333333 0.18888888888888888
0 0.7541666666666667 0.85 0.10166666666666667 0.16666666666666666
0 0.8433333333333334 0.8544444444444445 0.09 0.17777777777777778