0 0.029333333333333333 0.20833333333333334 0.04533333333333334 0.041666666666666664
0 0.072 0.20833333333333334 0.034666666666666665 0.043333333333333335
0 0.11066666666666666 0.19 0.050666666666666665 0.04666666666666667
0 0.112 0.2325 0.05333333333333334 0.035
0 0.17333333333333334 0.18833333333333332 0.056 0.043333333333333335
0 0.17066666666666666 0.2325 0.058666666666666666 0.041666666666666664
0 0.23733333333333334 0.18583333333333332 0.056 0.045
0 0.236 0.23083333333333333 0.058666666666666666 0.041666666666666664
0 0.2986666666666667 0.23083333333333333 0.056 0.045
0 0.35333333333333333 0.18583333333333332 0.050666666666666665 0.045
0 0.352 0.22916666666666666 0.050666666666666665 0.041666666666666664
0 0.44 0.18083333333333335 0.04533333333333334 0.045
0 0.49733333333333335 0.1825 0.05333333333333334 0.045
0 0.44266666666666665 0.23 0.04533333333333334 0.04666666666666667
0 0.49866666666666665 0.23 0.050666666666666665 0.045
0 0.5546666666666666 0.23083333333333333 0.05333333333333334 0.045
0 0.612 0.23166666666666666 0.050666666666666665 0.043333333333333335
0 0.6706666666666666 0.23166666666666666 0.050666666666666665 0.043333333333333335
0 0.7266666666666667 0.23 0.050666666666666665 0.04666666666666667
0 0.7853333333333333 0.22916666666666666 0.048 0.045
0 0.4493333333333333 0.38083333333333336 0.048 0.045
0 0.504 0.38 0.056 0.04666666666666667
0 0.452 0.42833333333333334 0.050666666666666665 0.045
0 0.504 0.42916666666666664 0.056 0.04666666666666667
0 0.456 0.5833333333333334 0.05333333333333334 0.05
0 0.4573333333333333 0.6383333333333333 0.056 0.05333333333333334
0 0.4573333333333333 0.6958333333333333 0.05333333333333334 0.05333333333333334
0 0.572 0.5883333333333334 0.05333333333333334 0.05
0 0.636 0.5866666666666667 0.056 0.05
0 0.576 0.6408333333333334 0.056 0.05333333333333334
0 0.6386666666666667 0.6391666666666667 0.056 0.04833333333333333
0 0.5786666666666667 0.695 0.058666666666666666 0.051666666666666666
0 0.6386666666666667 0.6941666666666667 0.056 0.05333333333333334
0 0.06533333333333333 0.8133333333333334 0.06666666666666667 0.058333333333333334
0 0.064 0.8708333333333333 0.06933333333333333 0.055
0 0.064 0.9291666666666667 0.072 0.06
0 0.13866666666666666 0.8116666666666666 0.07466666666666667 0.055
0 0.13866666666666666 0.8683333333333333 0.06933333333333333 0.05333333333333334
0 0.14133333333333334 0.9275 0.072 0.058333333333333334
0 0.22 0.8066666666666666 0.06933333333333333 0.06
0 0.296 0.805 0.06666666666666667 0.055
0 0.21733333333333332 0.8658333333333333 0.06933333333333333 0.055
0 0.292 0.8641666666666666 0.06133333333333333 0.06
0 0.21866666666666668 0.9233333333333333 0.06666666666666667 0.06
0 0.29333333333333333 0.925 0.06133333333333333 0.06166666666666667
0 0.5626666666666666 0.38166666666666665 0.050666666666666665 0.041666666666666664
0 0.6213333333333333 0.3825 0.05333333333333334 0.03833333333333333
0 0.5653333333333334 0.42833333333333334 0.05333333333333334 0.04833333333333333
0 0.6213333333333333 0.4275 0.050666666666666665 0.04833333333333333
0 0.5146666666666667 0.5875 0.056 0.05
0 0.928 0.1875 0.037333333333333336 0.04666666666666667
0 0.9746666666666667 0.18833333333333332 0.048 0.04833333333333333
0 0.932 0.23083333333333333 0.037333333333333336 0.03666666666666667
0 0.9746666666666667 0.23166666666666666 0.04533333333333334 0.035
0 0.9546666666666667 0.3775 0.04533333333333334 0.051666666666666666
0 0.9626666666666667 0.425 0.042666666666666665 0.04
0 0.9893333333333333 0.3775 0.016 0.04833333333333333
0 0.6173333333333333 0.3408333333333333 0.048 0.041666666666666664
0 0.676 0.34 0.04533333333333334 0.03666666666666667
0 0.732 0.3408333333333333 0.050666666666666665 0.03666666666666667
0 0.68 0.3825 0.050666666666666665 0.045
0 0.7346666666666667 0.3825 0.050666666666666665 0.045
0 0.796 0.38 0.056 0.04833333333333333
0 0.684 0.42916666666666664 0.05333333333333334 0.04833333333333333
0 0.7386666666666667 0.42833333333333334 0.05333333333333334 0.043333333333333335
0 0.7986666666666666 0.42833333333333334 0.056 0.045
0 0.856 0.37916666666666665 0.050666666666666665 0.04833333333333333
0 0.86 0.4275 0.058666666666666666 0.045
0 0.014666666666666666 0.38416666666666666 0.02666666666666667 0.05
0 0.013333333333333334 0.43333333333333335 0.024 0.04833333333333333
0 0.06 0.3858333333333333 0.056 0.04833333333333333
0 0.11866666666666667 0.38416666666666666 0.056 0.04833333333333333
0 0.12133333333333333 0.43333333333333335 0.058666666666666666 0.045
0 0.06 0.43333333333333335 0.056 0.045
0 0.17866666666666667 0.385 0.05333333333333334 0.045
0 0.24133333333333334 0.3858333333333333 0.056 0.04833333333333333
0 0.30133333333333334 0.385 0.05333333333333334 0.04666666666666667
0 0.36 0.38416666666666666 0.050666666666666665 0.04666666666666667
0 0.184 0.43333333333333335 0.056 0.04666666666666667
0 0.24266666666666667 0.4325 0.056 0.04666666666666667
0 0.2986666666666667 0.4325 0.05333333333333334 0.04833333333333333
0 0.3586666666666667 0.4325 0.050666666666666665 0.043333333333333335
0 0.364 0.8075 0.04533333333333334 0.05333333333333334
0 0.36133333333333334 0.8691666666666666 0.058666666666666666 0.06166666666666667
0 0.06 0.6058333333333333 0.042666666666666665 0.04
0 0.058666666666666666 0.6558333333333334 0.04533333333333334 0.041666666666666664
0 0.016 0.655 0.02666666666666667 0.04
0 0.037333333333333336 0.7058333333333333 0.05333333333333334 0.051666666666666666
0 0.10933333333333334 0.7083333333333334 0.056 0.051666666666666666
0 0.17333333333333334 0.7066666666666667 0.06133333333333333 0.055
0 0.236 0.7033333333333334 0.064 0.055
0 0.2986666666666667 0.7025 0.056 0.055
0 0.36133333333333334 0.6991666666666667 0.05333333333333334 0.055
0 0.11866666666666667 0.6516666666666666 0.050666666666666665 0.05333333333333334
0 0.17333333333333334 0.65 0.058666666666666666 0.05333333333333334
0 0.236 0.6483333333333333 0.06133333333333333 0.051666666666666666
0 0.3 0.6483333333333333 0.058666666666666666 0.04833333333333333
0 0.36133333333333334 0.6441666666666667 0.05333333333333334 0.05333333333333334
0 0.36 0.5916666666666667 0.05333333333333334 0.05333333333333334
0 0.30133333333333334 0.5941666666666666 0.058666666666666666 0.055
0 0.24 0.5941666666666666 0.058666666666666666 0.05333333333333334
0 0.17866666666666667 0.5958333333333333 0.056 0.05333333333333334
0 0.5146666666666667 0.64 0.05333333333333334 0.055
0 0.5173333333333333 0.6966666666666667 0.056 0.051666666666666666
0 0.6946666666666667 0.5866666666666667 0.056 0.05
0 0.7 0.6391666666666667 0.056 0.05333333333333334
0 0.7053333333333334 0.6933333333333334 0.056 0.051666666666666666
0 0.7573333333333333 0.5858333333333333 0.06133333333333333 0.05
0 0.82 0.5858333333333333 0.05333333333333334 0.05
0 0.88 0.5825 0.058666666666666666 0.051666666666666666
0 0.7626666666666667 0.6375 0.058666666666666666 0.055
0 0.824 0.6366666666666667 0.05333333333333334 0.05333333333333334
0 0.7733333333333333 0.6933333333333334 0.056 0.055
0 0.8253333333333334 0.6941666666666667 0.042666666666666665 0.055
0 0.4653333333333333 0.8116666666666666 0.056 0.055
0 0.4666666666666667 0.8658333333333333 0.05333333333333334 0.055
0 0.468 0.9166666666666666 0.056 0.03833333333333333
0 0.5266666666666666 0.81 0.058666666666666666 0.056666666666666664
0 0.5933333333333334 0.8691666666666666 0.058666666666666666 0.055
0 0.528 0.8683333333333333 0.056 0.055
0 0.5333333333333333 0.9158333333333334 0.056 0.04
0 0.592 0.8108333333333333 0.056 0.06
0 0.596 0.9258333333333333 0.056 0.05
0 0.6533333333333333 0.8091666666666667 0.05333333333333334 0.056666666666666664
0 0.7173333333333334 0.8083333333333333 0.064 0.056666666666666664
0 0.6586666666666666 0.8675 0.06933333333333333 0.06
0 0.724 0.8675 0.056 0.055
0 0.6573333333333333 0.9191666666666667 0.05333333333333334 0.041666666666666664
0 0.7813333333333333 0.8058333333333333 0.058666666666666666 0.056666666666666664
0 0.788 0.8633333333333333 0.064 0.056666666666666664
0 0.844 0.8016666666666666 0.050666666666666665 0.055
0 0.8453333333333334 0.8591666666666666 0.034666666666666665 0.051666666666666666