0 0.56 0.1675 0.07333333333333333 0.09833333333333333
0 0.65 0.1775 0.07555555555555556 0.095
0 0.7288888888888889 0.1925 0.06444444444444444 0.08666666666666667
0 0.26222222222222225 0.22 0.09333333333333334 0.1
0 0.03728888888888889 0.23245 0.07455555555555556 0.11978333333333334
0 0.36333333333333334 0.235 0.08888888888888889 0.09333333333333334
0 0.46111111111111114 0.24583333333333332 0.08222222222222222 0.09166666666666666
0 0.5488888888888889 0.2608333333333333 0.07777777777777778 0.08833333333333333
0 0.6366666666666667 0.27 0.08444444444444445 0.085
0 0.7155555555555555 0.28 0.06666666666666667 0.08833333333333333
0 0.2611111111111111 0.30666666666666664 0.08888888888888889 0.06833333333333333
0 0.35777777777777775 0.31666666666666665 0.09333333333333334 0.06833333333333333
0 0.4533333333333333 0.3283333333333333 0.08666666666666667 0.06833333333333333
0 0.5444444444444444 0.34 0.07777777777777778 0.06666666666666667
0 0.6322222222222222 0.3466666666666667 0.08 0.065
0 0.7077777777777777 0.35583333333333333 0.06444444444444444 0.06
0 0.037622222222222224 0.3572166666666667 0.07388888888888889 0.1297666666666667
0 0.19 0.48583333333333334 0.05555555555555555 0.09333333333333334
0 0.27444444444444444 0.4875 0.1 0.11333333333333333
0 0.38333333333333336 0.49916666666666665 0.10444444444444445 0.105
0 0.4822222222222222 0.5033333333333333 0.08444444444444445 0.10333333333333333
0 0.5733333333333334 0.5108333333333334 0.08666666666666667 0.105
0 0.6633333333333333 0.52 0.08222222222222222 0.105
0 0.75 0.525 0.08222222222222222 0.1
0 0.8388888888888889 0.5308333333333334 0.08666666666666667 0.10333333333333333
0 0.11271111111111111 0.056333333333333326 0.1365777777777778 0.11265
0 0.16111111111111112 0.5983333333333334 0.09111111111111111 0.12166666666666667
0 0.26222222222222225 0.6041666666666666 0.10444444444444445 0.11833333333333333
0 0.37 0.605 0.1 0.105
0 0.47 0.6066666666666667 0.09555555555555556 0.10666666666666667
0 0.5666666666666667 0.6133333333333333 0.08666666666666667 0.105
0 0.6544444444444445 0.6216666666666667 0.08666666666666667 0.09833333333333333
0 0.7422222222222222 0.625 0.08666666666666667 0.09833333333333333
0 0.8311111111111111 0.63 0.08444444444444445 0.095
0 0.76 0.7941666666666667 0.08666666666666667 0.1
0 0.6711111111111111 0.7983333333333333 0.08444444444444445 0.1
0 0.5766666666666667 0.8025 0.1 0.105
0 0.4722222222222222 0.8066666666666666 0.10666666666666667 0.11833333333333333
0 0.36777777777777776 0.81 0.09777777777777778 0.12333333333333334
0 0.25666666666666665 0.8133333333333334 0.11777777777777777 0.12666666666666668
0 0.14333333333333334 0.8166666666666667 0.09777777777777778 0.12666666666666668
0 0.7466666666666667 0.8966666666666666 0.08 0.105
0 0.6588888888888889 0.9066666666666666 0.09111111111111111 0.11166666666666666
0 0.5633333333333334 0.9125 0.09333333333333334 0.12
0 0.46111111111111114 0.9208333333333333 0.09777777777777778 0.12
0 0.35888888888888887 0.9291666666666667 0.10888888888888888 0.11666666666666667
0 0.24444444444444444 0.9375 0.10888888888888888 0.11666666666666667
0 0.13111111111111112 0.9375 0.09555555555555556 0.11833333333333333
0 0.2788888888888889 0.12166666666666667 0.08666666666666667 0.09833333333333333
0 0.37444444444444447 0.13666666666666666 0.08222222222222222 0.09833333333333333
0 0.47444444444444445 0.15 0.08 0.09833333333333333