0 0.3983333333333333 0.24333333333333335 0.08666666666666667 0.18444444444444444
0 0.04416666666666667 0.27 0.08166666666666667 0.2644444444444444
0 0.7058333333333333 0.28888888888888886 0.06 0.09111111111111111
0 0.4866666666666667 0.29444444444444445 0.08333333333333333 0.14
0 0.5558333333333333 0.31222222222222223 0.055 0.14444444444444443
0 0.17583333333333334 0.33 0.125 0.2111111111111111
0 0.7641666666666667 0.33111111111111113 0.051666666666666666 0.08222222222222222
0 0.6475 0.3333333333333333 0.035 0.14
0 0.3025 0.37444444444444447 0.10833333333333334 0.17333333333333334
0 0.7316666666666667 0.38555555555555554 0.03666666666666667 0.10222222222222223
0 0.6925 0.38666666666666666 0.056666666666666664 0.11555555555555555
0 0.5541666666666667 0.04111111111111111 0.043333333333333335 0.08222222222222222
0 0.4025 0.4088888888888889 0.08833333333333333 0.14222222222222222
0 0.7766666666666666 0.4211111111111111 0.04666666666666667 0.08888888888888889
0 0.49583333333333335 0.43333333333333335 0.08166666666666667 0.1288888888888889
0 0.8769499999999999 0.447 0.04191666666666682 0.0767777777777778
0 0.5658333333333333 0.4488888888888889 0.055 0.12444444444444444
0 0.6208333333333333 0.46444444444444444 0.04833333333333333 0.1111111111111111
0 0.7491666666666666 0.49333333333333335 0.03333333333333333 0.10444444444444445
0 0.7033333333333334 0.4955555555555556 0.065 0.09777777777777778
0 0.7691666666666667 0.5077777777777778 0.025 0.08222222222222222
0 0.795 0.5111111111111111 0.041666666666666664 0.09111111111111111
0 0.8867166666666666 0.537511111111111 0.038833333333333254 0.08775555555555557
0 0.53 0.6355555555555555 0.07833333333333334 0.16444444444444445
0 0.05416666666666667 0.6355555555555555 0.105 0.30444444444444446
0 0.7958333333333333 0.6355555555555555 0.021666666666666667 0.10666666666666667
0 0.30666666666666664 0.6377777777777778 0.10333333333333333 0.2311111111111111
0 0.7375 0.6377777777777778 0.041666666666666664 0.10888888888888888
0 0.18416666666666667 0.6388888888888888 0.11833333333333333 0.26222222222222225
0 0.5966666666666667 0.6388888888888888 0.04833333333333333 0.15777777777777777
0 0.7733333333333333 0.6388888888888888 0.02666666666666667 0.10666666666666667
0 0.3983333333333333 0.6422222222222222 0.07 0.20222222222222222
0 0.8158333333333333 0.6655555555555556 0.02 0.07555555555555556
0 0.8041666666666667 0.7355555555555555 0.021666666666666667 0.10222222222222223
0 0.7833333333333333 0.7466666666666667 0.028333333333333332 0.10888888888888888
0 0.825 0.7466666666666667 0.02 0.08222222222222222
0 0.7516666666666667 0.7533333333333333 0.03833333333333333 0.11777777777777777
0 0.7225 0.7755555555555556 0.045 0.11555555555555555
0 0.6066666666666667 0.7988888888888889 0.05333333333333334 0.15777777777777777
0 0.545 0.8111111111111111 0.06666666666666667 0.18666666666666668
0 0.0475 0.08333333333333333 0.09166666666666666 0.16666666666666666
0 0.4791666666666667 0.8311111111111111 0.06833333333333333 0.20222222222222222
0 0.4033333333333333 0.8555555555555555 0.08166666666666667 0.21555555555555556
0 0.30666666666666664 0.88 0.10833333333333334 0.23555555555555555
0 0.1825 0.8866666666666667 0.13833333333333334 0.2222222222222222
0 0.0525 0.8944444444444445 0.09833333333333333 0.20666666666666667
0 0.175 0.11555555555555555 0.11833333333333333 0.2111111111111111
0 0.2991666666666667 0.18222222222222223 0.10166666666666667 0.2111111111111111