0 0.06111111111111111 0.28 0.10444444444444445 0.12166666666666667
0 0.17888888888888888 0.2841666666666667 0.10888888888888888 0.12333333333333334
0 0.06 0.4033333333333333 0.10888888888888888 0.12
0 0.17888888888888888 0.4066666666666667 0.10666666666666667 0.11833333333333333
0 0.29777777777777775 0.405 0.10666666666666667 0.12166666666666667
0 0.3055555555555556 0.3016666666666667 0.09111111111111111 0.08333333333333333
0 0.41333333333333333 0.2966666666666667 0.09777777777777778 0.115
0 0.5233333333333333 0.29583333333333334 0.09777777777777778 0.12166666666666667
0 0.63 0.2975 0.09777777777777778 0.11333333333333333
0 0.7477777777777778 0.3 0.09555555555555556 0.11333333333333333
0 0.41555555555555557 0.41083333333333333 0.10222222222222223 0.10833333333333334
0 0.5222222222222223 0.41 0.1 0.10833333333333334
0 0.6333333333333333 0.41 0.10666666666666667 0.11
0 0.7477777777777778 0.41083333333333333 0.1 0.11
0 0.8555555555555555 0.29833333333333334 0.10222222222222223 0.11166666666666666
0 0.8566666666666667 0.41 0.10666666666666667 0.10666666666666667
0 0.9544444444444444 0.29583333333333334 0.08666666666666667 0.10666666666666667
0 0.9555555555555556 0.4083333333333333 0.08222222222222222 0.11166666666666666
0 0.058888888888888886 0.7441666666666666 0.1 0.12666666666666668
0 0.056666666666666664 0.8675 0.09555555555555556 0.11333333333333333
0 0.17777777777777778 0.7408333333333333 0.10888888888888888 0.12833333333333333
0 0.29555555555555557 0.74 0.1111111111111111 0.12
0 0.4088888888888889 0.7341666666666666 0.10444444444444445 0.125
0 0.5211111111111111 0.7316666666666667 0.09777777777777778 0.12333333333333334
0 0.17888888888888888 0.8633333333333333 0.10222222222222223 0.11333333333333333
0 0.29444444444444445 0.8591666666666666 0.1 0.11333333333333333
0 0.4077777777777778 0.8566666666666667 0.10222222222222223 0.11166666666666666
0 0.5233333333333333 0.8516666666666667 0.10222222222222223 0.12
0 0.77 0.6308333333333334 0.07777777777777778 0.07166666666666667
0 0.8755555555555555 0.6291666666666667 0.06666666666666667 0.07166666666666667
0 0.6633333333333333 0.6333333333333333 0.08 0.06833333333333333
0 0.9466666666666667 0.7066666666666667 0.06222222222222222 0.10333333333333333
0 0.8733333333333333 0.7216666666666667 0.10222222222222223 0.11333333333333333
0 0.8777777777777778 0.835 0.09333333333333334 0.11333333333333333
0 0.9655555555555555 0.8325 0.06444444444444444 0.12333333333333334
0 0.6733333333333333 0.7283333333333334 0.08888888888888889 0.11666666666666667
0 0.7722222222222223 0.7275 0.10222222222222223 0.11666666666666667
0 0.6755555555555556 0.8441666666666666 0.08666666666666667 0.11166666666666666
0 0.7755555555555556 0.8408333333333333 0.1 0.105