0 0.9141666666666667 0.37222222222222223 0.10166666666666667 0.1288888888888889
0 0.49916666666666665 0.38555555555555554 0.085 0.15333333333333332
0 0.4175 0.39222222222222225 0.07666666666666666 0.14444444444444443
0 0.3458333333333333 0.41 0.065 0.13777777777777778
0 0.5808333333333333 0.5477777777777778 0.085 0.18666666666666668
0 0.4075 0.5488888888888889 0.07833333333333334 0.16666666666666666
0 0.4925 0.5488888888888889 0.085 0.1711111111111111
0 0.3333333333333333 0.5511111111111111 0.065 0.14
0 0.9058333333333334 0.5566666666666666 0.13166666666666665 0.21777777777777776
0 0.785 0.5588888888888889 0.10833333333333334 0.20666666666666667
0 0.6766666666666666 0.5666666666666667 0.09833333333333333 0.19777777777777777
0 0.3275 0.7022222222222222 0.065 0.16
0 0.4008333333333333 0.7133333333333334 0.07333333333333333 0.1511111111111111
0 0.48333333333333334 0.72 0.08666666666666667 0.1711111111111111
0 0.5741666666666667 0.73 0.09 0.18444444444444444
0 0.6766666666666666 0.7588888888888888 0.10333333333333333 0.18222222222222223
0 0.785 0.7688888888888888 0.10666666666666667 0.20444444444444446
0 0.9108333333333334 0.7777777777777778 0.135 0.22444444444444445
0 0.44666666666666666 0.9311111111111111 0.09 0.13333333333333333