0 0.1825 0.3377777777777778 0.08833333333333333 0.22666666666666666
0 0.2683333333333333 0.3622222222222222 0.07833333333333334 0.19555555555555557
0 0.335 0.37 0.05333333333333334 0.18222222222222223
0 0.39 0.38 0.051666666666666666 0.1688888888888889
0 0.4375 0.39111111111111113 0.03833333333333333 0.14666666666666667
0 0.4725 0.4011111111111111 0.02666666666666667 0.13111111111111112
0 0.18166666666666667 0.08 0.0016666666666666668 0.0022222222222222222
0 0.185 0.12555555555555556 0.08666666666666667 0.23555555555555555
0 0.26916666666666667 0.17444444444444446 0.075 0.20444444444444446
0 0.3375 0.19 0.056666666666666664 0.19333333333333333
0 0.3925 0.22 0.05 0.1711111111111111
0 0.44 0.24666666666666667 0.03833333333333333 0.15555555555555556
0 0.4775 0.2677777777777778 0.03166666666666667 0.13777777777777778
0 0.4825 0.13333333333333333 0.035 0.14444444444444443
0 0.44666666666666666 0.09666666666666666 0.045 0.16
0 0.3958333333333333 0.07222222222222222 0.056666666666666664 0.14444444444444443
0 0.3375 0.056666666666666664 0.065 0.11333333333333333
0 0.2658333333333333 0.043333333333333335 0.07333333333333333 0.08222222222222222
0 0.4866666666666667 0.03111111111111111 0.03666666666666667 0.06222222222222222
0 0.5216666666666666 0.04777777777777778 0.028333333333333332 0.09111111111111111
0 0.515 0.15666666666666668 0.03333333333333333 0.13111111111111112
0 0.51 0.28 0.03166666666666667 0.11777777777777777
0 0.5025 0.3988888888888889 0.03166666666666667 0.13111111111111112
0 0.5483333333333333 0.06222222222222222 0.028333333333333332 0.1111111111111111
0 0.5416666666666666 0.17777777777777778 0.028333333333333332 0.1111111111111111
0 0.5366666666666666 0.29555555555555557 0.025 0.11777777777777777
0 0.5308333333333334 0.40555555555555556 0.025 0.1111111111111111
0 0.17 0.8211111111111111 0.10833333333333334 0.15333333333333332
0 0.16833333333333333 0.95 0.11666666666666667 0.09555555555555556
0 0.2633333333333333 0.7766666666666666 0.065 0.1288888888888889
0 0.33166666666666667 0.7388888888888889 0.06333333333333334 0.1288888888888889
0 0.3908333333333333 0.7088888888888889 0.04833333333333333 0.12222222222222222
0 0.43916666666666665 0.6911111111111111 0.041666666666666664 0.10666666666666667
0 0.26 0.9211111111111111 0.06333333333333334 0.14222222222222222
0 0.3258333333333333 0.8955555555555555 0.07333333333333333 0.1711111111111111
0 0.38416666666666666 0.8522222222222222 0.04666666666666667 0.15555555555555556
0 0.43083333333333335 0.8222222222222222 0.045 0.14888888888888888
0 0.4325 0.9477777777777778 0.045 0.09555555555555556
0 0.3875 0.9611111111111111 0.041666666666666664 0.06222222222222222
0 0.5166666666666667 0.6466666666666666 0.028333333333333332 0.08
0 0.5183333333333333 0.7522222222222222 0.02666666666666667 0.12
0 0.5083333333333333 0.8722222222222222 0.03833333333333333 0.10888888888888888
0 0.5433333333333333 0.6377777777777778 0.023333333333333334 0.06888888888888889
0 0.5416666666666666 0.7288888888888889 0.025 0.1111111111111111
0 0.5408333333333334 0.8455555555555555 0.018333333333333333 0.10444444444444445
0 0.5658333333333333 0.7111111111111111 0.018333333333333333 0.10222222222222223
0 0.5608333333333333 0.8166666666666667 0.02 0.1
0 0.585 0.6177777777777778 0.02 0.057777777777777775
0 0.565 0.63 0.02 0.06
0 0.6041666666666666 0.6066666666666667 0.016666666666666666 0.044444444444444446
0 0.6183333333333333 0.6 0.016666666666666666 0.04666666666666667
0 0.5833333333333334 0.6977777777777778 0.018333333333333333 0.09333333333333334
0 0.6016666666666667 0.6777777777777778 0.02 0.09111111111111111
0 0.6175 0.6666666666666666 0.013333333333333334 0.08222222222222222
0 0.5791666666666667 0.7955555555555556 0.018333333333333333 0.1
0 0.5966666666666667 0.7766666666666666 0.02 0.09555555555555556
0 0.6141666666666666 0.7588888888888888 0.021666666666666667 0.08444444444444445
0 0.5658333333333333 0.09333333333333334 0.013333333333333334 0.1111111111111111
0 0.5816666666666667 0.11666666666666667 0.016666666666666666 0.09333333333333334
0 0.5983333333333334 0.1411111111111111 0.016666666666666666 0.09777777777777778
0 0.6183333333333333 0.15888888888888889 0.015 0.09333333333333334
0 0.63 0.17444444444444446 0.011666666666666667 0.09111111111111111
0 0.6433333333333333 0.2 0.01 0.06444444444444444
0 0.5625 0.20333333333333334 0.016666666666666666 0.10444444444444445
0 0.5566666666666666 0.30666666666666664 0.013333333333333334 0.10222222222222223
0 0.5733333333333334 0.32 0.016666666666666666 0.09555555555555556
0 0.5925 0.32666666666666666 0.016666666666666666 0.09333333333333334
0 0.6091666666666666 0.3388888888888889 0.013333333333333334 0.08666666666666667
0 0.6216666666666667 0.34555555555555556 0.011666666666666667 0.08444444444444445
0 0.6341666666666667 0.35333333333333333 0.011666666666666667 0.07777777777777778
0 0.65 0.3488888888888889 0.018333333333333333 0.07555555555555556
0 0.5533333333333333 0.4122222222222222 0.015 0.10444444444444445
0 0.57 0.42 0.013333333333333334 0.09555555555555556
0 0.5883333333333334 0.42 0.021666666666666667 0.08888888888888889
0 0.6041666666666666 0.42444444444444446 0.01 0.08
0 0.6183333333333333 0.43 0.013333333333333334 0.07777777777777778
0 0.6333333333333333 0.43 0.015 0.07555555555555556
0 0.6491666666666667 0.42777777777777776 0.015 0.07777777777777778
0 0.58 0.21777777777777776 0.016666666666666666 0.10666666666666667
0 0.5975 0.23333333333333334 0.015 0.08444444444444445
0 0.6141666666666666 0.25 0.015 0.09333333333333334
0 0.6283333333333333 0.2633333333333333 0.011666666666666667 0.08444444444444445
0 0.6416666666666667 0.27 0.011666666666666667 0.07111111111111111
0 0.655 0.2677777777777778 0.013333333333333334 0.07333333333333333
0 0.5783333333333334 0.9577777777777777 0.03 0.07111111111111111
0 0.5983333333333334 0.9344444444444444 0.023333333333333334 0.08