0 0.7191666666666666 0.2311111111111111 0.065 0.12666666666666668
0 0.6608333333333334 0.24888888888888888 0.05333333333333334 0.12666666666666668
0 0.6066666666666667 0.2588888888888889 0.055 0.12
0 0.9316666666666666 0.28555555555555556 0.085 0.09333333333333334
0 0.8491666666666666 0.3055555555555556 0.07333333333333333 0.08888888888888889
0 0.7791666666666667 0.32 0.06166666666666667 0.08
0 0.3875 0.33555555555555555 0.06 0.1
0 0.715 0.3388888888888889 0.051666666666666666 0.08222222222222222
0 0.3408333333333333 0.3411111111111111 0.041666666666666664 0.10444444444444445
0 0.6566666666666666 0.3511111111111111 0.056666666666666664 0.07333333333333333
0 0.3016666666666667 0.3522222222222222 0.03666666666666667 0.1
0 0.6008333333333333 0.36333333333333334 0.051666666666666666 0.08222222222222222
0 0.26916666666666667 0.36444444444444446 0.03333333333333333 0.09111111111111111
0 0.5516666666666666 0.39666666666666667 0.051666666666666666 0.1288888888888889
0 0.5025 0.4077777777777778 0.045 0.12222222222222222
0 0.455 0.41555555555555557 0.04666666666666667 0.12222222222222222
0 0.4141666666666667 0.4288888888888889 0.04 0.12
0 0.37 0.43666666666666665 0.041666666666666664 0.10666666666666667
0 0.3325 0.44222222222222224 0.03 0.09111111111111111
0 0.2966666666666667 0.4533333333333333 0.03166666666666667 0.1
0 0.2633333333333333 0.4588888888888889 0.03 0.1
0 0.2275 0.47333333333333333 0.028333333333333332 0.09555555555555556
0 0.19666666666666666 0.4777777777777778 0.03166666666666667 0.09777777777777778
0 0.16666666666666666 0.48777777777777775 0.03166666666666667 0.10222222222222223
0 0.14083333333333334 0.4911111111111111 0.028333333333333332 0.09333333333333334
0 0.11333333333333333 0.4955555555555556 0.03 0.08888888888888889
0 0.0875 0.49777777777777776 0.02666666666666667 0.08444444444444445
0 0.49583333333333335 0.53 0.05 0.1111111111111111
0 0.45 0.5311111111111111 0.041666666666666664 0.10888888888888888
0 0.5316666666666666 0.5322222222222223 0.015 0.12
0 0.4066666666666667 0.5377777777777778 0.041666666666666664 0.10444444444444445
0 0.365 0.5433333333333333 0.043333333333333335 0.10666666666666667
0 0.32416666666666666 0.5477777777777778 0.03833333333333333 0.10666666666666667
0 0.28833333333333333 0.5511111111111111 0.035 0.1
0 0.2525 0.5622222222222222 0.03833333333333333 0.1
0 0.21666666666666667 0.5666666666666667 0.035 0.09333333333333334
0 0.1875 0.5755555555555556 0.02666666666666667 0.08444444444444445
0 0.105 0.5833333333333334 0.025 0.08666666666666667
0 0.13 0.5833333333333334 0.025 0.08444444444444445
0 0.07916666666666666 0.5844444444444444 0.02666666666666667 0.08222222222222222
0 0.5258333333333334 0.6322222222222222 0.016666666666666666 0.09333333333333334
0 0.49166666666666664 0.6333333333333333 0.04666666666666667 0.09333333333333334
0 0.44333333333333336 0.6344444444444445 0.045 0.1
0 0.4 0.6388888888888888 0.043333333333333335 0.09333333333333334
0 0.3591666666666667 0.6433333333333333 0.03833333333333333 0.08888888888888889
0 0.3175 0.6444444444444445 0.04 0.09111111111111111
0 0.2808333333333333 0.6466666666666666 0.03666666666666667 0.09111111111111111
0 0.21333333333333335 0.6522222222222223 0.03 0.08666666666666667
0 0.24416666666666667 0.6533333333333333 0.03333333333333333 0.08222222222222222
0 0.18166666666666667 0.6555555555555556 0.03166666666666667 0.08222222222222222
0 0.15166666666666667 0.6566666666666666 0.02666666666666667 0.07111111111111111
0 0.07083333333333333 0.6633333333333333 0.025 0.07777777777777778
0 0.09666666666666666 0.6633333333333333 0.023333333333333334 0.07333333333333333
0 0.12416666666666666 0.6644444444444444 0.02666666666666667 0.07333333333333333
0 0.9358333333333333 0.16555555555555557 0.085 0.14444444444444443
0 0.855 0.18333333333333332 0.07666666666666666 0.13777777777777778
0 0.7833333333333333 0.21444444444444444 0.07 0.13555555555555557