0 0.37666666666666665 0.3566666666666667 0.03166666666666667 0.06222222222222222
0 0.3441666666666667 0.35888888888888887 0.03166666666666667 0.06666666666666667
0 0.4083333333333333 0.3655555555555556 0.028333333333333332 0.04
0 0.47583333333333333 0.36666666666666664 0.03166666666666667 0.042222222222222223
0 0.5391666666666667 0.36666666666666664 0.03166666666666667 0.05333333333333334
0 0.44416666666666665 0.3688888888888889 0.03333333333333333 0.04666666666666667
0 0.5758333333333333 0.37 0.03666666666666667 0.04666666666666667
0 0.6091666666666666 0.37555555555555553 0.03 0.044444444444444446
0 0.7133333333333334 0.38333333333333336 0.035 0.04666666666666667
0 0.6441666666666667 0.3844444444444444 0.035 0.04
0 0.6783333333333333 0.38666666666666666 0.03333333333333333 0.03777777777777778
0 0.7808333333333334 0.39222222222222225 0.035 0.04666666666666667
0 0.8166666666666667 0.3977777777777778 0.035 0.04888888888888889
0 0.8483333333333334 0.4 0.035 0.05555555555555555
0 0.7508333333333334 0.4011111111111111 0.03833333333333333 0.06222222222222222
0 0.4025 0.4088888888888889 0.03666666666666667 0.04888888888888889
0 0.4708333333333333 0.41 0.03666666666666667 0.04666666666666667
0 0.9825 0.4111111111111111 0.03166666666666667 0.05333333333333334
0 0.3333333333333333 0.4122222222222222 0.03666666666666667 0.05333333333333334
0 0.36916666666666664 0.41333333333333333 0.035 0.04666666666666667
0 0.43833333333333335 0.41555555555555557 0.03666666666666667 0.05555555555555555
0 0.5775 0.42 0.035 0.04888888888888889
0 0.6116666666666667 0.4222222222222222 0.03333333333333333 0.044444444444444446
0 0.7183333333333334 0.4266666666666667 0.035 0.04666666666666667
0 0.6475 0.42777777777777776 0.035 0.044444444444444446
0 0.6825 0.4288888888888889 0.035 0.04666666666666667
0 0.7908333333333334 0.44555555555555554 0.04 0.05333333333333334
0 0.8241666666666667 0.44666666666666666 0.03666666666666667 0.051111111111111114
0 0.32416666666666666 0.45444444444444443 0.035 0.05555555555555555
0 0.9025 0.45666666666666667 0.03166666666666667 0.04888888888888889
0 0.39666666666666667 0.4588888888888889 0.03166666666666667 0.05555555555555555
0 0.7575 0.46 0.03833333333333333 0.04888888888888889
0 0.435 0.46111111111111114 0.03833333333333333 0.05333333333333334
0 0.4708333333333333 0.46111111111111114 0.04 0.06222222222222222
0 0.3616666666666667 0.4633333333333333 0.03666666666666667 0.06222222222222222
0 0.5433333333333333 0.46555555555555556 0.03333333333333333 0.05333333333333334
0 0.6141666666666666 0.4666666666666667 0.035 0.044444444444444446
0 0.5783333333333334 0.4677777777777778 0.035 0.04888888888888889
0 0.7233333333333334 0.4677777777777778 0.03666666666666667 0.04666666666666667
0 0.6483333333333333 0.4722222222222222 0.03333333333333333 0.044444444444444446
0 0.6875 0.47555555555555556 0.03833333333333333 0.04888888888888889
0 0.31833333333333336 0.4988888888888889 0.03666666666666667 0.051111111111111114
0 0.9175 0.4988888888888889 0.03666666666666667 0.044444444444444446
0 0.88 0.5011111111111111 0.035 0.035555555555555556
0 0.8016666666666666 0.5055555555555555 0.04 0.06444444444444444
0 0.3525 0.5066666666666667 0.03666666666666667 0.028888888888888888
0 0.4266666666666667 0.5088888888888888 0.03833333333333333 0.057777777777777775
0 0.46416666666666667 0.51 0.03833333333333333 0.057777777777777775
0 0.39166666666666666 0.5111111111111111 0.03333333333333333 0.05333333333333334
0 0.5425 0.5111111111111111 0.03333333333333333 0.042222222222222223
0 0.7666666666666667 0.5133333333333333 0.04 0.057777777777777775
0 0.615 0.5144444444444445 0.03666666666666667 0.051111111111111114
0 0.7341666666666666 0.5155555555555555 0.03666666666666667 0.057777777777777775
0 0.5783333333333334 0.5166666666666667 0.035 0.04888888888888889
0 0.6525 0.5177777777777778 0.03666666666666667 0.042222222222222223
0 0.6933333333333334 0.5211111111111111 0.04 0.044444444444444446
0 0.0225 0.8422222222222222 0.03 0.09777777777777778
0 0.06 0.88 0.03333333333333333 0.09555555555555556
0 0.07666666666666666 0.9022222222222223 0.023333333333333334 0.08888888888888889
0 0.09083333333333334 0.9233333333333333 0.023333333333333334 0.08
0 0.10666666666666667 0.9344444444444444 0.025 0.08
0 0.028333333333333332 0.9622222222222222 0.03333333333333333 0.06444444444444444
0 0.13166666666666665 0.9622222222222222 0.02666666666666667 0.06
0 0.055 0.9711111111111111 0.023333333333333334 0.05333333333333334