0 0.25666666666666665 0.3322222222222222 0.19333333333333333 0.3288888888888889
0 0.2833333333333333 0.6144444444444445 0.175 0.2644444444444444
0 0.1125 0.3333333333333333 0.15333333333333332 0.2777777777777778
0 0.14916666666666667 0.57 0.14833333333333334 0.2311111111111111
0 0.05416666666666667 0.5988888888888889 0.10333333333333333 0.1688888888888889
0 0.041666666666666664 0.42 0.07666666666666666 0.18444444444444444
0 0.43166666666666664 0.5733333333333334 0.14666666666666667 0.26666666666666666
0 0.73 0.2811111111111111 0.15 0.3333333333333333
0 0.7533333333333333 0.5911111111111111 0.0016666666666666668 0.0022222222222222222
0 0.8858333333333334 0.5833333333333334 0.175 0.2911111111111111
0 0.715 0.5744444444444444 0.14833333333333334 0.29333333333333333
0 0.9075 0.26555555555555554 0.17833333333333334 0.3288888888888889
0 0.5641666666666667 0.37333333333333335 0.13 0.24
0 0.5658333333333333 0.5944444444444444 0.11833333333333333 0.19333333333333333
0 0.4166666666666667 0.28888888888888886 0.16666666666666666 0.3111111111111111