0 0.9275 0.2288888888888889 0.07166666666666667 0.13111111111111112
0 0.015833333333333335 0.23444444444444446 0.03166666666666667 0.08666666666666667
0 0.8433333333333334 0.24 0.085 0.14222222222222222
0 0.7625 0.24555555555555555 0.07833333333333334 0.13777777777777778
0 0.3883333333333333 0.24666666666666667 0.05 0.10888888888888888
0 0.445 0.24666666666666667 0.06333333333333334 0.11555555555555555
0 0.49166666666666664 0.25333333333333335 0.025 0.07555555555555556
0 0.6841666666666667 0.25555555555555554 0.06666666666666667 0.13555555555555557
0 0.05583333333333333 0.26 0.041666666666666664 0.10444444444444445
0 0.2792 0.2607333333333333 0.053983333333333314 0.10284444444444445
0 0.3325 0.2611111111111111 0.055 0.1111111111111111
0 0.22333333333333333 0.2644444444444444 0.055 0.10222222222222223
0 0.11833333333333333 0.26666666666666666 0.04833333333333333 0.08888888888888889
0 0.16916666666666666 0.27 0.04666666666666667 0.08666666666666667
0 0.6191666666666666 0.28555555555555556 0.06166666666666667 0.08
0 0.5533333333333333 0.29444444444444445 0.056666666666666664 0.07333333333333333
0 0.4891666666666667 0.3288888888888889 0.028333333333333332 0.06444444444444444
0 0.38333333333333336 0.3511111111111111 0.058333333333333334 0.10888888888888888
0 0.44583333333333336 0.35888888888888887 0.056666666666666664 0.1
0 0.33 0.3611111111111111 0.058333333333333334 0.08888888888888889
0 0.11083333333333334 0.3622222222222222 0.04833333333333333 0.1
0 0.1625 0.3622222222222222 0.051666666666666666 0.1
0 0.27040000000000003 0.36357777777777783 0.05804999999999998 0.08842222222222226
0 0.9375 0.36444444444444446 0.08333333333333333 0.1288888888888889
0 0.2175 0.3655555555555556 0.055 0.09555555555555556
0 0.8541666666666666 0.37222222222222223 0.09 0.11555555555555555
0 0.7771333333333333 0.37953333333333333 0.07923333333333327 0.12613333333333332
0 0.6958333333333333 0.3877777777777778 0.075 0.11777777777777777
0 0.5425 0.39 0.075 0.12222222222222222
0 0.6228666666666667 0.39155555555555555 0.07549999999999993 0.11186666666666674
0 0.49 0.4022222222222222 0.025 0.08222222222222222
0 0.3566666666666667 0.4077777777777778 0.0033333333333333335 0.0022222222222222222
0 0.38083333333333336 0.45 0.05333333333333334 0.08888888888888889
0 0.3233333333333333 0.45555555555555555 0.05 0.09555555555555556
0 0.44416666666666665 0.45555555555555555 0.065 0.08
0 0.10416666666666667 0.4577777777777778 0.055 0.09333333333333334
0 0.2125 0.4588888888888889 0.055 0.08888888888888889
0 0.26916666666666667 0.4588888888888889 0.05 0.08666666666666667
0 0.1575 0.46555555555555556 0.04666666666666667 0.09333333333333334
0 0.49083333333333334 0.4666666666666667 0.025 0.042222222222222223
0 0.06666666666666667 0.06111111111111111 0.04833333333333333 0.12
0 0.30083333333333334 0.6088888888888889 0.055 0.11333333333333333
0 0.4791666666666667 0.6088888888888889 0.05333333333333334 0.13333333333333333
0 0.35583333333333333 0.61 0.05333333333333334 0.10666666666666667
0 0.4166666666666667 0.61 0.06 0.13333333333333333
0 0.24 0.6111111111111112 0.056666666666666664 0.12222222222222222
0 0.07416666666666667 0.6122222222222222 0.051666666666666666 0.11333333333333333
0 0.185 0.6133333333333333 0.051666666666666666 0.10222222222222223
0 0.13 0.6177777777777778 0.05333333333333334 0.11777777777777777
0 0.35583333333333333 0.7244444444444444 0.058333333333333334 0.11777777777777777
0 0.06166666666666667 0.7255555555555555 0.051666666666666666 0.10222222222222223
0 0.2975 0.7277777777777777 0.056666666666666664 0.11555555555555555
0 0.17833333333333334 0.7288888888888889 0.055 0.11777777777777777
0 0.12 0.7311111111111112 0.056666666666666664 0.10888888888888888
0 0.23666666666666666 0.7333333333333333 0.056666666666666664 0.11555555555555555
0 0.4166666666666667 0.7366666666666667 0.06333333333333334 0.10888888888888888
0 0.4791666666666667 0.7366666666666667 0.055 0.1111111111111111
0 0.05583333333333333 0.8455555555555555 0.06 0.12
0 0.11416666666666667 0.8477777777777777 0.055 0.12
0 0.17166666666666666 0.8488888888888889 0.056666666666666664 0.11555555555555555
0 0.23083333333333333 0.85 0.055 0.1111111111111111
0 0.35333333333333333 0.8511111111111112 0.06 0.12
0 0.2925 0.8533333333333334 0.056666666666666664 0.12
0 0.4791666666666667 0.8544444444444445 0.055 0.11777777777777777
0 0.41583333333333333 0.8555555555555555 0.06166666666666667 0.11777777777777777
0 0.0225 0.1322222222222222 0.045 0.10888888888888888
0 0.7958333333333333 0.14555555555555555 0.06166666666666667 0.04888888888888889
0 0.7316666666666667 0.16 0.06166666666666667 0.04666666666666667
0 0.0625 0.1622222222222222 0.051666666666666666 0.11333333333333333
0 0.6716666666666666 0.16666666666666666 0.06166666666666667 0.04
0 0.615 0.2088888888888889 0.05333333333333334 0.06222222222222222
0 0.5608333333333333 0.21666666666666667 0.051666666666666666 0.07555555555555556