0 0.7025 0.23333333333333334 0.06666666666666667 0.15333333333333332
0 0.2708333333333333 0.24 0.03166666666666667 0.03777777777777778
0 0.9433333333333334 0.24 0.09 0.15333333333333332
0 0.6341666666666667 0.24555555555555555 0.075 0.15333333333333332
0 0.29833333333333334 0.24555555555555555 0.025 0.04
0 0.32666666666666666 0.2511111111111111 0.03 0.03777777777777778
0 0.8625 0.2588888888888889 0.08 0.14
0 0.5825 0.27 0.03166666666666667 0.10444444444444445
0 0.5533333333333333 0.2788888888888889 0.03333333333333333 0.09777777777777778
0 0.5233333333333333 0.2911111111111111 0.03 0.08888888888888889
0 0.49833333333333335 0.3022222222222222 0.03 0.09111111111111111
0 0.46416666666666667 0.3244444444444444 0.04666666666666667 0.09555555555555556
0 0.43666666666666665 0.3433333333333333 0.018333333333333333 0.09111111111111111
0 0.425 0.3466666666666667 0.02 0.08444444444444445
0 0.39416666666666667 0.3488888888888889 0.04 0.07555555555555556
0 0.5825 0.3711111111111111 0.021666666666666667 0.09555555555555556
0 0.5541666666666667 0.38 0.03333333333333333 0.09777777777777778
0 0.7775 0.3844444444444444 0.09 0.1711111111111111
0 0.5266666666666666 0.38555555555555554 0.03 0.09111111111111111
0 0.49666666666666665 0.39111111111111113 0.03 0.09111111111111111
0 0.63 0.39555555555555555 0.06666666666666667 0.14444444444444443
0 0.9525 0.4011111111111111 0.09166666666666666 0.14888888888888888
0 0.07083333333333333 0.4 0.02666666666666667 0.05333333333333334
0 0.10333333333333333 0.4022222222222222 0.03166666666666667 0.057777777777777775
0 0.6983333333333334 0.4033333333333333 0.06833333333333333 0.13333333333333333
0 0.8625 0.4033333333333333 0.075 0.13555555555555557
0 0.46416666666666667 0.41 0.05 0.08222222222222222
0 0.42583333333333334 0.41555555555555557 0.013333333333333334 0.05555555555555555
0 0.39416666666666667 0.4177777777777778 0.041666666666666664 0.06222222222222222
0 0.44083333333333335 0.41888888888888887 0.011666666666666667 0.05333333333333334
0 0.10333333333333333 0.45666666666666667 0.035 0.04888888888888889
0 0.5808333333333333 0.4711111111111111 0.025 0.1
0 0.5283333333333333 0.47333333333333333 0.03333333333333333 0.08888888888888889
0 0.5558333333333333 0.47444444444444445 0.025 0.08444444444444445
0 0.49833333333333335 0.4766666666666667 0.03 0.08444444444444445
0 0.39166666666666666 0.48 0.03666666666666667 0.07111111111111111
0 0.4658333333333333 0.4811111111111111 0.04666666666666667 0.08
0 0.41583333333333333 0.4822222222222222 0.016666666666666666 0.07333333333333333
0 0.43333333333333335 0.4822222222222222 0.023333333333333334 0.06888888888888889
0 0.10166666666666667 0.5088888888888888 0.03666666666666667 0.04666666666666667
0 0.3858333333333333 0.54 0.015 0.07111111111111111
0 0.4025 0.5444444444444444 0.02 0.07111111111111111
0 0.4675 0.56 0.041666666666666664 0.06222222222222222
0 0.49833333333333335 0.5622222222222222 0.023333333333333334 0.08666666666666667
0 0.5266666666666666 0.5655555555555556 0.035 0.09555555555555556
0 0.5558333333333333 0.5655555555555556 0.028333333333333332 0.09555555555555556
0 0.10166666666666667 0.6077777777777778 0.03333333333333333 0.05333333333333334
0 0.45916666666666667 0.65 0.015 0.057777777777777775
0 0.405 0.6522222222222223 0.02 0.06888888888888889
0 0.48583333333333334 0.6544444444444445 0.04 0.06444444444444444
0 0.3883333333333333 0.6577777777777778 0.018333333333333333 0.06222222222222222
0 0.4325 0.6588888888888889 0.03333333333333333 0.06888888888888889
0 0.1075 0.6733333333333333 0.03666666666666667 0.06222222222222222
0 0.37666666666666665 0.71 0.016666666666666666 0.06222222222222222
0 0.46166666666666667 0.7111111111111111 0.015 0.06222222222222222
0 0.48833333333333334 0.7155555555555555 0.03166666666666667 0.06
0 0.39166666666666666 0.7177777777777777 0.013333333333333334 0.057777777777777775
0 0.405 0.7211111111111111 0.013333333333333334 0.06888888888888889
0 0.43 0.7288888888888889 0.04 0.06666666666666667
0 0.034166666666666665 0.07444444444444444 0.03 0.07333333333333333
0 0.5283333333333333 0.74 0.03333333333333333 0.04
0 0.1075 0.7433333333333333 0.03333333333333333 0.06222222222222222
0 0.37583333333333335 0.7688888888888888 0.018333333333333333 0.05555555555555555
0 0.3925 0.7755555555555556 0.015 0.05555555555555555
0 0.4325 0.7811111111111111 0.03 0.03111111111111111
0 0.4066666666666667 0.7844444444444445 0.016666666666666666 0.06
0 0.06833333333333333 0.08222222222222222 0.03833333333333333 0.06888888888888889
0 0.5833333333333334 0.84 0.028333333333333332 0.09555555555555556
0 0.10583333333333333 0.08666666666666667 0.03833333333333333 0.07111111111111111
0 0.9458333333333333 0.08777777777777777 0.09666666666666666 0.15555555555555556
0 0.5825 0.9377777777777778 0.02666666666666667 0.09333333333333334
0 0.14166666666666666 0.09666666666666666 0.03333333333333333 0.06888888888888889
0 0.17416666666666666 0.10888888888888888 0.035 0.05555555555555555
0 0.8583333333333333 0.11555555555555555 0.07166666666666667 0.14222222222222222
0 0.03166666666666667 0.1388888888888889 0.035 0.06444444444444444
0 0.2733333333333333 0.1411111111111111 0.03166666666666667 0.06
0 0.3 0.14222222222222222 0.03 0.057777777777777775
0 0.33 0.14555555555555555 0.028333333333333332 0.057777777777777775
0 0.0675 0.14555555555555555 0.03666666666666667 0.06222222222222222
0 0.10666666666666667 0.15222222222222223 0.03666666666666667 0.06222222222222222
0 0.14166666666666666 0.16 0.03666666666666667 0.06222222222222222
0 0.17583333333333334 0.16555555555555557 0.03 0.057777777777777775
0 0.27166666666666667 0.19666666666666666 0.03333333333333333 0.05555555555555555
0 0.7741666666666667 0.19666666666666666 0.09666666666666666 0.18
0 0.3 0.19777777777777777 0.03 0.057777777777777775
0 0.3283333333333333 0.20444444444444446 0.03166666666666667 0.05555555555555555
0 0.06916666666666667 0.20666666666666667 0.03833333333333333 0.06444444444444444
0 0.1075 0.21 0.03833333333333333 0.057777777777777775
0 0.14 0.21444444444444444 0.03833333333333333 0.06
0 0.17333333333333334 0.21888888888888888 0.028333333333333332 0.05555555555555555