0 0.6058333333333333 0.34444444444444444 0.041666666666666664 0.051111111111111114
0 0.5683333333333334 0.34444444444444444 0.03833333333333333 0.051111111111111114
0 0.45166666666666666 0.34555555555555556 0.03333333333333333 0.05333333333333334
0 0.6816666666666666 0.3466666666666667 0.03833333333333333 0.05555555555555555
0 0.4925 0.3466666666666667 0.035 0.04888888888888889
0 0.5308333333333334 0.3477777777777778 0.03666666666666667 0.051111111111111114
0 0.6441666666666667 0.3488888888888889 0.03 0.051111111111111114
0 0.4116666666666667 0.39222222222222225 0.035 0.06222222222222222
0 0.28833333333333333 0.4 0.045 0.05555555555555555
0 0.24833333333333332 0.4033333333333333 0.035 0.06
0 0.6891666666666667 0.4033333333333333 0.03833333333333333 0.05333333333333334
0 0.7275 0.40444444444444444 0.04 0.05555555555555555
0 0.37 0.40444444444444444 0.035 0.057777777777777775
0 0.49083333333333334 0.40555555555555556 0.03666666666666667 0.05555555555555555
0 0.5708333333333333 0.40555555555555556 0.03833333333333333 0.04888888888888889
0 0.7666666666666667 0.40555555555555556 0.035 0.05333333333333334
0 0.33 0.4066666666666667 0.035 0.06
0 0.5308333333333334 0.4066666666666667 0.03833333333333333 0.04666666666666667
0 0.805 0.4066666666666667 0.04 0.06222222222222222
0 0.45 0.4077777777777778 0.04 0.04888888888888889
0 0.8466666666666667 0.4077777777777778 0.04 0.06
0 0.61 0.4088888888888889 0.03666666666666667 0.04666666666666667
0 0.6483333333333333 0.4088888888888889 0.03666666666666667 0.04666666666666667
0 0.8875 0.4088888888888889 0.03833333333333333 0.06444444444444444
0 0.925 0.4111111111111111 0.03 0.04888888888888889
0 0.41083333333333333 0.46111111111111114 0.03666666666666667 0.07111111111111111
0 0.7725 0.4622222222222222 0.041666666666666664 0.06222222222222222
0 0.8558333333333333 0.4622222222222222 0.04666666666666667 0.057777777777777775
0 0.6141666666666666 0.4622222222222222 0.03833333333333333 0.05555555555555555
0 0.285 0.4622222222222222 0.041666666666666664 0.06222222222222222
0 0.24416666666666667 0.4633333333333333 0.03833333333333333 0.057777777777777775
0 0.7308333333333333 0.4633333333333333 0.041666666666666664 0.06888888888888889
0 0.44333333333333336 0.4633333333333333 0.018333333333333333 0.05555555555555555
0 0.5741666666666667 0.4633333333333333 0.04 0.06
0 0.6925 0.4633333333333333 0.04 0.06222222222222222
0 0.6516666666666666 0.46444444444444444 0.035 0.05555555555555555
0 0.3283333333333333 0.46555555555555556 0.03833333333333333 0.05333333333333334
0 0.36916666666666664 0.46555555555555556 0.041666666666666664 0.057777777777777775
0 0.5325 0.46555555555555556 0.04 0.06222222222222222
0 0.8141666666666667 0.4666666666666667 0.045 0.057777777777777775
0 0.8975 0.4677777777777778 0.035 0.051111111111111114
0 0.8633333333333333 0.5188888888888888 0.04666666666666667 0.05555555555555555
0 0.8216666666666667 0.5211111111111111 0.045 0.057777777777777775
0 0.7791666666666667 0.5222222222222223 0.043333333333333335 0.051111111111111114
0 0.575 0.5233333333333333 0.03833333333333333 0.05333333333333334
0 0.6158333333333333 0.5233333333333333 0.041666666666666664 0.05333333333333334
0 0.74 0.5233333333333333 0.04 0.051111111111111114
0 0.3675 0.5244444444444445 0.041666666666666664 0.057777777777777775
0 0.655 0.5244444444444445 0.041666666666666664 0.057777777777777775
0 0.535 0.5255555555555556 0.043333333333333335 0.05555555555555555
0 0.6966666666666667 0.5255555555555556 0.03833333333333333 0.05555555555555555
0 0.495 0.5255555555555556 0.04 0.06
0 0.45416666666666666 0.5266666666666666 0.043333333333333335 0.06222222222222222
0 0.325 0.5266666666666666 0.04 0.06666666666666667
0 0.2375 0.5288888888888889 0.04 0.06444444444444444
0 0.2816666666666667 0.53 0.043333333333333335 0.06666666666666667
0 0.4091666666666667 0.5311111111111111 0.041666666666666664 0.06444444444444444
0 0.7858333333333334 0.5788888888888889 0.05 0.06
0 0.8341666666666666 0.58 0.04 0.06222222222222222
0 0.7433333333333333 0.58 0.041666666666666664 0.057777777777777775
0 0.6608333333333334 0.5811111111111111 0.04 0.06
0 0.5791666666666667 0.5822222222222222 0.041666666666666664 0.05555555555555555
0 0.6208333333333333 0.5833333333333334 0.03833333333333333 0.057777777777777775
0 0.7025 0.5833333333333334 0.03833333333333333 0.05555555555555555
0 0.3225 0.5855555555555556 0.03833333333333333 0.06
0 0.5366666666666666 0.5855555555555556 0.041666666666666664 0.05555555555555555
0 0.28 0.5866666666666667 0.043333333333333335 0.05555555555555555
0 0.49333333333333335 0.5866666666666667 0.04 0.05555555555555555
0 0.36583333333333334 0.5877777777777777 0.041666666666666664 0.06222222222222222
0 0.235 0.5888888888888889 0.045 0.051111111111111114
0 0.4558333333333333 0.5888888888888889 0.03166666666666667 0.057777777777777775
0 0.4083333333333333 0.5911111111111111 0.041666666666666664 0.051111111111111114