0 0.18666666666666668 0.22333333333333333 0.095 0.14222222222222222
0 0.295 0.23777777777777778 0.11166666666666666 0.15333333333333332
0 0.4058333333333333 0.24444444444444444 0.10333333333333333 0.14222222222222222
0 0.8258333333333333 0.2477777777777778 0.10666666666666667 0.16666666666666666
0 0.5141666666666667 0.25333333333333335 0.10166666666666667 0.14222222222222222
0 0.6175 0.25666666666666665 0.10166666666666667 0.13777777777777778
0 0.7216666666666667 0.2611111111111111 0.10666666666666667 0.14444444444444443
0 0.9308333333333333 0.2722222222222222 0.11333333333333333 0.16
0 0.07166666666666667 0.37555555555555553 0.09833333333333333 0.19777777777777777
0 0.16166666666666665 0.3844444444444444 0.055 0.17777777777777778
0 0.4025 0.39111111111111113 0.10666666666666667 0.17555555555555555
0 0.6283333333333333 0.40555555555555556 0.115 0.18666666666666668
0 0.5141666666666667 0.4077777777777778 0.11 0.18444444444444444
0 0.7308333333333333 0.4122222222222222 0.11333333333333333 0.18444444444444444
0 0.8391666666666666 0.42 0.10333333333333333 0.1688888888888889
0 0.9466666666666667 0.42777777777777776 0.10333333333333333 0.1711111111111111
0 0.06583333333333333 0.56 0.10333333333333333 0.18222222222222223
0 0.185 0.5633333333333334 0.10166666666666667 0.16444444444444445
0 0.30083333333333334 0.5688888888888889 0.11666666666666667 0.18888888888888888
0 0.4125 0.5744444444444444 0.11833333333333333 0.18
0 0.6341666666666667 0.5777777777777777 0.11833333333333333 0.18
0 0.525 0.5833333333333334 0.11666666666666667 0.18444444444444444
0 0.7425 0.5877777777777777 0.10666666666666667 0.17333333333333334
0 0.8508333333333333 0.59 0.115 0.19333333333333333
0 0.955 0.6011111111111112 0.08666666666666667 0.1711111111111111
0 0.1875 0.07 0.09 0.13333333333333333
0 0.059166666666666666 0.7233333333333334 0.10166666666666667 0.15333333333333332
0 0.2966666666666667 0.7311111111111112 0.13166666666666665 0.1711111111111111
0 0.18 0.7333333333333333 0.09833333333333333 0.1622222222222222
0 0.6458333333333334 0.7344444444444445 0.11833333333333333 0.14666666666666667
0 0.5341666666666667 0.7366666666666667 0.115 0.14222222222222222
0 0.415 0.7411111111111112 0.11333333333333333 0.15777777777777777
0 0.7575 0.7411111111111112 0.10166666666666667 0.14222222222222222
0 0.8658333333333333 0.7477777777777778 0.11333333333333333 0.13555555555555557
0 0.9641666666666666 0.75 0.06833333333333333 0.12666666666666668
0 0.2891666666666667 0.07666666666666666 0.105 0.14222222222222222
0 0.3975 0.07666666666666666 0.10666666666666667 0.1511111111111111
0 0.5025 0.08222222222222222 0.10333333333333333 0.14888888888888888
0 0.6083333333333333 0.08555555555555555 0.10333333333333333 0.15555555555555556
0 0.71 0.09111111111111111 0.1 0.1511111111111111
0 0.8141666666666667 0.09222222222222222 0.10166666666666667 0.1622222222222222
0 0.9266666666666666 0.1511111111111111 0.09333333333333334 0.07555555555555556
0 0.07416666666666667 0.2011111111111111 0.095 0.18222222222222223