0 0.3075 0.23222222222222222 0.018333333333333333 0.10444444444444445
0 0.28 0.23444444444444446 0.035 0.09555555555555556
0 0.25 0.2411111111111111 0.028333333333333332 0.08888888888888889
0 0.19666666666666666 0.24666666666666667 0.07166666666666667 0.13111111111111112
0 0.5533333333333333 0.03222222222222222 0.08166666666666667 0.06222222222222222
0 0.2925 0.35444444444444445 0.05 0.14
0 0.2475 0.35555555555555557 0.04 0.13111111111111112
0 0.35583333333333333 0.36 0.08166666666666667 0.14888888888888888
0 0.19166666666666668 0.3611111111111111 0.07166666666666667 0.12
0 0.4608333333333333 0.36666666666666664 0.07333333333333333 0.18666666666666668
0 0.54 0.36666666666666664 0.08 0.19777777777777777
0 0.6316666666666667 0.36666666666666664 0.09666666666666666 0.2222222222222222
0 0.7391666666666666 0.38333333333333336 0.11333333333333333 0.26222222222222225
0 0.15916666666666668 0.4255555555555556 0.0016666666666666668 0.0022222222222222222
0 0.4691666666666667 0.04666666666666667 0.06833333333333333 0.08
0 0.14333333333333334 0.4666666666666667 0.02666666666666667 0.12222222222222222
0 0.1725 0.4811111111111111 0.03 0.11555555555555555
0 0.20666666666666667 0.4855555555555556 0.043333333333333335 0.12444444444444444
0 0.24 0.49333333333333335 0.021666666666666667 0.12666666666666668
0 0.2808333333333333 0.5011111111111111 0.055 0.13555555555555557
0 0.4033333333333333 0.51 0.03 0.14888888888888888
0 0.35083333333333333 0.5111111111111111 0.07833333333333334 0.14666666666666667
0 0.4558333333333333 0.5433333333333333 0.07666666666666666 0.18666666666666668
0 0.53 0.5566666666666666 0.085 0.2111111111111111
0 0.62 0.5822222222222222 0.09166666666666666 0.21333333333333335
0 0.7158333333333333 0.5977777777777777 0.09166666666666666 0.24
0 0.36 0.06 0.085 0.12
0 0.2 0.6855555555555556 0.035 0.12222222222222222
0 0.1675 0.69 0.03333333333333333 0.11555555555555555
0 0.2966666666666667 0.7022222222222222 0.07166666666666667 0.15333333333333332
0 0.23666666666666666 0.7077777777777777 0.04 0.13555555555555557
0 0.3625 0.7133333333333334 0.05333333333333334 0.12222222222222222
0 0.13583333333333333 0.7677777777777778 0.028333333333333332 0.12444444444444444
0 0.16666666666666666 0.7933333333333333 0.03333333333333333 0.12666666666666668
0 0.19666666666666666 0.8177777777777778 0.035 0.13777777777777778
0 0.35833333333333334 0.8188888888888889 0.058333333333333334 0.08444444444444445
0 0.56 0.8233333333333334 0.08333333333333333 0.1711111111111111
0 0.2325 0.8433333333333334 0.04 0.1511111111111111
0 0.29083333333333333 0.8588888888888889 0.08 0.16444444444444445
0 0.1375 0.8788888888888889 0.028333333333333332 0.08
0 0.1625 0.9055555555555556 0.035 0.08666666666666667
0 0.195 0.9333333333333333 0.03166666666666667 0.09333333333333334
0 0.23416666666666666 0.9522222222222222 0.04 0.08666666666666667
0 0.31166666666666665 0.10777777777777778 0.02666666666666667 0.13555555555555557
0 0.20166666666666666 0.11888888888888889 0.07333333333333333 0.14
0 0.2833333333333333 0.12555555555555556 0.03 0.12666666666666668
0 0.75 0.13333333333333333 0.11666666666666667 0.23333333333333334
0 0.25166666666666665 0.14 0.025 0.1111111111111111
0 0.6425 0.15333333333333332 0.095 0.22
0 0.5483333333333333 0.1688888888888889 0.08166666666666667 0.20444444444444446
0 0.4691666666666667 0.18666666666666668 0.07333333333333333 0.18444444444444444
0 0.3591666666666667 0.20333333333333334 0.08333333333333333 0.15333333333333332
0 0.415 0.21333333333333335 0.02666666666666667 0.14888888888888888