0 0.030899999999999997 0.4096666666666667 0.06098333333333334 0.09535555555555561
0 0.08333333333333333 0.4166666666666667 0.051666666666666666 0.10444444444444445
0 0.1375 0.41888888888888887 0.04833333333333333 0.08666666666666667
0 0.185 0.42 0.05333333333333334 0.1
0 0.4825 0.4255555555555556 0.04833333333333333 0.07111111111111111
0 0.3908333333333333 0.4266666666666667 0.04833333333333333 0.051111111111111114
0 0.43833333333333335 0.42777777777777776 0.043333333333333335 0.04666666666666667
0 0.23916666666666667 0.4311111111111111 0.04833333333333333 0.08222222222222222
0 0.29083333333333333 0.43333333333333335 0.051666666666666666 0.10222222222222223
0 0.53 0.43333333333333335 0.045 0.06666666666666667
0 0.5783333333333334 0.43333333333333335 0.05 0.06888888888888889
0 0.33 0.44222222222222224 0.023333333333333334 0.07111111111111111
0 0.0225 0.5044444444444445 0.045 0.07555555555555556
0 0.43583333333333335 0.5055555555555555 0.05 0.10666666666666667
0 0.32166666666666666 0.5066666666666667 0.02666666666666667 0.07111111111111111
0 0.38 0.5077777777777778 0.05333333333333334 0.1111111111111111
0 0.12333333333333334 0.51 0.04833333333333333 0.08
0 0.06833333333333333 0.5133333333333333 0.04833333333333333 0.09333333333333334
0 0.17666666666666667 0.5144444444444445 0.05333333333333334 0.09333333333333334
0 0.4925 0.5177777777777778 0.04666666666666667 0.10666666666666667
0 0.5475 0.5177777777777778 0.056666666666666664 0.10222222222222223
0 0.605 0.52 0.05333333333333334 0.09777777777777778
0 0.2325 0.5233333333333333 0.04833333333333333 0.1
0 0.285 0.5244444444444445 0.051666666666666666 0.08666666666666667
0 0.32 0.5733333333333334 0.03333333333333333 0.06666666666666667
0 0.115 0.5955555555555555 0.05333333333333334 0.10222222222222223
0 0.05583333333333333 0.5977777777777777 0.058333333333333334 0.09555555555555556
0 0.014166666666666666 0.5977777777777777 0.025 0.08
0 0.16666666666666666 0.6011111111111112 0.05333333333333334 0.10222222222222223
0 0.3725 0.61 0.06 0.10444444444444445
0 0.27416666666666667 0.6111111111111112 0.06 0.09777777777777778
0 0.42784999999999995 0.6124444444444445 0.05058333333333337 0.1075777777777777
0 0.22083333333333333 0.6166666666666667 0.04666666666666667 0.08444444444444445
0 0.4875 0.62 0.056666666666666664 0.10444444444444445
0 0.7043166666666666 0.6211333333333333 0.05178333333333342 0.06940000000000004
0 0.5458333333333333 0.6244444444444445 0.051666666666666666 0.10222222222222223
0 0.6033333333333334 0.6266666666666667 0.055 0.1111111111111111
0 0.76415 0.6280666666666667 0.05176666666666658 0.0624666666666667
0 0.6425 0.6333333333333333 0.016666666666666666 0.09555555555555556
0 0.31666666666666665 0.6355555555555555 0.03166666666666667 0.057777777777777775
0 0.06916666666666667 0.7366666666666667 0.055 0.10444444444444445
0 0.023333333333333334 0.7377777777777778 0.043333333333333335 0.09555555555555556
0 0.1275 0.7466666666666667 0.05 0.11333333333333333
0 0.18166666666666667 0.7477777777777778 0.05333333333333334 0.1111111111111111
0 0.2916666666666667 0.7488888888888889 0.043333333333333335 0.10222222222222223
0 0.23916666666666667 0.7511111111111111 0.056666666666666664 0.10444444444444445
0 0.0175 0.8444444444444444 0.028333333333333332 0.11555555555555555
0 0.06 0.8466666666666667 0.051666666666666666 0.11555555555555555
0 0.17166666666666666 0.8533333333333334 0.04833333333333333 0.09555555555555556
0 0.11583333333333333 0.8533333333333334 0.056666666666666664 0.10444444444444445
0 0.2866666666666667 0.8566666666666667 0.05 0.11333333333333333
0 0.22666666666666666 0.8577777777777778 0.056666666666666664 0.10888888888888888
0 0.16166666666666665 0.9477777777777778 0.051666666666666666 0.1
0 0.1025 0.95 0.058333333333333334 0.09555555555555556
0 0.22166666666666668 0.9511111111111111 0.06 0.09333333333333334
0 0.03916666666666667 0.9522222222222222 0.045 0.09333333333333334
0 0.27666666666666667 0.9555555555555556 0.05333333333333334 0.08444444444444445