0 0.7675 0.2611111111111111 0.135 0.20666666666666667
0 0.6516666666666666 0.2733333333333333 0.09666666666666666 0.19555555555555557
0 0.37916666666666665 0.27555555555555555 0.07166666666666667 0.14
0 0.315 0.2777777777777778 0.058333333333333334 0.13555555555555557
0 0.5658333333333333 0.2788888888888889 0.07166666666666667 0.16666666666666666
0 0.4891666666666667 0.2811111111111111 0.08666666666666667 0.17333333333333334
0 0.22916666666666666 0.28444444444444444 0.028333333333333332 0.12222222222222222
0 0.19583333333333333 0.28888888888888886 0.03833333333333333 0.10888888888888888
0 0.26426666666666665 0.2914 0.04038333333333336 0.11728888888888886
0 0.435 0.2966666666666667 0.03666666666666667 0.13555555555555557
0 0.9345166666666668 0.3336 0.11713333333333328 0.3562222222222223
0 0.17583333333333334 0.3977777777777778 0.03 0.11777777777777777
0 0.21 0.4022222222222222 0.035 0.1
0 0.24803333333333333 0.4086888888888889 0.04580000000000003 0.10284444444444452
0 0.30083333333333334 0.4111111111111111 0.05333333333333334 0.1288888888888889
0 0.36666666666666664 0.4177777777777778 0.07833333333333334 0.14888888888888888
0 0.4683333333333333 0.44666666666666666 0.07666666666666666 0.16444444444444445
0 0.545 0.45 0.07333333333333333 0.18
0 0.6291666666666667 0.4688888888888889 0.09 0.18888888888888888
0 0.7341666666666666 0.47444444444444445 0.1 0.21555555555555556
0 0.14 0.5044444444444445 0.041666666666666664 0.12666666666666668
0 0.16333333333333333 0.5111111111111111 0.02666666666666667 0.1288888888888889
0 0.19083333333333333 0.5222222222222223 0.04 0.13555555555555557
0 0.23083333333333333 0.5333333333333333 0.045 0.14444444444444443
0 0.2808333333333333 0.5466666666666666 0.055 0.13777777777777778
0 0.3325 0.56 0.04833333333333333 0.15333333333333332
0 0.3883333333333333 0.5833333333333334 0.06166666666666667 0.1688888888888889
0 0.45416666666666666 0.6155555555555555 0.08166666666666667 0.16444444444444445
0 0.5325 0.6322222222222222 0.07166666666666667 0.17777777777777778
0 0.6125 0.6666666666666666 0.095 0.2111111111111111
0 0.7 0.6866666666666666 0.08166666666666667 0.2088888888888889
0 0.18166666666666667 0.7188888888888889 0.035 0.13111111111111112
0 0.14583333333333334 0.72 0.03666666666666667 0.11555555555555555
0 0.22 0.7411111111111112 0.041666666666666664 0.13555555555555557
0 0.275 0.7588888888888888 0.08333333333333333 0.13777777777777778
0 0.3425 0.7611111111111111 0.06 0.13333333333333333
0 0.7875 0.08 0.12666666666666668 0.15777777777777777
0 0.09833333333333333 0.8 0.03833333333333333 0.12
0 0.13083333333333333 0.8266666666666667 0.03666666666666667 0.12
0 0.1625 0.8433333333333334 0.03666666666666667 0.12
0 0.6816666666666666 0.08444444444444445 0.10833333333333334 0.1688888888888889
0 0.2025 0.88 0.043333333333333335 0.14666666666666667
0 0.3233333333333333 0.8811111111111111 0.058333333333333334 0.11777777777777777
0 0.5391666666666667 0.8877777777777778 0.11 0.18222222222222223
0 0.25666666666666665 0.9 0.065 0.15333333333333332
0 0.09083333333333334 0.9066666666666666 0.035 0.1111111111111111
0 0.6366666666666667 0.9155555555555556 0.1 0.16444444444444445
0 0.12166666666666667 0.9344444444444444 0.03666666666666667 0.10222222222222223
0 0.7291666666666666 0.9422222222222222 0.085 0.1111111111111111
0 0.44 0.9477777777777778 0.08333333333333333 0.10222222222222223
0 0.15916666666666668 0.9522222222222222 0.03833333333333333 0.08888888888888889
0 0.58 0.09555555555555556 0.07333333333333333 0.19111111111111112
0 0.5058333333333334 0.10444444444444445 0.07666666666666666 0.18222222222222223
0 0.39416666666666667 0.13111111111111112 0.075 0.15333333333333332
0 0.3283333333333333 0.1388888888888889 0.06 0.14222222222222222
0 0.22333333333333333 0.16777777777777778 0.055 0.12666666666666668
0 0.27166666666666667 0.18222222222222223 0.035 0.09555555555555556