0 0.22666666666666666 0.2811111111111111 0.07166666666666667 0.14444444444444443
0 0.04 0.2811111111111111 0.07833333333333334 0.14
0 0.12916666666666668 0.2911111111111111 0.08666666666666667 0.12222222222222222
0 0.315 0.3 0.08833333333333333 0.12666666666666668
0 0.5 0.30666666666666664 0.08166666666666667 0.12666666666666668
0 0.4083333333333333 0.31 0.08666666666666667 0.13555555555555557
0 0.5883333333333334 0.3188888888888889 0.08666666666666667 0.1288888888888889
0 0.6791666666666667 0.32222222222222224 0.09 0.12666666666666668
0 0.7616666666666667 0.32222222222222224 0.07333333333333333 0.12
0 0.85 0.3233333333333333 0.085 0.10888888888888888
0 0.94 0.3288888888888889 0.08833333333333333 0.12666666666666668
0 0.12666666666666668 0.42 0.09 0.1511111111111111
0 0.035 0.4222222222222222 0.06666666666666667 0.14888888888888888
0 0.2275 0.4266666666666667 0.08333333333333333 0.14222222222222222
0 0.4116666666666667 0.44222222222222224 0.08166666666666667 0.15333333333333332
0 0.5008333333333334 0.44333333333333336 0.09333333333333334 0.1511111111111111
0 0.595 0.4533333333333333 0.09333333333333334 0.15555555555555556
0 0.6858333333333333 0.4533333333333333 0.09 0.1511111111111111
0 0.8616666666666667 0.4577777777777778 0.09 0.1511111111111111
0 0.95 0.4588888888888889 0.08333333333333333 0.14
0 0.7691666666666667 0.46 0.08333333333333333 0.1511111111111111
0 0.12333333333333334 0.5655555555555556 0.085 0.15333333333333332
0 0.03166666666666667 0.5722222222222222 0.06 0.1511111111111111
0 0.22 0.5744444444444444 0.07666666666666666 0.14444444444444443
0 0.4091666666666667 0.5855555555555556 0.09833333333333333 0.15333333333333332
0 0.5075 0.5866666666666667 0.1 0.15555555555555556
0 0.31829999999999997 0.5888888888888889 0.08093333333333334 0.13333333333333333
0 0.6883333333333334 0.59 0.095 0.15333333333333332
0 0.9625 0.5933333333333334 0.07166666666666667 0.14222222222222222
0 0.6 0.5944444444444444 0.09333333333333334 0.15333333333333332
0 0.7825 0.5944444444444444 0.09166666666666666 0.15777777777777777
0 0.8716666666666667 0.5966666666666667 0.09666666666666666 0.15333333333333332
0 0.1175 0.7033333333333334 0.08833333333333333 0.10666666666666667
0 0.030833333333333334 0.7044444444444444 0.058333333333333334 0.11555555555555555
0 0.21333333333333335 0.71 0.07666666666666666 0.11333333333333333
0 0.31166666666666665 0.7188888888888889 0.07666666666666666 0.12
0 0.5075 0.72 0.095 0.12666666666666668
0 0.5991666666666666 0.7233333333333334 0.09166666666666666 0.12222222222222222
0 0.4083333333333333 0.7255555555555555 0.1 0.12
0 0.6975 0.7255555555555555 0.09333333333333334 0.12444444444444444
0 0.9666666666666667 0.7266666666666667 0.06333333333333334 0.1288888888888889
0 0.7883333333333333 0.7311111111111112 0.08666666666666667 0.12222222222222222
0 0.88 0.7311111111111112 0.09 0.11777777777777777
0 0.3233333333333333 0.1688888888888889 0.08666666666666667 0.11333333333333333
0 0.4141666666666667 0.17777777777777778 0.08333333333333333 0.10666666666666667
0 0.13916666666666666 0.17888888888888888 0.08833333333333333 0.06888888888888889
0 0.49833333333333335 0.18333333333333332 0.07333333333333333 0.11333333333333333
0 0.585 0.18444444444444444 0.08666666666666667 0.10888888888888888
0 0.04416666666666667 0.18555555555555556 0.08833333333333333 0.051111111111111114
0 0.6791666666666667 0.19111111111111112 0.08 0.11555555555555555
0 0.845 0.19333333333333333 0.09166666666666666 0.13777777777777778
0 0.7591666666666667 0.19555555555555557 0.08 0.12444444444444444