0 0.805 0.06888888888888889 0.095 0.13555555555555557
0 0.7266666666666667 0.0811111111111111 0.08 0.13111111111111112
0 0.7291666666666666 0.21222222222222223 0.075 0.1288888888888889
0 0.8083333333333333 0.20333333333333334 0.07666666666666666 0.12666666666666668
0 0.6541666666666667 0.21777777777777776 0.07166666666666667 0.1288888888888889
0 0.6583333333333333 0.3511111111111111 0.07833333333333334 0.12666666666666668
0 0.7366666666666667 0.3411111111111111 0.08166666666666667 0.12222222222222222
0 0.815 0.33555555555555555 0.08833333333333333 0.1288888888888889
0 0.835 0.7822222222222223 0.08166666666666667 0.14444444444444443
0 0.8541666666666666 0.9311111111111111 0.09 0.13111111111111112
0 0.5808333333333333 0.11777777777777777 0.06833333333333333 0.13111111111111112
0 0.5825 0.24444444444444444 0.06666666666666667 0.11555555555555555
0 0.585 0.36444444444444446 0.06666666666666667 0.11777777777777777
0 0.5191666666666667 0.13333333333333333 0.06 0.12
0 0.5208333333333334 0.2577777777777778 0.06666666666666667 0.11555555555555555
0 0.5208333333333334 0.37 0.058333333333333334 0.10222222222222223
0 0.32083333333333336 0.38555555555555554 0.056666666666666664 0.12222222222222222
0 0.3225 0.27111111111111114 0.04666666666666667 0.11333333333333333
0 0.31833333333333336 0.1622222222222222 0.05333333333333334 0.10666666666666667
0 0.43333333333333335 0.13111111111111112 0.06166666666666667 0.12444444444444444
0 0.43416666666666665 0.2544444444444444 0.06333333333333334 0.12
0 0.4375 0.3788888888888889 0.06166666666666667 0.11555555555555555
0 0.37583333333333335 0.26555555555555554 0.06 0.1111111111111111
0 0.37833333333333335 0.38333333333333336 0.06166666666666667 0.11333333333333333
0 0.20333333333333334 0.9166666666666666 0.065 0.13111111111111112
0 0.12833333333333333 0.9155555555555556 0.065 0.1288888888888889
0 0.13 0.7877777777777778 0.06333333333333334 0.12444444444444444
0 0.225 0.7788888888888889 0.05333333333333334 0.12444444444444444
0 0.17833333333333334 0.7788888888888889 0.03166666666666667 0.12222222222222222
0 0.25083333333333335 0.3888888888888889 0.075 0.12444444444444444
0 0.16333333333333333 0.1922222222222222 0.06 0.11555555555555555
0 0.2175 0.19777777777777777 0.03833333333333333 0.10444444444444445
0 0.16333333333333333 0.3055555555555556 0.06666666666666667 0.1
0 0.16166666666666665 0.4088888888888889 0.065 0.10888888888888888
0 0.21583333333333332 0.29888888888888887 0.035 0.09111111111111111
0 0.20833333333333334 0.4088888888888889 0.018333333333333333 0.10222222222222223
0 0.45666666666666667 0.7811111111111111 0.041666666666666664 0.13555555555555557
0 0.45666666666666667 0.92 0.041666666666666664 0.13555555555555557
0 0.7625 0.7922222222222223 0.085 0.15777777777777777
0 0.7691666666666667 0.9311111111111111 0.09166666666666666 0.13333333333333333
0 0.6791666666666667 0.7911111111111111 0.07333333333333333 0.14888888888888888
0 0.2841666666666667 0.9233333333333333 0.07 0.12666666666666668
0 0.3525 0.7888888888888889 0.06 0.13555555555555557
0 0.3516666666666667 0.9277777777777778 0.06166666666666667 0.13555555555555557
0 0.6033333333333334 0.7933333333333333 0.07833333333333334 0.14888888888888888
0 0.6075 0.93 0.07833333333333334 0.13555555555555557
0 0.53 0.79 0.07 0.14222222222222222
0 0.5316666666666666 0.9311111111111111 0.06833333333333333 0.13555555555555557
0 0.6841666666666667 0.9344444444444444 0.07666666666666666 0.12666666666666668
0 0.65 0.09222222222222222 0.07 0.12222222222222222
0 0.2875 0.7888888888888889 0.06 0.13333333333333333
0 0.4075 0.7066666666666667 0.05333333333333334 0.1111111111111111
0 0.4066666666666667 0.82 0.055 0.11777777777777777
0 0.4091666666666667 0.9366666666666666 0.04666666666666667 0.1111111111111111
0 0.2625 0.1688888888888889 0.04666666666666667 0.08666666666666667
0 0.2625 0.2722222222222222 0.06 0.11555555555555555
0 0.37083333333333335 0.14222222222222222 0.06 0.12222222222222222