0 0.3858333333333333 0.9433333333333334 0.04833333333333333 0.1111111111111111
0 0.33166666666666667 0.9422222222222222 0.05333333333333334 0.1111111111111111
0 0.2808333333333333 0.9422222222222222 0.05333333333333334 0.11333333333333333
0 0.225 0.9422222222222222 0.04833333333333333 0.11333333333333333
0 0.17083333333333334 0.9122222222222223 0.056666666666666664 0.06
0 0.11833333333333333 0.9088888888888889 0.045 0.05555555555555555
0 0.06833333333333333 0.91 0.05 0.06222222222222222
0 0.021666666666666667 0.9122222222222223 0.041666666666666664 0.06888888888888889
0 0.07416666666666667 0.6066666666666667 0.045 0.08666666666666667
0 0.12416666666666666 0.5966666666666667 0.051666666666666666 0.09333333333333334
0 0.06 0.6877777777777778 0.04833333333333333 0.08
0 0.1075 0.6844444444444444 0.051666666666666666 0.09111111111111111
0 0.16416666666666666 0.6855555555555556 0.05333333333333334 0.09333333333333334
0 0.05416666666666667 0.7755555555555556 0.05 0.09555555555555556
0 0.10083333333333333 0.78 0.04666666666666667 0.10222222222222223
0 0.1525 0.78 0.05333333333333334 0.09777777777777778
0 0.17833333333333334 0.5933333333333334 0.05333333333333334 0.09777777777777778
0 0.23 0.5922222222222222 0.051666666666666666 0.09333333333333334
0 0.2783333333333333 0.5977777777777777 0.05333333333333334 0.09555555555555556
0 0.325 0.5955555555555555 0.05333333333333334 0.08888888888888889
0 0.2175 0.6811111111111111 0.05 0.09555555555555556
0 0.26666666666666666 0.69 0.055 0.10444444444444445
0 0.32083333333333336 0.6866666666666666 0.051666666666666666 0.1
0 0.20833333333333334 0.7811111111111111 0.04666666666666667 0.10666666666666667
0 0.25916666666666666 0.7833333333333333 0.05333333333333334 0.09777777777777778
0 0.31333333333333335 0.7833333333333333 0.04833333333333333 0.09555555555555556
0 0.8475 0.5944444444444444 0.07 0.10222222222222223
0 0.905 0.5944444444444444 0.06833333333333333 0.09777777777777778
0 0.805 0.6866666666666666 0.06166666666666667 0.09555555555555556
0 0.8616666666666667 0.6877777777777778 0.06166666666666667 0.09777777777777778
0 0.9183333333333333 0.6844444444444444 0.06333333333333334 0.09333333333333334
0 0.8725 0.79 0.065 0.10888888888888888
0 0.9291666666666667 0.7888888888888889 0.05333333333333334 0.10888888888888888
0 0.5041666666666667 0.31666666666666665 0.041666666666666664 0.08444444444444445
0 0.5475 0.31777777777777777 0.043333333333333335 0.08666666666666667
0 0.59 0.3288888888888889 0.041666666666666664 0.042222222222222223
0 0.63 0.32555555555555554 0.04666666666666667 0.04666666666666667
0 0.5008333333333334 0.39222222222222225 0.043333333333333335 0.07111111111111111
0 0.545 0.39222222222222225 0.04666666666666667 0.06888888888888889
0 0.5891666666666666 0.39 0.05 0.07333333333333333
0 0.6366666666666667 0.38555555555555554 0.051666666666666666 0.08
0 0.49833333333333335 0.46111111111111114 0.04833333333333333 0.06444444444444444
0 0.5475 0.46111111111111114 0.045 0.06444444444444444
0 0.5916666666666667 0.4588888888888889 0.045 0.06888888888888889
0 0.6391666666666667 0.4588888888888889 0.05333333333333334 0.07111111111111111
0 0.0325 0.3244444444444444 0.041666666666666664 0.08444444444444445
0 0.024166666666666666 0.40555555555555556 0.04 0.07555555555555556
0 0.07833333333333334 0.32555555555555554 0.043333333333333335 0.06666666666666667
0 0.11916666666666667 0.3233333333333333 0.03833333333333333 0.07333333333333333
0 0.16416666666666666 0.32222222222222224 0.05 0.07333333333333333
0 0.06583333333333333 0.39666666666666667 0.03833333333333333 0.07333333333333333
0 0.10833333333333334 0.39666666666666667 0.045 0.06666666666666667
0 0.15166666666666667 0.39555555555555555 0.043333333333333335 0.07111111111111111
0 0.195 0.3888888888888889 0.045 0.07333333333333333
0 0.0525 0.4666666666666667 0.041666666666666664 0.06444444444444444
0 0.09666666666666666 0.46444444444444444 0.045 0.06666666666666667
0 0.14083333333333334 0.4666666666666667 0.04666666666666667 0.06888888888888889
0 0.19 0.46111111111111114 0.04666666666666667 0.06888888888888889
0 0.2633333333333333 0.3211111111111111 0.03833333333333333 0.07111111111111111
0 0.22916666666666666 0.34 0.023333333333333334 0.04666666666666667
0 0.25416666666666665 0.39111111111111113 0.04 0.07111111111111111
0 0.3 0.3888888888888889 0.04666666666666667 0.08
0 0.345 0.3933333333333333 0.03666666666666667 0.07333333333333333
0 0.305 0.31666666666666665 0.043333333333333335 0.06888888888888889
0 0.3475 0.31777777777777777 0.04 0.07555555555555556
0 0.3883333333333333 0.31444444444444447 0.043333333333333335 0.07111111111111111
0 0.4325 0.31333333333333335 0.043333333333333335 0.06666666666666667
0 0.38666666666666666 0.3888888888888889 0.043333333333333335 0.07555555555555556
0 0.43 0.38222222222222224 0.04 0.07333333333333333
0 0.2475 0.46444444444444444 0.043333333333333335 0.06888888888888889
0 0.2925 0.46555555555555556 0.04666666666666667 0.06888888888888889
0 0.3416666666666667 0.4633333333333333 0.045 0.06888888888888889
0 0.385 0.4633333333333333 0.041666666666666664 0.06666666666666667
0 0.42333333333333334 0.45555555555555555 0.041666666666666664 0.07555555555555556
0 0.375 0.5844444444444444 0.04833333333333333 0.08444444444444445
0 0.37333333333333335 0.6777777777777778 0.043333333333333335 0.09777777777777778
0 0.41833333333333333 0.5833333333333334 0.041666666666666664 0.09111111111111111
0 0.4166666666666667 0.6766666666666666 0.043333333333333335 0.09777777777777778
0 0.3616666666666667 0.78 0.051666666666666666 0.1
0 0.41083333333333333 0.7811111111111111 0.045 0.1
0 0.55 0.9466666666666667 0.05333333333333334 0.10222222222222223
0 0.7608333333333334 0.33666666666666667 0.045 0.06888888888888889
0 0.8033333333333333 0.33111111111111113 0.043333333333333335 0.07333333333333333
0 0.8383333333333334 0.33666666666666667 0.021666666666666667 0.06444444444444444
0 0.8641666666666666 0.30444444444444446 0.04833333333333333 0.07111111111111111
0 0.9158333333333334 0.29888888888888887 0.04833333333333333 0.07555555555555556
0 0.9658333333333333 0.3011111111111111 0.04666666666666667 0.07555555555555556
0 0.7658333333333334 0.4122222222222222 0.05 0.07777777777777778
0 0.8125 0.4033333333333333 0.043333333333333335 0.07777777777777778
0 0.8466666666666667 0.4033333333333333 0.021666666666666667 0.07111111111111111
0 0.8766666666666667 0.3811111111111111 0.05 0.07777777777777778
0 0.9283333333333333 0.38 0.04666666666666667 0.07777777777777778
0 0.9766666666666667 0.3788888888888889 0.043333333333333335 0.07777777777777778
0 0.7741666666666667 0.4711111111111111 0.04666666666666667 0.035555555555555556
0 0.8208333333333333 0.4622222222222222 0.04833333333333333 0.04666666666666667
0 0.8541666666666666 0.46444444444444444 0.021666666666666667 0.05555555555555555
0 0.8891666666666667 0.45555555555555555 0.05333333333333334 0.07333333333333333
0 0.9391666666666667 0.45666666666666667 0.04833333333333333 0.06888888888888889
0 0.98 0.45222222222222225 0.03666666666666667 0.06888888888888889
0 0.9525 0.6088888888888889 0.03666666666666667 0.08666666666666667
0 0.9641666666666666 0.6977777777777778 0.03666666666666667 0.09111111111111111
0 0.9766666666666667 0.7977777777777778 0.035 0.10444444444444445
0 0.6575 0.95 0.04666666666666667 0.09333333333333334
0 0.7108333333333333 0.9488888888888889 0.056666666666666664 0.08888888888888889
0 0.8375 0.95 0.04666666666666667 0.08888888888888889
0 0.9083333333333333 0.9488888888888889 0.075 0.09333333333333334
0 0.49583333333333335 0.5944444444444444 0.04666666666666667 0.09333333333333334
0 0.545 0.5944444444444444 0.051666666666666666 0.09777777777777778
0 0.5958333333333333 0.5911111111111111 0.04833333333333333 0.09555555555555556
0 0.6433333333333333 0.6133333333333333 0.04666666666666667 0.08666666666666667
0 0.6925 0.6133333333333333 0.045 0.08666666666666667
0 0.7383333333333333 0.6144444444444445 0.04666666666666667 0.08888888888888889
0 0.7866666666666666 0.6044444444444445 0.05 0.06888888888888889
0 0.49333333333333335 0.6844444444444444 0.04666666666666667 0.09111111111111111
0 0.545 0.6855555555555556 0.04833333333333333 0.08666666666666667
0 0.5975 0.69 0.05333333333333334 0.09333333333333334
0 0.6441666666666667 0.6933333333333334 0.04666666666666667 0.06888888888888889
0 0.6925 0.7011111111111111 0.051666666666666666 0.08888888888888889
0 0.745 0.7011111111111111 0.051666666666666666 0.08888888888888889
0 0.49166666666666664 0.7811111111111111 0.04666666666666667 0.09111111111111111
0 0.5466666666666666 0.7833333333333333 0.051666666666666666 0.10666666666666667
0 0.5991666666666666 0.7844444444444445 0.05 0.09333333333333334
0 0.65 0.78 0.051666666666666666 0.10444444444444445
0 0.7 0.79 0.043333333333333335 0.09333333333333334
0 0.75 0.7922222222222223 0.05 0.09111111111111111
0 0.8091666666666667 0.79 0.065 0.10444444444444445
0 0.6083333333333333 0.9477777777777778 0.051666666666666666 0.10222222222222223
0 0.7816666666666666 0.95 0.06166666666666667 0.09111111111111111
0 0.9808333333333333 0.9533333333333334 0.035 0.08888888888888889
0 0.0075 0.5966666666666667 0.013333333333333334 0.08888888888888889
0 0.03 0.6133333333333333 0.035 0.07777777777777778
0 0.015833333333333335 0.6922222222222222 0.02666666666666667 0.08444444444444445