0 0.48083333333333333 0.26666666666666666 0.051666666666666666 0.10444444444444445
0 0.4475 0.31555555555555553 0.051666666666666666 0.1111111111111111
0 0.5583333333333333 0.3233333333333333 0.07666666666666666 0.10222222222222223
0 0.41333333333333333 0.35777777777777775 0.04666666666666667 0.08666666666666667
0 0.5041666666666667 0.3711111111111111 0.056666666666666664 0.09777777777777778
0 0.38166666666666665 0.39555555555555555 0.043333333333333335 0.08666666666666667
0 0.4575 0.41555555555555557 0.045 0.09111111111111111
0 0.575 0.43666666666666665 0.07166666666666667 0.11555555555555555
0 0.42333333333333334 0.45222222222222225 0.045 0.08444444444444445
0 0.5158333333333334 0.4688888888888889 0.065 0.09777777777777778
0 0.3233333333333333 0.4766666666666667 0.05333333333333334 0.08666666666666667
0 0.39166666666666666 0.4811111111111111 0.03833333333333333 0.07777777777777778
0 0.7941666666666667 0.4911111111111111 0.10333333333333333 0.1511111111111111
0 0.4666666666666667 0.5088888888888888 0.043333333333333335 0.10666666666666667
0 0.42916666666666664 0.5455555555555556 0.03666666666666667 0.09333333333333334
0 0.3283333333333333 0.55 0.05333333333333334 0.07333333333333333
0 0.6591666666666667 0.5666666666666667 0.08833333333333333 0.14222222222222222
0 0.4025 0.5688888888888889 0.03333333333333333 0.09333333333333334
0 0.6066666666666667 0.5933333333333334 0.06333333333333334 0.11777777777777777
0 0.3375 0.6277777777777778 0.056666666666666664 0.08444444444444445
0 0.52 0.6433333333333333 0.05333333333333334 0.11555555555555555
0 0.8225 0.6655555555555556 0.105 0.18444444444444444
0 0.48333333333333334 0.6666666666666666 0.056666666666666664 0.10666666666666667
0 0.75 0.6911111111111111 0.09 0.18
0 0.4325 0.6944444444444444 0.056666666666666664 0.08888888888888889
0 0.40166666666666667 0.7111111111111111 0.03 0.09333333333333334
0 0.6866666666666666 0.7155555555555555 0.08833333333333333 0.14
0 0.38083333333333336 0.7233333333333334 0.02666666666666667 0.08888888888888889
0 0.6266666666666667 0.7266666666666667 0.07166666666666667 0.14222222222222222
0 0.36083333333333334 0.7388888888888889 0.025 0.08666666666666667
0 0.5783333333333334 0.7477777777777778 0.07 0.13111111111111112
0 0.535 0.7633333333333333 0.055 0.12444444444444444
0 0.49583333333333335 0.7777777777777778 0.051666666666666666 0.11555555555555555
0 0.4666666666666667 0.7922222222222223 0.04833333333333333 0.1111111111111111
0 0.43833333333333335 0.8066666666666666 0.041666666666666664 0.1
0 0.4125 0.8077777777777778 0.03 0.09777777777777778
0 0.3925 0.8188888888888889 0.028333333333333332 0.09777777777777778
0 0.36833333333333335 0.83 0.03 0.08666666666666667
0 0.87 0.8555555555555555 0.09 0.19333333333333333
0 0.7841666666666667 0.87 0.08 0.17333333333333334
0 0.6516666666666666 0.8755555555555555 0.08833333333333333 0.1511111111111111
0 0.7225 0.88 0.09 0.17555555555555555
0 0.6016666666666667 0.89 0.07666666666666666 0.13555555555555557
0 0.5566666666666666 0.8911111111111111 0.06 0.12666666666666668
0 0.5175 0.8988888888888888 0.05 0.12
0 0.48333333333333334 0.9066666666666666 0.04 0.11555555555555555
0 0.4533333333333333 0.9077777777777778 0.041666666666666664 0.11333333333333333
0 0.40166666666666667 0.9155555555555556 0.028333333333333332 0.09555555555555556
0 0.42583333333333334 0.9155555555555556 0.03333333333333333 0.09777777777777778
0 0.37666666666666665 0.9211111111111111 0.03333333333333333 0.08888888888888889
0 0.5391666666666667 0.21555555555555556 0.06833333333333333 0.10888888888888888