0 0.7408333333333333 0.22444444444444445 0.03666666666666667 0.07777777777777778
0 0.7758333333333334 0.23333333333333334 0.03666666666666667 0.07111111111111111
0 0.8116666666666666 0.23666666666666666 0.03166666666666667 0.06444444444444444
0 0.8441666666666666 0.24555555555555555 0.03666666666666667 0.06666666666666667
0 0.8775 0.24888888888888888 0.03166666666666667 0.06666666666666667
0 0.025833333333333333 0.25222222222222224 0.05 0.11777777777777777
0 0.3516666666666667 0.25333333333333335 0.041666666666666664 0.07333333333333333
0 0.9083333333333333 0.2544444444444444 0.03333333333333333 0.06222222222222222
0 0.075 0.2588888888888889 0.05 0.11777777777777777
0 0.39416666666666667 0.26 0.03666666666666667 0.06888888888888889
0 0.43416666666666665 0.26 0.041666666666666664 0.07111111111111111
0 0.9433333333333334 0.26 0.028333333333333332 0.06222222222222222
0 0.1225 0.2633333333333333 0.043333333333333335 0.11555555555555555
0 0.4766666666666667 0.2644444444444444 0.03833333333333333 0.07555555555555556
0 0.5166666666666667 0.27 0.03833333333333333 0.07333333333333333
0 0.5575 0.2733333333333333 0.04 0.07111111111111111
0 0.1675 0.2733333333333333 0.04833333333333333 0.12
0 0.21583333333333332 0.27555555555555555 0.04833333333333333 0.1111111111111111
0 0.5966666666666667 0.2777777777777778 0.03666666666666667 0.06666666666666667
0 0.6333333333333333 0.28555555555555556 0.035 0.07333333333333333
0 0.26416666666666666 0.28555555555555556 0.045 0.1111111111111111
0 0.30666666666666664 0.2877777777777778 0.045 0.11333333333333333
0 0.67 0.29 0.03 0.06888888888888889
0 0.7066666666666667 0.2911111111111111 0.035 0.07555555555555556
0 0.7425 0.29444444444444445 0.035 0.07777777777777778
0 0.7783333333333333 0.3 0.03333333333333333 0.08
0 0.8108333333333333 0.30444444444444446 0.03333333333333333 0.07333333333333333
0 0.8466666666666667 0.31333333333333335 0.041666666666666664 0.06888888888888889
0 0.8791666666666667 0.31444444444444447 0.03333333333333333 0.06888888888888889
0 0.3925 0.31555555555555553 0.041666666666666664 0.04666666666666667
0 0.9091666666666667 0.31777777777777777 0.035 0.06
0 0.945 0.3188888888888889 0.03 0.06222222222222222
0 0.34833333333333333 0.32 0.043333333333333335 0.06
0 0.43416666666666665 0.3244444444444444 0.035 0.057777777777777775
0 0.4775 0.3377777777777778 0.04 0.06666666666666667
0 0.5933333333333334 0.37555555555555553 0.07 0.12666666666666668
0 0.5258333333333334 0.37666666666666665 0.07166666666666667 0.12666666666666668
0 0.6641666666666667 0.39 0.06166666666666667 0.12222222222222222
0 0.4041666666666667 0.3933333333333333 0.065 0.11555555555555555
0 0.7266666666666667 0.4 0.058333333333333334 0.12222222222222222
0 0.7833333333333333 0.4111111111111111 0.05333333333333334 0.11777777777777777
0 0.8425 0.41444444444444445 0.06166666666666667 0.11333333333333333
0 0.9008333333333334 0.4222222222222222 0.04833333333333333 0.12
0 0.9575 0.42777777777777776 0.05333333333333334 0.12444444444444444
0 0.2833333333333333 0.47444444444444445 0.07 0.13555555555555557
0 0.525 0.5033333333333333 0.07333333333333333 0.12666666666666668
0 0.5941666666666666 0.5033333333333333 0.07166666666666667 0.12666666666666668
0 0.4666666666666667 0.5077777777777778 0.05 0.12
0 0.345 0.5088888888888888 0.055 0.11555555555555555
0 0.41 0.5122222222222222 0.06166666666666667 0.11555555555555555
0 0.6625 0.5144444444444445 0.065 0.11777777777777777
0 0.7841666666666667 0.52 0.05 0.11333333333333333
0 0.7258333333333333 0.5211111111111111 0.065 0.11777777777777777
0 0.8433333333333334 0.5288888888888889 0.06666666666666667 0.12222222222222222
0 0.9066666666666666 0.54 0.051666666666666666 0.10444444444444445
0 0.9616666666666667 0.5422222222222223 0.05333333333333334 0.1111111111111111
0 0.2808333333333333 0.6144444444444445 0.07333333333333333 0.14
0 0.375 0.6233333333333333 0.07333333333333333 0.14222222222222222
0 0.5991666666666666 0.6277777777777778 0.06666666666666667 0.13333333333333333
0 0.46416666666666667 0.6288888888888889 0.051666666666666666 0.1288888888888889
0 0.525 0.6333333333333333 0.07333333333333333 0.12666666666666668
0 0.6658333333333334 0.6366666666666667 0.06333333333333334 0.13333333333333333
0 0.7291666666666666 0.6422222222222222 0.058333333333333334 0.12222222222222222
0 0.7933333333333333 0.6466666666666666 0.06 0.12222222222222222
0 0.8508333333333333 0.6477777777777778 0.065 0.11777777777777777
0 0.9141666666666667 0.6511111111111111 0.058333333333333334 0.11777777777777777
0 0.965 0.6533333333333333 0.04833333333333333 0.11777777777777777
0 0.2633333333333333 0.7988888888888889 0.04666666666666667 0.14666666666666667
0 0.5183333333333333 0.8 0.07 0.13333333333333333
0 0.585 0.8 0.065 0.11777777777777777
0 0.33 0.8022222222222222 0.07166666666666667 0.13777777777777778
0 0.9833333333333333 0.8033333333333333 0.03 0.10444444444444445
0 0.7691666666666667 0.8033333333333333 0.07166666666666667 0.1111111111111111
0 0.4025 0.8044444444444444 0.06333333333333334 0.14222222222222222
0 0.7041666666666667 0.8111111111111111 0.05333333333333334 0.1
0 0.8841666666666667 0.8111111111111111 0.04833333333333333 0.1111111111111111
0 0.9383333333333334 0.8111111111111111 0.056666666666666664 0.10222222222222223
0 0.835 0.8122222222222222 0.06 0.1288888888888889
0 0.46166666666666667 0.8355555555555556 0.05 0.10222222222222223
0 0.9833333333333333 0.9088888888888889 0.03 0.1111111111111111
0 0.9391666666666667 0.9188888888888889 0.06 0.1111111111111111
0 0.7691666666666667 0.9255555555555556 0.07166666666666667 0.14222222222222222
0 0.885 0.9266666666666666 0.041666666666666664 0.10222222222222223
0 0.8316666666666667 0.9277777777777778 0.058333333333333334 0.12222222222222222
0 0.7058333333333333 0.9311111111111111 0.051666666666666666 0.13333333333333333
0 0.3258333333333333 0.9344444444444444 0.075 0.12666666666666668
0 0.5841666666666666 0.9344444444444444 0.06833333333333333 0.12666666666666668
0 0.65 0.9344444444444444 0.06 0.12666666666666668
0 0.5183333333333333 0.9377777777777778 0.06666666666666667 0.12
0 0.39416666666666667 0.9422222222222222 0.06666666666666667 0.1111111111111111
0 0.45666666666666667 0.9433333333333334 0.056666666666666664 0.10888888888888888
0 0.0275 0.1322222222222222 0.055 0.11777777777777777
0 0.07833333333333334 0.1411111111111111 0.05 0.11555555555555555
0 0.125 0.14888888888888888 0.045 0.12
0 0.17083333333333334 0.15777777777777777 0.043333333333333335 0.11333333333333333
0 0.2175 0.16666666666666666 0.045 0.11333333333333333
0 0.2608333333333333 0.17222222222222222 0.04666666666666667 0.11555555555555555
0 0.30583333333333335 0.17444444444444446 0.041666666666666664 0.11555555555555555
0 0.35083333333333333 0.17777777777777778 0.043333333333333335 0.07555555555555556
0 0.39416666666666667 0.18777777777777777 0.043333333333333335 0.07555555555555556
0 0.43583333333333335 0.19 0.03833333333333333 0.06888888888888889
0 0.4766666666666667 0.19333333333333333 0.04 0.07333333333333333
0 0.5558333333333333 0.2 0.03666666666666667 0.06666666666666667
0 0.5166666666666667 0.2011111111111111 0.03666666666666667 0.07333333333333333
0 0.63 0.21 0.04 0.07555555555555556
0 0.5941666666666666 0.2111111111111111 0.03333333333333333 0.06444444444444444
0 0.7033333333333334 0.21777777777777776 0.03333333333333333 0.06666666666666667
0 0.6675 0.21888888888888888 0.035 0.06666666666666667