0 0.725 0.22777777777777777 0.08 0.1288888888888889
0 0.5791666666666667 0.23666666666666666 0.06666666666666667 0.13333333333333333
0 0.6466666666666666 0.24555555555555555 0.08 0.12666666666666668
0 0.5133333333333333 0.25333333333333335 0.06333333333333334 0.12
0 0.405 0.29 0.065 0.11333333333333333
0 0.9191666666666667 0.3022222222222222 0.11166666666666666 0.1511111111111111
0 0.295 0.3055555555555556 0.065 0.10444444444444445
0 0.35083333333333333 0.30777777777777776 0.041666666666666664 0.06222222222222222
0 0.46 0.31222222222222223 0.045 0.11777777777777777
0 0.8208333333333333 0.3433333333333333 0.09666666666666666 0.14666666666666667
0 0.735 0.35555555555555557 0.08 0.14
0 0.58 0.3711111111111111 0.06833333333333333 0.13555555555555557
0 0.65 0.37333333333333335 0.08 0.12444444444444444
0 0.5116666666666667 0.38 0.065 0.13111111111111112
0 0.3358333333333333 0.4022222222222222 0.055 0.12222222222222222
0 0.4 0.41 0.06666666666666667 0.1288888888888889
0 0.2833333333333333 0.4111111111111111 0.05333333333333334 0.10222222222222223
0 0.45666666666666667 0.41555555555555557 0.03666666666666667 0.10222222222222223
0 0.9333333333333333 0.47444444444444445 0.11333333333333333 0.18
0 0.9391666666666667 0.04888888888888889 0.055 0.09111111111111111
0 0.8233333333333334 0.49 0.09666666666666666 0.14666666666666667
0 0.7375 0.5 0.08166666666666667 0.13555555555555557
0 0.58 0.5055555555555555 0.07166666666666667 0.13555555555555557
0 0.6566666666666666 0.5055555555555555 0.07666666666666666 0.1288888888888889
0 0.5108333333333334 0.5088888888888888 0.07166666666666667 0.12666666666666668
0 0.45166666666666666 0.5233333333333333 0.041666666666666664 0.10444444444444445
0 0.33166666666666667 0.5244444444444445 0.06 0.11333333333333333
0 0.225 0.5266666666666666 0.05333333333333334 0.1288888888888889
0 0.2783333333333333 0.5277777777777778 0.045 0.11777777777777777
0 0.39416666666666667 0.53 0.06666666666666667 0.10222222222222223
0 0.6625 0.6544444444444445 0.07166666666666667 0.1
0 0.255 0.6844444444444444 0.055 0.1511111111111111
0 0.5825 0.69 0.07166666666666667 0.12222222222222222
0 0.3125 0.69 0.056666666666666664 0.14
0 0.43666666666666665 0.6922222222222222 0.07 0.14
0 0.5075 0.6944444444444444 0.07166666666666667 0.13777777777777778
0 0.37166666666666665 0.6977777777777778 0.06166666666666667 0.14444444444444443
0 0.2 0.71 0.055 0.11333333333333333
0 0.8333333333333334 0.7433333333333333 0.10333333333333333 0.1622222222222222
0 0.7408333333333333 0.7488888888888889 0.06666666666666667 0.13111111111111112
0 0.9408333333333333 0.7488888888888889 0.11166666666666666 0.16666666666666666
0 0.6566666666666666 0.7733333333333333 0.06666666666666667 0.12
0 0.24583333333333332 0.8322222222222222 0.06 0.12666666666666668
0 0.19333333333333333 0.8322222222222222 0.06 0.12
0 0.30416666666666664 0.8433333333333334 0.06 0.13555555555555557
0 0.365 0.8455555555555555 0.06666666666666667 0.14444444444444443
0 0.42916666666666664 0.8466666666666667 0.06833333333333333 0.15777777777777777
0 0.5066666666666667 0.8566666666666667 0.07666666666666666 0.16444444444444445
0 0.5775 0.8622222222222222 0.09333333333333334 0.17555555555555555
0 0.745 0.8977777777777778 0.09666666666666666 0.15777777777777777
0 0.8358333333333333 0.9055555555555556 0.105 0.17555555555555555
0 0.6575 0.9066666666666666 0.06666666666666667 0.14222222222222222
0 0.9475 0.9144444444444444 0.10166666666666667 0.16666666666666666
0 0.7241666666666666 0.1 0.08333333333333333 0.12444444444444444
0 0.5775 0.10333333333333333 0.06833333333333333 0.13333333333333333
0 0.6491666666666667 0.11888888888888889 0.08333333333333333 0.12444444444444444
0 0.5141666666666667 0.1322222222222222 0.056666666666666664 0.12
0 0.9791666666666666 0.1411111111111111 0.03833333333333333 0.14444444444444443
0 0.91 0.1622222222222222 0.09833333333333333 0.14666666666666667
0 0.4091666666666667 0.16666666666666666 0.06666666666666667 0.11777777777777777
0 0.3025 0.19444444444444445 0.06166666666666667 0.11555555555555555
0 0.8158333333333333 0.19555555555555557 0.09666666666666666 0.13555555555555557
0 0.46 0.20222222222222222 0.045 0.10444444444444445