0 0.76 0.16833333333333333 0.08888888888888889 0.145
0 0.6777777777777778 0.20166666666666666 0.07555555555555556 0.15
0 0.5944444444444444 0.21166666666666667 0.08666666666666667 0.13
0 0.5155555555555555 0.23333333333333334 0.07555555555555556 0.125
0 0.45555555555555555 0.2475 0.04 0.11
0 0.41333333333333333 0.2575 0.044444444444444446 0.10333333333333333
0 0.35888888888888887 0.26666666666666666 0.06666666666666667 0.09666666666666666
0 0.20444444444444446 0.27 0.04888888888888889 0.08166666666666667
0 0.32222222222222224 0.2775 0.024444444444444446 0.08666666666666667
0 0.29444444444444445 0.285 0.02666666666666667 0.08833333333333333
0 0.2633333333333333 0.2916666666666667 0.02666666666666667 0.07333333333333333
0 0.23666666666666666 0.2966666666666667 0.022222222222222223 0.06666666666666667
0 0.21666666666666667 0.2975 0.017777777777777778 0.06666666666666667
0 0.8488888888888889 0.31 0.08666666666666667 0.175
0 0.7611111111111111 0.32416666666666666 0.08444444444444445 0.14833333333333334
0 0.6733333333333333 0.33916666666666667 0.07555555555555556 0.13166666666666665
0 0.5944444444444444 0.345 0.08888888888888889 0.135
0 0.5188888888888888 0.35083333333333333 0.07777777777777778 0.11666666666666667
0 0.1988888888888889 0.3525 0.02 0.08
0 0.46 0.3541666666666667 0.042222222222222223 0.11
0 0.41444444444444445 0.35583333333333333 0.05555555555555555 0.10166666666666667
0 0.3244444444444444 0.3616666666666667 0.024444444444444446 0.095
0 0.36 0.3616666666666667 0.05333333333333334 0.095
0 0.24222222222222223 0.36833333333333335 0.02 0.07833333333333334
0 0.2688888888888889 0.36833333333333335 0.024444444444444446 0.07666666666666666
0 0.2222222222222222 0.36916666666666664 0.015555555555555555 0.07666666666666666
0 0.29888888888888887 0.36916666666666664 0.028888888888888888 0.07666666666666666
0 0.19777777777777777 0.43 0.022222222222222223 0.07166666666666667
0 0.2222222222222222 0.43833333333333335 0.017777777777777778 0.06166666666666667
0 0.24444444444444444 0.44166666666666665 0.022222222222222223 0.06833333333333333
0 0.27111111111111114 0.44166666666666665 0.02666666666666667 0.07
0 0.29888888888888887 0.44666666666666666 0.03111111111111111 0.07333333333333333
0 0.3277777777777778 0.4475 0.024444444444444446 0.07666666666666666
0 0.41333333333333333 0.45166666666666666 0.04888888888888889 0.09666666666666666
0 0.36666666666666664 0.45416666666666666 0.05333333333333334 0.09666666666666666
0 0.46444444444444444 0.45416666666666666 0.044444444444444446 0.10166666666666667
0 0.5188888888888888 0.45916666666666667 0.06 0.10833333333333334
0 0.5866666666666667 0.4625 0.08222222222222222 0.11666666666666667
0 0.6733333333333333 0.4666666666666667 0.08888888888888889 0.13333333333333333
0 0.76 0.47333333333333333 0.08222222222222222 0.14166666666666666
0 0.8455555555555555 0.4775 0.08888888888888889 0.15833333333333333
0 0.21666666666666667 0.5616666666666666 0.028888888888888888 0.04833333333333333
0 0.25 0.5741666666666667 0.03111111111111111 0.045
0 0.28444444444444444 0.5808333333333333 0.03111111111111111 0.05
0 0.3111111111111111 0.595 0.028888888888888888 0.04666666666666667
0 0.34 0.6058333333333333 0.024444444444444446 0.051666666666666666
0 0.25222222222222224 0.6283333333333333 0.02666666666666667 0.056666666666666664
0 0.41 0.63 0.042222222222222223 0.06166666666666667
0 0.2822222222222222 0.6391666666666667 0.022222222222222223 0.06833333333333333
0 0.4622222222222222 0.645 0.06 0.07166666666666667
0 0.31 0.6525 0.028888888888888888 0.06666666666666667
0 0.22444444444444445 0.66 0.024444444444444446 0.05
0 0.34 0.665 0.03333333333333333 0.06666666666666667
0 0.5155555555555555 0.665 0.05333333333333334 0.07166666666666667
0 0.5755555555555556 0.6875 0.06444444444444444 0.09
0 0.25333333333333335 0.6883333333333334 0.03111111111111111 0.06
0 0.2811111111111111 0.7058333333333333 0.022222222222222223 0.06166666666666667
0 0.4088888888888889 0.7075 0.044444444444444446 0.09833333333333333
0 0.30777777777777776 0.7175 0.02666666666666667 0.065
0 0.6488888888888888 0.7275 0.07111111111111111 0.09166666666666666
0 0.4622222222222222 0.73 0.05333333333333334 0.09833333333333333
0 0.3411111111111111 0.7341666666666666 0.035555555555555556 0.07166666666666667
0 0.5188888888888888 0.7558333333333334 0.057777777777777775 0.11
0 0.7344444444444445 0.7633333333333333 0.11777777777777777 0.10166666666666667
0 0.5755555555555556 0.7883333333333333 0.06444444444444444 0.10833333333333334
0 0.8366666666666667 0.7883333333333333 0.08666666666666667 0.09333333333333334
0 0.41 0.7925 0.04666666666666667 0.08333333333333333
0 0.6511111111111111 0.8241666666666667 0.07777777777777778 0.095
0 0.46444444444444444 0.83 0.057777777777777775 0.09666666666666666
0 0.5211111111111111 0.8575 0.057777777777777775 0.09166666666666666
0 0.7411111111111112 0.8691666666666666 0.1 0.105
0 0.5788888888888889 0.8966666666666666 0.05333333333333334 0.105
0 0.6455555555555555 0.9325 0.07777777777777778 0.11166666666666666
0 0.7344444444444445 0.9616666666666667 0.09555555555555556 0.07
0 0.8555555555555555 0.13416666666666666 0.08888888888888889 0.18666666666666668