0 0.11916666666666667 0.22444444444444445 0.04833333333333333 0.07555555555555556
0 0.39166666666666666 0.2311111111111111 0.035 0.06444444444444444
0 0.16833333333333333 0.23222222222222222 0.04833333333333333 0.07111111111111111
0 0.355 0.23222222222222222 0.03833333333333333 0.06444444444444444
0 0.7208333333333333 0.23333333333333334 0.12166666666666667 0.21333333333333335
0 0.31416666666666665 0.23444444444444446 0.04 0.06222222222222222
0 0.4275 0.2388888888888889 0.03333333333333333 0.06444444444444444
0 0.6425 0.24 0.023333333333333334 0.04888888888888889
0 0.21666666666666667 0.24333333333333335 0.045 0.08
0 0.9808333333333333 0.02666666666666667 0.035 0.05333333333333334
0 0.46166666666666667 0.24888888888888888 0.03666666666666667 0.057777777777777775
0 0.2608333333333333 0.25333333333333335 0.045 0.08
0 0.5283333333333333 0.25555555555555554 0.03666666666666667 0.035555555555555556
0 0.9841666666666666 0.2588888888888889 0.028333333333333332 0.09111111111111111
0 0.495 0.2611111111111111 0.03 0.057777777777777775
0 0.22166666666666668 0.028888888888888888 0.043333333333333335 0.057777777777777775
0 0.02 0.27111111111111114 0.04 0.08666666666666667
0 0.9441666666666667 0.2777777777777778 0.05 0.08222222222222222
0 0.8233333333333334 0.28 0.1 0.2088888888888889
0 0.3125 0.2833333333333333 0.03833333333333333 0.04666666666666667
0 0.3541666666666667 0.2877777777777778 0.04 0.04888888888888889
0 0.8525 0.03 0.03666666666666667 0.057777777777777775
0 0.07083333333333333 0.2911111111111111 0.058333333333333334 0.07777777777777778
0 0.3933333333333333 0.29444444444444445 0.03166666666666667 0.06222222222222222
0 0.4266666666666667 0.29555555555555557 0.03333333333333333 0.06222222222222222
0 0.8966666666666666 0.29777777777777775 0.043333333333333335 0.08222222222222222
0 0.12416666666666666 0.3 0.05333333333333334 0.08
0 0.4608333333333333 0.30666666666666664 0.03 0.05333333333333334
0 0.17333333333333334 0.30777777777777776 0.04666666666666667 0.08222222222222222
0 0.225 0.31666666666666665 0.05 0.07777777777777778
0 0.5891666666666666 0.32 0.085 0.17333333333333334
0 0.2725 0.32555555555555554 0.045 0.08222222222222222
0 0.9841666666666666 0.33 0.028333333333333332 0.06
0 0.2675 0.034444444444444444 0.04 0.06888888888888889
0 0.94 0.035555555555555556 0.05 0.06222222222222222
0 0.31666666666666665 0.3411111111111111 0.043333333333333335 0.06666666666666667
0 0.355 0.3422222222222222 0.03333333333333333 0.06444444444444444
0 0.39416666666666667 0.3422222222222222 0.041666666666666664 0.04
0 0.5308333333333334 0.3488888888888889 0.045 0.14666666666666667
0 0.9458333333333333 0.35 0.04666666666666667 0.05555555555555555
0 0.020833333333333332 0.35444444444444445 0.041666666666666664 0.08
0 0.32166666666666666 0.03777777777777778 0.045 0.07555555555555556
0 0.49083333333333334 0.3622222222222222 0.03666666666666667 0.13111111111111112
0 0.9008333333333334 0.36444444444444446 0.043333333333333335 0.04666666666666667
0 0.0675 0.36666666666666664 0.055 0.08444444444444445
0 0.12 0.37444444444444447 0.055 0.07777777777777778
0 0.36 0.03888888888888889 0.03833333333333333 0.07111111111111111
0 0.46 0.3811111111111111 0.021666666666666667 0.11555555555555555
0 0.1725 0.3811111111111111 0.04666666666666667 0.07333333333333333
0 0.22583333333333333 0.38555555555555554 0.05 0.05555555555555555
0 0.26916666666666667 0.39444444444444443 0.04 0.06
0 0.43666666666666665 0.39555555555555555 0.028333333333333332 0.10666666666666667
0 0.4091666666666667 0.40555555555555556 0.028333333333333332 0.1
0 0.3516666666666667 0.4066666666666667 0.03166666666666667 0.07555555555555556
0 0.31333333333333335 0.4088888888888889 0.041666666666666664 0.06222222222222222
0 0.38083333333333336 0.4177777777777778 0.028333333333333332 0.1
0 0.025833333333333333 0.042222222222222223 0.04666666666666667 0.08222222222222222
0 0.4 0.044444444444444446 0.03666666666666667 0.07111111111111111
0 0.72 0.4577777777777778 0.115 0.20666666666666667
0 0.6341666666666667 0.4622222222222222 0.065 0.2088888888888889
0 0.825 0.47444444444444445 0.10333333333333333 0.19555555555555557
0 0.0475 0.48444444444444446 0.035 0.06666666666666667
0 0.085 0.4855555555555556 0.045 0.06444444444444444
0 0.075 0.05 0.05 0.09111111111111111
0 0.8175 0.05 0.03333333333333333 0.06
0 0.57 0.4888888888888889 0.06166666666666667 0.16666666666666666
0 0.16666666666666666 0.4955555555555556 0.041666666666666664 0.06
0 0.1275 0.4955555555555556 0.03833333333333333 0.06222222222222222
0 0.525 0.5 0.04 0.15333333333333332
0 0.20833333333333334 0.5 0.03833333333333333 0.051111111111111114
0 0.485 0.5022222222222222 0.03666666666666667 0.14222222222222222
0 0.245 0.5033333333333333 0.03666666666666667 0.05555555555555555
0 0.4533333333333333 0.5066666666666667 0.021666666666666667 0.12222222222222222
0 0.2816666666666667 0.5088888888888888 0.035 0.051111111111111114
0 0.43083333333333335 0.5111111111111111 0.023333333333333334 0.11555555555555555
0 0.31583333333333335 0.5111111111111111 0.03333333333333333 0.04888888888888889
0 0.3475 0.5122222222222222 0.028333333333333332 0.04666666666666667
0 0.4033333333333333 0.5188888888888888 0.03 0.1111111111111111
0 0.3775 0.52 0.023333333333333334 0.09777777777777778
0 0.1675 0.5477777777777778 0.04 0.04
0 0.08666666666666667 0.5477777777777778 0.04 0.05555555555555555
0 0.1275 0.55 0.041666666666666664 0.04666666666666667
0 0.2075 0.5511111111111111 0.03666666666666667 0.044444444444444446
0 0.24333333333333335 0.5544444444444444 0.035 0.042222222222222223
0 0.315 0.5555555555555556 0.03166666666666667 0.044444444444444446
0 0.43333333333333335 0.056666666666666664 0.03666666666666667 0.06888888888888889
0 0.2783333333333333 0.5555555555555556 0.03666666666666667 0.03777777777777778
0 0.345 0.56 0.02666666666666667 0.04666666666666667
0 0.3675 0.6255555555555555 0.02666666666666667 0.10888888888888888
0 0.3983333333333333 0.6311111111111111 0.03 0.1111111111111111
0 0.4216666666666667 0.6355555555555555 0.018333333333333333 0.12666666666666668
0 0.445 0.6411111111111111 0.023333333333333334 0.13555555555555557
0 0.4791666666666667 0.6455555555555555 0.041666666666666664 0.13333333333333333
0 0.5191666666666667 0.6577777777777778 0.041666666666666664 0.1622222222222222
0 0.8933333333333333 0.06777777777777778 0.045 0.06444444444444444
0 0.565 0.6677777777777778 0.05333333333333334 0.17555555555555555
0 0.8325 0.6755555555555556 0.10666666666666667 0.20222222222222222
0 0.6241666666666666 0.6766666666666666 0.06166666666666667 0.20666666666666667
0 0.7191666666666666 0.6855555555555556 0.12666666666666668 0.2311111111111111
0 0.4675 0.07 0.03666666666666667 0.06888888888888889
0 0.12583333333333332 0.07111111111111111 0.04666666666666667 0.08666666666666667
0 0.175 0.07888888888888888 0.045 0.07777777777777778
0 0.5008333333333334 0.08666666666666667 0.03166666666666667 0.06666666666666667
0 0.9808333333333333 0.08888888888888889 0.035 0.07555555555555556
0 0.52 0.8688888888888889 0.06333333333333334 0.19111111111111112
0 0.5783333333333334 0.9022222222222223 0.07 0.18888888888888888
0 0.22166666666666668 0.09333333333333334 0.045 0.07555555555555556
0 0.645 0.92 0.06666666666666667 0.15777777777777777
0 0.8383333333333334 0.9255555555555556 0.07666666666666666 0.13555555555555557
0 0.855 0.09555555555555556 0.03833333333333333 0.06666666666666667
0 0.7341666666666666 0.9344444444444444 0.11166666666666666 0.12666666666666668
0 0.7558333333333334 0.09666666666666666 0.03166666666666667 0.06222222222222222
0 0.5316666666666666 0.1 0.028333333333333332 0.06888888888888889
0 0.31666666666666665 0.10444444444444445 0.041666666666666664 0.07555555555555556
0 0.3566666666666667 0.10666666666666667 0.041666666666666664 0.06666666666666667
0 0.5591666666666667 0.10666666666666667 0.03 0.06888888888888889
0 0.2625 0.10777777777777778 0.04 0.07555555555555556
0 0.9416666666666667 0.1111111111111111 0.051666666666666666 0.08
0 0.3975 0.11444444444444445 0.03833333333333333 0.06888888888888889
0 0.8166666666666667 0.11555555555555555 0.03833333333333333 0.06222222222222222
0 0.5883333333333334 0.12 0.02666666666666667 0.06222222222222222
0 0.43166666666666664 0.12222222222222222 0.03333333333333333 0.06222222222222222
0 0.023333333333333334 0.12333333333333334 0.045 0.08666666666666667
0 0.6125 0.13 0.028333333333333332 0.057777777777777775
0 0.465 0.13333333333333333 0.035 0.06666666666666667
0 0.07166666666666667 0.13333333333333333 0.05 0.08666666666666667
0 0.8958333333333334 0.1388888888888889 0.043333333333333335 0.07777777777777778
0 0.6416666666666667 0.1388888888888889 0.03 0.05333333333333334
0 0.49833333333333335 0.14444444444444443 0.035 0.06222222222222222
0 0.1225 0.15 0.04833333333333333 0.08
0 0.5291666666666667 0.15444444444444444 0.03333333333333333 0.06222222222222222
0 0.12833333333333333 0.016666666666666666 0.05 0.03333333333333333
0 0.8958333333333334 0.016666666666666666 0.041666666666666664 0.03333333333333333
0 0.17 0.15666666666666668 0.05333333333333334 0.08
0 0.8575 0.15777777777777777 0.03833333333333333 0.06
0 0.9816666666666667 0.16555555555555557 0.03333333333333333 0.09111111111111111
0 0.56 0.16444444444444445 0.02666666666666667 0.057777777777777775
0 0.31583333333333335 0.16777777777777778 0.045 0.07333333333333333
0 0.21833333333333332 0.1688888888888889 0.045 0.07555555555555556
0 0.35833333333333334 0.1711111111111111 0.03833333333333333 0.06444444444444444
0 0.3958333333333333 0.17555555555555555 0.03666666666666667 0.06666666666666667
0 0.42833333333333334 0.17777777777777778 0.03333333333333333 0.06222222222222222
0 0.26166666666666666 0.17777777777777778 0.043333333333333335 0.07555555555555556
0 0.5866666666666667 0.1811111111111111 0.023333333333333334 0.057777777777777775
0 0.6116666666666667 0.18666666666666668 0.03 0.05333333333333334
0 0.64 0.19111111111111112 0.03 0.04888888888888889
0 0.4633333333333333 0.1922222222222222 0.04 0.06222222222222222
0 0.02 0.19333333333333333 0.04 0.06444444444444444
0 0.9441666666666667 0.19666666666666666 0.04833333333333333 0.08
0 0.17583333333333334 0.022222222222222223 0.043333333333333335 0.044444444444444446
0 0.4975 0.20222222222222222 0.03 0.06222222222222222
0 0.5283333333333333 0.2088888888888889 0.03 0.057777777777777775
0 0.0675 0.21333333333333335 0.05333333333333334 0.08
0 0.5591666666666667 0.21666666666666667 0.03166666666666667 0.051111111111111114
0 0.8966666666666666 0.21777777777777776 0.045 0.07333333333333333