0 0.9488888888888889 0.215 0.1 0.20833333333333334
0 0.7977777777777778 0.225 0.17777777777777778 0.21666666666666667
0 0.6266666666666667 0.2425 0.16 0.18166666666666667
0 0.4855555555555556 0.25666666666666665 0.12222222222222222 0.16333333333333333
0 0.3622222222222222 0.2658333333333333 0.11555555555555555 0.15333333333333332
0 0.16333333333333333 0.2808333333333333 0.08444444444444445 0.14
0 0.2588888888888889 0.2825 0.09777777777777778 0.14166666666666666
0 0.25104444444444446 0.031950000000000006 0.09199999999999998 0.06388333333333333
0 0.16333333333333333 0.04 0.08444444444444445 0.06833333333333333
0 0.36444444444444446 0.4175 0.09777777777777778 0.14666666666666667
0 0.2644444444444444 0.4191666666666667 0.09333333333333334 0.13666666666666666
0 0.48333333333333334 0.42333333333333334 0.11555555555555555 0.17
0 0.6233333333333333 0.42333333333333334 0.15555555555555556 0.17833333333333334
0 0.17555555555555555 0.4241666666666667 0.08666666666666667 0.14
0 0.7877777777777778 0.43083333333333335 0.17777777777777778 0.18666666666666668
0 0.9422222222222222 0.4325 0.1111111111111111 0.22
0 0.9580666666666666 0.05416666666666667 0.08384444444444449 0.10833333333333334
0 0.17666666666666667 0.5483333333333333 0.08 0.11
0 0.2611111111111111 0.5566666666666666 0.09555555555555556 0.13
0 0.36444444444444446 0.5675 0.1 0.15333333333333332
0 0.47555555555555556 0.5808333333333333 0.1111111111111111 0.165
0 0.8133333333333334 0.058333333333333334 0.18 0.115
0 0.61 0.6 0.14666666666666667 0.17
0 0.7766666666666666 0.6216666666666667 0.17777777777777778 0.19333333333333333
0 0.9333333333333333 0.6391666666666667 0.13111111111111112 0.20333333333333334
0 0.17666666666666667 0.6758333333333333 0.07333333333333333 0.12166666666666667
0 0.2577777777777778 0.685 0.08222222222222222 0.14333333333333334
0 0.35444444444444445 0.7141666666666666 0.10444444444444445 0.14333333333333334
0 0.4688888888888889 0.7375 0.1111111111111111 0.155
0 0.6 0.7725 0.13333333333333333 0.15666666666666668
0 0.6266666666666667 0.08 0.15777777777777777 0.16
0 0.76 0.8083333333333333 0.16444444444444445 0.185
0 0.9211111111111111 0.8466666666666667 0.1511111111111111 0.19333333333333333
0 0.4811111111111111 0.08666666666666667 0.1288888888888889 0.16833333333333333
0 0.35777777777777775 0.11416666666666667 0.12 0.155
0 0.25555555555555554 0.13833333333333334 0.09555555555555556 0.14
0 0.16333333333333333 0.14416666666666667 0.08666666666666667 0.14