0 0.4477777777777778 0.2891666666666667 0.03333333333333333 0.03833333333333333
0 0.4822222222222222 0.2916666666666667 0.03111111111111111 0.03333333333333333
0 0.5166666666666667 0.29833333333333334 0.028888888888888888 0.035
0 0.5477777777777778 0.3016666666666667 0.028888888888888888 0.035
0 0.8477777777777777 0.3025 0.03333333333333333 0.02666666666666667
0 0.8766666666666667 0.30333333333333334 0.022222222222222223 0.028333333333333332
0 0.8977777777777778 0.30666666666666664 0.022222222222222223 0.028333333333333332
0 0.5766666666666667 0.30666666666666664 0.024444444444444446 0.03333333333333333
0 0.6088888888888889 0.31 0.024444444444444446 0.035
0 0.6344444444444445 0.3125 0.02666666666666667 0.03166666666666667
0 0.3622222222222222 0.31416666666666665 0.03333333333333333 0.03166666666666667
0 0.3988888888888889 0.31583333333333335 0.03333333333333333 0.03833333333333333
0 0.6622222222222223 0.31666666666666665 0.028888888888888888 0.03
0 0.6922222222222222 0.3175 0.024444444444444446 0.03166666666666667
0 0.43444444444444447 0.3233333333333333 0.03111111111111111 0.035
0 0.72 0.3233333333333333 0.02666666666666667 0.028333333333333332
0 0.7477777777777778 0.32666666666666666 0.028888888888888888 0.028333333333333332
0 0.8488888888888889 0.3283333333333333 0.035555555555555556 0.025
0 0.4666666666666667 0.32916666666666666 0.03111111111111111 0.03666666666666667
0 0.8777777777777778 0.33 0.022222222222222223 0.025
0 0.5 0.33166666666666667 0.028888888888888888 0.03333333333333333
0 0.9011111111111111 0.335 0.022222222222222223 0.025
0 0.5344444444444445 0.3358333333333333 0.028888888888888888 0.03
0 0.5655555555555556 0.3383333333333333 0.024444444444444446 0.03
0 0.5955555555555555 0.3416666666666667 0.02666666666666667 0.028333333333333332
0 0.6233333333333333 0.3425 0.02666666666666667 0.02666666666666667
0 0.8677777777777778 0.345 0.0022222222222222222 0.0016666666666666668
0 0.6533333333333333 0.3466666666666667 0.024444444444444446 0.028333333333333332
0 0.35888888888888887 0.35 0.03333333333333333 0.041666666666666664
0 0.6844444444444444 0.3525 0.02666666666666667 0.03166666666666667
0 0.8522222222222222 0.35333333333333333 0.03111111111111111 0.025
0 0.71 0.355 0.022222222222222223 0.03333333333333333
0 0.8811111111111111 0.355 0.02 0.025
0 0.39666666666666667 0.3575 0.03333333333333333 0.041666666666666664
0 0.7355555555555555 0.35833333333333334 0.024444444444444446 0.03
0 0.7611111111111111 0.3591666666666667 0.022222222222222223 0.028333333333333332
0 0.4311111111111111 0.3625 0.028888888888888888 0.03833333333333333
0 0.9033333333333333 0.3641666666666667 0.022222222222222223 0.03333333333333333
0 0.4666666666666667 0.365 0.03111111111111111 0.03666666666666667
0 0.5011111111111111 0.3675 0.03111111111111111 0.035
0 0.5333333333333333 0.36916666666666664 0.02666666666666667 0.04
0 0.5655555555555556 0.3725 0.03111111111111111 0.03666666666666667
0 0.5955555555555555 0.37416666666666665 0.022222222222222223 0.03333333333333333
0 0.7888888888888889 0.37833333333333335 0.022222222222222223 0.023333333333333334
0 0.8388888888888889 0.37916666666666665 0.022222222222222223 0.02666666666666667
0 0.8144444444444444 0.38 0.02666666666666667 0.028333333333333332
0 0.8622222222222222 0.38083333333333336 0.02 0.025
0 0.8822222222222222 0.38083333333333336 0.022222222222222223 0.028333333333333332
0 0.35888888888888887 0.3908333333333333 0.03333333333333333 0.035
0 0.9077777777777778 0.3958333333333333 0.024444444444444446 0.03333333333333333
0 0.39555555555555555 0.3983333333333333 0.03111111111111111 0.03666666666666667
0 0.4988888888888889 0.4 0.028888888888888888 0.023333333333333334
0 0.4311111111111111 0.4008333333333333 0.035555555555555556 0.035
0 0.5344444444444445 0.4008333333333333 0.03111111111111111 0.021666666666666667
0 0.5688888888888889 0.40166666666666667 0.028888888888888888 0.021666666666666667
0 0.4666666666666667 0.4033333333333333 0.03111111111111111 0.03666666666666667
0 0.8611111111111112 0.4066666666666667 0.024444444444444446 0.02666666666666667
0 0.8855555555555555 0.4075 0.022222222222222223 0.02666666666666667
0 0.43222222222222223 0.43833333333333335 0.03111111111111111 0.03333333333333333
0 0.46555555555555556 0.43916666666666665 0.028888888888888888 0.03
0 0.46444444444444444 0.4741666666666667 0.02666666666666667 0.03333333333333333
0 0.43333333333333335 0.475 0.03111111111111111 0.03333333333333333
0 0.36333333333333334 0.47583333333333333 0.03777777777777778 0.035
0 0.4 0.4775 0.03333333333333333 0.025