0 0.8183333333333334 0.22777777777777777 0.08166666666666667 0.07555555555555556
0 0.4825 0.23555555555555555 0.08 0.11777777777777777
0 0.7133333333333334 0.25222222222222224 0.06166666666666667 0.04888888888888889
0 0.6341666666666667 0.2611111111111111 0.08666666666666667 0.11777777777777777
0 0.4075 0.26666666666666666 0.06333333333333334 0.10888888888888888
0 0.9141666666666667 0.2688888888888889 0.09166666666666666 0.13333333333333333
0 0.3375 0.28 0.075 0.11777777777777777
0 0.5533333333333333 0.30777777777777776 0.07166666666666667 0.1111111111111111
0 0.27416666666666667 0.31 0.065 0.10888888888888888
0 0.8125 0.3233333333333333 0.09833333333333333 0.11555555555555555
0 0.21833333333333332 0.33444444444444443 0.06666666666666667 0.10888888888888888
0 0.7141666666666666 0.34 0.09666666666666666 0.11777777777777777
0 0.4666666666666667 0.3433333333333333 0.08333333333333333 0.11555555555555555
0 0.05416666666666667 0.3566666666666667 0.06833333333333333 0.12
0 0.3883333333333333 0.37777777777777777 0.065 0.11333333333333333
0 0.6225 0.38333333333333336 0.08 0.11777777777777777
0 0.315 0.39111111111111113 0.07166666666666667 0.11777777777777777
0 0.245 0.4088888888888889 0.08 0.08666666666666667
0 0.5441666666666667 0.4111111111111111 0.075 0.09555555555555556
0 0.12083333333333333 0.41333333333333333 0.06666666666666667 0.10222222222222223
0 0.185 0.4388888888888889 0.06666666666666667 0.09555555555555556
0 0.4525 0.44222222222222224 0.08333333333333333 0.08888888888888889
0 0.034166666666666665 0.46444444444444444 0.065 0.13777777777777778
0 0.3725 0.47444444444444445 0.07333333333333333 0.09777777777777778
0 0.8833333333333333 0.47888888888888886 0.12166666666666667 0.1688888888888889
0 0.3 0.4911111111111111 0.07833333333333334 0.09555555555555556
0 0.085 0.5155555555555555 0.07666666666666666 0.11555555555555555
0 0.22916666666666666 0.5155555555555555 0.075 0.1
0 0.16083333333333333 0.5311111111111111 0.075 0.08666666666666667
0 0.016666666666666666 0.5777777777777777 0.03333333333333333 0.15333333333333332
0 0.9741666666666666 0.61 0.04833333333333333 0.17555555555555555
0 0.058333333333333334 0.6255555555555555 0.08 0.13555555555555557
0 0.8958333333333334 0.6455555555555555 0.125 0.16
0 0.775 0.65 0.11666666666666667 0.16
0 0.6341666666666667 0.6766666666666666 0.08 0.1711111111111111
0 0.5458333333333333 0.6988888888888889 0.09166666666666666 0.15777777777777777
0 0.4483333333333333 0.7288888888888889 0.1 0.1688888888888889
0 0.3641666666666667 0.7366666666666667 0.08833333333333333 0.15555555555555556
0 0.03166666666666667 0.7455555555555555 0.055 0.13555555555555557
0 0.2783333333333333 0.76 0.08666666666666667 0.15555555555555556
0 0.16833333333333333 0.7844444444444445 0.06666666666666667 0.14
0 0.9725 0.12333333333333334 0.05333333333333334 0.16444444444444445
0 0.6441666666666667 0.15 0.08333333333333333 0.10888888888888888
0 0.9008333333333334 0.1711111111111111 0.09 0.06222222222222222
0 0.5633333333333334 0.19777777777777777 0.065 0.1