0 0.5833333333333334 0.175 0.06 0.05333333333333334
0 0.6455555555555555 0.18333333333333332 0.06888888888888889 0.06333333333333334
0 0.43222222222222223 0.024166666666666666 0.06666666666666667 0.04833333333333333
0 0.29 0.24666666666666667 0.06 0.09833333333333333
0 0.022222222222222223 0.27416666666666667 0.044444444444444446 0.09666666666666666
0 0.6 0.295 0.09111111111111111 0.08
0 0.5233333333333333 0.29583333333333334 0.06666666666666667 0.07833333333333334
0 0.07222222222222222 0.30833333333333335 0.07111111111111111 0.08666666666666667
0 0.5011111111111111 0.03166666666666667 0.06444444444444444 0.056666666666666664
0 0.3711111111111111 0.0325 0.051111111111111114 0.065
0 0.8322222222222222 0.3258333333333333 0.051111111111111114 0.06
0 0.8755555555555555 0.3308333333333333 0.03777777777777778 0.05333333333333334
0 0.9177777777777778 0.335 0.04888888888888889 0.056666666666666664
0 0.96 0.33916666666666667 0.042222222222222223 0.051666666666666666
0 0.29444444444444445 0.34 0.04888888888888889 0.085
0 0.37555555555555553 0.3466666666666667 0.10222222222222223 0.07666666666666666
0 0.46444444444444444 0.3625 0.07111111111111111 0.08666666666666667
0 0.024444444444444446 0.36833333333333335 0.04888888888888889 0.08166666666666667
0 0.6055555555555555 0.37083333333333335 0.08 0.07166666666666667
0 0.5344444444444445 0.37166666666666665 0.06666666666666667 0.07333333333333333
0 0.6777777777777778 0.37166666666666665 0.06666666666666667 0.07666666666666666
0 0.08 0.38333333333333336 0.06888888888888889 0.058333333333333334
0 0.022222222222222223 0.03833333333333333 0.03777777777777778 0.07333333333333333
0 0.84 0.3875 0.035555555555555556 0.06
0 0.8766666666666667 0.395 0.042222222222222223 0.06333333333333334
0 0.9233333333333333 0.39666666666666667 0.044444444444444446 0.06
0 0.97 0.4025 0.044444444444444446 0.055
0 0.5666666666666667 0.0425 0.06222222222222222 0.07166666666666667
0 0.34444444444444444 0.43 0.09333333333333334 0.10666666666666667
0 0.41333333333333333 0.43166666666666664 0.044444444444444446 0.09333333333333334
0 0.47444444444444445 0.44666666666666666 0.06222222222222222 0.08
0 0.6166666666666667 0.4475 0.07555555555555556 0.08333333333333333
0 0.6344444444444445 0.045 0.06 0.06333333333333334
0 0.54 0.4508333333333333 0.06888888888888889 0.08
0 0.6933333333333334 0.45416666666666666 0.06666666666666667 0.08
0 0.09555555555555556 0.0475 0.10444444444444445 0.095
0 0.8655555555555555 0.48833333333333334 0.03111111111111111 0.043333333333333335
0 0.9277777777777778 0.4891666666666667 0.03333333333333333 0.03666666666666667
0 0.8955555555555555 0.49 0.03111111111111111 0.04
0 0.03888888888888889 0.5125 0.07777777777777778 0.10833333333333334
0 0.1322222222222222 0.5125 0.1111111111111111 0.09833333333333333
0 0.8755555555555555 0.5283333333333333 0.02666666666666667 0.03666666666666667
0 0.9044444444444445 0.5291666666666667 0.02666666666666667 0.035
0 0.1322222222222222 0.6133333333333333 0.10666666666666667 0.09666666666666666
0 0.6888888888888889 0.6141666666666666 0.06888888888888889 0.058333333333333334
0 0.2722222222222222 0.0625 0.035555555555555556 0.055
0 0.043333333333333335 0.6225 0.08666666666666667 0.1
0 0.55 0.625 0.06444444444444444 0.06333333333333334
0 0.48 0.6316666666666667 0.08888888888888889 0.06833333333333333
0 0.32555555555555554 0.06333333333333334 0.06444444444444444 0.06833333333333333
0 0.37333333333333335 0.6466666666666666 0.06888888888888889 0.09333333333333334
0 0.7033333333333334 0.6875 0.06 0.08
0 0.6355555555555555 0.6908333333333333 0.07777777777777778 0.08333333333333333
0 0.5644444444444444 0.7033333333333334 0.06 0.09666666666666666
0 0.13555555555555557 0.7166666666666667 0.10666666666666667 0.09833333333333333
0 0.4922222222222222 0.7175 0.07555555555555556 0.09833333333333333
0 0.043333333333333335 0.7258333333333333 0.08666666666666667 0.09833333333333333
0 0.4222222222222222 0.7466666666666667 0.09777777777777778 0.09333333333333334
0 0.3233333333333333 0.755 0.07777777777777778 0.105
0 0.7111111111111111 0.7716666666666666 0.06 0.08333333333333333
0 0.65 0.7825 0.09111111111111111 0.08333333333333333
0 0.5677777777777778 0.7983333333333333 0.07111111111111111 0.085
0 0.5033333333333333 0.8158333333333333 0.07111111111111111 0.095
0 0.44 0.08416666666666667 0.07555555555555556 0.07333333333333333
0 0.42333333333333334 0.8425 0.09555555555555556 0.09666666666666666
0 0.3333333333333333 0.8583333333333333 0.08 0.09833333333333333
0 0.6655555555555556 0.8708333333333333 0.09333333333333334 0.09
0 0.5788888888888889 0.8833333333333333 0.07555555555555556 0.07333333333333333
0 0.07111111111111111 0.8925 0.08888888888888889 0.09666666666666666
0 0.5188888888888888 0.9141666666666667 0.07111111111111111 0.10166666666666667
0 0.14888888888888888 0.925 0.07555555555555556 0.085
0 0.4311111111111111 0.9425 0.10444444444444445 0.1
0 0.37666666666666665 0.095 0.03333333333333333 0.055
0 0.33555555555555555 0.955 0.08888888888888889 0.08666666666666667
0 0.06333333333333334 0.9716666666666667 0.10444444444444445 0.05333333333333334
0 0.5122222222222222 0.1 0.05555555555555555 0.07666666666666666
0 0.5788888888888889 0.11166666666666666 0.06888888888888889 0.06666666666666667
0 0.2733333333333333 0.11416666666666667 0.042222222222222223 0.045
0 0.64 0.12083333333333333 0.06444444444444444 0.065
0 0.32666666666666666 0.125 0.06666666666666667 0.055
0 0.3844444444444444 0.14416666666666667 0.03333333333333333 0.04
0 0.4444444444444444 0.15 0.07333333333333333 0.055
0 0.5166666666666667 0.15916666666666668 0.06 0.04833333333333333