0 0.43333333333333335 0.16666666666666666 0.03333333333333333 0.06166666666666667
0 0.5622222222222222 0.1875 0.051111111111111114 0.07833333333333334
0 0.7744444444444445 0.20083333333333334 0.09555555555555556 0.08
0 0.5166666666666667 0.20416666666666666 0.03777777777777778 0.07833333333333334
0 0.3233333333333333 0.215 0.03777777777777778 0.05
0 0.47333333333333333 0.21666666666666667 0.042222222222222223 0.07
0 0.6833333333333333 0.21833333333333332 0.07555555555555556 0.075
0 0.29555555555555557 0.22166666666666668 0.02666666666666667 0.04
0 0.43333333333333335 0.22583333333333333 0.028888888888888888 0.05333333333333334
0 0.2733333333333333 0.22833333333333333 0.02666666666666667 0.04
0 0.24888888888888888 0.23916666666666667 0.022222222222222223 0.03666666666666667
0 0.6211111111111111 0.24083333333333334 0.044444444444444446 0.056666666666666664
0 0.2311111111111111 0.24833333333333332 0.022222222222222223 0.04
0 0.21222222222222223 0.2525 0.017777777777777778 0.03333333333333333
0 0.5655555555555556 0.25583333333333336 0.051111111111111114 0.06333333333333334
0 0.32555555555555554 0.2608333333333333 0.03777777777777778 0.051666666666666666
0 0.29777777777777775 0.26666666666666666 0.028888888888888888 0.05333333333333334
0 0.5122222222222222 0.27 0.042222222222222223 0.055
0 0.2733333333333333 0.27416666666666667 0.02666666666666667 0.051666666666666666
0 0.47444444444444445 0.28 0.04888888888888889 0.06166666666666667
0 0.24888888888888888 0.2816666666666667 0.024444444444444446 0.04833333333333333
0 0.43222222222222223 0.28583333333333333 0.03777777777777778 0.058333333333333334
0 0.2311111111111111 0.2875 0.024444444444444446 0.043333333333333335
0 0.21 0.29 0.024444444444444446 0.04
0 0.32555555555555554 0.31083333333333335 0.03777777777777778 0.04833333333333333
0 0.7788888888888889 0.03166666666666667 0.09555555555555556 0.06
0 0.29555555555555557 0.31833333333333336 0.024444444444444446 0.04833333333333333
0 0.27111111111111114 0.3233333333333333 0.028888888888888888 0.04666666666666667
0 0.2511111111111111 0.33 0.022222222222222223 0.04833333333333333
0 0.2311111111111111 0.3308333333333333 0.02 0.04833333333333333
0 0.2111111111111111 0.335 0.022222222222222223 0.045
0 0.24888888888888888 0.4225 0.03111111111111111 0.03166666666666667
0 0.19666666666666666 0.43 0.035555555555555556 0.04
0 0.2922222222222222 0.45666666666666667 0.02 0.05
0 0.31333333333333335 0.4575 0.022222222222222223 0.05
0 0.2733333333333333 0.4583333333333333 0.02 0.04833333333333333
0 0.23666666666666666 0.4633333333333333 0.017777777777777778 0.043333333333333335
0 0.22 0.46416666666666667 0.017777777777777778 0.045
0 0.2544444444444444 0.465 0.02 0.045
0 0.4633333333333333 0.4658333333333333 0.02666666666666667 0.075
0 0.3711111111111111 0.4675 0.03111111111111111 0.06333333333333334
0 0.43 0.4675 0.035555555555555556 0.07
0 0.4 0.4683333333333333 0.028888888888888888 0.06666666666666667
0 0.20555555555555555 0.4691666666666667 0.015555555555555555 0.03833333333333333
0 0.4988888888888889 0.47 0.03777777777777778 0.08333333333333333
0 0.5444444444444444 0.4716666666666667 0.04888888888888889 0.08666666666666667
0 0.5944444444444444 0.4716666666666667 0.04888888888888889 0.08666666666666667
0 0.7944444444444444 0.4716666666666667 0.06222222222222222 0.105
0 0.7222222222222222 0.4741666666666667 0.08222222222222222 0.11
0 0.6544444444444445 0.475 0.06 0.1
0 0.6966666666666667 0.049166666666666664 0.07777777777777778 0.09
0 0.2722222222222222 0.5116666666666667 0.017777777777777778 0.051666666666666666
0 0.29 0.5116666666666667 0.02 0.05333333333333334
0 0.2222222222222222 0.5125 0.017777777777777778 0.03833333333333333
0 0.23777777777777778 0.5133333333333333 0.017777777777777778 0.04
0 0.31222222222222223 0.5141666666666667 0.02666666666666667 0.05333333333333334
0 0.2544444444444444 0.515 0.02 0.04
0 0.3988888888888889 0.53 0.03333333333333333 0.07166666666666667
0 0.37 0.5316666666666666 0.03111111111111111 0.06666666666666667
0 0.42777777777777776 0.535 0.03777777777777778 0.06666666666666667
0 0.46111111111111114 0.5391666666666667 0.028888888888888888 0.07
0 0.5 0.5483333333333333 0.04 0.075
0 0.5422222222222223 0.5541666666666667 0.044444444444444446 0.075
0 0.5955555555555555 0.5558333333333333 0.051111111111111114 0.08833333333333333
0 0.22333333333333333 0.5616666666666666 0.013333333333333334 0.03
0 0.23444444444444446 0.5641666666666667 0.015555555555555555 0.035
0 0.25 0.5658333333333333 0.02 0.03666666666666667
0 0.2688888888888889 0.5666666666666667 0.017777777777777778 0.04666666666666667
0 0.28888888888888886 0.5708333333333333 0.022222222222222223 0.04666666666666667
0 0.31 0.575 0.02 0.04666666666666667
0 0.65 0.575 0.057777777777777775 0.095
0 0.7188888888888889 0.5775 0.07111111111111111 0.1
0 0.7866666666666666 0.585 0.06666666666666667 0.10333333333333333
0 0.3655555555555556 0.5916666666666667 0.035555555555555556 0.058333333333333334
0 0.39555555555555555 0.5991666666666666 0.035555555555555556 0.06166666666666667
0 0.42444444444444446 0.6008333333333333 0.042222222222222223 0.07
0 0.46 0.6125 0.028888888888888888 0.07166666666666667
0 0.4955555555555556 0.6225 0.035555555555555556 0.06833333333333333
0 0.54 0.6308333333333334 0.04666666666666667 0.08
0 0.59 0.6475 0.05555555555555555 0.08166666666666667
0 0.65 0.6633333333333333 0.057777777777777775 0.095
0 0.7133333333333334 0.6775 0.07111111111111111 0.09833333333333333
0 0.7811111111111111 0.6933333333333334 0.07111111111111111 0.11
0 0.3611111111111111 0.7216666666666667 0.04 0.06
0 0.3888888888888889 0.7383333333333333 0.03111111111111111 0.065
0 0.4211111111111111 0.7483333333333333 0.03777777777777778 0.06666666666666667
0 0.45222222222222225 0.76 0.04 0.06666666666666667
0 0.6266666666666667 0.0775 0.05555555555555555 0.08333333333333333
0 0.36 0.7825 0.035555555555555556 0.058333333333333334
0 0.4922222222222222 0.7833333333333333 0.044444444444444446 0.08166666666666667
0 0.38666666666666666 0.8016666666666666 0.03111111111111111 0.056666666666666664
0 0.5377777777777778 0.805 0.051111111111111114 0.09666666666666666
0 0.4166666666666667 0.815 0.03111111111111111 0.07
0 0.5855555555555556 0.8225 0.06222222222222222 0.08166666666666667
0 0.45222222222222225 0.8316666666666667 0.035555555555555556 0.06833333333333333
0 0.6433333333333333 0.8541666666666666 0.06 0.09666666666666666
0 0.4855555555555556 0.8583333333333333 0.04666666666666667 0.08166666666666667
0 0.7088888888888889 0.8816666666666667 0.07111111111111111 0.1
0 0.5322222222222223 0.89 0.04666666666666667 0.08166666666666667
0 0.5811111111111111 0.9141666666666667 0.057777777777777775 0.095
0 0.7722222222222223 0.9191666666666667 0.06444444444444444 0.10333333333333333
0 0.6344444444444445 0.9458333333333333 0.06444444444444444 0.085
0 0.7 0.9666666666666667 0.06666666666666667 0.06166666666666667
0 0.5666666666666667 0.10333333333333333 0.05333333333333334 0.08333333333333333
0 0.7777777777777778 0.10583333333333333 0.1 0.10166666666666667
0 0.5222222222222223 0.13083333333333333 0.042222222222222223 0.08166666666666667
0 0.6866666666666666 0.135 0.07111111111111111 0.09166666666666666
0 0.47333333333333333 0.15 0.042222222222222223 0.07166666666666667
0 0.6233333333333333 0.165 0.06222222222222222 0.09166666666666666