0 0.9555555555555556 0.11833333333333333 0.08444444444444445 0.19333333333333333
0 0.9422222222222222 0.285 0.1111111111111111 0.16833333333333333
0 0.9288888888888889 0.445 0.13777777777777778 0.16166666666666665
0 0.8633333333333333 0.14166666666666666 0.13777777777777778 0.165
0 0.8422222222222222 0.2916666666666667 0.13555555555555557 0.14833333333333334
0 0.8188888888888889 0.4375 0.13111111111111112 0.145
0 0.7544444444444445 0.16166666666666665 0.12444444444444444 0.15166666666666667
0 0.7366666666666667 0.2975 0.12222222222222222 0.13166666666666665
0 0.7177777777777777 0.42583333333333334 0.12 0.125
0 0.6488888888888888 0.17 0.12222222222222222 0.14666666666666667
0 0.6344444444444445 0.2991666666666667 0.12 0.13
0 0.62 0.4191666666666667 0.1111111111111111 0.12166666666666667
0 0.5522222222222222 0.1825 0.09777777777777778 0.13333333333333333
0 0.5388888888888889 0.3016666666666667 0.10222222222222223 0.12
0 0.5244444444444445 0.4125 0.1 0.10666666666666667
0 0.48 0.19 0.07777777777777778 0.11666666666666667
0 0.46444444444444444 0.3025 0.07777777777777778 0.11333333333333333
0 0.45222222222222225 0.4066666666666667 0.07555555555555556 0.105
0 0.41444444444444445 0.2 0.07555555555555556 0.10833333333333334
0 0.4033333333333333 0.3025 0.07111111111111111 0.105
0 0.39444444444444443 0.40166666666666667 0.06666666666666667 0.09833333333333333
0 0.34444444444444444 0.20166666666666666 0.08 0.10833333333333334
0 0.3377777777777778 0.30333333333333334 0.08222222222222222 0.1
0 0.33111111111111113 0.3975 0.07777777777777778 0.09166666666666666
0 0.28888888888888886 0.2125 0.04 0.10166666666666667
0 0.2822222222222222 0.30333333333333334 0.042222222222222223 0.09
0 0.27444444444444444 0.39166666666666666 0.042222222222222223 0.08666666666666667
0 0.25 0.21583333333333332 0.05333333333333334 0.09
0 0.24444444444444444 0.30333333333333334 0.051111111111111114 0.08666666666666667
0 0.23444444444444446 0.38916666666666666 0.044444444444444446 0.08333333333333333
0 0.20444444444444446 0.2225 0.042222222222222223 0.09
0 0.2 0.30666666666666664 0.044444444444444446 0.08333333333333333
0 0.19555555555555557 0.3858333333333333 0.044444444444444446 0.08
0 0.1711111111111111 0.2275 0.03333333333333333 0.085
0 0.16444444444444445 0.30833333333333335 0.04 0.07833333333333334
0 0.16 0.38416666666666666 0.035555555555555556 0.07333333333333333
0 0.14 0.235 0.03111111111111111 0.08666666666666667
0 0.13444444444444445 0.31 0.03333333333333333 0.075
0 0.12777777777777777 0.38 0.03111111111111111 0.07
0 0.8722222222222222 0.74 0.12444444444444444 0.12
0 0.7533333333333333 0.7075 0.1111111111111111 0.11833333333333333
0 0.7444444444444445 0.8125 0.12444444444444444 0.155
0 0.65 0.6766666666666666 0.09111111111111111 0.10666666666666667
0 0.6444444444444445 0.7741666666666667 0.10666666666666667 0.14
0 0.7233333333333334 0.93 0.12222222222222222 0.13833333333333334
0 0.6288888888888889 0.8841666666666667 0.10222222222222223 0.125
0 0.5722222222222222 0.6458333333333334 0.08666666666666667 0.08166666666666667
0 0.5622222222222222 0.7366666666666667 0.09111111111111111 0.12333333333333334
0 0.55 0.84 0.08666666666666667 0.11833333333333333
0 0.49444444444444446 0.6216666666666667 0.07555555555555556 0.07666666666666666
0 0.4888888888888889 0.7066666666666667 0.07777777777777778 0.12333333333333334
0 0.48 0.8116666666666666 0.07777777777777778 0.10833333333333334
0 0.42333333333333334 0.6041666666666666 0.07111111111111111 0.07166666666666667
0 0.4177777777777778 0.6875 0.08 0.105
0 0.4111111111111111 0.7816666666666666 0.07555555555555556 0.10333333333333333
0 0.36 0.5916666666666667 0.05555555555555555 0.06666666666666667
0 0.3566666666666667 0.6616666666666666 0.06888888888888889 0.1
0 0.3477777777777778 0.7525 0.057777777777777775 0.09333333333333334
0 0.2477777777777778 0.6991666666666667 0.05333333333333334 0.07333333333333333
0 0.25222222222222224 0.6216666666666667 0.04888888888888889 0.075
0 0.21222222222222223 0.6091666666666666 0.04888888888888889 0.06833333333333333
0 0.17 0.6633333333333333 0.044444444444444446 0.06333333333333334
0 0.17555555555555555 0.5966666666666667 0.04666666666666667 0.08166666666666667
0 0.07666666666666666 0.185 0.02666666666666667 0.06166666666666667
0 0.11333333333333333 0.1825 0.042222222222222223 0.065
0 0.07444444444444444 0.25083333333333335 0.02666666666666667 0.06333333333333334
0 0.10777777777777778 0.2475 0.03333333333333333 0.06333333333333334
0 0.07 0.315 0.024444444444444446 0.06333333333333334
0 0.10111111111111111 0.315 0.03777777777777778 0.065
0 0.07 0.3775 0.02666666666666667 0.058333333333333334
0 0.09666666666666666 0.37666666666666665 0.03111111111111111 0.06666666666666667
0 0.08888888888888889 0.5058333333333334 0.03333333333333333 0.05
0 0.11444444444444445 0.5141666666666667 0.017777777777777778 0.045
0 0.11 0.5716666666666667 0.02666666666666667 0.058333333333333334
0 0.11 0.6358333333333334 0.017777777777777778 0.056666666666666664
0 0.08555555555555555 0.625 0.03333333333333333 0.051666666666666666
0 0.1388888888888889 0.5225 0.035555555555555556 0.05333333333333334
0 0.13777777777777778 0.5816666666666667 0.035555555555555556 0.06333333333333334
0 0.13444444444444445 0.6475 0.03777777777777778 0.06333333333333334
0 0.021111111111111112 0.18 0.03333333333333333 0.06833333333333333