0 0.5644444444444444 0.18583333333333332 0.13555555555555557 0.17
0 0.43333333333333335 0.2075 0.09777777777777778 0.135
0 0.33444444444444443 0.24333333333333335 0.1 0.14
0 0.23777777777777778 0.26916666666666667 0.09555555555555556 0.13166666666666665
0 0.87 0.28833333333333333 0.14888888888888888 0.20666666666666667
0 0.72 0.30916666666666665 0.1711111111111111 0.18166666666666667
0 0.5666666666666667 0.3358333333333333 0.14 0.17666666666666667
0 0.43222222222222223 0.35083333333333333 0.1 0.15166666666666667
0 0.33111111111111113 0.37666666666666665 0.10666666666666667 0.13833333333333334
0 0.23333333333333334 0.39 0.09111111111111111 0.13333333333333333
0 0.8811111111111111 0.46 0.14888888888888888 0.18166666666666667
0 0.7255555555555555 0.4725 0.1711111111111111 0.16333333333333333
0 0.43 0.49416666666666664 0.10666666666666667 0.13333333333333333
0 0.3244444444444444 0.5033333333333333 0.10666666666666667 0.12833333333333333
0 0.22555555555555556 0.5125 0.09333333333333334 0.12333333333333334
0 0.9144444444444444 0.935 0.16666666666666666 0.12666666666666668
0 0.8588888888888889 0.1225 0.14 0.20833333333333334
0 0.7144444444444444 0.15 0.16666666666666666 0.17333333333333334