0 0.6641666666666667 0.29821958456973297 0.028333333333333332 0.09495548961424333
0 0.6925 0.30415430267062316 0.03 0.09198813056379822
0 0.7191666666666666 0.3115727002967359 0.03166666666666667 0.09198813056379822
0 0.7458333333333333 0.31305637982195844 0.021666666666666667 0.08011869436201781
0 0.2991666666666667 0.3189910979228487 0.03333333333333333 0.10385756676557864
0 0.335 0.327893175074184 0.03333333333333333 0.08605341246290801
0 0.8508333333333333 0.3323442136498516 0.028333333333333332 0.07418397626112759
0 0.7691666666666667 0.3353115727002967 0.021666666666666667 0.0771513353115727
0 0.8758333333333334 0.33827893175074186 0.02 0.07418397626112759
0 0.3725 0.3397626112759644 0.04 0.10089020771513353
0 0.795 0.34124629080118696 0.02666666666666667 0.07418397626112759
0 0.41 0.3486646884272997 0.035 0.10385756676557864
0 0.905 0.35014836795252224 0.025 0.07418397626112759
0 0.9316666666666666 0.35014836795252224 0.025 0.0771513353115727
0 0.44583333333333336 0.3516320474777448 0.03333333333333333 0.10089020771513353
0 0.48 0.3560830860534125 0.03666666666666667 0.10385756676557864
0 0.955 0.3560830860534125 0.021666666666666667 0.06824925816023739
0 0.9775 0.3620178041543027 0.021666666666666667 0.06824925816023739
0 0.5158333333333334 0.36350148367952523 0.03333333333333333 0.09495548961424333
0 0.6058333333333333 0.3798219584569733 0.03666666666666667 0.09198813056379822
0 0.6366666666666667 0.3827893175074184 0.028333333333333332 0.09198813056379822
0 0.6633333333333333 0.3887240356083086 0.02666666666666667 0.09198813056379822
0 0.6908333333333333 0.39317507418397624 0.03 0.09198813056379822
0 0.7466666666666667 0.3961424332344214 0.023333333333333334 0.0830860534124629
0 0.72 0.3991097922848665 0.028333333333333332 0.09495548961424333
0 0.77 0.4124629080118694 0.023333333333333334 0.07418397626112759
0 0.8491666666666666 0.413946587537092 0.03166666666666667 0.0830860534124629
0 0.7966666666666666 0.41543026706231456 0.02666666666666667 0.0712166172106825
0 0.8758333333333334 0.41839762611275966 0.023333333333333334 0.0771513353115727
0 0.895 0.42136498516320475 0.02 0.07418397626112759
0 0.9333333333333333 0.4228486646884273 0.025 0.07418397626112759
0 0.9116666666666666 0.4258160237388724 0.02 0.06824925816023739
0 0.29833333333333334 0.42729970326409494 0.03166666666666667 0.11572700296735905
0 0.33416666666666667 0.4287833827893175 0.03166666666666667 0.10979228486646884
0 0.9558333333333333 0.43026706231454004 0.021666666666666667 0.0712166172106825
0 0.9766666666666667 0.4317507418397626 0.021666666666666667 0.0712166172106825
0 0.37083333333333335 0.4391691394658754 0.035 0.09495548961424333
0 0.4058333333333333 0.443620178041543 0.02666666666666667 0.08011869436201781
0 0.44583333333333336 0.44807121661721067 0.04 0.09198813056379822
0 0.48083333333333333 0.4540059347181009 0.028333333333333332 0.08605341246290801
0 0.515 0.45548961424332346 0.03833333333333333 0.08902077151335312
0 0.605 0.46735905044510384 0.03666666666666667 0.09198813056379822
0 0.6366666666666667 0.47032640949554894 0.02666666666666667 0.09198813056379822
0 0.6633333333333333 0.47477744807121663 0.028333333333333332 0.08605341246290801
0 0.6908333333333333 0.47774480712166173 0.03 0.08605341246290801
0 0.7483333333333333 0.4821958456973294 0.021666666666666667 0.0830860534124629
0 0.7691666666666667 0.4836795252225519 0.021666666666666667 0.08011869436201781
0 0.72 0.486646884272997 0.028333333333333332 0.08011869436201781
0 0.8308333333333333 0.48813056379821956 0.021666666666666667 0.0771513353115727
0 0.7958333333333333 0.48813056379821956 0.03166666666666667 0.06528189910979229
0 0.8516666666666667 0.49258160237388726 0.025 0.0771513353115727
0 0.8775 0.4940652818991098 0.023333333333333334 0.07418397626112759
0 0.9158333333333334 0.4970326409495549 0.02 0.07418397626112759
0 0.8966666666666666 0.4970326409495549 0.021666666666666667 0.0771513353115727
0 0.9383333333333334 0.5014836795252225 0.023333333333333334 0.0771513353115727
0 0.9575 0.5029673590504451 0.018333333333333333 0.07418397626112759
0 0.9783333333333334 0.5059347181008902 0.025 0.07418397626112759
0 0.3233333333333333 0.5816023738872403 0.04 0.11572700296735905
0 0.36333333333333334 0.5830860534124629 0.04 0.11869436201780416
0 0.44166666666666665 0.5845697329376854 0.03833333333333333 0.10682492581602374
0 0.4033333333333333 0.586053412462908 0.04 0.11275964391691394
0 0.47833333333333333 0.5875370919881305 0.03666666666666667 0.10979228486646884
0 0.5433333333333333 0.5890207715133531 0.028333333333333332 0.10385756676557864
0 0.5125 0.5905044510385756 0.03166666666666667 0.10979228486646884
0 0.5833333333333334 0.5905044510385756 0.028333333333333332 0.10089020771513353
0 0.9525 0.5949554896142433 0.021666666666666667 0.06231454005934718
0 0.9025 0.5964391691394659 0.03333333333333333 0.0771513353115727
0 0.9691666666666666 0.599406528189911 0.016666666666666666 0.050445103857566766
0 0.6875 0.6038575667655787 0.028333333333333332 0.0830860534124629
0 0.7158333333333333 0.6053412462908012 0.028333333333333332 0.0771513353115727
0 0.9291666666666667 0.6053412462908012 0.021666666666666667 0.0712166172106825
0 0.6583333333333333 0.6068249258160238 0.035 0.0830860534124629
0 0.74 0.6083086053412463 0.021666666666666667 0.0712166172106825
0 0.7933333333333333 0.6097922848664689 0.03166666666666667 0.06824925816023739
0 0.7658333333333334 0.6097922848664689 0.02666666666666667 0.06528189910979229
0 0.95 0.6528189910979229 0.021666666666666667 0.05637982195845697
0 0.9316666666666666 0.6661721068249258 0.023333333333333334 0.03857566765578635
0 0.5816666666666667 0.6869436201780416 0.02666666666666667 0.10385756676557864
0 0.5433333333333333 0.6884272997032641 0.03 0.10089020771513353
0 0.69 0.6884272997032641 0.028333333333333332 0.08011869436201781
0 0.5116666666666667 0.6899109792284867 0.03333333333333333 0.10089020771513353
0 0.43916666666666665 0.6913946587537092 0.03666666666666667 0.10682492581602374
0 0.4775 0.6913946587537092 0.03666666666666667 0.10682492581602374
0 0.6591666666666667 0.6913946587537092 0.035 0.08605341246290801
0 0.40166666666666667 0.6973293768545994 0.03833333333333333 0.11572700296735905
0 0.32 0.6988130563798219 0.045 0.11572700296735905
0 0.36666666666666664 0.701780415430267 0.04 0.10979228486646884
0 0.9666666666666667 0.7655786350148368 0.04 0.14836795252225518
0 0.69 0.7700296735905044 0.03 0.0712166172106825
0 0.6558333333333334 0.7729970326409495 0.03833333333333333 0.07418397626112759
0 0.5816666666666667 0.7789317507418397 0.02666666666666667 0.09495548961424333
0 0.5425 0.7833827893175074 0.028333333333333332 0.09198813056379822
0 0.475 0.787833827893175 0.04 0.10385756676557864
0 0.5125 0.787833827893175 0.03166666666666667 0.09495548961424333
0 0.43833333333333335 0.7937685459940653 0.03833333333333333 0.10089020771513353
0 0.4008333333333333 0.798219584569733 0.04 0.09495548961424333
0 0.36333333333333334 0.8026706231454006 0.04 0.10089020771513353
0 0.32083333333333336 0.8086053412462908 0.043333333333333335 0.10385756676557864
0 0.635 0.9317507418397626 0.03 0.08605341246290801
0 0.5991666666666666 0.9317507418397626 0.04 0.09198813056379822
0 0.5158333333333334 0.9436201780415431 0.035 0.10682492581602374
0 0.48333333333333334 0.9510385756676558 0.03666666666666667 0.09495548961424333
0 0.41 0.9525222551928784 0.03666666666666667 0.08902077151335312
0 0.44666666666666666 0.9540059347181009 0.03666666666666667 0.08605341246290801
0 0.36916666666666664 0.9540059347181009 0.041666666666666664 0.08605341246290801
0 0.3258333333333333 0.956973293768546 0.041666666666666664 0.08011869436201781
0 0.2916666666666667 0.9584569732937686 0.025 0.07418397626112759
0 0.3 0.2062314540059347 0.03333333333333333 0.10979228486646884
0 0.3375 0.22106824925816024 0.03166666666666667 0.12462908011869436
0 0.3725 0.23293768545994065 0.035 0.11275964391691394
0 0.41083333333333333 0.23887240356083086 0.03666666666666667 0.10385756676557864
0 0.44416666666666665 0.25370919881305637 0.03666666666666667 0.08902077151335312
0 0.5158333333333334 0.26706231454005935 0.03333333333333333 0.08902077151335312
0 0.5808333333333333 0.28041543026706234 0.018333333333333333 0.12166172106824925
0 0.6066666666666667 0.28635014836795253 0.03666666666666667 0.10682492581602374
0 0.6375 0.29080118694362017 0.028333333333333332 0.09495548961424333