0 0.8625 0.30712166172106825 0.058333333333333334 0.14540059347181009
0 0.7991666666666667 0.31008902077151335 0.06166666666666667 0.1513353115727003
0 0.7408333333333333 0.314540059347181 0.05 0.142433234421365
0 0.6666666666666666 0.32344213649851633 0.056666666666666664 0.11869436201780416
0 0.6141666666666666 0.3367952522255193 0.04833333333333333 0.1394658753709199
0 0.5625 0.34124629080118696 0.05 0.13353115727002968
0 0.5116666666666667 0.3456973293768546 0.04833333333333333 0.13056379821958458
0 0.37583333333333335 0.3516320474777448 0.041666666666666664 0.11869436201780416
0 0.4625 0.3516320474777448 0.05 0.10979228486646884
0 0.4175 0.35311572700296734 0.041666666666666664 0.11572700296735905
0 0.6691666666666667 0.4540059347181009 0.056666666666666664 0.13353115727002968
0 0.8 0.4540059347181009 0.06166666666666667 0.1394658753709199
0 0.8641666666666666 0.4540059347181009 0.065 0.13353115727002968
0 0.7425 0.45548961424332346 0.04833333333333333 0.1394658753709199
0 0.5633333333333334 0.46142433234421365 0.051666666666666666 0.11869436201780416
0 0.6141666666666666 0.4629080118694362 0.045 0.11275964391691394
0 0.3725 0.46735905044510384 0.043333333333333335 0.12462908011869436
0 0.5091666666666667 0.46735905044510384 0.05 0.10979228486646884
0 0.4191666666666667 0.47181008902077154 0.045 0.12166172106824925
0 0.4625 0.47181008902077154 0.043333333333333335 0.11572700296735905
0 0.4083333333333333 0.6379821958456974 0.04 0.13353115727002968
0 0.45416666666666666 0.6394658753709199 0.041666666666666664 0.12759643916913946
0 0.36333333333333334 0.6409495548961425 0.04833333333333333 0.12462908011869436
0 0.49916666666666665 0.6439169139465876 0.03833333333333333 0.1394658753709199
0 0.5966666666666667 0.6454005934718101 0.05 0.14540059347181009
0 0.5441666666666667 0.6468842729970327 0.04666666666666667 0.14836795252225518
0 0.6516666666666666 0.6498516320474778 0.05333333333333334 0.1543026706231454
0 0.9391666666666667 0.6869436201780416 0.06833333333333333 0.14540059347181009
0 0.9891666666666666 0.6899109792284867 0.018333333333333333 0.14540059347181009
0 0.35833333333333334 0.7611275964391692 0.04833333333333333 0.12462908011869436
0 0.4091666666666667 0.7670623145400594 0.05 0.13353115727002968
0 0.45416666666666666 0.7700296735905044 0.043333333333333335 0.13353115727002968
0 0.49833333333333335 0.7744807121661721 0.045 0.12759643916913946
0 0.545 0.7848664688427299 0.05 0.12759643916913946
0 0.5958333333333333 0.7922848664688428 0.04833333333333333 0.142433234421365
0 0.6525 0.7937685459940653 0.056666666666666664 0.1394658753709199
0 0.8725 0.8115727002967359 0.06833333333333333 0.11572700296735905
0 0.9416666666666667 0.8219584569732937 0.06833333333333333 0.12166172106824925
0 0.9891666666666666 0.8427299703264095 0.018333333333333333 0.142433234421365
0 0.4508333333333333 0.900593471810089 0.04833333333333333 0.12462908011869436
0 0.495 0.9080118694362018 0.041666666666666664 0.13056379821958458
0 0.5458333333333333 0.913946587537092 0.05 0.12759643916913946
0 0.37583333333333335 0.913946587537092 0.095 0.1661721068249258
0 0.595 0.9243323442136498 0.058333333333333334 0.12759643916913946
0 0.7658333333333334 0.9272997032640949 0.05333333333333334 0.142433234421365
0 0.6508333333333334 0.9332344213649851 0.05333333333333334 0.13056379821958458
0 0.91 0.9421364985163204 0.13 0.10979228486646884
0 0.8633333333333333 0.15578635014836795 0.06 0.1543026706231454
0 0.6691666666666667 0.1913946587537092 0.05 0.13649851632047477
0 0.615 0.19584569732937684 0.04833333333333333 0.13353115727002968
0 0.5625 0.20771513353115728 0.04833333333333333 0.13649851632047477
0 0.5116666666666667 0.2195845697329377 0.045 0.142433234421365
0 0.4675 0.22700296735905046 0.04 0.12462908011869436
0 0.4216666666666667 0.228486646884273 0.041666666666666664 0.12759643916913946
0 0.37583333333333335 0.23738872403560832 0.043333333333333335 0.12462908011869436