0 0.05 0.46142433234421365 0.08 0.26409495548961426
0 0.1375 0.46735905044510384 0.10333333333333333 0.26409495548961426
0 0.30416666666666664 0.4732937685459941 0.09333333333333334 0.29376854599406527
0 0.4075 0.4732937685459941 0.10833333333333334 0.31750741839762614
0 0.6616666666666666 0.4762611275964392 0.14 0.34718100890207715
0 0.525 0.4807121661721068 0.12333333333333334 0.33827893175074186
0 0.845 0.5 0.135 0.33827893175074186
0 0.9416666666666667 0.5074183976261127 0.041666666666666664 0.34421364985163205
0 0.03666666666666667 0.7166172106824926 0.065 0.23738872403560832
0 0.11166666666666666 0.7270029673590505 0.08833333333333333 0.2551928783382789
0 0.2 0.7477744807121661 0.095 0.29080118694362017
0 0.2941666666666667 0.7729970326409495 0.10166666666666667 0.29673590504451036
0 0.4 0.798219584569733 0.11 0.3323442136498516
0 0.52 0.8160237388724035 0.12666666666666668 0.35311572700296734
0 0.6616666666666666 0.8204747774480712 0.15 0.34421364985163205
0 0.86 0.8367952522255193 0.16833333333333333 0.32344213649851633
0 0.9716666666666667 0.8545994065281899 0.05333333333333334 0.28486646884273
0 0.5341666666666667 0.1572700296735905 0.12666666666666668 0.314540059347181
0 0.41333333333333333 0.16468842729970326 0.11 0.2997032640949555
0 0.31333333333333335 0.17359050445103857 0.08833333333333333 0.2997032640949555