0 0.3175 0.33086053412462907 0.09333333333333334 0.2551928783382789
0 0.4116666666666667 0.34421364985163205 0.09666666666666666 0.20771513353115728
0 0.4033333333333333 0.5667655786350149 0.08833333333333333 0.2195845697329377
0 0.30916666666666665 0.5727002967359051 0.09166666666666666 0.2344213649851632
0 0.20833333333333334 0.5652818991097923 0.11 0.2789317507418398
0 0.5608333333333333 0.36053412462908013 0.08 0.2195845697329377
0 0.555 0.5756676557863502 0.07166666666666667 0.21068249258160238
0 0.6166666666666667 0.5623145400593472 0.06166666666666667 0.20771513353115728
0 0.8466666666666667 0.5682492581602374 0.065 0.18100890207715134
0 0.4816666666666667 0.5949554896142433 0.06166666666666667 0.1632047477744807
0 0.4841666666666667 0.4287833827893175 0.06166666666666667 0.1572700296735905
0 0.19833333333333333 0.8471810089020771 0.09833333333333333 0.2551928783382789
0 0.5466666666666666 0.7537091988130564 0.06166666666666667 0.13353115727002968
0 0.6075 0.7581602373887241 0.058333333333333334 0.1661721068249258
0 0.8483333333333334 0.7359050445103857 0.04833333333333333 0.14540059347181009
0 0.8025 0.7299703264094956 0.04 0.16913946587537093
0 0.7625 0.5608308605341247 0.04666666666666667 0.1632047477744807
0 0.7558333333333334 0.7388724035608308 0.051666666666666666 0.1632047477744807
0 0.38333333333333336 0.7952522255192879 0.06833333333333333 0.20474777448071216
0 0.30416666666666664 0.7596439169139466 0.09 0.11869436201780416