0 0.64 0.2997032640949555 0.041666666666666664 0.13056379821958458
0 0.6825 0.3026706231454006 0.04 0.13353115727002968
0 0.3516666666666667 0.30415430267062316 0.06166666666666667 0.1543026706231454
0 0.515 0.30712166172106825 0.03333333333333333 0.11869436201780416
0 0.7241666666666666 0.30712166172106825 0.04 0.12166172106824925
0 0.2875 0.3115727002967359 0.06333333333333334 0.1632047477744807
0 0.21833333333333332 0.31750741839762614 0.07 0.17210682492581603
0 0.4666666666666667 0.32047477744807124 0.058333333333333334 0.142433234421365
0 0.5633333333333334 0.327893175074184 0.04666666666666667 0.10385756676557864
0 0.6033333333333334 0.3456973293768546 0.03 0.10385756676557864
0 0.34 0.42136498516320475 0.043333333333333335 0.0771513353115727
0 0.2866666666666667 0.42433234421364985 0.06166666666666667 0.05637982195845697
0 0.6775 0.4287833827893175 0.04 0.12166172106824925
0 0.6358333333333334 0.43026706231454004 0.04 0.13056379821958458
0 0.7258333333333333 0.4317507418397626 0.04666666666666667 0.11275964391691394
0 0.41333333333333333 0.4406528189910979 0.041666666666666664 0.08902077151335312
0 0.4625 0.44807121661721067 0.045 0.10979228486646884
0 0.6016666666666667 0.44807121661721067 0.03 0.10385756676557864
0 0.5625 0.45252225519287836 0.04833333333333333 0.1394658753709199
0 0.5125 0.45252225519287836 0.045 0.12462908011869436
0 0.22166666666666668 0.486646884272997 0.065 0.14540059347181009
0 0.5908333333333333 0.6216617210682492 0.03666666666666667 0.10979228486646884
0 0.5433333333333333 0.6364985163204748 0.05 0.12166172106824925
0 0.7525 0.6913946587537092 0.03666666666666667 0.13353115727002968
0 0.7108333333333333 0.701780415430267 0.041666666666666664 0.11869436201780416
0 0.6716666666666666 0.712166172106825 0.03666666666666667 0.11869436201780416
0 0.6316666666666667 0.728486646884273 0.04 0.12166172106824925
0 0.585 0.7477744807121661 0.041666666666666664 0.12759643916913946
0 0.5416666666666666 0.7640949554896143 0.04666666666666667 0.12462908011869436
0 0.49 0.7759643916913946 0.04833333333333333 0.14540059347181009
0 0.43583333333333335 0.7774480712166172 0.05333333333333334 0.14836795252225518
0 0.75 0.8115727002967359 0.03333333333333333 0.11275964391691394
0 0.37166666666666665 0.8189910979228486 0.058333333333333334 0.14540059347181009
0 0.71 0.8219584569732937 0.045 0.10682492581602374
0 0.6691666666666667 0.8367952522255193 0.03333333333333333 0.11572700296735905
0 0.6308333333333334 0.8486646884272997 0.03666666666666667 0.12759643916913946
0 0.585 0.8724035608308606 0.045 0.11869436201780416
0 0.5366666666666666 0.8916913946587537 0.04 0.10682492581602374
0 0.49083333333333334 0.9154302670623146 0.04833333333333333 0.12462908011869436
0 0.435 0.9287833827893175 0.06166666666666667 0.13353115727002968
0 0.37916666666666665 0.9495548961424333 0.051666666666666666 0.09792284866468842
0 0.21333333333333335 0.13353115727002968 0.06833333333333333 0.18397626112759644
0 0.2875 0.13649851632047477 0.06666666666666667 0.18397626112759644
0 0.35333333333333333 0.14540059347181009 0.056666666666666664 0.1632047477744807
0 0.4666666666666667 0.1572700296735905 0.055 0.1661721068249258
0 0.5158333333333334 0.16468842729970326 0.035 0.14540059347181009
0 0.5591666666666667 0.20919881305637983 0.045 0.12462908011869436
0 0.6041666666666666 0.23887240356083086 0.035 0.10979228486646884