0 0.30583333333333335 0.032640949554896145 0.07 0.06528189910979229
0 0.595 0.29673590504451036 0.03333333333333333 0.12166172106824925
0 0.6358333333333334 0.30415430267062316 0.043333333333333335 0.10385756676557864
0 0.7575 0.30415430267062316 0.028333333333333332 0.10979228486646884
0 0.7891666666666667 0.3249258160237389 0.028333333333333332 0.09495548961424333
0 0.8175 0.3367952522255193 0.02666666666666667 0.09792284866468842
0 0.2758333333333333 0.37388724035608306 0.06333333333333334 0.20178041543026706
0 0.3408333333333333 0.3827893175074184 0.07166666666666667 0.18397626112759644
0 0.4033333333333333 0.39465875370919884 0.06 0.18100890207715134
0 0.4608333333333333 0.39762611275964393 0.05 0.16023738872403562
0 0.7258333333333333 0.4065281899109792 0.03 0.11572700296735905
0 0.51 0.40801186943620177 0.04666666666666667 0.16023738872403562
0 0.555 0.41097922848664686 0.04833333333333333 0.13649851632047477
0 0.7566666666666667 0.4124629080118694 0.028333333333333332 0.10682492581602374
0 0.7266666666666667 0.04302670623145401 0.03166666666666667 0.08605341246290801
0 0.6333333333333333 0.41839762611275966 0.043333333333333335 0.12759643916913946
0 0.595 0.4198813056379822 0.035 0.13649851632047477
0 0.7875 0.4228486646884273 0.03 0.10385756676557864
0 0.8158333333333333 0.4362017804154303 0.03166666666666667 0.09792284866468842
0 0.3725 0.04599406528189911 0.058333333333333334 0.0830860534124629
0 0.7583333333333333 0.5281899109792285 0.03333333333333333 0.11275964391691394
0 0.7583333333333333 0.05489614243323442 0.02666666666666667 0.09792284866468842
0 0.7266666666666667 0.5341246290801187 0.028333333333333332 0.12166172106824925
0 0.7883333333333333 0.5370919881305638 0.025 0.11572700296735905
0 0.8158333333333333 0.5459940652818991 0.025 0.10979228486646884
0 0.5941666666666666 0.5504451038575667 0.03833333333333333 0.13353115727002968
0 0.4558333333333333 0.5504451038575667 0.04833333333333333 0.14836795252225518
0 0.5541666666666667 0.5504451038575667 0.04666666666666667 0.14836795252225518
0 0.635 0.5504451038575667 0.041666666666666664 0.1394658753709199
0 0.27416666666666667 0.5534124629080118 0.065 0.17210682492581603
0 0.4025 0.5548961424332344 0.058333333333333334 0.1632047477744807
0 0.505 0.5548961424332344 0.04666666666666667 0.142433234421365
0 0.3383333333333333 0.5563798219584569 0.07333333333333333 0.1661721068249258
0 0.43166666666666664 0.05934718100890208 0.055 0.10682492581602374
0 0.7866666666666666 0.06973293768545995 0.028333333333333332 0.10385756676557864
0 0.4841666666666667 0.06973293768545995 0.043333333333333335 0.11869436201780416
0 0.58 0.7166172106824926 0.045 0.10682492581602374
0 0.4691666666666667 0.7373887240356083 0.04666666666666667 0.10682492581602374
0 0.8141666666666667 0.0771513353115727 0.03 0.10385756676557864
0 0.41583333333333333 0.7507418397626113 0.056666666666666664 0.10385756676557864
0 0.55 0.7789317507418397 0.04 0.12462908011869436
0 0.51 0.7818991097922848 0.03666666666666667 0.11869436201780416
0 0.5325 0.08160237388724036 0.043333333333333335 0.13649851632047477
0 0.8441666666666666 0.08160237388724036 0.028333333333333332 0.09198813056379822
0 0.5875 0.8249258160237388 0.03166666666666667 0.13056379821958458
0 0.6225 0.8293768545994066 0.04 0.11572700296735905
0 0.4675 0.841246290801187 0.041666666666666664 0.10979228486646884
0 0.42583333333333334 0.8545994065281899 0.04 0.10089020771513353
0 0.37583333333333335 0.8620178041543026 0.05333333333333334 0.10089020771513353
0 0.5483333333333333 0.9065281899109793 0.03833333333333333 0.12166172106824925
0 0.5066666666666667 0.9094955489614244 0.035 0.11869436201780416
0 0.5841666666666666 0.9391691394658753 0.03166666666666667 0.10979228486646884
0 0.4683333333333333 0.9465875370919882 0.045 0.10089020771513353
0 0.5833333333333334 0.09643916913946587 0.04 0.12759643916913946
0 0.4241666666666667 0.9525222551928784 0.041666666666666664 0.08902077151335312
0 0.37583333333333335 0.956973293768546 0.055 0.08011869436201781
0 0.6233333333333333 0.10682492581602374 0.03166666666666667 0.12462908011869436
0 0.6608333333333334 0.1201780415430267 0.03333333333333333 0.11869436201780416
0 0.6933333333333334 0.13204747774480713 0.03 0.10682492581602374
0 0.7283333333333334 0.14391691394658754 0.03333333333333333 0.10682492581602374
0 0.76 0.16023738872403562 0.03 0.10385756676557864
0 0.7858333333333334 0.17210682492581603 0.03333333333333333 0.09198813056379822
0 0.8158333333333333 0.17804154302670624 0.028333333333333332 0.10385756676557864
0 0.8425 0.18100890207715134 0.028333333333333332 0.09495548961424333
0 0.2725 0.19287833827893175 0.07333333333333333 0.20474777448071216
0 0.21666666666666667 0.20178041543026706 0.05333333333333334 0.18694362017804153
0 0.3408333333333333 0.20919881305637983 0.07 0.18694362017804153
0 0.405 0.22106824925816024 0.06 0.1661721068249258
0 0.4625 0.23293768545994065 0.06166666666666667 0.16023738872403562
0 0.5133333333333333 0.24925816023738873 0.04833333333333333 0.1543026706231454
0 0.5583333333333333 0.2626112759643917 0.043333333333333335 0.1572700296735905
0 0.725 0.29376854599406527 0.03 0.10682492581602374