0 0.2525 0.30712166172106825 0.105 0.2818991097922849
0 0.18083333333333335 0.33086053412462907 0.095 0.26706231454005935
0 0.0725 0.3590504451038576 0.09833333333333333 0.21364985163204747
0 0.8641666666666666 0.5148367952522255 0.22333333333333333 0.47774480712166173
0 0.665 0.5341246290801187 0.16833333333333333 0.42136498516320475
0 0.525 0.5563798219584569 0.12333333333333334 0.34718100890207715
0 0.4058333333333333 0.5682492581602374 0.11666666666666667 0.32047477744807124
0 0.22 0.5741839762611276 0.10666666666666667 0.27596439169139464
0 0.15416666666666667 0.5756676557863502 0.095 0.2433234421364985
0 0.07 0.5771513353115727 0.07 0.2314540059347181
0 0.2975 0.5816023738872403 0.10333333333333333 0.27299703264094954
0 0.018333333333333333 0.5905044510385756 0.028333333333333332 0.19287833827893175
0 0.04 0.8857566765578635 0.08 0.22551928783382788
0 0.11083333333333334 0.887240356083086 0.10166666666666667 0.2195845697329377
0 0.2 0.8961424332344213 0.13666666666666666 0.20178041543026706
0 0.38083333333333336 0.9287833827893175 0.10833333333333334 0.13649851632047477
0 0.8641666666666666 0.14094955489614244 0.19833333333333333 0.27299703264094954
0 0.6825 0.15875370919881307 0.16 0.314540059347181
0 0.5425 0.2032640949554896 0.11666666666666667 0.3323442136498516
0 0.435 0.2403560830860534 0.115 0.31750741839762614
0 0.3383333333333333 0.26706231454005935 0.10666666666666667 0.29376854599406527