0 0.7816666666666666 0.3367952522255193 0.04666666666666667 0.12166172106824925
0 0.8808333333333334 0.3367952522255193 0.051666666666666666 0.12462908011869436
0 0.8283333333333334 0.33827893175074186 0.04666666666666667 0.12166172106824925
0 0.65 0.3427299703264095 0.041666666666666664 0.10682492581602374
0 0.6916666666666667 0.3427299703264095 0.041666666666666664 0.10979228486646884
0 0.735 0.34421364985163205 0.045 0.12166172106824925
0 0.6075 0.3456973293768546 0.03833333333333333 0.10979228486646884
0 0.4875 0.34718100890207715 0.03833333333333333 0.10385756676557864
0 0.5666666666666667 0.34718100890207715 0.03833333333333333 0.10385756676557864
0 0.335 0.3486646884272997 0.035 0.09792284866468842
0 0.44916666666666666 0.3486646884272997 0.03333333333333333 0.10089020771513353
0 0.23833333333333334 0.35014836795252224 0.03 0.08902077151335312
0 0.305 0.35014836795252224 0.028333333333333332 0.09198813056379822
0 0.37166666666666665 0.35014836795252224 0.041666666666666664 0.10089020771513353
0 0.4116666666666667 0.35014836795252224 0.04 0.10089020771513353
0 0.5275 0.35014836795252224 0.03833333333333333 0.10385756676557864
0 0.2725 0.3516320474777448 0.03166666666666667 0.08605341246290801
0 0.0875 0.3516320474777448 0.03833333333333333 0.08902077151335312
0 0.17166666666666666 0.35311572700296734 0.035 0.08902077151335312
0 0.14166666666666666 0.35311572700296734 0.03 0.08902077151335312
0 0.2075 0.3545994065281899 0.03166666666666667 0.08605341246290801
0 0.9814666666666667 0.4198516320474778 0.03705000000000003 0.10225519287833826
0 0.08083333333333333 0.43768545994065283 0.03 0.08605341246290801
0 0.13916666666666666 0.4391691394658754 0.03 0.08605341246290801
0 0.11166666666666666 0.4406528189910979 0.02666666666666667 0.0830860534124629
0 0.37 0.4421364985163205 0.041666666666666664 0.08902077151335312
0 0.33166666666666667 0.443620178041543 0.03166666666666667 0.09198813056379822
0 0.17 0.44510385756676557 0.03166666666666667 0.08605341246290801
0 0.2025 0.44510385756676557 0.03333333333333333 0.08605341246290801
0 0.235 0.4465875370919881 0.03166666666666667 0.08902077151335312
0 0.26916666666666667 0.4465875370919881 0.035 0.09198813056379822
0 0.30333333333333334 0.4465875370919881 0.028333333333333332 0.08902077151335312
0 0.45 0.4465875370919881 0.03666666666666667 0.08902077151335312
0 0.4875 0.4465875370919881 0.03833333333333333 0.08605341246290801
0 0.4116666666666667 0.44807121661721067 0.03666666666666667 0.08902077151335312
0 0.6058333333333333 0.44807121661721067 0.03333333333333333 0.10089020771513353
0 0.8308333333333333 0.44807121661721067 0.045 0.11275964391691394
0 0.8816666666666667 0.44807121661721067 0.045 0.11275964391691394
0 0.5258333333333334 0.4495548961424332 0.03833333333333333 0.09198813056379822
0 0.5641666666666667 0.4495548961424332 0.04 0.09792284866468842
0 0.7783333333333333 0.4495548961424332 0.045 0.10682492581602374
0 0.6475 0.45103857566765576 0.045 0.10682492581602374
0 0.6916666666666667 0.45103857566765576 0.041666666666666664 0.10385756676557864
0 0.7358333333333333 0.45548961424332346 0.03833333333333333 0.10682492581602374
0 0.9802666666666666 0.5321661721068249 0.031399999999999866 0.1137685459940652
0 0.08083333333333333 0.5771513353115727 0.03333333333333333 0.09198813056379822
0 0.14083333333333334 0.5801186943620178 0.035 0.09792284866468842
0 0.17166666666666666 0.5830860534124629 0.035 0.09198813056379822
0 0.19916666666666666 0.5830860534124629 0.035 0.10385756676557864
0 0.10916666666666666 0.5830860534124629 0.03 0.10682492581602374
0 0.23416666666666666 0.586053412462908 0.035 0.10385756676557864
0 0.2683333333333333 0.586053412462908 0.03333333333333333 0.09495548961424333
0 0.3358333333333333 0.5905044510385756 0.035 0.10979228486646884
0 0.3725 0.5905044510385756 0.03666666666666667 0.10385756676557864
0 0.305 0.5919881305637982 0.03333333333333333 0.10089020771513353
0 0.4083333333333333 0.5934718100890207 0.04 0.10385756676557864
0 0.4483333333333333 0.5964391691394659 0.04 0.10682492581602374
0 0.48583333333333334 0.5964391691394659 0.03833333333333333 0.10682492581602374
0 0.5241666666666667 0.599406528189911 0.041666666666666664 0.10682492581602374
0 0.5641666666666667 0.6053412462908012 0.04 0.11275964391691394
0 0.6058333333333333 0.6068249258160238 0.04 0.11572700296735905
0 0.6466666666666666 0.6097922848664689 0.041666666666666664 0.11275964391691394
0 0.6908333333333333 0.6112759643916914 0.043333333333333335 0.11275964391691394
0 0.7358333333333333 0.612759643916914 0.043333333333333335 0.11572700296735905
0 0.7825 0.6201780415430267 0.045 0.12166172106824925
0 0.88 0.6201780415430267 0.04666666666666667 0.12166172106824925
0 0.8308333333333333 0.6231454005934718 0.045 0.12166172106824925
0 0.1025 0.6661721068249258 0.03666666666666667 0.08902077151335312
0 0.07416666666666667 0.6676557863501483 0.028333333333333332 0.09198813056379822
0 0.13333333333333333 0.672106824925816 0.03833333333333333 0.08605341246290801
0 0.16666666666666666 0.6765578635014837 0.028333333333333332 0.09198813056379822
0 0.19583333333333333 0.6795252225519288 0.035 0.0830860534124629
0 0.22833333333333333 0.6795252225519288 0.035 0.0830860534124629
0 0.26416666666666666 0.6824925816023739 0.03833333333333333 0.09495548961424333
0 0.3 0.685459940652819 0.03333333333333333 0.09792284866468842
0 0.3675 0.6899109792284867 0.03666666666666667 0.10385756676557864
0 0.3325 0.6913946587537092 0.03833333333333333 0.10089020771513353
0 0.4066666666666667 0.6913946587537092 0.04 0.10385756676557864
0 0.4816666666666667 0.7002967359050445 0.041666666666666664 0.10682492581602374
0 0.44416666666666665 0.701780415430267 0.03666666666666667 0.10089020771513353
0 0.52 0.7032640949554896 0.04 0.10682492581602374
0 0.5633333333333334 0.7091988130563798 0.041666666666666664 0.10385756676557864
0 0.605 0.7136498516320475 0.04 0.10682492581602374
0 0.6466666666666666 0.7166172106824926 0.041666666666666664 0.11275964391691394
0 0.6891666666666667 0.7195845697329377 0.041666666666666664 0.10682492581602374
0 0.7341666666666666 0.7255192878338279 0.04666666666666667 0.11275964391691394
0 0.7833333333333333 0.7344213649851632 0.04666666666666667 0.10979228486646884
0 0.8325 0.7373887240356083 0.04666666666666667 0.10979228486646884
0 0.8791666666666667 0.7418397626112759 0.045 0.12166172106824925