0 0.7875 0.2997032640949555 0.025 0.09792284866468842
0 0.36833333333333335 0.30415430267062316 0.05 0.142433234421365
0 0.4166666666666667 0.31602373887240354 0.043333333333333335 0.12462908011869436
0 0.82 0.31750741839762614 0.03666666666666667 0.08011869436201781
0 0.45416666666666666 0.3249258160237389 0.035 0.12759643916913946
0 0.8575 0.3249258160237389 0.03166666666666667 0.07418397626112759
0 0.8983333333333333 0.3353115727002967 0.03833333333333333 0.0830860534124629
0 0.5058333333333334 0.3367952522255193 0.03166666666666667 0.12462908011869436
0 0.5383333333333333 0.3456973293768546 0.03166666666666667 0.11275964391691394
0 0.5725 0.35311572700296734 0.03666666666666667 0.11869436201780416
0 0.6075 0.36053412462908013 0.03666666666666667 0.10682492581602374
0 0.6408333333333334 0.36795252225519287 0.03833333333333333 0.10682492581602374
0 0.6958333333333333 0.37388724035608306 0.028333333333333332 0.10682492581602374
0 0.6716666666666666 0.37537091988130566 0.03166666666666667 0.10979228486646884
0 0.0925 0.39317507418397624 0.055 0.18397626112759644
0 0.7908333333333334 0.39762611275964393 0.025 0.08605341246290801
0 0.8133333333333334 0.40059347181008903 0.02 0.0830860534124629
0 0.14916666666666667 0.40059347181008903 0.06166666666666667 0.17507418397626112
0 0.8325 0.4050445103857567 0.018333333333333333 0.0830860534124629
0 0.8483333333333334 0.4065281899109792 0.018333333333333333 0.0830860534124629
0 0.8641666666666666 0.4065281899109792 0.021666666666666667 0.0830860534124629
0 0.21 0.41543026706231456 0.065 0.1513353115727003
0 0.9008333333333334 0.4198813056379822 0.03833333333333333 0.0830860534124629
0 0.26916666666666667 0.4228486646884273 0.055 0.14540059347181009
0 0.32166666666666666 0.43471810089020774 0.05333333333333334 0.13056379821958458
0 0.37166666666666665 0.43768545994065283 0.04666666666666667 0.13353115727002968
0 0.41833333333333333 0.4406528189910979 0.045 0.12462908011869436
0 0.45666666666666667 0.4465875370919881 0.035 0.11869436201780416
0 0.5075 0.45252225519287836 0.028333333333333332 0.11869436201780416
0 0.5383333333333333 0.45845697329376855 0.03333333333333333 0.10979228486646884
0 0.5766666666666667 0.46439169139465875 0.03666666666666667 0.10385756676557864
0 0.6116666666666667 0.46735905044510384 0.03166666666666667 0.10979228486646884
0 0.6416666666666667 0.46735905044510384 0.035 0.10089020771513353
0 0.675 0.47181008902077154 0.03166666666666667 0.09792284866468842
0 0.7041666666666667 0.47477744807121663 0.028333333333333332 0.08902077151335312
0 0.7858333333333334 0.486646884272997 0.035 0.09792284866468842
0 0.8341666666666666 0.4896142433234421 0.021666666666666667 0.0771513353115727
0 0.815 0.4910979228486647 0.02 0.08902077151335312
0 0.8541666666666666 0.49258160237388726 0.02 0.0830860534124629
0 0.8733333333333333 0.49554896142433236 0.02 0.0830860534124629
0 0.9041666666666667 0.49554896142433236 0.03666666666666667 0.08011869436201781
0 0.8316666666666667 0.6023738872403561 0.03666666666666667 0.09495548961424333
0 0.865 0.615727002967359 0.028333333333333332 0.0771513353115727
0 0.7091666666666666 0.6172106824925816 0.03 0.10979228486646884
0 0.7891666666666667 0.6186943620178041 0.03 0.09198813056379822
0 0.7383333333333333 0.6201780415430267 0.03333333333333333 0.10979228486646884
0 0.6525 0.6216617210682492 0.04 0.11869436201780416
0 0.6816666666666666 0.6216617210682492 0.03666666666666667 0.11869436201780416
0 0.58 0.6231454005934718 0.04 0.12166172106824925
0 0.6175 0.6231454005934718 0.03833333333333333 0.11869436201780416
0 0.43166666666666664 0.6261127596439169 0.051666666666666666 0.142433234421365
0 0.5133333333333333 0.6261127596439169 0.035 0.12759643916913946
0 0.38 0.6275964391691394 0.051666666666666666 0.14540059347181009
0 0.32916666666666666 0.6305637982195845 0.05333333333333334 0.1513353115727003
0 0.5475333333333333 0.630919881305638 0.031866666666666675 0.1273293768545993
0 0.27416666666666667 0.6335311572700296 0.06 0.1543026706231454
0 0.21166666666666667 0.6364985163204748 0.06333333333333334 0.1632047477744807
0 0.09 0.6379821958456974 0.03333333333333333 0.16913946587537093
0 0.14333333333333334 0.6394658753709199 0.07166666666666667 0.17210682492581603
0 0.8183333333333334 0.6973293768545994 0.021666666666666667 0.08902077151335312
0 0.8391666666666666 0.6973293768545994 0.025 0.0830860534124629
0 0.8675 0.6988130563798219 0.03 0.08902077151335312
0 0.795 0.7091988130563798 0.028333333333333332 0.09198813056379822
0 0.7408333333333333 0.7195845697329377 0.03666666666666667 0.09792284866468842
0 0.7125 0.7210682492581603 0.03 0.10385756676557864
0 0.6833333333333333 0.7270029673590505 0.03666666666666667 0.10682492581602374
0 0.655 0.7314540059347181 0.03666666666666667 0.11275964391691394
0 0.6225 0.7388724035608308 0.041666666666666664 0.11572700296735905
0 0.0925 0.07566765578635015 0.05 0.1513353115727003
0 0.585 0.7418397626112759 0.041666666666666664 0.11869436201780416
0 0.5481333333333334 0.7513946587537091 0.035416666666666666 0.11154302670623138
0 0.5175 0.7522255192878339 0.035 0.11869436201780416
0 0.4683333333333333 0.7596439169139466 0.03 0.13056379821958458
0 0.43083333333333335 0.7655786350148368 0.051666666666666666 0.13056379821958458
0 0.38083333333333336 0.771513353115727 0.05 0.14540059347181009
0 0.33 0.7804154302670623 0.05333333333333334 0.1513353115727003
0 0.845 0.7804154302670623 0.02666666666666667 0.0771513353115727
0 0.82 0.7818991097922848 0.023333333333333334 0.08011869436201781
0 0.8716666666666667 0.7848664688427299 0.02666666666666667 0.06824925816023739
0 0.275 0.7893175074183977 0.06166666666666667 0.1543026706231454
0 0.21333333333333335 0.7952522255192879 0.06333333333333334 0.1572700296735905
0 0.7433333333333333 0.7952522255192879 0.03166666666666667 0.05637982195845697
0 0.7941666666666667 0.798219584569733 0.03 0.0771513353115727
0 0.7166666666666667 0.8011869436201781 0.02666666666666667 0.04747774480712166
0 0.14666666666666667 0.8071216617210683 0.06833333333333333 0.1661721068249258
0 0.09333333333333334 0.8175074183976261 0.03666666666666667 0.18100890207715134
0 0.14416666666666667 0.08456973293768547 0.05333333333333334 0.1632047477744807
0 0.6858333333333333 0.8353115727002968 0.03166666666666667 0.10979228486646884
0 0.6616666666666666 0.841246290801187 0.04 0.10682492581602374
0 0.6241666666666666 0.8545994065281899 0.04 0.10682492581602374
0 0.5915666666666667 0.862433234421365 0.03363333333333325 0.1020771513353115
0 0.555 0.8694362017804155 0.03833333333333333 0.11572700296735905
0 0.5166666666666667 0.8724035608308606 0.04 0.12759643916913946
0 0.4708333333333333 0.8931750741839762 0.028333333333333332 0.13353115727002968
0 0.43 0.9050445103857567 0.055 0.14836795252225518
0 0.38416666666666666 0.913946587537092 0.05333333333333334 0.142433234421365
0 0.3325 0.9272997032640949 0.055 0.142433234421365
0 0.27666666666666667 0.9332344213649851 0.06166666666666667 0.12759643916913946
0 0.21333333333333335 0.9362017804154302 0.06666666666666667 0.12462908011869436
0 0.1475 0.9436201780415431 0.07166666666666667 0.10682492581602374
0 0.09583333333333334 0.9525222551928784 0.041666666666666664 0.08902077151335312
0 0.20833333333333334 0.11572700296735905 0.06333333333333334 0.17210682492581603
0 0.26416666666666666 0.13649851632047477 0.058333333333333334 0.1632047477744807
0 0.3151 0.1455786350148368 0.04379999999999996 0.14925816023738875
0 0.36583333333333334 0.17210682492581603 0.05333333333333334 0.1513353115727003
0 0.4125 0.18545994065281898 0.04666666666666667 0.14540059347181009
0 0.45166666666666666 0.20029673590504452 0.03333333333333333 0.13353115727002968
0 0.5025 0.2195845697329377 0.028333333333333332 0.12759643916913946
0 0.09166666666666666 0.22700296735905046 0.051666666666666666 0.18991097922848665
0 0.5358333333333334 0.22997032640949555 0.04 0.12462908011869436
0 0.5699666666666667 0.2422255192878338 0.03408333333333341 0.11255192878338281
0 0.14416666666666667 0.2433234421364985 0.056666666666666664 0.14540059347181009
0 0.6008333333333333 0.2522255192878338 0.03166666666666667 0.11572700296735905
0 0.635 0.2626112759643917 0.03333333333333333 0.11572700296735905
0 0.20916666666666667 0.26706231454005935 0.06666666666666667 0.17210682492581603
0 0.6675 0.2685459940652819 0.03 0.10979228486646884
0 0.6925 0.2744807121661721 0.03 0.11275964391691394
0 0.2675 0.2789317507418398 0.055 0.1543026706231454
0 0.31916666666666665 0.2952522255192878 0.05333333333333334 0.1513353115727003