0 0.5964391691394659 0.16666666666666666 0.08605341246290801 0.09333333333333334
0 0.5103857566765578 0.18083333333333335 0.08605341246290801 0.09
0 0.9599406528189911 0.19083333333333333 0.07418397626112759 0.08833333333333333
0 0.43768545994065283 0.1975 0.06824925816023739 0.08333333333333333
0 0.8649851632047477 0.20583333333333334 0.11572700296735905 0.08166666666666667
0 0.38130563798219586 0.21166666666666667 0.05934718100890208 0.075
0 0.7655786350148368 0.22083333333333333 0.07418397626112759 0.07666666666666666
0 0.31305637982195844 0.22333333333333333 0.06528189910979229 0.065
0 0.685459940652819 0.23 0.09792284866468842 0.085
0 0.258160237388724 0.23416666666666666 0.04747774480712166 0.06333333333333334
0 0.2032640949554896 0.24416666666666667 0.05637982195845697 0.056666666666666664
0 0.5890207715133531 0.24583333333333332 0.09198813056379822 0.085
0 0.5059347181008902 0.25583333333333336 0.08011869436201781 0.08
0 0.15578635014836795 0.25833333333333336 0.04154302670623145 0.051666666666666666
0 0.956973293768546 0.27166666666666667 0.08011869436201781 0.07333333333333333
0 0.4332344213649852 0.2725 0.07418397626112759 0.075
0 0.11566765578635015 0.27563333333333334 0.040118694362017794 0.04465000000000004
0 0.3724035608308605 0.2825 0.05341246290801187 0.07333333333333333
0 0.8649851632047477 0.28583333333333333 0.09792284866468842 0.06666666666666667
0 0.3115727002967359 0.2891666666666667 0.05934718100890208 0.06833333333333333
0 0.0700593471810089 0.2891833333333333 0.04014836795252226 0.046850000000000024
0 0.7611275964391692 0.2966666666666667 0.08605341246290801 0.06333333333333334
0 0.2551928783382789 0.3025 0.04747774480712166 0.065
0 0.19881305637982197 0.30333333333333334 0.050445103857566766 0.056666666666666664
0 0.6780415430267063 0.31 0.09792284866468842 0.06166666666666667
0 0.15281899109792285 0.315 0.03560830860534125 0.055
0 0.586053412462908 0.32 0.09198813056379822 0.07166666666666667
0 0.1143620178041543 0.3210166666666667 0.04534124629080119 0.04465000000000004
0 0.49851632047477745 0.3283333333333333 0.0771513353115727 0.07333333333333333
0 0.02445103857566766 0.33236666666666664 0.04798219584569734 0.061499999999999964
0 0.06744807121661721 0.3334666666666667 0.04014836795252226 0.04758333333333335
0 0.42729970326409494 0.33916666666666667 0.06824925816023739 0.06833333333333333
0 0.36795252225519287 0.3475 0.05934718100890208 0.06
0 0.30415430267062316 0.355 0.06231454005934718 0.051666666666666666
0 0.24629080118694363 0.3616666666666667 0.04451038575667656 0.056666666666666664
0 0.005548961424332344 0.3631166666666667 0.007596439169139467 0.001466666666666659
0 0.19287833827893175 0.365 0.050445103857566766 0.05333333333333334
0 0.14391691394658754 0.37083333333333335 0.03857566765578635 0.051666666666666666
0 0.10721068249258162 0.3741 0.041424332344213645 0.04978333333333334
0 0.0629080118694362 0.38508333333333333 0.04925816023738873 0.04831666666666668
0 0.8471810089020771 0.38916666666666666 0.13056379821958458 0.09
0 0.7344213649851632 0.3975 0.10682492581602374 0.095
0 0.642433234421365 0.4083333333333333 0.09198813056379822 0.09333333333333334
0 0.9451038575667656 0.4125 0.05934718100890208 0.07333333333333333
0 0.5534124629080118 0.42 0.0830860534124629 0.09333333333333334
0 0.4732937685459941 0.4241666666666667 0.09495548961424333 0.09333333333333334
0 0.40059347181008903 0.42833333333333334 0.0712166172106825 0.09166666666666666
0 0.34421364985163205 0.43416666666666665 0.07418397626112759 0.08333333333333333
0 0.28338278931750743 0.43833333333333335 0.06824925816023739 0.075
0 0.22106824925816024 0.44083333333333335 0.050445103857566766 0.065
0 0.8486646884272997 0.4866666666666667 0.12166172106824925 0.09666666666666666
0 0.9451038575667656 0.4891666666666667 0.06528189910979229 0.085
0 0.7329376854599406 0.4925 0.10089020771513353 0.09333333333333334
0 0.6335311572700296 0.49833333333333335 0.08605341246290801 0.08833333333333333
0 0.5519287833827893 0.5 0.0771513353115727 0.07833333333333334
0 0.46735905044510384 0.5058333333333334 0.08011869436201781 0.07833333333333334
0 0.26706231454005935 0.5091666666666667 0.06231454005934718 0.07666666666666666
0 0.3323442136498516 0.51 0.07418397626112759 0.075
0 0.39317507418397624 0.51 0.06824925816023739 0.07833333333333334
0 0.20474777448071216 0.5125 0.05934718100890208 0.06833333333333333
0 0.14097922848664687 0.5965166666666667 0.06213649851632047 0.059516666666666725
0 0.19584569732937684 0.5966666666666667 0.0712166172106825 0.08
0 0.3115727002967359 0.5983333333333334 0.06824925816023739 0.08166666666666667
0 0.37537091988130566 0.6 0.08605341246290801 0.08833333333333333
0 0.2551928783382789 0.6008333333333333 0.06231454005934718 0.08166666666666667
0 0.456973293768546 0.6025 0.0771513353115727 0.08833333333333333
0 0.6379821958456974 0.6025 0.08902077151335312 0.09666666666666666
0 0.5415430267062314 0.605 0.10682492581602374 0.09833333333333333
0 0.7329376854599406 0.61 0.10089020771513353 0.09333333333333334
0 0.8620178041543026 0.6133333333333333 0.13353115727002968 0.10166666666666667
0 0.12804154302670623 0.6656333333333333 0.052729970326409484 0.07208333333333333
0 0.18545994065281898 0.6683333333333333 0.06528189910979229 0.07833333333333334
0 0.2403560830860534 0.6766666666666666 0.06231454005934718 0.07666666666666666
0 0.30118694362017806 0.68 0.06231454005934718 0.08166666666666667
0 0.3649851632047478 0.6833333333333333 0.08902077151335312 0.08833333333333333
0 0.4495548961424332 0.6908333333333333 0.0771513353115727 0.09166666666666666
0 0.5311572700296736 0.6983333333333334 0.10682492581602374 0.09666666666666666
0 0.6320474777448071 0.7008333333333333 0.09495548961424333 0.10333333333333333
0 0.7344213649851632 0.7116666666666667 0.10385756676557864 0.10833333333333334
0 0.8516320474777448 0.72 0.12166172106824925 0.11333333333333333
0 0.3264094955489614 0.7633333333333333 0.06231454005934718 0.055
0 0.40059347181008903 0.7716666666666666 0.09198813056379822 0.056666666666666664
0 0.4836795252225519 0.7866666666666666 0.08605341246290801 0.06166666666666667
0 0.5623145400593472 0.7941666666666667 0.08011869436201781 0.06
0 0.6468842729970327 0.8075 0.09495548961424333 0.06333333333333334
0 0.7507418397626113 0.8208333333333333 0.11275964391691394 0.07166666666666667
0 0.8590504451038575 0.8325 0.10979228486646884 0.07666666666666666
0 0.30118694362017806 0.8366666666666667 0.08011869436201781 0.09833333333333333
0 0.37537091988130566 0.8525 0.07418397626112759 0.11
0 0.45845697329376855 0.8641666666666666 0.08011869436201781 0.1
0 0.5415430267062314 0.8841666666666667 0.0830860534124629 0.10666666666666667
0 0.9525222551928784 0.8925 0.08902077151335312 0.07833333333333334
0 0.6320474777448071 0.9033333333333333 0.10385756676557864 0.12333333333333334
0 0.7373887240356083 0.9216666666666666 0.10979228486646884 0.12833333333333333
0 0.8545994065281899 0.9366666666666666 0.10089020771513353 0.12333333333333334
0 0.9510385756676558 0.965 0.09198813056379822 0.06666666666666667
0 0.9599406528189911 0.1025 0.07418397626112759 0.10166666666666667
0 0.8664688427299704 0.115 0.10979228486646884 0.08333333333333333
0 0.7759643916913946 0.14 0.0712166172106825 0.07333333333333333
0 0.685459940652819 0.1425 0.10385756676557864 0.08666666666666667