0 0.8066666666666666 0.38427299703264095 0.07166666666666667 0.1513353115727003
0 0.7441666666666666 0.39317507418397624 0.065 0.13649851632047477
0 0.6808333333333333 0.3991097922848665 0.06333333333333334 0.13353115727002968
0 0.6208333333333333 0.40059347181008903 0.06 0.13649851632047477
0 0.5141666666666667 0.4094955489614243 0.07 0.13056379821958458
0 0.2025 0.4124629080118694 0.06 0.142433234421365
0 0.38916666666666666 0.413946587537092 0.06333333333333334 0.13056379821958458
0 0.455 0.413946587537092 0.058333333333333334 0.13056379821958458
0 0.3283333333333333 0.41543026706231456 0.06 0.13353115727002968
0 0.2683333333333333 0.4169139465875371 0.06166666666666667 0.142433234421365
0 0.14083333333333334 0.4169139465875371 0.07333333333333333 0.142433234421365
0 0.26416666666666666 0.586053412462908 0.056666666666666664 0.1394658753709199
0 0.5425 0.629080118694362 0.04666666666666667 0.10385756676557864
0 0.3641666666666667 0.6379821958456974 0.04833333333333333 0.10682492581602374
0 0.41083333333333333 0.6394658753709199 0.05 0.09792284866468842
0 0.315 0.6454005934718101 0.04666666666666667 0.10089020771513353
0 0.20166666666666666 0.7314540059347181 0.06 0.142433234421365
0 0.5433333333333333 0.7314540059347181 0.04833333333333333 0.11275964391691394
0 0.26 0.7344213649851632 0.06 0.13056379821958458
0 0.36333333333333334 0.744807121661721 0.051666666666666666 0.10089020771513353
0 0.45916666666666667 0.744807121661721 0.051666666666666666 0.10682492581602374
0 0.41083333333333333 0.744807121661721 0.04666666666666667 0.10385756676557864
0 0.3125 0.7507418397626113 0.043333333333333335 0.09792284866468842
0 0.49666666666666665 0.9050445103857567 0.06333333333333334 0.16023738872403562
0 0.43333333333333335 0.9065281899109793 0.06166666666666667 0.16023738872403562
0 0.7391666666666666 0.25370919881305637 0.06333333333333334 0.12462908011869436
0 0.6183333333333333 0.2596439169139466 0.06 0.13056379821958458
0 0.6783333333333333 0.26112759643916916 0.06333333333333334 0.14836795252225518
0 0.51 0.2744807121661721 0.06333333333333334 0.14836795252225518
0 0.45 0.27596439169139464 0.056666666666666664 0.13649851632047477
0 0.32916666666666666 0.2774480712166172 0.06166666666666667 0.142433234421365
0 0.3875 0.2789317507418398 0.06 0.14836795252225518
0 0.26666666666666666 0.2818991097922849 0.056666666666666664 0.13649851632047477
0 0.14416666666666667 0.28635014836795253 0.06166666666666667 0.1394658753709199