0 0.6258333333333334 0.30712166172106825 0.08666666666666667 0.21364985163204747
0 0.5416666666666666 0.3219584569732938 0.08833333333333333 0.20771513353115728
0 0.165 0.3353115727002967 0.04 0.10385756676557864
0 0.4633333333333333 0.3397626112759644 0.07333333333333333 0.19881305637982197
0 0.12583333333333332 0.34124629080118696 0.03833333333333333 0.10089020771513353
0 0.06676666666666667 0.037388724035608306 0.04016666666666666 0.07477744807121661
0 0.3925 0.35756676557863504 0.07166666666666667 0.18991097922848665
0 0.0775 0.3664688427299703 0.056666666666666664 0.08902077151335312
0 0.03166666666666667 0.36795252225519287 0.03166666666666667 0.09495548961424333
0 0.32916666666666666 0.37537091988130566 0.06333333333333334 0.19287833827893175
0 0.008333333333333333 0.3798219584569733 0.016666666666666666 0.09495548961424333
0 0.2925 0.03857566765578635 0.058333333333333334 0.0771513353115727
0 0.025 0.040059347181008904 0.05 0.08011869436201781
0 0.27 0.39020771513353114 0.058333333333333334 0.18397626112759644
0 0.2125 0.3961424332344214 0.055 0.17507418397626112
0 0.15916666666666668 0.43768545994065283 0.045 0.10089020771513353
0 0.1175 0.4465875370919881 0.03833333333333333 0.09792284866468842
0 0.07083333333333333 0.4599406528189911 0.058333333333333334 0.08902077151335312
0 0.0275 0.4658753709198813 0.03 0.0830860534124629
0 0.23916666666666667 0.04896142433234421 0.04833333333333333 0.09792284866468842
0 0.7258333333333333 0.5667655786350149 0.09833333333333333 0.2433234421364985
0 0.8383333333333334 0.56973293768546 0.12333333333333334 0.24925816023738873
0 0.6325 0.5712166172106825 0.095 0.23738872403560832
0 0.4658333333333333 0.5801186943620178 0.08 0.2166172106824926
0 0.5466666666666666 0.5801186943620178 0.09166666666666666 0.2314540059347181
0 0.3925 0.5890207715133531 0.07166666666666667 0.20178041543026706
0 0.3283333333333333 0.5905044510385756 0.06333333333333334 0.18991097922848665
0 0.2733333333333333 0.6023738872403561 0.05333333333333334 0.19584569732937684
0 0.2175 0.6320474777448071 0.056666666666666664 0.1513353115727003
0 0.10916666666666666 0.6320474777448071 0.045 0.1632047477744807
0 0.15916666666666668 0.6320474777448071 0.051666666666666666 0.16023738872403562
0 0.18666666666666668 0.06676557863501484 0.05333333333333334 0.10979228486646884
0 0.03 0.6617210682492581 0.035 0.11572700296735905
0 0.06666666666666667 0.6646884272997032 0.03666666666666667 0.11869436201780416
0 0.021666666666666667 0.7952522255192879 0.035 0.1513353115727003
0 0.2683333333333333 0.7967359050445104 0.05333333333333334 0.19287833827893175
0 0.215 0.798219584569733 0.056666666666666664 0.17210682492581603
0 0.15666666666666668 0.798219584569733 0.056666666666666664 0.1661721068249258
0 0.3233333333333333 0.7997032640949555 0.06666666666666667 0.2166172106824926
0 0.105 0.7997032640949555 0.04666666666666667 0.16023738872403562
0 0.059166666666666666 0.8011869436201781 0.041666666666666664 0.1543026706231454
0 0.3908333333333333 0.8026706231454006 0.07166666666666667 0.2195845697329377
0 0.4666666666666667 0.8071216617210683 0.08 0.22551928783382788
0 0.55 0.8100890207715133 0.08333333333333333 0.2314540059347181
0 0.6358333333333334 0.8115727002967359 0.08666666666666667 0.2433234421364985
0 0.7358333333333333 0.8204747774480712 0.10833333333333334 0.26112759643916916
0 0.845 0.8249258160237388 0.12333333333333334 0.27299703264094954
0 0.7075 0.09050445103857567 0.1 0.18100890207715134
0 0.1425 0.09643916913946587 0.035 0.09792284866468842
0 0.6208333333333333 0.09792284866468842 0.08666666666666667 0.19584569732937684
0 0.10833333333333334 0.10682492581602374 0.03333333333333333 0.09792284866468842
0 0.5383333333333333 0.1201780415430267 0.085 0.21364985163204747
0 0.06666666666666667 0.1261127596439169 0.043333333333333335 0.09495548961424333
0 0.0225 0.13353115727002968 0.045 0.11275964391691394
0 0.4625 0.1572700296735905 0.06666666666666667 0.20771513353115728
0 0.3908333333333333 0.16765578635014836 0.06666666666666667 0.18694362017804153
0 0.3325 0.1913946587537092 0.06 0.18694362017804153
0 0.2733333333333333 0.20919881305637983 0.06 0.18100890207715134
0 0.17583333333333334 0.22403560830860533 0.04666666666666667 0.11275964391691394
0 0.10333333333333333 0.026706231454005934 0.04 0.05341246290801187
0 0.13083333333333333 0.23738872403560832 0.041666666666666664 0.10089020771513353
0 0.8158333333333333 0.2507418397626113 0.10666666666666667 0.22551928783382788
0 0.07916666666666666 0.271513353115727 0.055 0.09792284866468842
0 0.035 0.27596439169139464 0.028333333333333332 0.08605341246290801
0 0.01 0.2878338278931751 0.02 0.09792284866468842
0 0.7141666666666666 0.29376854599406527 0.10166666666666667 0.22255192878338279