0 0.33916666666666667 0.4688427299703264 0.07166666666666667 0.18991097922848665
0 0.2725 0.47181008902077154 0.06333333333333334 0.18694362017804153
0 0.4125 0.47181008902077154 0.07166666666666667 0.19287833827893175
0 0.6366666666666667 0.4732937685459941 0.07666666666666666 0.19287833827893175
0 0.7141666666666666 0.4732937685459941 0.08 0.19287833827893175
0 0.4866666666666667 0.4762611275964392 0.07333333333333333 0.19287833827893175
0 0.12916666666666668 0.4762611275964392 0.07 0.14836795252225518
0 0.5608333333333333 0.47774480712166173 0.075 0.19881305637982197
0 0.06 0.47774480712166173 0.06166666666666667 0.1513353115727003
0 0.2025 0.4792284866468843 0.06666666666666667 0.16023738872403562
0 0.7958333333333333 0.4821958456973294 0.07833333333333334 0.19287833827893175
0 0.125 0.6350148367952523 0.07166666666666667 0.17507418397626112
0 0.05416666666666667 0.6394658753709199 0.065 0.1661721068249258
0 0.19916666666666666 0.6483679525222552 0.065 0.1632047477744807
0 0.26666666666666666 0.6498516320474778 0.07 0.17210682492581603
0 0.335 0.6528189910979229 0.07166666666666667 0.18100890207715134
0 0.4091666666666667 0.658753709198813 0.07333333333333333 0.18100890207715134
0 0.4816666666666667 0.6602373887240356 0.07333333333333333 0.17804154302670624
0 0.5583333333333333 0.6617210682492581 0.07333333333333333 0.18100890207715134
0 0.7133333333333334 0.6646884272997032 0.07666666666666666 0.18991097922848665
0 0.6366666666666667 0.6661721068249258 0.07833333333333334 0.19287833827893175
0 0.7933333333333333 0.6706231454005934 0.085 0.19287833827893175
0 0.09166666666666666 0.06973293768545995 0.05 0.11869436201780416
0 0.14083333333333334 0.07566765578635015 0.051666666666666666 0.11869436201780416
0 0.7141666666666666 0.08456973293768547 0.08166666666666667 0.16913946587537093
0 0.35 0.841246290801187 0.056666666666666664 0.12166172106824925
0 0.4191666666666667 0.8427299703264095 0.06 0.13056379821958458
0 0.495 0.8501483679525222 0.06 0.12759643916913946
0 0.645 0.8545994065281899 0.056666666666666664 0.142433234421365
0 0.57 0.857566765578635 0.06 0.13353115727002968
0 0.6375 0.08753709198813056 0.075 0.17210682492581603
0 0.7258333333333333 0.8635014836795252 0.05333333333333334 0.12759643916913946
0 0.7975 0.8664688427299704 0.06333333333333334 0.1394658753709199
0 0.3458333333333333 0.08902077151335312 0.07166666666666667 0.17804154302670624
0 0.5625 0.08902077151335312 0.07666666666666666 0.17804154302670624
0 0.4175 0.09050445103857567 0.07166666666666667 0.18100890207715134
0 0.2775 0.09198813056379822 0.07 0.17804154302670624
0 0.8866666666666667 0.9421364985163204 0.06833333333333333 0.10979228486646884
0 0.016666666666666666 0.09495548961424333 0.03333333333333333 0.12462908011869436
0 0.48833333333333334 0.09495548961424333 0.07333333333333333 0.18100890207715134
0 0.3425 0.9525222551928784 0.07166666666666667 0.08605341246290801
0 0.49 0.956973293768546 0.07 0.08011869436201781
0 0.415 0.9584569732937686 0.07 0.0771513353115727
0 0.5675 0.9614243323442137 0.06833333333333333 0.0712166172106825
0 0.7283333333333334 0.9614243323442137 0.07 0.0712166172106825
0 0.65 0.9643916913946587 0.07666666666666666 0.06528189910979229
0 0.8075 0.9703264094955489 0.07833333333333334 0.05341246290801187
0 0.08666666666666667 0.18694362017804153 0.056666666666666664 0.10385756676557864
0 0.1425 0.19287833827893175 0.051666666666666666 0.10089020771513353
0 0.0131 0.19691394658753708 0.0262 0.11329376854599409
0 0.795 0.2433234421364985 0.075 0.19881305637982197
0 0.7116666666666667 0.2551928783382789 0.08 0.18694362017804153
0 0.635 0.25667655786350146 0.075 0.18694362017804153
0 0.2 0.258160237388724 0.07333333333333333 0.18100890207715134
0 0.2708333333333333 0.26112759643916916 0.07166666666666667 0.16913946587537093
0 0.34 0.26112759643916916 0.07333333333333333 0.17210682492581603
0 0.485 0.26112759643916916 0.075 0.17507418397626112
0 0.56 0.26112759643916916 0.07666666666666666 0.17804154302670624
0 0.4116666666666667 0.2626112759643917 0.07166666666666667 0.17507418397626112
0 0.085 0.29080118694362017 0.051666666666666666 0.10682492581602374
0 0.13666666666666666 0.29080118694362017 0.056666666666666664 0.11275964391691394