0 0.5958333333333333 0.22555555555555556 0.05333333333333334 0.08888888888888889
0 0.6541666666666667 0.22555555555555556 0.055 0.08222222222222222
0 0.4875 0.22777777777777777 0.051666666666666666 0.08444444444444445
0 0.014166666666666666 0.22777777777777777 0.028333333333333332 0.17777777777777778
0 0.5433333333333333 0.23 0.051666666666666666 0.08444444444444445
0 0.05 0.2866666666666667 0.04833333333333333 0.15333333333333332
0 0.7116666666666667 0.2922222222222222 0.06 0.08888888888888889
0 0.7691666666666667 0.29333333333333333 0.058333333333333334 0.08
0 0.4008333333333333 0.2966666666666667 0.045 0.08444444444444445
0 0.29833333333333334 0.3011111111111111 0.056666666666666664 0.08888888888888889
0 0.6525 0.3011111111111111 0.055 0.07111111111111111
0 0.35 0.30333333333333334 0.055 0.08888888888888889
0 0.5408333333333334 0.3055555555555556 0.05333333333333334 0.06666666666666667
0 0.5966666666666667 0.30666666666666664 0.055 0.07111111111111111
0 0.4841666666666667 0.30777777777777776 0.05333333333333334 0.07111111111111111
0 0.095 0.3288888888888889 0.05 0.13333333333333333
0 0.13166666666666665 0.3611111111111111 0.03666666666666667 0.13111111111111112
0 0.165 0.39 0.03666666666666667 0.12444444444444444
0 0.20166666666666666 0.42444444444444446 0.04 0.11777777777777777
0 0.03666666666666667 0.42777777777777776 0.04833333333333333 0.1622222222222222
0 0.08083333333333333 0.4533333333333333 0.03833333333333333 0.1511111111111111
0 0.4497333333333333 0.4866222222222222 0.026416666666666703 0.11260000000000003
0 0.38 0.4888888888888889 0.05333333333333334 0.10444444444444445
0 0.2658333333333333 0.49 0.06333333333333334 0.10888888888888888
0 0.4925 0.49 0.058333333333333334 0.11333333333333333
0 0.12083333333333333 0.49 0.04 0.13777777777777778
0 0.325 0.4911111111111111 0.055 0.10444444444444445
0 0.5525 0.49333333333333335 0.056666666666666664 0.1111111111111111
0 0.6675 0.49333333333333335 0.055 0.11555555555555555
0 0.61 0.49444444444444446 0.056666666666666664 0.10666666666666667
0 0.15916666666666668 0.5022222222222222 0.035 0.13111111111111112
0 0.18916666666666668 0.5277777777777778 0.03333333333333333 0.11777777777777777
0 0.25916666666666666 0.5911111111111111 0.06 0.10444444444444445
0 0.32 0.5933333333333334 0.056666666666666664 0.1
0 0.37666666666666665 0.5944444444444444 0.058333333333333334 0.10666666666666667
0 0.4891666666666667 0.5955555555555555 0.055 0.10888888888888888
0 0.6666666666666666 0.5955555555555555 0.04666666666666667 0.10444444444444445
0 0.448 0.5976888888888888 0.02988333333333325 0.09717777777777782
0 0.5533333333333333 0.5977777777777777 0.056666666666666664 0.10444444444444445
0 0.6108333333333333 0.6033333333333334 0.06 0.1
0 0.04083333333333333 0.6222222222222222 0.065 0.1688888888888889
0 0.09416666666666666 0.6344444444444445 0.041666666666666664 0.14666666666666667
0 0.13916666666666666 0.6533333333333333 0.043333333333333335 0.14444444444444443
0 0.18 0.6677777777777778 0.03833333333333333 0.12666666666666668
0 0.22166666666666668 0.6711111111111111 0.03666666666666667 0.12222222222222222
0 0.25583333333333336 0.6966666666666667 0.056666666666666664 0.10666666666666667
0 0.31583333333333335 0.6977777777777778 0.058333333333333334 0.1111111111111111
0 0.44416666666666665 0.6988888888888889 0.025 0.10666666666666667
0 0.37583333333333335 0.7 0.055 0.10666666666666667
0 0.48833333333333334 0.7033333333333334 0.058333333333333334 0.10888888888888888
0 0.55 0.7055555555555556 0.06 0.11333333333333333
0 0.6641666666666667 0.7055555555555556 0.043333333333333335 0.11777777777777777
0 0.61 0.7077777777777777 0.055 0.1111111111111111
0 0.07916666666666666 0.7844444444444445 0.05 0.15555555555555556
0 0.0275 0.7855555555555556 0.055 0.1622222222222222
0 0.2075 0.7922222222222223 0.03833333333333333 0.11777777777777777
0 0.16583333333333333 0.7922222222222223 0.04666666666666667 0.1288888888888889
0 0.1225 0.7944444444444444 0.03833333333333333 0.14
0 0.6025 0.8911111111111111 0.06666666666666667 0.07111111111111111
0 0.4816666666666667 0.8933333333333333 0.055 0.057777777777777775
0 0.5416666666666666 0.8955555555555555 0.05333333333333334 0.05555555555555555
0 0.3 0.9155555555555556 0.058333333333333334 0.11777777777777777
0 0.35833333333333334 0.9155555555555556 0.06 0.1111111111111111
0 0.205 0.9177777777777778 0.03666666666666667 0.12444444444444444
0 0.165 0.9222222222222223 0.043333333333333335 0.14
0 0.11833333333333333 0.9311111111111111 0.05 0.13333333333333333
0 0.6641666666666667 0.9322222222222222 0.04666666666666667 0.12222222222222222
0 0.065 0.9333333333333333 0.055 0.1288888888888889
0 0.7641666666666667 0.11444444444444445 0.06 0.10444444444444445
0 0.7066666666666667 0.11777777777777777 0.06 0.11333333333333333
0 0.5958333333333333 0.12333333333333334 0.05333333333333334 0.09333333333333334
0 0.49083333333333334 0.12777777777777777 0.051666666666666666 0.10222222222222223
0 0.35833333333333334 0.13 0.05333333333333334 0.10444444444444445
0 0.4066666666666667 0.13 0.05 0.10666666666666667
0 0.5416666666666666 0.13 0.05 0.09333333333333334
0 0.6533333333333333 0.14 0.051666666666666666 0.08666666666666667
0 0.7658333333333334 0.20555555555555555 0.056666666666666664 0.1
0 0.7091666666666666 0.20666666666666667 0.058333333333333334 0.1111111111111111
0 0.405 0.21333333333333335 0.05 0.09777777777777778
0 0.3016666666666667 0.21777777777777776 0.058333333333333334 0.10222222222222223
0 0.355 0.22 0.055 0.10222222222222223