0 0.91 0.3433333333333333 0.17833333333333334 0.31333333333333335
0 0.7466666666666667 0.6633333333333333 0.18166666666666667 0.33111111111111113
0 0.9216666666666666 0.67 0.15166666666666667 0.33111111111111113
0 0.42583333333333334 0.39444444444444443 0.13833333333333334 0.2688888888888889
0 0.12916666666666668 0.38555555555555554 0.15166666666666667 0.2777777777777778
0 0.5666666666666667 0.6677777777777778 0.15333333333333332 0.3088888888888889
0 0.5666666666666667 0.3811111111111111 0.15 0.28
0 0.74 0.35 0.16666666666666666 0.29555555555555557
0 0.2825 0.3811111111111111 0.14666666666666667 0.27111111111111114
0 0.11333333333333333 0.6511111111111111 0.165 0.28888888888888886
0 0.27 0.6611111111111111 0.14 0.3
0 0.41583333333333333 0.6755555555555556 0.14 0.2866666666666667