0 0.21333333333333335 0.28444444444444444 0.06 0.05555555555555555
0 0.27666666666666667 0.31555555555555553 0.06666666666666667 0.07111111111111111
0 0.3408333333333333 0.3411111111111111 0.06 0.057777777777777775
0 0.19916666666666666 0.34555555555555556 0.08333333333333333 0.08222222222222222
0 0.2733333333333333 0.37777777777777777 0.065 0.07777777777777778
0 0.4583333333333333 0.39 0.06 0.08222222222222222
0 0.33916666666666667 0.4033333333333333 0.065 0.07111111111111111
0 0.4066666666666667 0.4077777777777778 0.055 0.07111111111111111
0 0.17916666666666667 0.4166666666666667 0.08833333333333333 0.08666666666666667
0 0.57 0.4177777777777778 0.06666666666666667 0.07333333333333333
0 0.6208333333333333 0.43444444444444447 0.05333333333333334 0.06
0 0.2675 0.44333333333333336 0.07166666666666667 0.08
0 0.4625 0.45222222222222225 0.06166666666666667 0.08888888888888889
0 0.6708333333333333 0.4588888888888889 0.051666666666666666 0.07333333333333333
0 0.33916666666666667 0.4688888888888889 0.07 0.07333333333333333
0 0.5833333333333334 0.4777777777777778 0.056666666666666664 0.06888888888888889
0 0.4083333333333333 0.48444444444444446 0.058333333333333334 0.08888888888888889
0 0.7133333333333334 0.48444444444444446 0.04666666666666667 0.06888888888888889
0 0.6383333333333333 0.5055555555555555 0.06 0.08
0 0.8108333333333333 0.5111111111111111 0.06333333333333334 0.06888888888888889
0 0.4675 0.5133333333333333 0.06333333333333334 0.08222222222222222
0 0.6933333333333334 0.5222222222222223 0.05333333333333334 0.07111111111111111
0 0.54 0.5355555555555556 0.07833333333333334 0.09111111111111111
0 0.7416666666666667 0.5511111111111111 0.041666666666666664 0.06444444444444444
0 0.5991666666666666 0.5544444444444444 0.06833333333333333 0.09333333333333334
0 0.785 0.5622222222222222 0.051666666666666666 0.08666666666666667
0 0.2675 0.5644444444444444 0.07833333333333334 0.09777777777777778
0 0.6616666666666666 0.5855555555555556 0.06 0.07777777777777778
0 0.7158333333333333 0.6 0.06666666666666667 0.08888888888888889
0 0.35 0.6044444444444445 0.08166666666666667 0.08666666666666667
0 0.7616666666666667 0.6144444444444445 0.04833333333333333 0.06888888888888889
0 0.15833333333333333 0.6266666666666667 0.08833333333333333 0.13777777777777778
0 0.4266666666666667 0.6311111111111111 0.08 0.10444444444444445
0 0.935 0.6411111111111111 0.056666666666666664 0.07555555555555556
0 0.5025 0.6433333333333333 0.06166666666666667 0.08222222222222222
0 0.8766666666666667 0.6555555555555556 0.065 0.07555555555555556
0 0.25583333333333336 0.6644444444444444 0.085 0.11777777777777777
0 0.9191666666666667 0.6688888888888889 0.03833333333333333 0.05555555555555555
0 0.3475 0.6955555555555556 0.08833333333333333 0.09555555555555556
0 0.6866666666666666 0.7022222222222222 0.07 0.06
0 0.42833333333333334 0.7222222222222222 0.08166666666666667 0.1
0 0.8083333333333333 0.7277777777777777 0.07166666666666667 0.06
0 0.5083333333333333 0.7422222222222222 0.07666666666666666 0.10222222222222223
0 0.7041666666666667 0.7622222222222222 0.075 0.06444444444444444
0 0.5866666666666667 0.7688888888888888 0.08333333333333333 0.11333333333333333
0 0.9025 0.7777777777777778 0.08 0.07555555555555556
0 0.9591666666666666 0.79 0.06666666666666667 0.09111111111111111
0 0.8341666666666666 0.79 0.07333333333333333 0.06444444444444444
0 0.7183333333333334 0.8322222222222222 0.07833333333333334 0.06222222222222222
0 0.8516666666666667 0.8588888888888889 0.075 0.08
0 0.905 0.8688888888888889 0.043333333333333335 0.06888888888888889
0 0.9566666666666667 0.8844444444444445 0.06166666666666667 0.07555555555555556