0 0.13416666666666666 0.2966666666666667 0.10333333333333333 0.17333333333333334
0 0.2225 0.30444444444444446 0.08333333333333333 0.1711111111111111
0 0.30916666666666665 0.3111111111111111 0.09666666666666666 0.17555555555555555
0 0.405 0.31777777777777777 0.09833333333333333 0.17777777777777778
0 0.505 0.3244444444444444 0.10333333333333333 0.18666666666666668
0 0.605 0.33 0.10833333333333334 0.19555555555555557
0 0.8616666666666667 0.3411111111111111 0.13166666666666665 0.21777777777777776
0 0.7216666666666667 0.34555555555555556 0.11 0.2111111111111111
0 0.15 0.47 0.115 0.18444444444444444
0 0.24916666666666668 0.48 0.10666666666666667 0.1711111111111111
0 0.47 0.5066666666666667 0.105 0.19333333333333333
0 0.5808333333333333 0.5211111111111111 0.11333333333333333 0.20222222222222222
0 0.8458333333333333 0.5422222222222223 0.145 0.21333333333333335
0 0.7133333333333334 0.5433333333333333 0.11833333333333333 0.18222222222222223
0 0.1625 0.6366666666666667 0.10666666666666667 0.16
0 0.2575 0.6511111111111111 0.10666666666666667 0.16444444444444445
0 0.36 0.6655555555555556 0.10833333333333334 0.17333333333333334
0 0.465 0.6777777777777778 0.10666666666666667 0.18444444444444444
0 0.5775 0.7022222222222222 0.11666666666666667 0.19777777777777777
0 0.7025 0.7177777777777777 0.12 0.20666666666666667
0 0.8308333333333333 0.7388888888888889 0.14166666666666666 0.22
0 0.5483333333333333 0.9455555555555556 0.06666666666666667 0.10444444444444445
0 0.625 0.9533333333333334 0.07666666666666666 0.08888888888888889
0 0.71 0.96 0.08333333333333333 0.07555555555555556
0 0.215 0.11777777777777777 0.08833333333333333 0.19555555555555557
0 0.30083333333333334 0.12111111111111111 0.10666666666666667 0.19555555555555557
0 0.4033333333333333 0.12222222222222222 0.11 0.20222222222222222
0 0.8725 0.12444444444444444 0.13333333333333333 0.23555555555555555
0 0.5008333333333334 0.12555555555555556 0.10333333333333333 0.20666666666666667
0 0.6066666666666667 0.12666666666666668 0.10666666666666667 0.2088888888888889
0 0.73 0.13555555555555557 0.12 0.22
0 0.125 0.14777777777777779 0.09166666666666666 0.11555555555555555