0 0.1 0.3056379821958457 0.03833333333333333 0.12759643916913946
0 0.14 0.30712166172106825 0.04666666666666667 0.13056379821958458
0 0.011666666666666667 0.4065281899109792 0.023333333333333334 0.11572700296735905
0 0.03916666666666667 0.40801186943620177 0.03166666666666667 0.10682492581602374
0 0.07166666666666667 0.413946587537092 0.03166666666666667 0.11572700296735905
0 0.105 0.42136498516320475 0.035 0.11869436201780416
0 0.14166666666666666 0.4362017804154303 0.041666666666666664 0.13056379821958458
0 0.18083333333333335 0.4421364985163205 0.03833333333333333 0.12166172106824925
0 0.21916666666666668 0.45252225519287836 0.045 0.12759643916913946
0 0.31416666666666665 0.45845697329376855 0.058333333333333334 0.16023738872403562
0 0.26416666666666666 0.46439169139465875 0.045 0.12166172106824925
0 0.3591666666666667 0.46439169139465875 0.055 0.1632047477744807
0 0.4091666666666667 0.4762611275964392 0.058333333333333334 0.1661721068249258
0 0.465 0.4836795252225519 0.06166666666666667 0.1661721068249258
0 0.525 0.4896142433234421 0.056666666666666664 0.18100890207715134
0 0.5858333333333333 0.4896142433234421 0.065 0.18100890207715134
0 0.6508333333333334 0.49851632047477745 0.06833333333333333 0.18397626112759644
0 0.7258333333333333 0.5118694362017804 0.075 0.19584569732937684
0 0.04 0.5237388724035609 0.03333333333333333 0.11572700296735905
0 0.011666666666666667 0.5237388724035609 0.023333333333333334 0.11275964391691394
0 0.07583333333333334 0.5356083086053413 0.035 0.13353115727002968
0 0.10833333333333334 0.5459940652818991 0.028333333333333332 0.12462908011869436
0 0.1425 0.5608308605341247 0.043333333333333335 0.11572700296735905
0 0.18333333333333332 0.5682492581602374 0.03666666666666667 0.12462908011869436
0 0.22083333333333333 0.5771513353115727 0.03833333333333333 0.12759643916913946
0 0.26416666666666666 0.5905044510385756 0.043333333333333335 0.13056379821958458
0 0.30833333333333335 0.6023738872403561 0.04833333333333333 0.142433234421365
0 0.355 0.6112759643916914 0.05 0.1513353115727003
0 0.4083333333333333 0.6305637982195845 0.05333333333333334 0.142433234421365
0 0.46166666666666667 0.6468842729970327 0.056666666666666664 0.14836795252225518
0 0.5225 0.6572700296735905 0.06333333333333334 0.16023738872403562
0 0.585 0.6661721068249258 0.06166666666666667 0.17507418397626112
0 0.6508333333333334 0.6795252225519288 0.06666666666666667 0.17804154302670624
0 0.7191666666666666 0.7002967359050445 0.06 0.1661721068249258
0 0.31583333333333335 0.0771513353115727 0.04833333333333333 0.1543026706231454
0 0.365 0.07863501483679525 0.051666666666666666 0.1572700296735905
0 0.475 0.07863501483679525 0.06 0.1572700296735905
0 0.52 0.07863501483679525 0.035 0.1572700296735905
0 0.41833333333333333 0.08011869436201781 0.055 0.16023738872403562
0 0.23166666666666666 0.0830860534124629 0.041666666666666664 0.08011869436201781
0 0.028333333333333332 0.08902077151335312 0.03666666666666667 0.10682492581602374
0 0.19166666666666668 0.09050445103857567 0.03833333333333333 0.08011869436201781
0 0.27416666666666667 0.09050445103857567 0.04 0.08605341246290801
0 0.06416666666666666 0.09495548961424333 0.03666666666666667 0.11869436201780416
0 0.16 0.09643916913946587 0.02666666666666667 0.09198813056379822
0 0.12916666666666668 0.09792284866468842 0.03 0.10089020771513353
0 0.0975 0.10385756676557864 0.03 0.09198813056379822
0 0.22828333333333334 0.019317507418397627 0.03869999999999998 0.03860534124629081
0 0.2709166666666667 0.02065281899109792 0.040183333333333356 0.04127596439169139
0 0.13083333333333333 0.02373887240356083 0.03166666666666667 0.04747774480712166
0 0.19351666666666667 0.02397626112759644 0.03198333333333333 0.04795252225519288
0 0.15805 0.024629080118694364 0.03135 0.04925816023738873
0 0.09855 0.02596439169139466 0.027533333333333326 0.05192878338278932