0 0.3466666666666667 0.06231454005934718 0.10333333333333333 0.12462908011869436
0 0.43666666666666665 0.1261127596439169 0.08666666666666667 0.2522255192878338
0 0.23666666666666666 0.14688427299703263 0.145 0.2433234421364985
0 0.5183333333333333 0.1884272997032641 0.08666666666666667 0.17804154302670624
0 0.3575 0.23738872403560832 0.10666666666666667 0.24925816023738873
0 0.45 0.3219584569732938 0.09166666666666666 0.2195845697329377
0 0.6233333333333333 0.3264094955489614 0.10833333333333334 0.20178041543026706
0 0.535 0.3887240356083086 0.09166666666666666 0.2166172106824926
0 0.64 0.49554896142433236 0.10166666666666667 0.14540059347181009
0 0.13416666666666666 0.6364985163204748 0.19333333333333333 0.41839762611275966
0 0.3016666666666667 0.6810089020771514 0.14166666666666666 0.39465875370919884
0 0.41833333333333333 0.728486646884273 0.11833333333333333 0.34124629080118696
0 0.5125 0.7729970326409495 0.11 0.3056379821958457
0 0.5958333333333333 0.8041543026706232 0.105 0.28486646884273
0 0.6683333333333333 0.8219584569732937 0.095 0.2522255192878338
0 0.7291666666666666 0.8397626112759644 0.09166666666666666 0.2551928783382789
0 0.7908333333333334 0.8486646884272997 0.06333333333333334 0.24629080118694363