0 0.13833333333333334 0.3026706231454006 0.051666666666666666 0.14540059347181009
0 0.9066666666666666 0.31750741839762614 0.1 0.2314540059347181
0 0.2625 0.33382789317507416 0.06 0.18694362017804153
0 0.9708333333333333 0.3397626112759644 0.055 0.258160237388724
0 0.31583333333333335 0.3664688427299703 0.06166666666666667 0.21068249258160238
0 0.021666666666666667 0.37388724035608306 0.043333333333333335 0.1572700296735905
0 0.3725 0.3991097922848665 0.07333333333333333 0.21068249258160238
0 0.06 0.4050445103857567 0.05333333333333334 0.12759643916913946
0 0.10166666666666667 0.42729970326409494 0.05333333333333334 0.1394658753709199
0 0.44666666666666666 0.4287833827893175 0.07833333333333334 0.23738872403560832
0 0.1525 0.45103857566765576 0.055 0.13353115727002968
0 0.525 0.4629080118694362 0.09 0.2344213649851632
0 0.5983333333333334 0.04747774480712166 0.09333333333333334 0.09495548961424333
0 0.2708333333333333 0.49554896142433236 0.06166666666666667 0.17507418397626112
0 0.035833333333333335 0.5 0.045 0.10682492581602374
0 0.019166666666666665 0.050445103857566766 0.03833333333333333 0.07418397626112759
0 0.06166666666666667 0.050445103857566766 0.06333333333333334 0.10089020771513353
0 0.075 0.5237388724035609 0.045 0.11275964391691394
0 0.32166666666666666 0.5385756676557863 0.058333333333333334 0.17804154302670624
0 0.11666666666666667 0.5563798219584569 0.05 0.11869436201780416
0 0.37666666666666665 0.5786350148367952 0.07 0.1661721068249258
0 0.89 0.5845697329376854 0.09166666666666666 0.20474777448071216
0 0.16583333333333333 0.586053412462908 0.051666666666666666 0.12462908011869436
0 0.6941666666666667 0.05934718100890208 0.095 0.11869436201780416
0 0.12416666666666666 0.06083086053412463 0.056666666666666664 0.12166172106824925
0 0.44416666666666665 0.6216617210682492 0.06666666666666667 0.18991097922848665
0 0.97 0.6264094955489614 0.05928333333333323 0.17246290801186945
0 0.2791666666666667 0.6379821958456974 0.055 0.1543026706231454
0 0.765 0.06676557863501484 0.05 0.12462908011869436
0 0.51 0.6661721068249258 0.07333333333333333 0.21364985163204747
0 0.3258333333333333 0.6884272997032641 0.05333333333333334 0.142433234421365
0 0.5908333333333333 0.6913946587537092 0.08666666666666667 0.24629080118694363
0 0.8275 0.7299703264094956 0.04 0.1661721068249258
0 0.38083333333333336 0.7329376854599406 0.07 0.1632047477744807
0 0.6875 0.7462908011869436 0.06333333333333334 0.2195845697329377
0 0.885 0.755192878338279 0.07833333333333334 0.12462908011869436
0 0.445 0.7789317507418397 0.06166666666666667 0.1572700296735905
0 0.5125 0.8264094955489614 0.07 0.16913946587537093
0 0.23 0.08605341246290801 0.06333333333333334 0.16023738872403562
0 0.9476666666666667 0.8699406528189911 0.06203333333333338 0.20848664688427296
0 0.81 0.8738872403560831 0.03666666666666667 0.12462908011869436
0 0.5816666666666667 0.8783382789317508 0.08166666666666667 0.18694362017804153
0 0.8616666666666667 0.900593471810089 0.07833333333333334 0.1632047477744807
0 0.6716666666666666 0.9154302670623146 0.06666666666666667 0.1632047477744807
0 0.8016666666666666 0.9673590504451038 0.03666666666666667 0.05934718100890208
0 0.2875 0.09792284866468842 0.06166666666666667 0.18991097922848665
0 0.9383333333333334 0.09940652818991098 0.105 0.19287833827893175
0 0.3575 0.12759643916913946 0.08166666666666667 0.19584569732937684
0 0.43416666666666665 0.1394658753709199 0.07166666666666667 0.20474777448071216
0 0.5075 0.17507418397626112 0.07666666666666666 0.2166172106824926
0 0.5958333333333333 0.20771513353115728 0.095 0.21068249258160238
0 0.6825 0.22551928783382788 0.08333333333333333 0.2344213649851632
0 0.7516666666666667 0.2626112759643917 0.05 0.24925816023738873
0 0.08333333333333333 0.27596439169139464 0.04833333333333333 0.142433234421365