0 0.1675 0.30415430267062316 0.04 0.14540059347181009
0 0.7808333333333334 0.41839762611275966 0.15166666666666667 0.3798219584569733
0 0.6383333333333333 0.4362017804154303 0.13833333333333334 0.35311572700296734
0 0.5091666666666667 0.46142433234421365 0.12166666666666667 0.32047477744807124
0 0.3983333333333333 0.4792284866468843 0.10666666666666667 0.2997032640949555
0 0.30583333333333335 0.49554896142433236 0.09166666666666666 0.27299703264094954
0 0.1325 0.5029673590504451 0.08333333333333333 0.2433234421364985
0 0.215 0.5044510385756676 0.08666666666666667 0.26706231454005935
0 0.058333333333333334 0.5178041543026706 0.07 0.2314540059347181
0 0.9283333333333333 0.5311572700296736 0.13833333333333334 0.31750741839762614
0 0.19416666666666665 0.7744807121661721 0.09333333333333334 0.29080118694362017
0 0.03833333333333333 0.7744807121661721 0.065 0.2551928783382789
0 0.29 0.7818991097922848 0.10666666666666667 0.314540059347181
0 0.10916666666666666 0.7833827893175074 0.08333333333333333 0.27596439169139464
0 0.5025 0.787833827893175 0.12333333333333334 0.34421364985163205
0 0.39 0.7908011869436202 0.10666666666666667 0.3264094955489614
0 0.6325 0.7967359050445104 0.14333333333333334 0.3798219584569733
0 0.7816666666666666 0.7997032640949555 0.16 0.39465875370919884
0 0.9341666666666667 0.8456973293768546 0.12833333333333333 0.3026706231454006
0 0.5191666666666667 0.17062314540059348 0.125 0.3293768545994065
0 0.6041666666666666 0.1884272997032641 0.04833333333333333 0.14540059347181009
0 0.9208333333333333 0.23293768545994065 0.13666666666666666 0.29376854599406527
0 0.22916666666666666 0.28486646884273 0.08333333333333333 0.1661721068249258
0 0.09166666666666666 0.29376854599406527 0.10333333333333333 0.21068249258160238