0 0.4825 0.5222222222222223 0.056666666666666664 0.08666666666666667
0 0.615 0.5222222222222223 0.05 0.09777777777777778
0 0.125 0.5277777777777778 0.075 0.13111111111111112
0 0.1975 0.53 0.07833333333333334 0.12444444444444444
0 0.27666666666666667 0.53 0.065 0.11777777777777777
0 0.3466666666666667 0.5333333333333333 0.06833333333333333 0.11777777777777777
0 0.4166666666666667 0.5344444444444445 0.065 0.12222222222222222
0 0.8733333333333333 0.5377777777777778 0.06666666666666667 0.09333333333333334
0 0.5541666666666667 0.5411111111111111 0.07333333333333333 0.1288888888888889
0 0.7525 0.5433333333333333 0.08166666666666667 0.13333333333333333
0 0.815 0.5433333333333333 0.06833333333333333 0.10888888888888888
0 0.21583333333333332 0.6244444444444445 0.08 0.14666666666666667
0 0.6666666666666666 0.6344444444444445 0.07666666666666666 0.14444444444444443
0 0.525 0.6355555555555555 0.07333333333333333 0.14
0 0.44916666666666666 0.6388888888888888 0.07666666666666666 0.13555555555555557
0 0.83 0.6433333333333333 0.07166666666666667 0.09333333333333334
0 0.27515 0.6469777777777778 0.048883333333333306 0.11186666666666674
0 0.39166666666666666 0.6488888888888888 0.03166666666666667 0.10666666666666667
0 0.1125 0.6488888888888888 0.07333333333333333 0.10888888888888888
0 0.33916666666666667 0.6544444444444445 0.06833333333333333 0.12
0 0.8975 0.6544444444444445 0.07333333333333333 0.13777777777777778
0 0.61 0.6555555555555556 0.04 0.12222222222222222
0 0.765 0.6744444444444444 0.07833333333333334 0.14222222222222222
0 0.8425 0.7622222222222222 0.10166666666666667 0.14222222222222222
0 0.20666666666666667 0.7788888888888889 0.09 0.15333333333333332
0 0.9716666666666667 0.7788888888888889 0.055 0.12222222222222222
0 0.6866666666666666 0.78 0.08833333333333333 0.1511111111111111
0 0.6232833333333334 0.7814666666666668 0.04363333333333325 0.13404444444444455
0 0.1125 0.7822222222222223 0.085 0.1622222222222222
0 0.4525 0.7833333333333333 0.075 0.14888888888888888
0 0.5291666666666667 0.7833333333333333 0.075 0.14444444444444443
0 0.29083333333333333 0.7844444444444445 0.07333333333333333 0.15555555555555556
0 0.37 0.7844444444444445 0.08 0.1622222222222222
0 0.9225 0.7866666666666666 0.06 0.11333333333333333
0 0.7683333333333333 0.7877777777777778 0.05 0.10444444444444445
0 0.9516666666666667 0.8788888888888889 0.09333333333333334 0.07333333333333333
0 0.865 0.8811111111111111 0.075 0.07555555555555556
0 0.7 0.92 0.07833333333333334 0.12
0 0.62 0.9222222222222223 0.07833333333333334 0.14666666666666667
0 0.19583333333333333 0.9266666666666666 0.08666666666666667 0.13555555555555557
0 0.535 0.9277777777777778 0.085 0.14
0 0.4508333333333333 0.93 0.07333333333333333 0.13555555555555557
0 0.28 0.9322222222222222 0.08166666666666667 0.1288888888888889
0 0.36583333333333334 0.9322222222222222 0.09333333333333334 0.13111111111111112
0 0.10916666666666666 0.9333333333333333 0.08166666666666667 0.12444444444444444