0 0.4008333333333333 0.3249258160237389 0.058333333333333334 0.27596439169139464
0 0.7383333333333333 0.33382789317507416 0.015 0.11572700296735905
0 0.7175 0.3353115727002967 0.02666666666666667 0.10682492581602374
0 0.4525 0.3427299703264095 0.04666666666666667 0.2403560830860534
0 0.5008333333333334 0.35014836795252224 0.04833333333333333 0.22255192878338279
0 0.5358333333333334 0.36350148367952523 0.03833333333333333 0.19881305637982197
0 0.57 0.3694362017804154 0.03333333333333333 0.18694362017804153
0 0.5958333333333333 0.37091988130563797 0.023333333333333334 0.17507418397626112
0 0.6141666666666666 0.37833827893175076 0.03166666666666667 0.16913946587537093
0 0.6441666666666667 0.38130563798219586 0.03 0.1543026706231454
0 0.6283333333333333 0.6023738872403561 0.021666666666666667 0.14836795252225518
0 0.6058333333333333 0.615727002967359 0.02666666666666667 0.1572700296735905
0 0.5741666666666667 0.6231454005934718 0.035 0.17804154302670624
0 0.5483333333333333 0.6320474777448071 0.025 0.17507418397626112
0 0.5166666666666667 0.6439169139465876 0.02666666666666667 0.19287833827893175
0 0.4775 0.6735905044510386 0.051666666666666666 0.2195845697329377
0 0.425 0.7002967359050445 0.07166666666666667 0.2344213649851632
0 0.37833333333333335 0.7136498516320475 0.04666666666666667 0.2403560830860534
0 0.6216666666666667 0.755192878338279 0.028333333333333332 0.142433234421365
0 0.6008333333333333 0.7729970326409495 0.02666666666666667 0.14540059347181009
0 0.06916666666666667 0.7804154302670623 0.13 0.27002967359050445
0 0.5683333333333334 0.7997032640949555 0.035 0.1661721068249258
0 0.54 0.814540059347181 0.023333333333333334 0.16913946587537093
0 0.5108333333333334 0.8397626112759644 0.02666666666666667 0.19287833827893175
0 0.4741666666666667 0.887240356083086 0.045 0.19287833827893175
0 0.42 0.9050445103857567 0.058333333333333334 0.18100890207715134
0 0.25583333333333336 0.9154302670623146 0.08666666666666667 0.1632047477744807
0 0.3675 0.9198813056379822 0.041666666666666664 0.1543026706231454
0 0.16666666666666666 0.9287833827893175 0.07666666666666666 0.13649851632047477
0 0.6191666666666666 0.9510385756676558 0.03333333333333333 0.09495548961424333
0 0.06416666666666666 0.9525222551928784 0.11833333333333333 0.08902077151335312
0 0.4116666666666667 0.10534124629080119 0.058333333333333334 0.21068249258160238
0 0.4583333333333333 0.11572700296735905 0.05333333333333334 0.2314540059347181
0 0.5066666666666667 0.13204747774480713 0.05 0.2403560830860534
0 0.5441666666666667 0.16023738872403562 0.03833333333333333 0.2166172106824926
0 0.049166666666666664 0.16468842729970326 0.09833333333333333 0.3293768545994065
0 0.1525 0.17507418397626112 0.12333333333333334 0.34718100890207715
0 0.575 0.18100890207715134 0.041666666666666664 0.19287833827893175
0 0.6 0.20029673590504452 0.028333333333333332 0.18100890207715134
0 0.27 0.20178041543026706 0.11 0.3115727002967359
0 0.6241666666666666 0.21513353115727002 0.03666666666666667 0.16913946587537093
0 0.7216666666666667 0.21513353115727002 0.04 0.12166172106824925
0 0.65 0.2314540059347181 0.025 0.14836795252225518