0 0.21083333333333334 0.3916913946587537 0.13 0.3649851632047478
0 0.3475 0.4035608308605341 0.13666666666666666 0.3827893175074184
0 0.4866666666666667 0.41097922848664686 0.14166666666666666 0.3857566765578635
0 0.635 0.43026706231454004 0.155 0.39762611275964393
0 0.7908333333333334 0.443620178041543 0.16333333333333333 0.4065281899109792
0 0.185 0.07270029673590504 0.145 0.142433234421365
0 0.22416666666666665 0.7240356083086054 0.13333333333333333 0.31750741839762614
0 0.3541666666666667 0.7418397626112759 0.13333333333333333 0.3293768545994065
0 0.485 0.7566765578635015 0.13666666666666666 0.3590504451038576
0 0.335 0.08011869436201781 0.13333333333333333 0.16023738872403562
0 0.6258333333333334 0.787833827893175 0.145 0.35014836795252224
0 0.77 0.798219584569733 0.15833333333333333 0.37388724035608306
0 0.4816666666666667 0.0830860534124629 0.155 0.1661721068249258
0 0.8008333333333333 0.08605341246290801 0.15666666666666668 0.16913946587537093
0 0.64 0.08902077151335312 0.15666666666666668 0.17210682492581603