0 0.06416666666666666 0.41839762611275966 0.04666666666666667 0.19881305637982197
0 0.20833333333333334 0.4198813056379822 0.08166666666666667 0.20771513353115728
0 0.7491666666666666 0.4198813056379822 0.10166666666666667 0.21068249258160238
0 0.1275 0.4198813056379822 0.08 0.20178041543026706
0 0.2925 0.4228486646884273 0.085 0.21068249258160238
0 0.375 0.4228486646884273 0.08333333333333333 0.2166172106824926
0 0.4625 0.4228486646884273 0.09166666666666666 0.22255192878338279
0 0.5541666666666667 0.42433234421364985 0.09 0.228486646884273
0 0.6491666666666667 0.42433234421364985 0.09333333333333334 0.22551928783382788
0 0.8541666666666666 0.44510385756676557 0.10166666666666667 0.19287833827893175
0 0.11916666666666667 0.629080118694362 0.075 0.21364985163204747
0 0.20166666666666666 0.6350148367952523 0.08 0.2195845697329377
0 0.2875 0.642433234421365 0.08666666666666667 0.2166172106824926
0 0.3725 0.6468842729970327 0.08333333333333333 0.22255192878338279
0 0.4575 0.6543026706231454 0.08833333333333333 0.22551928783382788
0 0.55 0.6572700296735905 0.09 0.2344213649851632
0 0.7508333333333334 0.6572700296735905 0.10833333333333334 0.2789317507418398
0 0.6475 0.6602373887240356 0.09333333333333334 0.2314540059347181
0 0.8558333333333333 0.6735905044510386 0.095 0.2551928783382789
0 0.0575 0.8946587537091988 0.058333333333333334 0.20771513353115728
0 0.21916666666666668 0.8976261127596439 0.09166666666666666 0.19881305637982197
0 0.1275 0.8991097922848664 0.085 0.19584569732937684
0 0.5958333333333333 0.9094955489614244 0.09833333333333333 0.17507418397626112
0 0.7516666666666667 0.1824925816023739 0.10166666666666667 0.2433234421364985
0 0.6516666666666666 0.1884272997032641 0.095 0.2433234421364985
0 0.5566666666666666 0.1943620178041543 0.09 0.2344213649851632
0 0.37833333333333335 0.20029673590504452 0.08166666666666667 0.22255192878338279
0 0.465 0.20029673590504452 0.08166666666666667 0.22551928783382788
0 0.21583333333333332 0.2062314540059347 0.08333333333333333 0.21068249258160238
0 0.29583333333333334 0.2062314540059347 0.08166666666666667 0.2166172106824926
0 0.13666666666666666 0.20919881305637983 0.075 0.21068249258160238
0 0.07583333333333334 0.2166172106824926 0.04666666666666667 0.19881305637982197