0 0.24333333333333335 0.6044444444444445 0.105 0.20222222222222222
0 0.8258333333333333 0.6044444444444445 0.12166666666666667 0.20666666666666667
0 0.7041666666666667 0.6044444444444445 0.11333333333333333 0.2
0 0.07166666666666667 0.6055555555555555 0.14166666666666666 0.22444444444444445
0 0.9433333333333334 0.6077777777777778 0.10833333333333334 0.2311111111111111
0 0.3541666666666667 0.61 0.11 0.21777777777777776
0 0.5908333333333333 0.6111111111111112 0.10666666666666667 0.22
0 0.4691666666666667 0.6133333333333333 0.11333333333333333 0.21777777777777776
0 0.17083333333333334 0.6233333333333333 0.045 0.19111111111111112
0 0.4675 0.84 0.11666666666666667 0.23333333333333334
0 0.06333333333333334 0.84 0.12333333333333334 0.23555555555555555
0 0.3458333333333333 0.8411111111111111 0.11833333333333333 0.24
0 0.715 0.8422222222222222 0.125 0.23555555555555555
0 0.5883333333333334 0.8444444444444444 0.11666666666666667 0.23333333333333334
0 0.9591666666666666 0.8444444444444444 0.07666666666666666 0.24444444444444444