0 0.02 0.4169139465875371 0.04 0.40059347181008903
0 0.25416666666666665 0.4169139465875371 0.13 0.3293768545994065
0 0.11583333333333333 0.4287833827893175 0.14 0.37388724035608306
0 0.9016666666666666 0.4362017804154303 0.03166666666666667 0.1661721068249258
0 0.8591666666666666 0.4391691394658754 0.056666666666666664 0.1632047477744807
0 0.9308333333333333 0.4391691394658754 0.02666666666666667 0.1543026706231454
0 0.9583333333333334 0.4391691394658754 0.03 0.14540059347181009
0 0.9875 0.44510385756676557 0.021666666666666667 0.13649851632047477
0 0.485 0.44510385756676557 0.08666666666666667 0.27299703264094954
0 0.5583333333333333 0.4495548961424332 0.06833333333333333 0.24925816023738873
0 0.38083333333333336 0.4495548961424332 0.11833333333333333 0.29080118694362017
0 0.6283333333333333 0.45548961424332346 0.06666666666666667 0.228486646884273
0 0.9883333333333333 0.5756676557863502 0.02 0.12462908011869436
0 0.9625 0.5771513353115727 0.03 0.13353115727002968
0 0.9333333333333333 0.5830860534124629 0.03 0.13353115727002968
0 0.9016666666666666 0.5949554896142433 0.03166666666666667 0.13056379821958458
0 0.4691666666666667 0.06676557863501484 0.06333333333333334 0.13353115727002968
0 0.6225 0.6824925816023739 0.07166666666666667 0.2195845697329377
0 0.5566666666666666 0.7002967359050445 0.07 0.23738872403560832
0 0.4775 0.7181008902077152 0.095 0.26409495548961426
0 0.38333333333333336 0.744807121661721 0.10833333333333334 0.2878338278931751
0 0.25916666666666666 0.7596439169139466 0.14833333333333334 0.35311572700296734
0 0.11 0.7863501483679525 0.14166666666666666 0.31750741839762614
0 0.018333333333333333 0.8041543026706232 0.03666666666666667 0.3026706231454006
0 0.8583333333333333 0.10534124629080119 0.06666666666666667 0.17507418397626112
0 0.9108333333333334 0.1201780415430267 0.041666666666666664 0.17210682492581603
0 0.135 0.1201780415430267 0.10666666666666667 0.2344213649851632
0 0.9441666666666667 0.13353115727002968 0.03166666666666667 0.1572700296735905
0 0.38 0.14688427299703263 0.11333333333333333 0.29376854599406527
0 0.9766666666666667 0.16468842729970326 0.03833333333333333 0.13056379821958458
0 0.5525 0.1884272997032641 0.09 0.26409495548961426
0 0.6316666666666667 0.21216617210682492 0.065 0.2403560830860534
0 0.4708333333333333 0.21364985163204747 0.056666666666666664 0.16023738872403562
0 0.8583333333333333 0.27299703264094954 0.06166666666666667 0.1632047477744807
0 0.9066666666666666 0.28041543026706234 0.03333333333333333 0.16023738872403562
0 0.9366666666666666 0.2893175074183976 0.02666666666666667 0.1572700296735905
0 0.9741666666666666 0.29376854599406527 0.04833333333333333 0.14836795252225518