0 0.13916666666666666 0.3888888888888889 0.08833333333333333 0.11777777777777777
0 0.23416666666666666 0.39444444444444443 0.08666666666666667 0.1288888888888889
0 0.12416666666666666 0.51 0.1 0.12666666666666668
0 0.2225 0.5133333333333333 0.08833333333333333 0.11555555555555555
0 0.30916666666666665 0.5155555555555555 0.08666666666666667 0.10666666666666667
0 0.405 0.4955555555555556 0.08333333333333333 0.13777777777777778
0 0.4875 0.39 0.085 0.11777777777777777
0 0.49 0.5022222222222222 0.08666666666666667 0.11777777777777777
0 0.5791666666666667 0.5022222222222222 0.08666666666666667 0.1111111111111111
0 0.5641666666666667 0.3933333333333333 0.07833333333333334 0.11555555555555555
0 0.6433333333333333 0.3877777777777778 0.08166666666666667 0.10888888888888888
0 0.6641666666666667 0.4988888888888889 0.08833333333333333 0.1111111111111111
0 0.7208333333333333 0.3888888888888889 0.09333333333333334 0.1111111111111111
0 0.7966666666666666 0.39 0.1 0.10888888888888888
0 0.8691666666666666 0.38666666666666666 0.095 0.10444444444444445
0 0.9016666666666666 0.4922222222222222 0.09666666666666666 0.10444444444444445
0 0.8241666666666667 0.4911111111111111 0.09666666666666666 0.11555555555555555
0 0.7433333333333333 0.49666666666666665 0.09833333333333333 0.11333333333333333
0 0.125 0.7011111111111111 0.08833333333333333 0.14
0 0.0975 0.87 0.115 0.19111111111111112
0 0.2125 0.8633333333333333 0.10666666666666667 0.19111111111111112
0 0.3233333333333333 0.8544444444444445 0.10166666666666667 0.18666666666666668
0 0.4266666666666667 0.8455555555555555 0.1 0.18444444444444444
0 0.53 0.8344444444444444 0.09666666666666666 0.18666666666666668
0 0.6308333333333334 0.8266666666666667 0.12 0.1711111111111111
0 0.7333333333333333 0.8177777777777778 0.12333333333333334 0.17555555555555555
0 0.8325 0.8111111111111111 0.13 0.17333333333333334
0 0.925 0.8022222222222222 0.13166666666666665 0.1711111111111111