0 0.2633333333333333 0.3088888888888889 0.115 0.2111111111111111
0 0.37666666666666665 0.3233333333333333 0.105 0.21555555555555556
0 0.4875 0.3511111111111111 0.11 0.22
0 0.6058333333333333 0.35555555555555557 0.11666666666666667 0.2311111111111111
0 0.7291666666666666 0.36333333333333334 0.13 0.24444444444444444
0 0.8758333333333334 0.36444444444444446 0.145 0.2511111111111111
0 0.056666666666666664 0.37666666666666665 0.105 0.15777777777777777
0 0.15 0.5155555555555555 0.1 0.21333333333333335
0 0.25583333333333336 0.5244444444444445 0.11166666666666666 0.22
0 0.37 0.5422222222222223 0.11666666666666667 0.2288888888888889
0 0.050833333333333335 0.5433333333333333 0.09833333333333333 0.16666666666666666
0 0.48 0.5722222222222222 0.10333333333333333 0.21333333333333335
0 0.5908333333333333 0.5866666666666667 0.12333333333333334 0.2288888888888889
0 0.7183333333333334 0.6055555555555555 0.13166666666666665 0.24222222222222223
0 0.9641666666666666 0.6133333333333333 0.06833333333333333 0.24888888888888888
0 0.8608333333333333 0.6155555555555555 0.14 0.25555555555555554
0 0.0475 0.7177777777777777 0.09166666666666666 0.18222222222222223
0 0.14083333333333334 0.7222222222222222 0.09166666666666666 0.21777777777777776
0 0.24666666666666667 0.7444444444444445 0.11666666666666667 0.22
0 0.3625 0.7644444444444445 0.115 0.2088888888888889
0 0.4725 0.7922222222222223 0.11 0.21777777777777776
0 0.5866666666666667 0.8233333333333334 0.11833333333333333 0.23777777777777778
0 0.715 0.8455555555555555 0.13333333333333333 0.2288888888888889
0 0.8566666666666667 0.86 0.15 0.21777777777777776
0 0.9649500000000001 0.8764 0.07008333333333326 0.23055555555555557
0 0.37916666666666665 0.11222222222222222 0.10166666666666667 0.20222222222222222
0 0.88 0.11777777777777777 0.14166666666666666 0.2288888888888889
0 0.49583333333333335 0.12444444444444444 0.11166666666666666 0.2222222222222222
0 0.7391666666666666 0.12555555555555556 0.12666666666666668 0.23333333333333334
0 0.08 0.21222222222222223 0.11833333333333333 0.1688888888888889