0 0.075 0.33827893175074186 0.08666666666666667 0.2195845697329377
0 0.1575 0.3427299703264095 0.08 0.22551928783382788
0 0.24416666666666667 0.3516320474777448 0.08666666666666667 0.22255192878338279
0 0.4008333333333333 0.38724035608308605 0.08166666666666667 0.21068249258160238
0 0.485 0.39317507418397624 0.07833333333333334 0.2166172106824926
0 0.5658333333333333 0.40059347181008903 0.07666666666666666 0.21068249258160238
0 0.6483333333333333 0.4035608308605341 0.08166666666666667 0.21364985163204747
0 0.7308333333333333 0.4094955489614243 0.085 0.20178041543026706
0 0.8133333333333334 0.41839762611275966 0.08833333333333333 0.19881305637982197
0 0.9633333333333334 0.4198813056379822 0.07 0.20178041543026706
0 0.895 0.4228486646884273 0.09333333333333334 0.20178041543026706
0 0.08416666666666667 0.5459940652818991 0.08666666666666667 0.20474777448071216
0 0.16583333333333333 0.5489614243323442 0.07833333333333334 0.18991097922848665
0 0.24583333333333332 0.5578635014836796 0.07833333333333334 0.18991097922848665
0 0.3233333333333333 0.5652818991097923 0.07833333333333334 0.2195845697329377
0 0.4033333333333333 0.5830860534124629 0.07666666666666666 0.18694362017804153
0 0.4816666666666667 0.5890207715133531 0.07833333333333334 0.18991097922848665
0 0.5591666666666667 0.5964391691394659 0.07666666666666666 0.18100890207715134
0 0.6391666666666667 0.6023738872403561 0.085 0.18397626112759644
0 0.7208333333333333 0.6068249258160238 0.07833333333333334 0.17804154302670624
0 0.7991666666666667 0.615727002967359 0.08166666666666667 0.19287833827893175
0 0.9458333333333333 0.6172106824925816 0.06666666666666667 0.18991097922848665
0 0.8808333333333334 0.6186943620178041 0.08666666666666667 0.18694362017804153
0 0.17083333333333334 0.7403560830860534 0.08333333333333333 0.18397626112759644
0 0.09083333333333334 0.7433234421364985 0.07666666666666666 0.17804154302670624
0 0.24916666666666668 0.7477744807121661 0.07166666666666667 0.18100890207715134
0 0.32416666666666666 0.7611275964391692 0.07333333333333333 0.18100890207715134
0 0.4025 0.7640949554896143 0.075 0.17507418397626112
0 0.48083333333333333 0.7729970326409495 0.07333333333333333 0.17804154302670624
0 0.5558333333333333 0.7744807121661721 0.07 0.18100890207715134
0 0.6308333333333334 0.7848664688427299 0.075 0.17507418397626112
0 0.7091666666666666 0.7893175074183977 0.07833333333333334 0.17507418397626112
0 0.7866666666666666 0.7967359050445104 0.07333333333333333 0.18100890207715134
0 0.865 0.7997032640949555 0.08 0.17210682492581603
0 0.93 0.8026706231454006 0.058333333333333334 0.18397626112759644
0 0.05503333333333334 0.08768545994065283 0.09078333333333333 0.1699406528189911
0 0.14333333333333334 0.09050445103857567 0.08666666666666667 0.17804154302670624
0 0.23083333333333333 0.09347181008902077 0.085 0.18100890207715134
0 0.31333333333333335 0.09643916913946587 0.08166666666666667 0.18991097922848665
0 0.39916666666666667 0.09792284866468842 0.09 0.19584569732937684
0 0.4875 0.10237388724035608 0.08666666666666667 0.19881305637982197
0 0.5708333333333333 0.10385756676557864 0.08333333333333333 0.20178041543026706
0 0.6558333333333334 0.10385756676557864 0.08833333333333333 0.20771513353115728
0 0.7408333333333333 0.10534124629080119 0.09666666666666666 0.21068249258160238
0 0.8291666666666667 0.10979228486646884 0.095 0.2195845697329377
0 0.9158333333333334 0.1142433234421365 0.09 0.22551928783382788