0 0.4775 0.29821958456973297 0.05 0.1543026706231454
0 0.43833333333333335 0.31008902077151335 0.045 0.14540059347181009
0 0.3925166666666666 0.31845697329376854 0.05188333333333332 0.1280415430267062
0 0.35656666666666664 0.3218100890207715 0.040533333333333324 0.1246884272997033
0 0.3300666666666667 0.3260237388724036 0.02729999999999999 0.12973293768546
0 0.5091666666666667 0.032640949554896145 0.04666666666666667 0.06528189910979229
0 0.555 0.032640949554896145 0.04833333333333333 0.06528189910979229
0 0.6041666666666666 0.032640949554896145 0.056666666666666664 0.06528189910979229
0 0.6566666666666666 0.032640949554896145 0.04666666666666667 0.06528189910979229
0 0.7075 0.032640949554896145 0.05333333333333334 0.06528189910979229
0 0.3035833333333333 0.3327596439169139 0.02729999999999999 0.11626112759643915
0 0.25911666666666666 0.341186943620178 0.02353333333333334 0.11626112759643915
0 0.28276666666666667 0.34118694362017804 0.027316666666666645 0.11287833827893173
0 0.2416 0.3428783382789317 0.01691666666666663 0.1061424332344214
0 0.22410000000000002 0.3504747774480712 0.01786666666666671 0.1044510385756677
0 0.18556666666666669 0.35421364985163206 0.018299999999999983 0.08124629080118694
0 0.465 0.037091988130563795 0.04833333333333333 0.06824925816023739
0 0.20564999999999997 0.35635014836795254 0.020716666666666654 0.09605341246290802
0 0.425 0.04599406528189911 0.035 0.0830860534124629
0 0.8675 0.04896142433234421 0.10166666666666667 0.09792284866468842
0 0.3952833333333333 0.5202670623145401 0.03104999999999999 0.16249258160237387
0 0.3632666666666667 0.5209792284866469 0.03264999999999996 0.15821958456973292
0 0.4241666666666667 0.5237388724035609 0.041666666666666664 0.16023738872403562
0 0.37643333333333334 0.05391691394658754 0.0727 0.10783382789317508
0 0.66 0.5341246290801187 0.075 0.21364985163204747
0 0.46 0.5370919881305638 0.04833333333333333 0.17804154302670624
0 0.49916666666666665 0.543026706231454 0.04833333333333333 0.19287833827893175
0 0.7375 0.543026706231454 0.09333333333333334 0.2433234421364985
0 0.595 0.5445103857566765 0.06333333333333334 0.19287833827893175
0 0.5458333333333333 0.5519287833827893 0.06 0.20474777448071216
0 0.8391666666666666 0.5519287833827893 0.10833333333333334 0.258160237388724
0 0.33716666666666667 0.056439169139465874 0.037700000000000004 0.11287833827893175
0 0.7766666666666666 0.05934718100890208 0.08 0.11869436201780416
0 0.31303333333333333 0.06151335311572699 0.031083333333333296 0.12299703264094956
0 0.3756833333333333 0.6471216617210683 0.028649999999999995 0.12258160237388725
0 0.4081 0.6563798219584569 0.026233333333333348 0.11261127596439166
0 0.43456666666666666 0.6700890207715133 0.027999999999999973 0.13246290801186938
0 0.4675 0.6973293768545994 0.04 0.1543026706231454
0 0.5125 0.7077151335311572 0.051666666666666666 0.18100890207715134
0 0.5533333333333333 0.728486646884273 0.051666666666666666 0.19287833827893175
0 0.6708333333333333 0.7403560830860534 0.07 0.18397626112759644
0 0.2870166666666667 0.0766765578635015 0.02826666666666663 0.12637982195845698
0 0.6075 0.744807121661721 0.07 0.19584569732937684
0 0.7516666666666667 0.7655786350148368 0.09 0.23738872403560832
0 0.38248333333333334 0.7810979228486647 0.029450000000000028 0.13397626112759636
0 0.8508333333333333 0.7922848664688428 0.10833333333333334 0.228486646884273
0 0.4141 0.8032047477744807 0.023833333333333352 0.13255192878338276
0 0.9525 0.8100890207715133 0.09333333333333334 0.27299703264094954
0 0.44251666666666667 0.8160237388724035 0.027816666666666757 0.14109792284866463
0 0.47833333333333333 0.8427299703264095 0.05 0.13649851632047477
0 0.5216666666666666 0.857566765578635 0.04833333333333333 0.1543026706231454
0 0.565 0.8798219584569733 0.051666666666666666 0.16913946587537093
0 0.6166666666666667 0.9183976261127597 0.05 0.1543026706231454
0 0.6766666666666666 0.9213649851632048 0.06833333333333333 0.1543026706231454
0 0.7525 0.9465875370919882 0.07666666666666666 0.10385756676557864
0 0.2629 0.09688427299703263 0.027316666666666645 0.12973293768545993
0 0.8533333333333334 0.9554896142433235 0.10333333333333333 0.0830860534124629
0 0.24396666666666667 0.10614243323442138 0.034899999999999994 0.12468842729970325
0 0.22363333333333335 0.11626112759643917 0.02449999999999998 0.1112166172106825
0 0.5591666666666667 0.12462908011869436 0.045 0.13056379821958458
0 0.7116666666666667 0.1261127596439169 0.05333333333333334 0.12759643916913946
0 0.6616666666666666 0.129080118694362 0.04666666666666667 0.12166172106824925
0 0.21038333333333334 0.13225519287833828 0.026400000000000007 0.10952522255192877
0 0.18908333333333333 0.133946587537092 0.02356666666666669 0.1027893175074184
0 0.5108333333333334 0.13501483679525222 0.04833333333333333 0.13056379821958458
0 0.61 0.13798219584569732 0.055 0.14540059347181009
0 0.47 0.14391691394658754 0.045 0.1394658753709199
0 0.43 0.16172106824925817 0.04666666666666667 0.13649851632047477
0 0.38731666666666664 0.1777448071216617 0.05659999999999996 0.14320474777448072
0 0.34473333333333334 0.18451038575667653 0.030133333333333307 0.1297329376854599
0 0.31825 0.19798219584569732 0.033916666666666706 0.13311572700296737
0 0.9591666666666666 0.2062314540059347 0.07666666666666666 0.26112759643916916
0 0.29506666666666664 0.20640949554896143 0.027316666666666645 0.1162611275964392
0 0.2733 0.21735905044510387 0.03110000000000004 0.12130563798219583
0 0.8691666666666666 0.2195845697329377 0.10333333333333333 0.24629080118694363
0 0.23166666666666666 0.22578635014836795 0.02354999999999999 0.1246884272997033
0 0.25153333333333333 0.22830860534124628 0.021650000000000016 0.10952522255192877
0 0.7833333333333333 0.2314540059347181 0.08166666666666667 0.228486646884273
0 0.21511666666666665 0.24178041543026707 0.022616666666666656 0.1061424332344214
0 0.19476666666666667 0.24937685459940653 0.01978333333333334 0.10783382789317508
0 0.17876666666666668 0.25727002967359053 0.02069999999999998 0.1069139465875371
0 0.7166666666666667 0.27299703264094954 0.056666666666666664 0.16023738872403562
0 0.5641666666666667 0.2818991097922849 0.04833333333333333 0.17210682492581603
0 0.6675 0.28635014836795253 0.05 0.1661721068249258
0 0.5225 0.2878338278931751 0.05 0.16913946587537093
0 0.6141666666666666 0.2922848664688427 0.056666666666666664 0.1543026706231454