0 0.855 0.3427299703264095 0.06666666666666667 0.16023738872403562
0 0.7933333333333333 0.34421364985163205 0.055 0.10682492581602374
0 0.7425 0.37091988130563797 0.04833333333333333 0.10682492581602374
0 0.5241666666666667 0.4599406528189911 0.03333333333333333 0.08011869436201781
0 0.825 0.4658753709198813 0.07333333333333333 0.17210682492581603
0 0.465 0.48516320474777447 0.03333333333333333 0.08902077151335312
0 0.7541666666666667 0.4896142433234421 0.056666666666666664 0.17804154302670624
0 0.8741666666666666 0.49554896142433236 0.03166666666666667 0.1572700296735905
0 0.7008333333333333 0.4970326409495549 0.051666666666666666 0.1572700296735905
0 0.65 0.5192878338278932 0.04833333333333333 0.1543026706231454
0 0.605 0.5341246290801187 0.04833333333333333 0.14836795252225518
0 0.5041666666666667 0.5415430267062314 0.035 0.10089020771513353
0 0.5375 0.5415430267062314 0.025 0.08605341246290801
0 0.405 0.5741839762611276 0.018333333333333333 0.10089020771513353
0 0.4375 0.5771513353115727 0.05 0.12166172106824925
0 0.565 0.5845697329376854 0.03333333333333333 0.11275964391691394
0 0.375 0.5964391691394659 0.03666666666666667 0.10385756676557864
0 0.32666666666666666 0.6023738872403561 0.04 0.10089020771513353
0 0.8225 0.6275964391691394 0.08 0.16023738872403562
0 0.75 0.6379821958456974 0.058333333333333334 0.1632047477744807
0 0.695 0.6468842729970327 0.055 0.16023738872403562
0 0.6433333333333333 0.6572700296735905 0.051666666666666666 0.14836795252225518
0 0.875 0.6602373887240356 0.03333333333333333 0.16913946587537093
0 0.5283333333333333 0.6661721068249258 0.03333333333333333 0.13649851632047477
0 0.45666666666666667 0.672106824925816 0.03166666666666667 0.11572700296735905
0 0.49 0.672106824925816 0.03833333333333333 0.12462908011869436
0 0.5975 0.672106824925816 0.05333333333333334 0.1513353115727003
0 0.3933333333333333 0.685459940652819 0.021666666666666667 0.10385756676557864
0 0.42333333333333334 0.6884272997032641 0.04 0.11572700296735905
0 0.555 0.6943620178041543 0.028333333333333332 0.09495548961424333
0 0.3175 0.701780415430267 0.04 0.10385756676557864
0 0.365 0.701780415430267 0.03666666666666667 0.10682492581602374
0 0.3416666666666667 0.7077151335311572 0.03333333333333333 0.10682492581602374
0 0.4425 0.7937685459940653 0.03333333333333333 0.13056379821958458
0 0.8216666666666667 0.798219584569733 0.075 0.18397626112759644
0 0.4791666666666667 0.8011869436201781 0.03333333333333333 0.13056379821958458
0 0.5141666666666667 0.8026706231454006 0.03166666666666667 0.12462908011869436
0 0.6875 0.8026706231454006 0.056666666666666664 0.1661721068249258
0 0.7475 0.8026706231454006 0.06 0.1661721068249258
0 0.4091666666666667 0.8041543026706232 0.04 0.12166172106824925
0 0.5466666666666666 0.8041543026706232 0.025 0.10979228486646884
0 0.5883333333333334 0.8056379821958457 0.045 0.14836795252225518
0 0.6358333333333334 0.8056379821958457 0.05333333333333334 0.1572700296735905
0 0.8675 0.8115727002967359 0.043333333333333335 0.1543026706231454