0 0.1824925816023739 0.195 0.12166172106824925 0.06666666666666667
0 0.798219584569733 0.2025 0.06824925816023739 0.065
0 0.5756676557863502 0.20333333333333334 0.08011869436201781 0.065
0 0.7195845697329377 0.205 0.07418397626112759 0.06666666666666667
0 0.29080118694362017 0.205 0.10385756676557864 0.06333333333333334
0 0.642433234421365 0.2075 0.06528189910979229 0.06333333333333334
0 0.37833827893175076 0.21666666666666667 0.07418397626112759 0.06
0 0.4362017804154303 0.22666666666666666 0.03857566765578635 0.058333333333333334
0 0.14391691394658754 0.26166666666666666 0.11275964391691394 0.06833333333333333
0 0.5489614243323442 0.265 0.08011869436201781 0.06666666666666667
0 0.8323442136498517 0.265 0.0830860534124629 0.06666666666666667
0 0.7566765578635015 0.2675 0.0712166172106825 0.065
0 0.26112759643916916 0.2683333333333333 0.11275964391691394 0.07166666666666667
0 0.6172106824925816 0.27 0.0712166172106825 0.058333333333333334
0 0.6869436201780416 0.2708333333333333 0.08011869436201781 0.06166666666666667
0 0.35756676557863504 0.2775 0.0712166172106825 0.06166666666666667
0 0.4258160237388724 0.28583333333333333 0.06528189910979229 0.06333333333333334
0 0.870919881305638 0.32666666666666666 0.0830860534124629 0.06833333333333333
0 0.5385756676557863 0.3283333333333333 0.0771513353115727 0.065
0 0.8026706231454006 0.3283333333333333 0.06528189910979229 0.06333333333333334
0 0.7418397626112759 0.33166666666666667 0.0712166172106825 0.06166666666666667
0 0.6691394658753709 0.3325 0.0771513353115727 0.06333333333333334
0 0.6008902077151336 0.33416666666666667 0.050445103857566766 0.058333333333333334
0 0.15578635014836795 0.35083333333333333 0.13353115727002968 0.09166666666666666
0 0.2878338278931751 0.35083333333333333 0.12759643916913946 0.09
0 0.4094955489614243 0.3575 0.09198813056379822 0.08833333333333333
0 0.8738872403560831 0.38916666666666666 0.08605341246290801 0.06666666666666667
0 0.5356083086053413 0.3908333333333333 0.08605341246290801 0.06166666666666667
0 0.8026706231454006 0.39166666666666666 0.05934718100890208 0.06333333333333334
0 0.7418397626112759 0.3925 0.0712166172106825 0.06
0 0.6068249258160238 0.3933333333333333 0.06231454005934718 0.058333333333333334
0 0.6691394658753709 0.3933333333333333 0.07418397626112759 0.058333333333333334
0 0.40059347181008903 0.44166666666666665 0.10979228486646884 0.08666666666666667
0 0.271513353115727 0.4425 0.1394658753709199 0.09166666666666666
0 0.12759643916913946 0.4425 0.13649851632047477 0.09166666666666666
0 0.7700296735905044 0.45166666666666666 0.05637982195845697 0.06333333333333334
0 0.8234421364985163 0.45166666666666666 0.050445103857566766 0.06166666666666667
0 0.5222551928783383 0.4525 0.0830860534124629 0.06333333333333334
0 0.586053412462908 0.4525 0.04451038575667656 0.06333333333333334
0 0.6379821958456974 0.45416666666666666 0.06231454005934718 0.06
0 0.8931750741839762 0.45416666666666666 0.08902077151335312 0.07166666666666667
0 0.7077151335311572 0.4558333333333333 0.0712166172106825 0.06333333333333334
0 0.771513353115727 0.51 0.05637982195845697 0.06
0 0.6394658753709199 0.5116666666666667 0.06824925816023739 0.058333333333333334
0 0.8249258160237388 0.5125 0.050445103857566766 0.06
0 0.526706231454006 0.5133333333333333 0.07418397626112759 0.058333333333333334
0 0.5830860534124629 0.5133333333333333 0.04154302670623145 0.058333333333333334
0 0.7077151335311572 0.5133333333333333 0.0712166172106825 0.056666666666666664
0 0.8916913946587537 0.5191666666666667 0.08902077151335312 0.06833333333333333
0 0.3991097922848665 0.5316666666666666 0.11869436201780416 0.07833333333333334
0 0.271513353115727 0.5383333333333333 0.1394658753709199 0.09166666666666666
0 0.13501483679525222 0.5391666666666667 0.13056379821958458 0.09166666666666666
0 0.7492581602373887 0.5675 0.06824925816023739 0.06166666666666667
0 0.6824925816023739 0.5683333333333334 0.06528189910979229 0.06
0 0.6231454005934718 0.5691666666666667 0.05637982195845697 0.058333333333333334
0 0.8130563798219584 0.5708333333333333 0.06824925816023739 0.06
0 0.5741839762611276 0.5741666666666667 0.03857566765578635 0.058333333333333334
0 0.5148367952522255 0.5766666666666667 0.08605341246290801 0.06333333333333334
0 0.8961424332344213 0.5833333333333334 0.09198813056379822 0.07166666666666667
0 0.4332344213649852 0.615 0.06231454005934718 0.07666666666666666
0 0.7492581602373887 0.625 0.06528189910979229 0.056666666666666664
0 0.6824925816023739 0.6258333333333334 0.06528189910979229 0.051666666666666666
0 0.6201780415430267 0.6266666666666667 0.05637982195845697 0.058333333333333334
0 0.3486646884272997 0.6291666666666667 0.10682492581602374 0.08333333333333333
0 0.8086053412462908 0.6308333333333334 0.04747774480712166 0.06
0 0.5712166172106825 0.6325 0.04747774480712166 0.06
0 0.23293768545994065 0.6366666666666667 0.13056379821958458 0.09166666666666666
0 0.09792284866468842 0.6375 0.13649851632047477 0.09833333333333333
0 0.5089020771513353 0.6383333333333333 0.07418397626112759 0.06333333333333334
0 0.8961424332344213 0.6475 0.09198813056379822 0.06166666666666667
0 0.3056379821958457 0.06583333333333333 0.10385756676557864 0.06833333333333333
0 0.7566765578635015 0.6791666666666667 0.0712166172106825 0.055
0 0.6824925816023739 0.6808333333333333 0.0712166172106825 0.058333333333333334
0 0.6201780415430267 0.6825 0.05341246290801187 0.056666666666666664
0 0.814540059347181 0.6883333333333334 0.05341246290801187 0.055
0 0.5727002967359051 0.6891666666666667 0.04747774480712166 0.056666666666666664
0 0.5118694362017804 0.7008333333333333 0.0771513353115727 0.06166666666666667
0 0.42729970326409494 0.7025 0.06528189910979229 0.07666666666666666
0 0.8976261127596439 0.7141666666666666 0.09198813056379822 0.06
0 0.3486646884272997 0.7141666666666666 0.09792284866468842 0.075
0 0.23293768545994065 0.7308333333333333 0.13649851632047477 0.08666666666666667
0 0.11127596439169139 0.7366666666666667 0.10089020771513353 0.08833333333333333
0 0.7091988130563798 0.7391666666666666 0.04747774480712166 0.06333333333333334
0 0.028189910979228485 0.7441666666666666 0.05637982195845697 0.115
0 0.6617210682492581 0.7466666666666667 0.05637982195845697 0.07
0 0.7774480712166172 0.7533333333333333 0.09198813056379822 0.06666666666666667
0 0.5934718100890207 0.7558333333333334 0.08011869436201781 0.07666666666666666
0 0.5 0.765 0.0771513353115727 0.06333333333333334
0 0.8931750741839762 0.7808333333333334 0.08605341246290801 0.06333333333333334
0 0.41839762611275966 0.7933333333333333 0.0830860534124629 0.07166666666666667
0 0.3916913946587537 0.08 0.0712166172106825 0.07333333333333333
0 0.6750741839762612 0.8058333333333333 0.05934718100890208 0.06666666666666667
0 0.3249258160237389 0.8141666666666667 0.12759643916913946 0.08166666666666667
0 0.7373887240356083 0.8141666666666667 0.05934718100890208 0.06
0 0.8086053412462908 0.8208333333333333 0.0712166172106825 0.06833333333333333
0 0.2032640949554896 0.8258333333333333 0.12166172106824925 0.09333333333333334
0 0.4970326409495549 0.8275 0.08011869436201781 0.05333333333333334
0 0.5801186943620178 0.8283333333333334 0.07418397626112759 0.07166666666666667
0 0.09495548961424333 0.84 0.0771513353115727 0.09833333333333333
0 0.8931750741839762 0.8441666666666666 0.08902077151335312 0.06166666666666667
0 0.025222551928783383 0.8516666666666667 0.050445103857566766 0.10333333333333333
0 0.6379821958456974 0.8691666666666666 0.04154302670623145 0.056666666666666664
0 0.701780415430267 0.8825 0.06824925816023739 0.045
0 0.814540059347181 0.8825 0.05341246290801187 0.065
0 0.4228486646884273 0.8875 0.08011869436201781 0.08833333333333333
0 0.5 0.8875 0.0771513353115727 0.06333333333333334
0 0.7522255192878339 0.8925 0.05934718100890208 0.04833333333333333
0 0.5786350148367952 0.895 0.07418397626112759 0.056666666666666664
0 0.3249258160237389 0.9033333333333333 0.11275964391691394 0.08333333333333333
0 0.8857566765578635 0.9083333333333333 0.09198813056379822 0.056666666666666664
0 0.19881305637982197 0.9208333333333333 0.12759643916913946 0.08666666666666667
0 0.09347181008902077 0.9333333333333333 0.0830860534124629 0.09333333333333334
0 0.03115727002967359 0.9491666666666667 0.05341246290801187 0.09166666666666666
0 0.42433234421364985 0.9616666666666667 0.0830860534124629 0.06
0 0.3219584569732938 0.9708333333333333 0.10979228486646884 0.043333333333333335
0 0.2433234421364985 0.13 0.08605341246290801 0.07166666666666667
0 0.7566765578635015 0.1375 0.07418397626112759 0.07
0 0.6112759643916914 0.14 0.07418397626112759 0.07
0 0.6839762611275965 0.14 0.07418397626112759 0.06666666666666667
0 0.36053412462908013 0.1425 0.08011869436201781 0.07333333333333333
0 0.4317507418397626 0.16166666666666665 0.050445103857566766 0.06666666666666667