0 0.5625 0.3026706231454006 0.041666666666666664 0.13056379821958458
0 0.5241666666666667 0.31750741839762614 0.03666666666666667 0.13056379821958458
0 0.48833333333333334 0.3264094955489614 0.03666666666666667 0.11869436201780416
0 0.4275 0.33382789317507416 0.02666666666666667 0.11572700296735905
0 0.4575 0.3367952522255193 0.023333333333333334 0.10682492581602374
0 0.39916666666666667 0.34718100890207715 0.028333333333333332 0.09198813056379822
0 0.8216666666666667 0.3516320474777448 0.065 0.16023738872403562
0 0.8908333333333334 0.3649851632047478 0.07166666666666667 0.16913946587537093
0 0.3491666666666667 0.36795252225519287 0.041666666666666664 0.09198813056379822
0 0.7583333333333333 0.37388724035608306 0.058333333333333334 0.1632047477744807
0 0.7016666666666667 0.39465875370919884 0.056666666666666664 0.1543026706231454
0 0.31083333333333335 0.39762611275964393 0.025 0.10682492581602374
0 0.28833333333333333 0.40801186943620177 0.016666666666666666 0.09198813056379822
0 0.6508333333333334 0.41097922848664686 0.04833333333333333 0.14540059347181009
0 0.27166666666666667 0.41839762611275966 0.02 0.08902077151335312
0 0.6041666666666666 0.42433234421364985 0.043333333333333335 0.142433234421365
0 0.5608333333333333 0.4317507418397626 0.045 0.1394658753709199
0 0.5208333333333334 0.443620178041543 0.04 0.12759643916913946
0 0.4841666666666667 0.44807121661721067 0.03666666666666667 0.12759643916913946
0 0.3958333333333333 0.4540059347181009 0.028333333333333332 0.11275964391691394
0 0.425 0.4540059347181009 0.028333333333333332 0.10979228486646884
0 0.45416666666666666 0.45548961424332346 0.021666666666666667 0.12462908011869436
0 0.36666666666666664 0.46735905044510384 0.025 0.09792284866468842
0 0.3416666666666667 0.47477744807121663 0.025 0.09792284866468842
0 0.3225 0.4910979228486647 0.015 0.0830860534124629
0 0.30333333333333334 0.5 0.023333333333333334 0.08605341246290801
0 0.2833333333333333 0.5029673590504451 0.016666666666666666 0.09198813056379822
0 0.26416666666666666 0.5044510385756676 0.02 0.0771513353115727
0 0.8233333333333334 0.5207715133531158 0.07 0.17507418397626112
0 0.8975 0.5311572700296736 0.07833333333333334 0.16913946587537093
0 0.8175 0.05489614243323442 0.07166666666666667 0.10682492581602374
0 0.76 0.5341246290801187 0.056666666666666664 0.1632047477744807
0 0.7025 0.5459940652818991 0.055 0.14836795252225518
0 0.65 0.5489614243323442 0.051666666666666666 0.14540059347181009
0 0.555 0.5593471810089021 0.04 0.13353115727002968
0 0.6 0.5593471810089021 0.045 0.1513353115727003
0 0.8866666666666667 0.05637982195845697 0.06666666666666667 0.11275964391691394
0 0.4766666666666667 0.5637982195845698 0.03666666666666667 0.11869436201780416
0 0.515 0.5652818991097923 0.03666666666666667 0.12462908011869436
0 0.4191666666666667 0.5712166172106825 0.021666666666666667 0.10979228486646884
0 0.445 0.5712166172106825 0.025 0.12462908011869436
0 0.39166666666666666 0.5727002967359051 0.028333333333333332 0.11275964391691394
0 0.3641666666666667 0.5771513353115727 0.025 0.11572700296735905
0 0.33916666666666667 0.5816023738872403 0.021666666666666667 0.10682492581602374
0 0.3175 0.5875370919881305 0.016666666666666666 0.10089020771513353
0 0.2966666666666667 0.5919881305637982 0.02 0.09495548961424333
0 0.2783333333333333 0.5934718100890207 0.018333333333333333 0.10089020771513353
0 0.25583333333333336 0.5949554896142433 0.02 0.09792284866468842
0 0.755 0.06973293768545995 0.058333333333333334 0.13649851632047477
0 0.31 0.7240356083086054 0.02 0.08605341246290801
0 0.39666666666666667 0.7240356083086054 0.02 0.10682492581602374
0 0.22416666666666665 0.7255192878338279 0.015 0.08011869436201781
0 0.25916666666666666 0.7255192878338279 0.013333333333333334 0.06824925816023739
0 0.27416666666666667 0.7255192878338279 0.015 0.08011869436201781
0 0.2925 0.7255192878338279 0.016666666666666666 0.08605341246290801
0 0.41583333333333333 0.7270029673590505 0.018333333333333333 0.10979228486646884
0 0.20833333333333334 0.728486646884273 0.015 0.0712166172106825
0 0.2425 0.728486646884273 0.015 0.06824925816023739
0 0.3308333333333333 0.728486646884273 0.02 0.08902077151335312
0 0.3491666666666667 0.7314540059347181 0.023333333333333334 0.09792284866468842
0 0.37416666666666665 0.7329376854599406 0.021666666666666667 0.09198813056379822
0 0.5333333333333333 0.7359050445103857 0.03166666666666667 0.11572700296735905
0 0.4658333333333333 0.7388724035608308 0.035 0.11275964391691394
0 0.43666666666666665 0.7418397626112759 0.03 0.11572700296735905
0 0.5 0.7433234421364985 0.03 0.11572700296735905
0 0.5708333333333333 0.7477744807121661 0.04 0.13056379821958458
0 0.6125 0.7566765578635015 0.03833333333333333 0.142433234421365
0 0.6533333333333333 0.7566765578635015 0.04833333333333333 0.1572700296735905
0 0.8025 0.7596439169139466 0.055 0.17210682492581603
0 0.7008333333333333 0.7611275964391692 0.04833333333333333 0.16023738872403562
0 0.7491666666666666 0.7611275964391692 0.051666666666666666 0.16913946587537093
0 0.25256666666666666 0.7671810089020772 0.004633333333333288 0.002106824925816132
0 0.22213333333333332 0.7866765578635015 0.012333333333333295 0.045252225519287835
0 0.20676666666666668 0.7903560830860534 0.00996666666666665 0.04210682492581619
0 0.23866666666666664 0.7903560830860534 0.015866666666666637 0.050504451038575614
0 0.2546333333333333 0.790860534124629 0.015866666666666637 0.05157270029673589
0 0.30751666666666666 0.7940356083086053 0.018799999999999956 0.04735905044510397
0 0.27353333333333335 0.7945697329376854 0.01821666666666668 0.050504451038575614
0 0.2892 0.7961424332344214 0.016450000000000006 0.04946587537091976
0 0.20705 0.8387537091988131 0.014116666666666665 0.052611275964391746
0 0.22213333333333332 0.841899109792285 0.01705000000000003 0.05471810089020788
0 0.34833333333333333 0.8456973293768546 0.021666666666666667 0.08011869436201781
0 0.37166666666666665 0.8471810089020771 0.023333333333333334 0.08902077151335312
0 0.3275 0.8486646884272997 0.023333333333333334 0.08011869436201781
0 0.3 0.8531157270029673 0.03 0.06824925816023739
0 0.23833333333333334 0.8605341246290801 0.015 0.08605341246290801
0 0.26416666666666666 0.8620178041543026 0.03333333333333333 0.08902077151335312
0 0.39666666666666667 0.8635014836795252 0.025 0.10979228486646884
0 0.425 0.8738872403560831 0.03333333333333333 0.09495548961424333
0 0.45 0.8783382789317508 0.03666666666666667 0.09792284866468842
0 0.48333333333333334 0.8813056379821959 0.045 0.09495548961424333
0 0.5241666666666667 0.8813056379821959 0.04 0.09792284866468842
0 0.5633333333333334 0.8827893175074184 0.03833333333333333 0.11869436201780416
0 0.605 0.8902077151335311 0.041666666666666664 0.12759643916913946
0 0.65 0.8976261127596439 0.051666666666666666 0.12166172106824925
0 0.7008333333333333 0.9050445103857567 0.05 0.12759643916913946
0 0.7533333333333333 0.9154302670623146 0.055 0.13649851632047477
0 0.8125 0.9228486646884273 0.06 0.14836795252225518
0 0.2808333333333333 0.93026706231454 0.02 0.09198813056379822
0 0.3016666666666667 0.9332344213649851 0.025 0.10089020771513353
0 0.19833333333333333 0.9332344213649851 0.043333333333333335 0.12759643916913946
0 0.3283333333333333 0.9347181008902077 0.02666666666666667 0.09792284866468842
0 0.2585166666666667 0.9353709198813057 0.0275666666666667 0.06071216617210693
0 0.23333333333333334 0.9362017804154302 0.02 0.0830860534124629
0 0.3525 0.9391691394658753 0.025 0.10089020771513353
0 0.12333333333333334 0.9406528189910979 0.06666666666666667 0.11275964391691394
0 0.7016666666666667 0.09643916913946587 0.05 0.14540059347181009
0 0.38 0.956973293768546 0.03333333333333333 0.0712166172106825
0 0.4083333333333333 0.9614243323442137 0.028333333333333332 0.0712166172106825
0 0.475 0.9629080118694362 0.04 0.06824925816023739
0 0.5158333333333334 0.9629080118694362 0.041666666666666664 0.06824925816023739
0 0.43916666666666665 0.9658753709198813 0.03666666666666667 0.06528189910979229
0 0.5566666666666666 0.9688427299703264 0.04666666666666667 0.05637982195845697
0 0.6083333333333333 0.9718100890207715 0.06 0.050445103857566766
0 0.6525 0.12314540059347182 0.04833333333333333 0.142433234421365
0 0.605 0.14836795252225518 0.051666666666666666 0.142433234421365
0 0.5633333333333334 0.17210682492581603 0.041666666666666664 0.13353115727002968
0 0.8208333333333333 0.18694362017804153 0.07 0.16023738872403562
0 0.5258333333333334 0.1884272997032641 0.03333333333333333 0.12166172106824925
0 0.8883333333333333 0.1884272997032641 0.06333333333333334 0.17507418397626112
0 0.49 0.20771513353115728 0.035 0.11275964391691394
0 0.7566666666666667 0.2195845697329377 0.058333333333333334 0.16023738872403562
0 0.43083333333333335 0.22106824925816024 0.025 0.10979228486646884
0 0.46 0.22403560830860533 0.02666666666666667 0.10682492581602374
0 0.7016666666666667 0.2433234421364985 0.051666666666666666 0.142433234421365
0 0.6516666666666666 0.2655786350148368 0.04833333333333333 0.14540059347181009
0 0.6066666666666667 0.28338278931750743 0.045 0.1394658753709199