0 0.84 0.31305637982195844 0.035 0.05637982195845697
0 0.795 0.3323442136498516 0.03833333333333333 0.08605341246290801
0 0.7583333333333333 0.3397626112759644 0.03166666666666667 0.05341246290801187
0 0.9688 0.3470919881305638 0.025266666666666802 0.047181008902077166
0 0.88 0.36053412462908013 0.035 0.0771513353115727
0 0.9172000000000001 0.36474777448071216 0.03171666666666662 0.04643916913946589
0 0.205 0.3724035608308605 0.08333333333333333 0.22255192878338279
0 0.48833333333333334 0.3724035608308605 0.03666666666666667 0.12759643916913946
0 0.8316666666666667 0.37833827893175076 0.03166666666666667 0.0771513353115727
0 0.2875 0.3827893175074184 0.08166666666666667 0.20178041543026706
0 0.36 0.38724035608308605 0.06166666666666667 0.18397626112759644
0 0.44083333333333335 0.4020771513353116 0.06666666666666667 0.18100890207715134
0 0.7583333333333333 0.4035608308605341 0.02666666666666667 0.0712166172106825
0 0.6008333333333333 0.4094955489614243 0.021666666666666667 0.13353115727002968
0 0.6441666666666667 0.4124629080118694 0.06 0.142433234421365
0 0.6866666666666666 0.413946587537092 0.04 0.13649851632047477
0 0.7208333333333333 0.4169139465875371 0.03833333333333333 0.13056379821958458
0 0.5658333333333333 0.41839762611275966 0.055 0.12462908011869436
0 0.7966666666666666 0.41839762611275966 0.041666666666666664 0.0830860534124629
0 0.03333333333333333 0.4198813056379822 0.065 0.2314540059347181
0 0.9466666666666667 0.4198813056379822 0.035 0.0712166172106825
0 0.11666666666666667 0.42433234421364985 0.09666666666666666 0.20771513353115728
0 0.8791666666666667 0.4391691394658754 0.03333333333333333 0.08011869436201781
0 0.9141666666666667 0.4391691394658754 0.03166666666666667 0.0771513353115727
0 0.835 0.45103857566765576 0.03333333333333333 0.06231454005934718
0 0.95 0.49554896142433236 0.03666666666666667 0.0771513353115727
0 0.84015 0.5094955489614243 0.025150000000000054 0.07267062314540063
0 0.9141666666666667 0.5103857566765578 0.028333333333333332 0.05637982195845697
0 0.8825 0.516320474777448 0.03333333333333333 0.06528189910979229
0 0.7275 0.5459940652818991 0.04 0.12759643916913946
0 0.6075 0.5504451038575667 0.018333333333333333 0.1394658753709199
0 0.6941666666666667 0.5504451038575667 0.03833333333333333 0.13056379821958458
0 0.5766666666666667 0.5534124629080118 0.04 0.12462908011869436
0 0.65 0.5534124629080118 0.06 0.1394658753709199
0 0.44 0.56973293768546 0.05333333333333334 0.14540059347181009
0 0.36916666666666664 0.5771513353115727 0.06666666666666667 0.18397626112759644
0 0.2941666666666667 0.5845697329376854 0.08333333333333333 0.19881305637982197
0 0.21333333333333335 0.5919881305637982 0.08833333333333333 0.21364985163204747
0 0.1225 0.6409495548961425 0.09333333333333334 0.2166172106824926
0 0.035 0.6483679525222552 0.07 0.22255192878338279
0 0.7 0.6691394658753709 0.041666666666666664 0.11275964391691394
0 0.7316666666666667 0.6735905044510386 0.035 0.12166172106824925
0 0.6616666666666666 0.6928783382789317 0.05333333333333334 0.1394658753709199
0 0.6091666666666666 0.7047477744807121 0.06666666666666667 0.16023738872403562
0 0.37666666666666665 0.771513353115727 0.065 0.19881305637982197
0 0.9451333333333334 0.7789020771513353 0.03406666666666676 0.0799703264094956
0 0.9109166666666666 0.7831750741839762 0.03836666666666664 0.08664688427299708
0 0.30333333333333334 0.7952522255192879 0.08166666666666667 0.2195845697329377
0 0.21916666666666668 0.827893175074184 0.09166666666666666 0.23738872403560832
0 0.9111833333333333 0.8641246290801187 0.037816666666666755 0.06759643916913939
0 0.12333333333333334 0.8679525222551929 0.1 0.2166172106824926
0 0.034166666666666665 0.8798219584569733 0.065 0.22551928783382788
0 0.7164666666666667 0.880593471810089 0.030899999999999938 0.06560830860534128
0 0.6799166666666666 0.9154896142433234 0.02681666666666672 0.05833827893175065
0 0.9194666666666665 0.9407715133531158 0.037283333333333155 0.08189910979228493
0 0.1675 0.17507418397626112 0.05333333333333334 0.1632047477744807
0 0.015833333333333335 0.18545994065281898 0.03166666666666667 0.22551928783382788
0 0.22583333333333333 0.19287833827893175 0.07833333333333334 0.1543026706231454
0 0.2941666666666667 0.21513353115727002 0.06 0.1661721068249258
0 0.04833333333333333 0.21810089020771514 0.028333333333333332 0.1543026706231454
0 0.11 0.2195845697329377 0.1 0.20771513353115728
0 0.3516666666666667 0.22403560830860533 0.05333333333333334 0.1513353115727003
0 0.61 0.28041543026706234 0.035 0.11275964391691394
0 0.5608333333333333 0.28338278931750743 0.056666666666666664 0.13649851632047477
0 0.6375 0.28635014836795253 0.03166666666666667 0.10385756676557864
0 0.6725 0.28635014836795253 0.043333333333333335 0.09495548961424333