0 0.7 0.29673590504451036 0.03333333333333333 0.10089020771513353
0 0.3416666666666667 0.3086053412462908 0.041666666666666664 0.13056379821958458
0 0.7375 0.3086053412462908 0.03166666666666667 0.09495548961424333
0 0.7741666666666667 0.31750741839762614 0.03666666666666667 0.10089020771513353
0 0.39166666666666666 0.32344213649851633 0.041666666666666664 0.13056379821958458
0 0.43833333333333335 0.3293768545994065 0.04833333333333333 0.13353115727002968
0 0.49166666666666664 0.3397626112759644 0.045 0.12462908011869436
0 0.8316666666666667 0.3427299703264095 0.023333333333333334 0.09792284866468842
0 0.8583333333333333 0.3560830860534125 0.028333333333333332 0.09792284866468842
0 0.8883333333333333 0.3620178041543027 0.025 0.08902077151335312
0 0.5308333333333334 0.3620178041543027 0.041666666666666664 0.12462908011869436
0 0.5725 0.3649851632047478 0.03333333333333333 0.10385756676557864
0 0.025 0.3724035608308605 0.045 0.14540059347181009
0 0.6125 0.37537091988130566 0.04 0.10979228486646884
0 0.9366666666666666 0.3768545994065282 0.023333333333333334 0.10385756676557864
0 0.9125 0.37833827893175076 0.02666666666666667 0.08605341246290801
0 0.1 0.3827893175074184 0.04666666666666667 0.17507418397626112
0 0.9641666666666666 0.38724035608308605 0.03 0.08902077151335312
0 0.9875 0.38724035608308605 0.021666666666666667 0.09792284866468842
0 0.655 0.3991097922848665 0.03666666666666667 0.11572700296735905
0 0.1625 0.40059347181008903 0.05333333333333334 0.16023738872403562
0 0.7291666666666666 0.41097922848664686 0.03833333333333333 0.10385756676557864
0 0.21083333333333334 0.4124629080118694 0.05333333333333334 0.1394658753709199
0 0.6941666666666667 0.41543026706231456 0.035 0.10385756676557864
0 0.7683333333333333 0.41839762611275966 0.03666666666666667 0.10979228486646884
0 0.2758333333333333 0.43768545994065283 0.05 0.11869436201780416
0 0.3358333333333333 0.4421364985163205 0.041666666666666664 0.13649851632047477
0 0.8283333333333334 0.4495548961424332 0.02666666666666667 0.11869436201780416
0 0.8558333333333333 0.456973293768546 0.025 0.10682492581602374
0 0.385 0.4599406528189911 0.05 0.13649851632047477
0 0.8808333333333334 0.46142433234421365 0.025 0.11275964391691394
0 0.43583333333333335 0.46735905044510384 0.055 0.14540059347181009
0 0.48833333333333334 0.47032640949554894 0.045 0.13649851632047477
0 0.91 0.47477744807121663 0.03 0.10682492581602374
0 0.935 0.4792284866468843 0.025 0.10385756676557864
0 0.9608333333333333 0.4821958456973294 0.03 0.10089020771513353
0 0.9875 0.4896142433234421 0.021666666666666667 0.10089020771513353
0 0.5316666666666666 0.48813056379821956 0.043333333333333335 0.13056379821958458
0 0.5733333333333334 0.4910979228486647 0.035 0.13649851632047477
0 0.6141666666666666 0.4970326409495549 0.043333333333333335 0.142433234421365
0 0.6566666666666666 0.5207715133531158 0.041666666666666664 0.13056379821958458
0 0.6925 0.5296735905044511 0.03 0.12759643916913946
0 0.7233333333333334 0.5311572700296736 0.03333333333333333 0.11572700296735905
0 0.7633333333333333 0.5341246290801187 0.041666666666666664 0.12462908011869436
0 0.8266666666666667 0.5637982195845698 0.02666666666666667 0.10682492581602374
0 0.8516666666666667 0.5652818991097923 0.025 0.10682492581602374
0 0.15166666666666667 0.56973293768546 0.058333333333333334 0.12759643916913946
0 0.8758333333333334 0.5741839762611276 0.023333333333333334 0.10979228486646884
0 0.9033333333333333 0.5816023738872403 0.03 0.10682492581602374
0 0.20416666666666666 0.5830860534124629 0.051666666666666666 0.12462908011869436
0 0.9283333333333333 0.5845697329376854 0.028333333333333332 0.10385756676557864
0 0.9566666666666667 0.586053412462908 0.03 0.10979228486646884
0 0.9833333333333333 0.5890207715133531 0.02666666666666667 0.09495548961424333
0 0.2575 0.5905044510385756 0.05 0.11275964391691394
0 0.024166666666666666 0.6186943620178041 0.041666666666666664 0.13649851632047477
0 0.0925 0.6320474777448071 0.07166666666666667 0.16913946587537093
0 0.30916666666666665 0.6409495548961425 0.04833333333333333 0.1513353115727003
0 0.35833333333333334 0.6513353115727003 0.04833333333333333 0.13649851632047477
0 0.4083333333333333 0.6572700296735905 0.05 0.13056379821958458
0 0.4575 0.6617210682492581 0.05 0.13056379821958458
0 0.5083333333333333 0.6646884272997032 0.041666666666666664 0.11869436201780416
0 0.59 0.6735905044510386 0.03833333333333333 0.11869436201780416
0 0.5516666666666666 0.6795252225519288 0.03833333333333333 0.12462908011869436
0 0.6308333333333334 0.6795252225519288 0.041666666666666664 0.11869436201780416
0 0.04833333333333333 0.06824925816023739 0.056666666666666664 0.12759643916913946
0 0.6666666666666666 0.6824925816023739 0.03333333333333333 0.11572700296735905
0 0.7083333333333334 0.6943620178041543 0.04666666666666667 0.11869436201780416
0 0.7558333333333334 0.6973293768545994 0.04666666666666667 0.12759643916913946
0 0.15166666666666667 0.7106824925816023 0.05333333333333334 0.13649851632047477
0 0.25333333333333335 0.7136498516320475 0.04666666666666667 0.12166172106824925
0 0.2075 0.7181008902077152 0.04666666666666667 0.11572700296735905
0 0.8183333333333334 0.7181008902077152 0.035 0.12759643916913946
0 0.8541666666666666 0.7240356083086054 0.03833333333333333 0.12462908011869436
0 0.89 0.7388724035608308 0.03 0.12166172106824925
0 0.9166666666666666 0.7418397626112759 0.028333333333333332 0.11572700296735905
0 0.9433333333333334 0.7492581602373887 0.025 0.11869436201780416
0 0.9666666666666667 0.7537091988130564 0.028333333333333332 0.12166172106824925
0 0.020833333333333332 0.7774480712166172 0.041666666666666664 0.142433234421365
0 0.4008333333333333 0.7922848664688428 0.045 0.13056379821958458
0 0.49416666666666664 0.7967359050445104 0.043333333333333335 0.11869436201780416
0 0.08 0.7997032640949555 0.07 0.17804154302670624
0 0.44583333333333336 0.8011869436201781 0.051666666666666666 0.13056379821958458
0 0.5383333333333333 0.8056379821958457 0.04833333333333333 0.13056379821958458
0 0.5816666666666667 0.8086053412462908 0.045 0.13353115727002968
0 0.665 0.8100890207715133 0.03833333333333333 0.13649851632047477
0 0.7041666666666667 0.8130563798219584 0.03666666666666667 0.11869436201780416
0 0.6266666666666667 0.8160237388724035 0.03833333333333333 0.13649851632047477
0 0.7508333333333334 0.8189910979228486 0.05 0.12759643916913946
0 0.11166666666666666 0.0830860534124629 0.05 0.13353115727002968
0 0.8191666666666667 0.844213649851632 0.03666666666666667 0.11869436201780416
0 0.8833333333333333 0.8486646884272997 0.03 0.11275964391691394
0 0.8516666666666667 0.8501483679525222 0.03333333333333333 0.11572700296735905
0 0.9133333333333333 0.8501483679525222 0.03 0.11275964391691394
0 0.9391666666666667 0.857566765578635 0.025 0.10979228486646884
0 0.9625 0.8620178041543026 0.02666666666666667 0.10385756676557864
0 0.49416666666666664 0.9287833827893175 0.041666666666666664 0.12759643916913946
0 0.3933333333333333 0.93026706231454 0.05333333333333334 0.13353115727002968
0 0.445 0.93026706231454 0.045 0.13056379821958458
0 0.5366666666666666 0.9332344213649851 0.03833333333333333 0.12166172106824925
0 0.6666666666666666 0.9362017804154302 0.041666666666666664 0.11572700296735905
0 0.7066666666666667 0.9376854599406528 0.043333333333333335 0.11275964391691394
0 0.5841666666666666 0.9421364985163204 0.05 0.11275964391691394
0 0.07333333333333333 0.9406528189910979 0.06333333333333334 0.11275964391691394
0 0.7516666666666667 0.9406528189910979 0.05 0.11275964391691394
0 0.6291666666666667 0.9436201780415431 0.04 0.10385756676557864
0 0.815 0.9480712166172107 0.04 0.09792284866468842
0 0.8516666666666667 0.9495548961424333 0.03333333333333333 0.09495548961424333
0 0.8816666666666667 0.9495548961424333 0.03333333333333333 0.09495548961424333
0 0.915 0.9540059347181009 0.03 0.08605341246290801
0 0.9383333333333334 0.9554896142433235 0.03 0.0830860534124629
0 0.97 0.956973293768546 0.03 0.08011869436201781
0 0.17666666666666667 0.11275964391691394 0.06166666666666667 0.13353115727002968
0 0.23833333333333334 0.129080118694362 0.05333333333333334 0.14540059347181009
0 0.29833333333333334 0.14836795252225518 0.05333333333333334 0.142433234421365
0 0.35333333333333333 0.17507418397626112 0.04833333333333333 0.13353115727002968
0 0.4033333333333333 0.19287833827893175 0.05 0.13649851632047477
0 0.4508333333333333 0.2032640949554896 0.043333333333333335 0.11572700296735905
0 0.0275 0.20474777448071216 0.04833333333333333 0.14540059347181009
0 0.49666666666666665 0.22403560830860533 0.045 0.11275964391691394
0 0.11166666666666666 0.228486646884273 0.043333333333333335 0.12759643916913946
0 0.5383333333333333 0.2403560830860534 0.041666666666666664 0.12462908011869436
0 0.16916666666666666 0.24777448071216618 0.051666666666666666 0.13649851632047477
0 0.5858333333333333 0.2551928783382789 0.045 0.09792284866468842
0 0.225 0.271513353115727 0.045 0.142433234421365
0 0.6233333333333333 0.271513353115727 0.04 0.10979228486646884
0 0.6625 0.2878338278931751 0.03666666666666667 0.10089020771513353
0 0.2833333333333333 0.29080118694362017 0.06 0.14540059347181009