0 0.6883333333333334 0.25555555555555554 0.055 0.09333333333333334
0 0.6383333333333333 0.27666666666666667 0.051666666666666666 0.08444444444444445
0 0.5483333333333333 0.3088888888888889 0.04833333333333333 0.07333333333333333
0 0.5925 0.31444444444444447 0.04833333333333333 0.07333333333333333
0 0.4625 0.3433333333333333 0.056666666666666664 0.08666666666666667
0 0.6891666666666667 0.3433333333333333 0.05333333333333334 0.08888888888888889
0 0.6383333333333333 0.36333333333333334 0.051666666666666666 0.08888888888888889
0 0.38666666666666666 0.36666666666666664 0.04833333333333333 0.07111111111111111
0 0.3458333333333333 0.37666666666666665 0.03666666666666667 0.06444444444444444
0 0.5416666666666666 0.38333333333333336 0.04666666666666667 0.07777777777777778
0 0.5908333333333333 0.39111111111111113 0.04666666666666667 0.08666666666666667
0 0.31166666666666665 0.3933333333333333 0.03666666666666667 0.06
0 0.2808333333333333 0.39555555555555555 0.021666666666666667 0.06
0 0.4975 0.4 0.041666666666666664 0.08222222222222222
0 0.45166666666666666 0.41888888888888887 0.04666666666666667 0.08444444444444445
0 0.7533333333333333 0.42 0.065 0.10222222222222223
0 0.6908333333333333 0.43444444444444447 0.055 0.09111111111111111
0 0.37666666666666665 0.43777777777777777 0.04 0.06222222222222222
0 0.33916666666666667 0.4488888888888889 0.035 0.06888888888888889
0 0.6366666666666667 0.4533333333333333 0.056666666666666664 0.08888888888888889
0 0.30416666666666664 0.4633333333333333 0.03833333333333333 0.06222222222222222
0 0.5391666666666667 0.47 0.043333333333333335 0.08888888888888889
0 0.2725 0.4722222222222222 0.03166666666666667 0.06
0 0.5866666666666667 0.47333333333333333 0.05 0.07777777777777778
0 0.495 0.4855555555555556 0.045 0.08222222222222222
0 0.4483333333333333 0.5022222222222222 0.04833333333333333 0.08888888888888889
0 0.41 0.5111111111111111 0.043333333333333335 0.08222222222222222
0 0.37083333333333335 0.5166666666666667 0.035 0.07111111111111111
0 0.33666666666666667 0.53 0.035 0.07111111111111111
0 0.3016666666666667 0.5322222222222223 0.035 0.06666666666666667
0 0.26416666666666666 0.5466666666666666 0.04 0.07111111111111111
0 0.6808333333333333 0.5555555555555556 0.04 0.10888888888888888
0 0.6041666666666666 0.5677777777777778 0.056666666666666664 0.09555555555555556
0 0.5483333333333333 0.5811111111111111 0.05 0.08888888888888889
0 0.49666666666666665 0.5888888888888889 0.05333333333333334 0.09333333333333334
0 0.30666666666666664 0.6288888888888889 0.041666666666666664 0.07777777777777778
0 0.26916666666666667 0.6344444444444445 0.03666666666666667 0.07333333333333333
0 0.23166666666666666 0.6477777777777778 0.04666666666666667 0.08666666666666667
0 0.6825 0.67 0.056666666666666664 0.10666666666666667
0 0.6008333333333333 0.6733333333333333 0.06166666666666667 0.10444444444444445
0 0.545 0.6777777777777778 0.055 0.09777777777777778
0 0.7508333333333334 0.68 0.06833333333333333 0.06222222222222222
0 0.49666666666666665 0.6866666666666666 0.04833333333333333 0.08888888888888889
0 0.45166666666666666 0.6933333333333334 0.04666666666666667 0.09777777777777778
0 0.41333333333333333 0.6988888888888889 0.028333333333333332 0.08888888888888889
0 0.33416666666666667 0.7122222222222222 0.035 0.08444444444444445
0 0.37333333333333335 0.7122222222222222 0.04 0.08666666666666667
0 0.2925 0.7166666666666667 0.043333333333333335 0.08444444444444445
0 0.1875 0.7222222222222222 0.03 0.08
0 0.2575 0.7233333333333334 0.03166666666666667 0.08666666666666667
0 0.1575 0.7277777777777777 0.03166666666666667 0.07111111111111111
0 0.22333333333333333 0.7311111111111112 0.043333333333333335 0.08666666666666667
0 0.7508333333333334 0.7766666666666666 0.08 0.13777777777777778
0 0.6758333333333333 0.7866666666666666 0.06333333333333334 0.12
0 0.49083333333333334 0.7988888888888889 0.051666666666666666 0.10888888888888888
0 0.5425 0.7988888888888889 0.05 0.10222222222222223
0 0.6008333333333333 0.7988888888888889 0.06166666666666667 0.10222222222222223
0 0.3591666666666667 0.8055555555555556 0.041666666666666664 0.09555555555555556
0 0.44333333333333336 0.8055555555555556 0.045 0.09555555555555556
0 0.3233333333333333 0.8077777777777778 0.041666666666666664 0.08888888888888889
0 0.4075 0.8088888888888889 0.03166666666666667 0.08888888888888889
0 0.2833333333333333 0.8122222222222222 0.04833333333333333 0.08888888888888889
0 0.14833333333333334 0.8122222222222222 0.03833333333333333 0.08666666666666667
0 0.245 0.8133333333333334 0.03 0.08222222222222222
0 0.18333333333333332 0.8133333333333334 0.04 0.08888888888888889
0 0.2125 0.8144444444444444 0.043333333333333335 0.08666666666666667
0 0.35583333333333333 0.9222222222222223 0.035 0.1
0 0.14166666666666666 0.9233333333333333 0.04666666666666667 0.10222222222222223
0 0.45416666666666666 0.9266666666666666 0.055 0.1111111111111111
0 0.5483333333333333 0.93 0.055 0.12666666666666668
0 0.6116666666666667 0.9344444444444444 0.07 0.12666666666666668
0 0.7466666666666667 0.9355555555555556 0.07 0.12444444444444444