0 0.13166666666666665 0.3026706231454006 0.13 0.2522255192878338
0 0.02 0.3353115727002967 0.035 0.1572700296735905
0 0.8608333333333333 0.37833827893175076 0.11833333333333333 0.26409495548961426
0 0.23333333333333334 0.5370919881305638 0.155 0.3353115727002967
0 0.7508333333333334 0.5400593471810089 0.13166666666666665 0.3353115727002967
0 0.6191666666666666 0.5474777448071216 0.125 0.29673590504451036
0 0.36333333333333334 0.5548961424332344 0.12333333333333334 0.29673590504451036
0 0.49416666666666664 0.5623145400593472 0.11833333333333333 0.3086053412462908
0 0.03333333333333333 0.5712166172106825 0.06666666666666667 0.29080118694362017
0 0.1025 0.5756676557863502 0.135 0.26409495548961426
0 0.96 0.5890207715133531 0.07666666666666666 0.3293768545994065
0 0.875 0.6305637982195845 0.11166666666666666 0.27596439169139464
0 0.21583333333333332 0.8427299703264095 0.15333333333333332 0.3086053412462908
0 0.76 0.8456973293768546 0.12666666666666668 0.29080118694362017
0 0.3475 0.8471810089020771 0.135 0.2997032640949555
0 0.6233333333333333 0.8486646884272997 0.13 0.29376854599406527
0 0.4891666666666667 0.8545994065281899 0.12833333333333333 0.2878338278931751
0 0.0775 0.8545994065281899 0.12833333333333333 0.28486646884273
0 0.5358333333333334 0.08605341246290801 0.095 0.12462908011869436
0 0.9741666666666666 0.8679525222551929 0.04833333333333333 0.24629080118694363
0 0.8908333333333334 0.8753709198813057 0.105 0.23738872403560832
0 0.33 0.09347181008902077 0.105 0.11275964391691394
0 0.03 0.19287833827893175 0.06 0.24925816023738873
0 0.6108333333333333 0.25667655786350146 0.11333333333333333 0.2997032640949555
0 0.9441666666666667 0.2596439169139466 0.10833333333333334 0.28486646884273
0 0.24916666666666668 0.26409495548961426 0.15166666666666667 0.27002967359050445
0 0.74 0.26706231454005935 0.09333333333333334 0.2344213649851632
0 0.37583333333333335 0.28041543026706234 0.105 0.26112759643916916
0 0.49833333333333335 0.28338278931750743 0.105 0.2789317507418398