0 0.7116666666666667 0.29673590504451036 0.02666666666666667 0.12462908011869436
0 0.7308333333333333 0.3086053412462908 0.016666666666666666 0.12166172106824925
0 0.5241666666666667 0.31750741839762614 0.03333333333333333 0.1572700296735905
0 0.5541666666666667 0.3397626112759644 0.03 0.14836795252225518
0 0.5891666666666666 0.35756676557863504 0.03333333333333333 0.14540059347181009
0 0.6208333333333333 0.37537091988130566 0.03 0.13649851632047477
0 0.6508333333333334 0.3857566765578635 0.021666666666666667 0.12462908011869436
0 0.67 0.4050445103857567 0.018333333333333333 0.12462908011869436
0 0.6883333333333334 0.4065281899109792 0.021666666666666667 0.11869436201780416
0 0.7075 0.4228486646884273 0.02 0.11572700296735905
0 0.725 0.42729970326409494 0.018333333333333333 0.10385756676557864
0 0.5383333333333333 0.04599406528189911 0.04 0.08011869436201781
0 0.055 0.4896142433234421 0.10333333333333333 0.3026706231454006
0 0.4666666666666667 0.4970326409495549 0.03166666666666667 0.1543026706231454
0 0.5766666666666667 0.050445103857566766 0.03166666666666667 0.10089020771513353
0 0.5025 0.5059347181008902 0.03 0.13649851632047477
0 0.5308333333333334 0.5059347181008902 0.03166666666666667 0.1513353115727003
0 0.15833333333333333 0.5103857566765578 0.095 0.27596439169139464
0 0.2625 0.5504451038575667 0.03833333333333333 0.2433234421364985
0 0.36233333333333334 0.553887240356083 0.030833333333333334 0.22077151335311582
0 0.31 0.5608308605341247 0.075 0.22255192878338279
0 0.5558333333333333 0.56973293768546 0.03833333333333333 0.1543026706231454
0 0.4216666666666667 0.5741839762611276 0.056666666666666664 0.18100890207715134
0 0.5875 0.5845697329376854 0.03333333333333333 0.1661721068249258
0 0.6233333333333333 0.5845697329376854 0.028333333333333332 0.14836795252225518
0 0.6708333333333333 0.586053412462908 0.021666666666666667 0.12462908011869436
0 0.6975 0.5875370919881305 0.03 0.13649851632047477
0 0.6475 0.5890207715133531 0.023333333333333334 0.13353115727002968
0 0.45666666666666667 0.6468842729970327 0.041666666666666664 0.14540059347181009
0 0.5233333333333333 0.6468842729970327 0.03 0.1394658753709199
0 0.49416666666666664 0.6498516320474778 0.03333333333333333 0.13353115727002968
0 0.35083333333333333 0.06824925816023739 0.07166666666666667 0.12759643916913946
0 0.6966666666666667 0.7106824925816023 0.025 0.10979228486646884
0 0.6066666666666667 0.07270029673590504 0.028333333333333332 0.1394658753709199
0 0.6833333333333333 0.712166172106825 0.013333333333333334 0.11275964391691394
0 0.6633333333333333 0.7225519287833828 0.025 0.12462908011869436
0 0.6416666666666667 0.7255192878338279 0.021666666666666667 0.13353115727002968
0 0.5516666666666666 0.7299703264094956 0.03166666666666667 0.1572700296735905
0 0.6166666666666667 0.7314540059347181 0.025 0.13353115727002968
0 0.5825 0.7359050445103857 0.03666666666666667 0.14540059347181009
0 0.4116666666666667 0.7626112759643917 0.055 0.18397626112759644
0 0.34628333333333333 0.7697329376854599 0.034150000000000014 0.20302670623145397
0 0.1475 0.7774480712166172 0.09833333333333333 0.27299703264094954
0 0.2966666666666667 0.7789317507418397 0.075 0.2195845697329377
0 0.5208333333333334 0.7848664688427299 0.035 0.13353115727002968
0 0.48583333333333334 0.7908011869436202 0.03833333333333333 0.13649851632047477
0 0.25 0.7922848664688428 0.035 0.23738872403560832
0 0.04666666666666667 0.7922848664688428 0.09333333333333334 0.2878338278931751
0 0.4533333333333333 0.7937685459940653 0.03333333333333333 0.1513353115727003
0 0.6941666666666667 0.8323442136498517 0.023333333333333334 0.12759643916913946
0 0.6758333333333333 0.8486646884272997 0.011666666666666667 0.12462908011869436
0 0.6625 0.8531157270029673 0.016666666666666666 0.13056379821958458
0 0.64 0.8679525222551929 0.025 0.13649851632047477
0 0.6075 0.870919881305638 0.03 0.13649851632047477
0 0.5825 0.887240356083086 0.02666666666666667 0.14540059347181009
0 0.5491666666666667 0.8946587537091988 0.03 0.1513353115727003
0 0.45666666666666667 0.09347181008902077 0.041666666666666664 0.1632047477744807
0 0.4033333333333333 0.9258160237388724 0.05333333333333334 0.1394658753709199
0 0.4825 0.9287833827893175 0.03333333333333333 0.13056379821958458
0 0.4483333333333333 0.9317507418397626 0.03833333333333333 0.13353115727002968
0 0.5183333333333333 0.9317507418397626 0.03833333333333333 0.13353115727002968
0 0.021666666666666667 0.09495548961424333 0.043333333333333335 0.18694362017804153
0 0.635 0.09643916913946587 0.021666666666666667 0.1394658753709199
0 0.29 0.9480712166172107 0.06333333333333334 0.09792284866468842
0 0.1475 0.9614243323442137 0.09166666666666666 0.0712166172106825
0 0.09166666666666666 0.1201780415430267 0.1 0.2344213649851632
0 0.49666666666666665 0.1261127596439169 0.03 0.1661721068249258
0 0.66 0.13056379821958458 0.025 0.13056379821958458
0 0.19 0.1394658753709199 0.09 0.26112759643916916
0 0.6808333333333333 0.14985163204747776 0.021666666666666667 0.142433234421365
0 0.53 0.16023738872403562 0.035 0.1513353115727003
0 0.6991666666666667 0.16765578635014836 0.018333333333333333 0.11275964391691394
0 0.7175 0.1824925816023739 0.021666666666666667 0.10089020771513353
0 0.2916666666666667 0.18545994065281898 0.056666666666666664 0.2344213649851632
0 0.5658333333333333 0.18545994065281898 0.03333333333333333 0.1572700296735905
0 0.7375 0.19287833827893175 0.015 0.09495548961424333
0 0.5975 0.2062314540059347 0.023333333333333334 0.14540059347181009
0 0.3441666666666667 0.22403560830860533 0.07166666666666667 0.2195845697329377
0 0.625 0.2344213649851632 0.02666666666666667 0.142433234421365
0 0.6508333333333334 0.2596439169139466 0.021666666666666667 0.12462908011869436
0 0.4475 0.271513353115727 0.043333333333333335 0.18100890207715134
0 0.6725 0.28041543026706234 0.018333333333333333 0.12166172106824925
0 0.6925 0.2878338278931751 0.02 0.11572700296735905
0 0.4866666666666667 0.2952522255192878 0.03333333333333333 0.18100890207715134