0 0.4540059347181009 0.17333333333333334 0.06231454005934718 0.08333333333333333
0 0.38724035608308605 0.17583333333333334 0.05637982195845697 0.07833333333333334
0 0.31008902077151335 0.1825 0.050445103857566766 0.07166666666666667
0 0.25370919881305637 0.185 0.06528189910979229 0.07
0 0.19584569732937684 0.18916666666666668 0.05341246290801187 0.06666666666666667
0 0.14094955489614244 0.19 0.050445103857566766 0.06166666666666667
0 0.9599406528189911 0.215 0.0712166172106825 0.10833333333333334
0 0.6646884272997032 0.22 0.11572700296735905 0.10166666666666667
0 0.8857566765578635 0.22083333333333333 0.09198813056379822 0.10333333333333333
0 0.7789317507418397 0.22333333333333333 0.11572700296735905 0.10166666666666667
0 0.5845697329376854 0.225 0.06528189910979229 0.08166666666666667
0 0.5207715133531158 0.2325 0.05637982195845697 0.075
0 0.03412462908011869 0.24 0.06824925816023739 0.06833333333333333
0 0.30712166172106825 0.245 0.04747774480712166 0.058333333333333334
0 0.10089020771513353 0.24583333333333332 0.03560830860534125 0.06
0 0.25370919881305637 0.24583333333333332 0.06231454005934718 0.055
0 0.142433234421365 0.24916666666666668 0.05637982195845697 0.058333333333333334
0 0.19732937685459942 0.24916666666666668 0.05934718100890208 0.055
0 0.5089020771513353 0.3025 0.05934718100890208 0.075
0 0.3768545994065282 0.30416666666666664 0.05637982195845697 0.07333333333333333
0 0.09940652818991098 0.30416666666666664 0.032640949554896145 0.06
0 0.19732937685459942 0.305 0.05341246290801187 0.06
0 0.2522255192878338 0.305 0.06231454005934718 0.06333333333333334
0 0.30415430267062316 0.30583333333333335 0.04451038575667656 0.06166666666666667
0 0.03412462908011869 0.30583333333333335 0.06824925816023739 0.06666666666666667
0 0.44510385756676557 0.30583333333333335 0.07418397626112759 0.07
0 0.142433234421365 0.30666666666666664 0.05637982195845697 0.058333333333333334
0 0.5890207715133531 0.3175 0.12462908011869436 0.095
0 0.973293768545994 0.31916666666666665 0.04747774480712166 0.09833333333333333
0 0.7032640949554896 0.32083333333333336 0.11572700296735905 0.095
0 0.8160237388724035 0.32083333333333336 0.11572700296735905 0.09833333333333333
0 0.9183976261127597 0.32166666666666666 0.0830860534124629 0.10166666666666667
0 0.8931750741839762 0.03333333333333333 0.09495548961424333 0.06666666666666667
0 0.7744807121661721 0.035833333333333335 0.11275964391691394 0.07166666666666667
0 0.037091988130563795 0.3625 0.07418397626112759 0.04833333333333333
0 0.5445103857566765 0.41 0.12462908011869436 0.095
0 0.6528189910979229 0.41083333333333333 0.10089020771513353 0.095
0 0.7566765578635015 0.41333333333333333 0.10682492581602374 0.09166666666666666
0 0.8679525222551929 0.41833333333333333 0.10979228486646884 0.09166666666666666
0 0.956973293768546 0.41833333333333333 0.07418397626112759 0.09833333333333333
0 0.21068249258160238 0.4191666666666667 0.05637982195845697 0.06666666666666667
0 0.1513353115727003 0.42 0.05934718100890208 0.056666666666666664
0 0.29821958456973297 0.425 0.05341246290801187 0.065
0 0.38427299703264095 0.43083333333333335 0.0712166172106825 0.07333333333333333
0 0.45103857566765576 0.43416666666666665 0.0712166172106825 0.06833333333333333
0 0.14540059347181009 0.4775 0.05637982195845697 0.058333333333333334
0 0.1943620178041543 0.48333333333333334 0.04451038575667656 0.06
0 0.24629080118694363 0.48333333333333334 0.04747774480712166 0.06333333333333334
0 0.29821958456973297 0.49083333333333334 0.04747774480712166 0.06666666666666667
0 0.3857566765578635 0.5 0.0712166172106825 0.07
0 0.6483679525222552 0.5 0.09495548961424333 0.09166666666666666
0 0.5400593471810089 0.5016666666666667 0.12759643916913946 0.09
0 0.7566765578635015 0.5016666666666667 0.10385756676557864 0.08333333333333333
0 0.44510385756676557 0.505 0.06528189910979229 0.07
0 0.8620178041543026 0.5066666666666667 0.10089020771513353 0.08666666666666667
0 0.956973293768546 0.5141666666666667 0.0771513353115727 0.09666666666666666
0 0.03857566765578635 0.5241666666666667 0.05637982195845697 0.06333333333333334
0 0.142433234421365 0.5366666666666666 0.05637982195845697 0.06
0 0.19287833827893175 0.5458333333333333 0.04747774480712166 0.058333333333333334
0 0.24629080118694363 0.5466666666666666 0.050445103857566766 0.06166666666666667
0 0.022997032640949554 0.056650000000000006 0.04599406528189911 0.06726666666666667
0 0.2997032640949555 0.5541666666666667 0.050445103857566766 0.06166666666666667
0 0.38130563798219586 0.5616666666666666 0.0712166172106825 0.06166666666666667
0 0.43762611275964386 0.5703 0.036379821958456945 0.05930000000000007
0 0.7077151335311572 0.5858333333333333 0.10682492581602374 0.085
0 0.612759643916914 0.5883333333333334 0.08605341246290801 0.08666666666666667
0 0.8115727002967359 0.5883333333333334 0.10385756676557864 0.09
0 0.5148367952522255 0.5933333333333334 0.12462908011869436 0.09333333333333334
0 0.037091988130563795 0.5941666666666666 0.050445103857566766 0.07333333333333333
0 0.9109792284866469 0.6008333333333333 0.09198813056379822 0.095
0 0.973293768545994 0.605 0.04747774480712166 0.09333333333333334
0 0.11563798219584569 0.6292 0.043086053412462896 0.049183333333333315
0 0.15222551928783382 0.6482833333333334 0.03721068249258158 0.05303333333333342
0 0.1913946587537092 0.6525 0.05341246290801187 0.058333333333333334
0 0.2952522255192878 0.6583333333333333 0.050445103857566766 0.06166666666666667
0 0.2433234421364985 0.66 0.05341246290801187 0.06166666666666667
0 0.701780415430267 0.6691666666666667 0.10385756676557864 0.09
0 0.6097922848664689 0.6708333333333333 0.08605341246290801 0.095
0 0.8071216617210683 0.6733333333333333 0.10979228486646884 0.08666666666666667
0 0.37388724035608306 0.6741666666666667 0.0712166172106825 0.065
0 0.11 0.6755 0.03382789317507419 0.03759999999999991
0 0.5059347181008902 0.68 0.12462908011869436 0.09333333333333334
0 0.9035608308605341 0.6891666666666667 0.09198813056379822 0.085
0 0.18694362017804153 0.7066666666666667 0.04747774480712166 0.04833333333333333
0 0.24480712166172106 0.7116666666666667 0.050445103857566766 0.05333333333333334
0 0.29821958456973297 0.7191666666666666 0.06231454005934718 0.05
0 0.37388724035608306 0.7408333333333333 0.06528189910979229 0.06833333333333333
0 0.6958456973293768 0.7458333333333333 0.10682492581602374 0.08333333333333333
0 0.6008902077151336 0.7516666666666667 0.09198813056379822 0.08666666666666667
0 0.8011869436201781 0.7558333333333334 0.10385756676557864 0.08333333333333333
0 0.15578635014836795 0.7641666666666667 0.04154302670623145 0.065
0 0.49851632047477745 0.7658333333333334 0.12462908011869436 0.09
0 0.06083086053412463 0.7658333333333334 0.08011869436201781 0.065
0 0.8961424332344213 0.7716666666666666 0.09198813056379822 0.085
0 0.21364985163204747 0.7816666666666666 0.06231454005934718 0.07
0 0.2744807121661721 0.7933333333333333 0.06231454005934718 0.07
0 0.3353115727002967 0.815 0.06824925816023739 0.06833333333333333
0 0.15281899109792285 0.8258333333333333 0.050445103857566766 0.06333333333333334
0 0.06824925816023739 0.8283333333333334 0.06231454005934718 0.06
0 0.6454005934718101 0.83 0.0830860534124629 0.085
0 0.5548961424332344 0.8391666666666666 0.08605341246290801 0.09
0 0.8471810089020771 0.8433333333333334 0.06824925816023739 0.09
0 0.20771513353115728 0.8441666666666666 0.05934718100890208 0.056666666666666664
0 0.7477744807121661 0.8533333333333334 0.142433234421365 0.11833333333333333
0 0.44807121661721067 0.8566666666666667 0.11572700296735905 0.09666666666666666
0 0.27002967359050445 0.8583333333333333 0.06231454005934718 0.06166666666666667
0 0.9747774480712166 0.8625 0.04451038575667656 0.11666666666666667
0 0.9228486646884273 0.8683333333333333 0.0830860534124629 0.08333333333333333
0 0.327893175074184 0.8766666666666667 0.05637982195845697 0.058333333333333334
0 0.6409495548961425 0.9441666666666667 0.0830860534124629 0.09166666666666666
0 0.43913946587537095 0.9469333333333333 0.0880712166172107 0.07934999999999984
0 0.7299703264094956 0.9483333333333334 0.08902077151335312 0.095
0 0.8115727002967359 0.955 0.06528189910979229 0.08666666666666667
0 0.9554896142433235 0.955 0.08011869436201781 0.08666666666666667
0 0.5445103857566765 0.9566666666666667 0.11572700296735905 0.08333333333333333
0 0.9480712166172107 0.11166666666666666 0.09495548961424333 0.11666666666666667
0 0.7181008902077152 0.12 0.13353115727002968 0.105
0 0.8471810089020771 0.12 0.12166172106824925 0.105
0 0.02225519287833828 0.12083333333333333 0.04451038575667656 0.06166666666666667
0 0.599406528189911 0.15083333333333335 0.07418397626112759 0.07166666666666667
0 0.5222551928783383 0.16416666666666666 0.06231454005934718 0.08166666666666667