0 0.6358333333333334 0.02967359050445104 0.06 0.05934718100890208
0 0.3516666666666667 0.03560830860534125 0.03333333333333333 0.0712166172106825
0 0.695 0.3694362017804154 0.08333333333333333 0.2551928783382789
0 0.19916666666666666 0.37091988130563797 0.065 0.142433234421365
0 0.5675 0.3768545994065282 0.055 0.21364985163204747
0 0.5141666666666667 0.38427299703264095 0.055 0.21068249258160238
0 0.625 0.3857566765578635 0.06166666666666667 0.2314540059347181
0 0.4658333333333333 0.39762611275964393 0.04833333333333333 0.20474777448071216
0 0.5716666666666667 0.04302670623145401 0.06166666666666667 0.08605341246290801
0 0.42583333333333334 0.42433234421364985 0.03833333333333333 0.17210682492581603
0 0.7575 0.42433234421364985 0.04 0.228486646884273
0 0.39 0.43026706231454004 0.03833333333333333 0.1513353115727003
0 0.35083333333333333 0.4391691394658754 0.03833333333333333 0.1543026706231454
0 0.32083333333333336 0.443620178041543 0.03 0.1513353115727003
0 0.29 0.4495548961424332 0.03333333333333333 0.1513353115727003
0 0.25916666666666666 0.45252225519287836 0.035 0.1394658753709199
0 0.235 0.4540059347181009 0.013333333333333334 0.14540059347181009
0 0.32 0.05192878338278932 0.03 0.10385756676557864
0 0.09 0.05192878338278932 0.05333333333333334 0.10385756676557864
0 0.19 0.5044510385756676 0.06166666666666667 0.11869436201780416
0 0.30143333333333333 0.5564688427299703 0.045300000000000014 0.06741839762611267
0 0.26 0.5652818991097923 0.03333333333333333 0.0830860534124629
0 0.4633333333333333 0.5890207715133531 0.041666666666666664 0.19287833827893175
0 0.16833333333333333 0.5905044510385756 0.058333333333333334 0.142433234421365
0 0.5091666666666667 0.5919881305637982 0.055 0.21068249258160238
0 0.2941666666666667 0.06083086053412463 0.02 0.10682492581602374
0 0.5175 0.06083086053412463 0.043333333333333335 0.11572700296735905
0 0.14583333333333334 0.06083086053412463 0.05333333333333334 0.11869436201780416
0 0.42333333333333334 0.5949554896142433 0.03666666666666667 0.18100890207715134
0 0.5666666666666667 0.5949554896142433 0.06 0.2166172106824926
0 0.38416666666666666 0.5964391691394659 0.043333333333333335 0.1661721068249258
0 0.3466666666666667 0.599406528189911 0.03166666666666667 0.1572700296735905
0 0.9808333333333333 0.6008902077151336 0.035 0.3353115727002967
0 0.9025 0.6068249258160238 0.125 0.3115727002967359
0 0.22416666666666665 0.612759643916914 0.04833333333333333 0.0771513353115727
0 0.625 0.6142433234421365 0.056666666666666664 0.22551928783382788
0 0.6983333333333334 0.6231454005934718 0.08666666666666667 0.2403560830860534
0 0.7633333333333333 0.6646884272997032 0.041666666666666664 0.2344213649851632
0 0.2825 0.7091988130563798 0.07 0.19584569732937684
0 0.195 0.0712166172106825 0.043333333333333335 0.12462908011869436
0 0.16083333333333333 0.7329376854599406 0.056666666666666664 0.13056379821958458
0 0.20343333333333333 0.7433827893175075 0.02353333333333334 0.1552522255192878
0 0.22708333333333333 0.7512759643916914 0.025 0.16050445103857577
0 0.375 0.7833827893175074 0.03666666666666667 0.17210682492581603
0 0.3408333333333333 0.7908011869436202 0.03666666666666667 0.17210682492581603
0 0.5066666666666667 0.8071216617210683 0.058333333333333334 0.2166172106824926
0 0.5675 0.8204747774480712 0.06 0.2314540059347181
0 0.4325 0.8234421364985163 0.085 0.21364985163204747
0 0.4725 0.0830860534124629 0.05 0.13353115727002968
0 0.16723333333333334 0.8341839762611276 0.03685000000000002 0.14471810089020767
0 0.6275 0.844213649851632 0.05 0.2314540059347181
0 0.04583333333333333 0.8560830860534124 0.06 0.12462908011869436
0 0.26916666666666667 0.08605341246290801 0.02666666666666667 0.11572700296735905
0 0.6983333333333334 0.8724035608308606 0.08666666666666667 0.24925816023738873
0 0.9816666666666667 0.8813056379821959 0.03333333333333333 0.2314540059347181
0 0.9041666666666667 0.884272997032641 0.125 0.22551928783382788
0 0.7658333333333334 0.8887240356083086 0.045 0.2166172106824926
0 0.11166666666666666 0.8902077151335311 0.07 0.16023738872403562
0 0.19826666666666665 0.8992878338278932 0.02648333333333336 0.15130563798219587
0 0.22606666666666664 0.902700296735905 0.030916666666666686 0.1404451038575669
0 0.2816666666666667 0.9080118694362018 0.07 0.17804154302670624
0 0.33666666666666667 0.9347181008902077 0.04 0.12462908011869436
0 0.3775 0.9391691394658753 0.041666666666666664 0.11572700296735905
0 0.14583333333333334 0.9554896142433235 0.07833333333333334 0.0830860534124629
0 0.43833333333333335 0.9658753709198813 0.07666666666666666 0.06231454005934718
0 0.4266666666666667 0.10089020771513353 0.043333333333333335 0.1394658753709199
0 0.24166666666666667 0.1083086053412463 0.028333333333333332 0.12166172106824925
0 0.3875 0.13353115727002968 0.03833333333333333 0.13649851632047477
0 0.35333333333333333 0.15578635014836795 0.03333333333333333 0.13056379821958458
0 0.0925 0.16468842729970326 0.055 0.11869436201780416
0 0.14583333333333334 0.17804154302670624 0.05 0.10682492581602374
0 0.31833333333333336 0.1795252225519288 0.03333333333333333 0.12166172106824925
0 0.195 0.18991097922848665 0.041666666666666664 0.11275964391691394
0 0.2941666666666667 0.19584569732937684 0.02666666666666667 0.10979228486646884
0 0.7566666666666667 0.2032640949554896 0.043333333333333335 0.21364985163204747
0 0.2683333333333333 0.21216617210682492 0.02666666666666667 0.10089020771513353
0 0.24 0.22551928783382788 0.03 0.10385756676557864
0 0.38521666666666665 0.0283679525222552 0.03598333333333329 0.05670623145400593
0 0.09 0.2789317507418398 0.05 0.10979228486646884
0 0.9791666666666666 0.28041543026706234 0.03833333333333333 0.32344213649851633
0 0.9008333333333334 0.2893175074183976 0.115 0.3026706231454006
0 0.14083333333333334 0.2922848664688427 0.051666666666666666 0.12462908011869436