0 0.09333333333333334 0.29673590504451036 0.016666666666666666 0.08902077151335312
0 0.11166666666666666 0.29673590504451036 0.021666666666666667 0.09495548961424333
0 0.115 0.3857566765578635 0.02666666666666667 0.0771513353115727
0 0.09166666666666666 0.38724035608308605 0.02 0.0771513353115727
0 0.1975 0.39465875370919884 0.03166666666666667 0.09198813056379822
0 0.1775 0.4169139465875371 0.015 0.07418397626112759
0 0.16 0.42136498516320475 0.018333333333333333 0.0830860534124629
0 0.9341666666666667 0.44510385756676557 0.09 0.2314540059347181
0 0.9891666666666666 0.45103857566765576 0.018333333333333333 0.22551928783382788
0 0.32 0.45845697329376855 0.03833333333333333 0.13056379821958458
0 0.3591666666666667 0.4629080118694362 0.043333333333333335 0.13649851632047477
0 0.4 0.4688427299703264 0.04 0.142433234421365
0 0.09083333333333334 0.47181008902077154 0.021666666666666667 0.08902077151335312
0 0.44 0.4732937685459941 0.045 0.14540059347181009
0 0.47833333333333333 0.4762611275964392 0.03166666666666667 0.14836795252225518
0 0.11583333333333333 0.4762611275964392 0.025 0.09495548961424333
0 0.245 0.4807121661721068 0.03666666666666667 0.09198813056379822
0 0.19666666666666666 0.48516320474777447 0.023333333333333334 0.09495548961424333
0 0.5483333333333333 0.48516320474777447 0.056666666666666664 0.1572700296735905
0 0.21916666666666668 0.486646884272997 0.021666666666666667 0.09198813056379822
0 0.27 0.486646884272997 0.03 0.10979228486646884
0 0.17833333333333334 0.48813056379821956 0.015 0.07418397626112759
0 0.6025 0.48813056379821956 0.058333333333333334 0.1632047477744807
0 0.665 0.4910979228486647 0.058333333333333334 0.17507418397626112
0 0.16083333333333333 0.4940652818991098 0.02 0.0771513353115727
0 0.7283333333333334 0.49554896142433236 0.065 0.18397626112759644
0 0.7958333333333333 0.5014836795252225 0.07 0.19584569732937684
0 0.17916666666666667 0.5667655786350149 0.015 0.08011869436201781
0 0.16 0.5667655786350149 0.018333333333333333 0.0712166172106825
0 0.0157 0.5737388724035608 0.013399999999999999 0.0709495548961425
0 0.19833333333333333 0.5741839762611276 0.021666666666666667 0.09198813056379822
0 0.24166666666666667 0.5771513353115727 0.025 0.08902077151335312
0 0.032683333333333335 0.5784272997032641 0.022766666666666664 0.07824925816023741
0 0.21833333333333332 0.5801186943620178 0.021666666666666667 0.08902077151335312
0 0.26666666666666666 0.5875370919881305 0.02666666666666667 0.09792284866468842
0 0.07333333333333333 0.5890207715133531 0.02 0.08605341246290801
0 0.3225 0.5905044510385756 0.03666666666666667 0.13056379821958458
0 0.09166666666666666 0.5905044510385756 0.016666666666666666 0.08605341246290801
0 0.36083333333333334 0.5964391691394659 0.04 0.13056379821958458
0 0.11083333333333334 0.6008902077151336 0.025 0.08605341246290801
0 0.39916666666666667 0.6023738872403561 0.04 0.142433234421365
0 0.44166666666666665 0.612759643916914 0.045 0.14836795252225518
0 0.47833333333333333 0.6231454005934718 0.03166666666666667 0.13353115727002968
0 0.5458333333333333 0.6394658753709199 0.05 0.14836795252225518
0 0.6008333333333333 0.6498516320474778 0.058333333333333334 0.1572700296735905
0 0.7908333333333334 0.06528189910979229 0.058333333333333334 0.12759643916913946
0 0.66 0.6572700296735905 0.06 0.1632047477744807
0 0.9291666666666667 0.6676557863501483 0.08166666666666667 0.20178041543026706
0 0.07416666666666667 0.6735905044510386 0.013333333333333334 0.08902077151335312
0 0.7241666666666666 0.6780415430267063 0.06666666666666667 0.17210682492581603
0 0.09166666666666666 0.6780415430267063 0.018333333333333333 0.0830860534124629
0 0.9866666666666667 0.6810089020771514 0.023333333333333334 0.22255192878338279
0 0.11333333333333333 0.6869436201780416 0.023333333333333334 0.09198813056379822
0 0.7933333333333333 0.6913946587537092 0.07166666666666667 0.18694362017804153
0 0.13 0.6988130563798219 0.013333333333333334 0.09198813056379822
0 0.7375 0.0712166172106825 0.04666666666666667 0.1394658753709199
0 0.16 0.7270029673590505 0.025 0.12166172106824925
0 0.18583333333333332 0.7388724035608308 0.02666666666666667 0.12462908011869436
0 0.21166666666666667 0.7537091988130564 0.02666666666666667 0.12759643916913946
0 0.07416666666666667 0.7566765578635015 0.018333333333333333 0.0830860534124629
0 0.24166666666666667 0.7640949554896143 0.03166666666666667 0.13353115727002968
0 0.09416666666666666 0.7640949554896143 0.021666666666666667 0.0830860534124629
0 0.26666666666666666 0.7700296735905044 0.025 0.12462908011869436
0 0.6816666666666666 0.07863501483679525 0.065 0.14540059347181009
0 0.11333333333333333 0.7759643916913946 0.016666666666666666 0.08902077151335312
0 0.12833333333333333 0.7833827893175074 0.013333333333333334 0.0771513353115727
0 0.3258333333333333 0.8204747774480712 0.03166666666666667 0.142433234421365
0 0.3983333333333333 0.8249258160237388 0.045 0.14540059347181009
0 0.36 0.8338278931750742 0.03666666666666667 0.142433234421365
0 0.16 0.8367952522255193 0.025 0.11275964391691394
0 0.44083333333333335 0.8382789317507419 0.041666666666666664 0.1572700296735905
0 0.185 0.8516320474777448 0.025 0.11275964391691394
0 0.4791666666666667 0.857566765578635 0.035 0.1661721068249258
0 0.09593333333333334 0.8616320474777448 0.020966666666666665 0.049584569732937796
0 0.2125 0.8649851632047477 0.03 0.12166172106824925
0 0.9275 0.8798219584569733 0.08166666666666667 0.21068249258160238
0 0.24166666666666667 0.8827893175074184 0.028333333333333332 0.11572700296735905
0 0.12605 0.8829080118694362 0.016400000000000005 0.049584569732937796
0 0.5491666666666667 0.8857566765578635 0.04833333333333333 0.17804154302670624
0 0.615 0.08902077151335312 0.065 0.142433234421365
0 0.2675 0.8931750741839762 0.025 0.12759643916913946
0 0.9841666666666666 0.900593471810089 0.028333333333333332 0.19287833827893175
0 0.6033333333333334 0.9109792284866469 0.056666666666666664 0.16913946587537093
0 0.12605 0.9203264094955489 0.016400000000000005 0.03338278931750742
0 0.6625 0.9213649851632048 0.065 0.1513353115727003
0 0.7258333333333333 0.9272997032640949 0.06166666666666667 0.1394658753709199
0 0.1593 0.9289317507418398 0.027199999999999988 0.06272997032640945
0 0.7833333333333333 0.93026706231454 0.055 0.13649851632047477
0 0.32666666666666666 0.9347181008902077 0.03166666666666667 0.10979228486646884
0 0.1843 0.9360237388724035 0.026049999999999993 0.052611275964391746
0 0.4008333333333333 0.9510385756676558 0.03166666666666667 0.09495548961424333
0 0.36333333333333334 0.9510385756676558 0.04 0.09198813056379822
0 0.44083333333333335 0.9614243323442137 0.043333333333333335 0.06824925816023739
0 0.44666666666666666 0.1083086053412463 0.06666666666666667 0.14836795252225518
0 0.5375 0.1083086053412463 0.06666666666666667 0.12759643916913946
0 0.37916666666666665 0.142433234421365 0.041666666666666664 0.11869436201780416
0 0.2783333333333333 0.14391691394658754 0.058333333333333334 0.13056379821958458
0 0.32916666666666666 0.14688427299703263 0.05333333333333334 0.10682492581602374
0 0.7916666666666666 0.19881305637982197 0.06 0.17210682492581603
0 0.7216666666666667 0.21513353115727002 0.08333333333333333 0.14836795252225518
0 0.6458333333333334 0.22403560830860533 0.07 0.142433234421365
0 0.5708333333333333 0.23293768545994065 0.07833333333333334 0.1394658753709199
0 0.49916666666666665 0.23590504451038577 0.06833333333333333 0.13056379821958458
0 0.44083333333333335 0.2433234421364985 0.05 0.12166172106824925
0 0.31666666666666665 0.24777448071216618 0.04833333333333333 0.13056379821958458
0 0.3908333333333333 0.2507418397626113 0.04666666666666667 0.11869436201780416
0 0.235 0.25667655786350146 0.03333333333333333 0.09495548961424333
0 0.16166666666666665 0.25667655786350146 0.02666666666666667 0.09495548961424333
0 0.34833333333333333 0.2596439169139466 0.045 0.10682492581602374
0 0.27166666666666667 0.26112759643916916 0.03833333333333333 0.10979228486646884
0 0.19666666666666666 0.26409495548961426 0.03666666666666667 0.10089020771513353