0 0.69 0.3293768545994065 0.07 0.14540059347181009
0 0.6016666666666667 0.34421364985163205 0.07 0.18694362017804153
0 0.7616666666666667 0.38130563798219586 0.07666666666666666 0.19584569732937684
0 0.47 0.42729970326409494 0.07833333333333334 0.20771513353115728
0 0.5325 0.4317507418397626 0.06166666666666667 0.10979228486646884
0 0.40166666666666667 0.43471810089020774 0.06 0.1632047477744807
0 0.3491666666666667 0.47477744807121663 0.04666666666666667 0.16913946587537093
0 0.9583333333333334 0.4762611275964392 0.07833333333333334 0.29376854599406527
0 0.30583333333333335 0.48516320474777447 0.043333333333333335 0.14540059347181009
0 0.25166666666666665 0.4940652818991098 0.058333333333333334 0.1572700296735905
0 0.19166666666666668 0.5103857566765578 0.06 0.12462908011869436
0 0.8616666666666667 0.5103857566765578 0.12166666666666667 0.26112759643916916
0 0.6825 0.5341246290801187 0.07666666666666666 0.22255192878338279
0 0.605 0.5578635014836796 0.08166666666666667 0.22551928783382788
0 0.7675 0.5875370919881305 0.07666666666666666 0.2166172106824926
0 0.5283333333333333 0.5890207715133531 0.07166666666666667 0.21364985163204747
0 0.11666666666666667 0.5979228486646885 0.07166666666666667 0.13649851632047477
0 0.07583333333333334 0.6023738872403561 0.04 0.13649851632047477
0 0.028333333333333332 0.6083086053412463 0.05333333333333334 0.12759643916913946
0 0.4558333333333333 0.6097922848664689 0.075 0.21068249258160238
0 0.3933333333333333 0.615727002967359 0.07 0.19881305637982197
0 0.04416666666666667 0.6201780415430267 0.04833333333333333 0.12462908011869436
0 0.33666666666666667 0.6513353115727003 0.056666666666666664 0.16913946587537093
0 0.23833333333333334 0.655786350148368 0.06166666666666667 0.17210682492581603
0 0.2875 0.655786350148368 0.056666666666666664 0.1661721068249258
0 0.14 0.6661721068249258 0.051666666666666666 0.10385756676557864
0 0.18083333333333335 0.6735905044510386 0.03666666666666667 0.08011869436201781
0 0.060833333333333336 0.7240356083086054 0.04 0.13056379821958458
0 0.09333333333333334 0.7270029673590505 0.05 0.12759643916913946
0 0.03 0.7344213649851632 0.043333333333333335 0.11869436201780416
0 0.16333333333333333 0.7655786350148368 0.05333333333333334 0.10979228486646884
0 0.9641666666666666 0.7670623145400594 0.07 0.28486646884273
0 0.12416666666666666 0.7685459940652819 0.04 0.10385756676557864
0 0.8725 0.7700296735905044 0.11666666666666667 0.26409495548961426
0 0.685 0.7848664688427299 0.08 0.2551928783382789
0 0.6016666666666667 0.7908011869436202 0.085 0.24925816023738873
0 0.5208333333333334 0.8026706231454006 0.07166666666666667 0.2195845697329377
0 0.7658333333333334 0.8056379821958457 0.06666666666666667 0.2195845697329377
0 0.3825 0.814540059347181 0.056666666666666664 0.20178041543026706
0 0.4475 0.8160237388724035 0.06666666666666667 0.19881305637982197
0 0.22416666666666665 0.8234421364985163 0.06 0.18991097922848665
0 0.3233333333333333 0.8264094955489614 0.056666666666666664 0.18991097922848665
0 0.27666666666666667 0.8293768545994066 0.043333333333333335 0.18694362017804153
0 0.04416666666666667 0.8545994065281899 0.04 0.12759643916913946
0 0.08 0.8545994065281899 0.055 0.13649851632047477
0 0.015 0.8605341246290801 0.02666666666666667 0.13056379821958458
0 0.15666666666666668 0.8664688427299704 0.05 0.10979228486646884
0 0.11 0.8694362017804155 0.045 0.10385756676557864
0 0.6016666666666667 0.21216617210682492 0.07333333333333333 0.0771513353115727
0 0.9516666666666667 0.23738872403560832 0.09333333333333334 0.2997032640949555
0 0.8525 0.2655786350148368 0.10833333333333334 0.2433234421364985
0 0.4741666666666667 0.28041543026706234 0.07333333333333333 0.10089020771513353