0 0.913946587537092 0.21833333333333332 0.11572700296735905 0.08833333333333333
0 0.8041543026706232 0.22 0.10089020771513353 0.09
0 0.7002967359050445 0.22083333333333333 0.10682492581602374 0.09
0 0.5830860534124629 0.2225 0.11275964391691394 0.09
0 0.4688427299703264 0.22583333333333333 0.11869436201780416 0.08
0 0.23887240356083086 0.22583333333333333 0.12166172106824925 0.09166666666666666
0 0.3545994065281899 0.22666666666666666 0.10979228486646884 0.08333333333333333
0 0.6053412462908012 0.38333333333333336 0.12166172106824925 0.1
0 0.9109792284866469 0.385 0.10979228486646884 0.095
0 0.7151335311572701 0.38666666666666666 0.09198813056379822 0.08833333333333333
0 0.8071216617210683 0.3875 0.09792284866468842 0.09166666666666666
0 0.486646884272997 0.3925 0.11275964391691394 0.09166666666666666
0 0.2596439169139466 0.3933333333333333 0.11275964391691394 0.10333333333333333
0 0.3768545994065282 0.395 0.10385756676557864 0.09
0 0.5801186943620178 0.04 0.12759643916913946 0.07833333333333334
0 0.7002967359050445 0.04083333333333333 0.10979228486646884 0.08166666666666667
0 0.1661721068249258 0.40166666666666667 0.05934718100890208 0.09333333333333334
0 0.9154302670623146 0.041666666666666664 0.11572700296735905 0.08333333333333333
0 0.21810089020771514 0.0425 0.12759643916913946 0.085
0 0.8041543026706232 0.043333333333333335 0.10385756676557864 0.08166666666666667
0 0.4599406528189911 0.04416666666666667 0.11572700296735905 0.08666666666666667
0 0.9094955489614244 0.4691666666666667 0.10682492581602374 0.08833333333333333
0 0.8086053412462908 0.47 0.09495548961424333 0.08
0 0.7106824925816023 0.4716666666666667 0.10385756676557864 0.08
0 0.6008902077151336 0.47333333333333333 0.11275964391691394 0.08333333333333333
0 0.3857566765578635 0.47833333333333333 0.10682492581602374 0.08
0 0.49258160237388726 0.47833333333333333 0.10682492581602374 0.08333333333333333
0 0.1913946587537092 0.4816666666666667 0.05934718100890208 0.07333333333333333
0 0.2774480712166172 0.4825 0.10682492581602374 0.075
0 0.3397626112759644 0.04833333333333333 0.12462908011869436 0.095
0 0.12314540059347182 0.5166666666666667 0.07418397626112759 0.11833333333333333
0 0.8086053412462908 0.5483333333333333 0.10089020771513353 0.07833333333333334
0 0.9094955489614244 0.5491666666666667 0.10385756676557864 0.07833333333333334
0 0.7062314540059347 0.55 0.10385756676557864 0.08
0 0.6023738872403561 0.5533333333333333 0.10089020771513353 0.07666666666666666
0 0.49258160237388726 0.5566666666666666 0.11572700296735905 0.07833333333333334
0 0.3857566765578635 0.5583333333333333 0.10089020771513353 0.07833333333333334
0 0.19584569732937684 0.56 0.05637982195845697 0.07833333333333334
0 0.2774480712166172 0.5633333333333334 0.10682492581602374 0.07833333333333334
0 0.03412462908011869 0.6083333333333333 0.06824925816023739 0.16333333333333333
0 0.1394658753709199 0.6241666666666666 0.06231454005934718 0.09166666666666666
0 0.9154302670623146 0.6783333333333333 0.11275964391691394 0.07333333333333333
0 0.6142433234421365 0.6833333333333333 0.09792284866468842 0.09333333333333334
0 0.8071216617210683 0.6858333333333333 0.08605341246290801 0.08
0 0.7151335311572701 0.6883333333333334 0.09792284866468842 0.08333333333333333
0 0.41097922848664686 0.6975 0.10089020771513353 0.07833333333333334
0 0.5074183976261127 0.6991666666666667 0.09198813056379822 0.08833333333333333
0 0.22255192878338279 0.7025 0.05637982195845697 0.085
0 0.30712166172106825 0.7091666666666666 0.10682492581602374 0.08333333333333333
0 0.14688427299703263 0.715 0.06824925816023739 0.09666666666666666
0 0.10089020771513353 0.7475 0.08011869436201781 0.135
0 0.9124629080118695 0.7516666666666667 0.10089020771513353 0.065
0 0.8071216617210683 0.76 0.09198813056379822 0.06166666666666667
0 0.7136498516320475 0.7616666666666667 0.09495548961424333 0.06333333333333334
0 0.612759643916914 0.7641666666666667 0.10385756676557864 0.07
0 0.5133531157270029 0.7675 0.10089020771513353 0.056666666666666664
0 0.4169139465875371 0.7691666666666667 0.09792284866468842 0.056666666666666664
0 0.2314540059347181 0.7733333333333333 0.05934718100890208 0.06
0 0.3086053412462908 0.7758333333333334 0.08902077151335312 0.056666666666666664
0 0.04154302670623145 0.7833333333333333 0.0830860534124629 0.18166666666666667
0 0.8931750741839762 0.8466666666666667 0.08605341246290801 0.09
0 0.5905044510385756 0.8475 0.10682492581602374 0.09833333333333333
0 0.7997032640949555 0.85 0.10682492581602374 0.08666666666666667
0 0.6943620178041543 0.8516666666666667 0.10089020771513353 0.08666666666666667
0 0.48813056379821956 0.8558333333333333 0.09792284866468842 0.09833333333333333
0 0.3857566765578635 0.8608333333333333 0.08902077151335312 0.1
0 0.2789317507418398 0.8983333333333333 0.10979228486646884 0.115
0 0.8961424332344213 0.9166666666666666 0.08011869436201781 0.07
0 0.8041543026706232 0.9233333333333333 0.09495548961424333 0.065
0 0.7002967359050445 0.9258333333333333 0.10089020771513353 0.07
0 0.5964391691394659 0.9283333333333333 0.10089020771513353 0.07166666666666667
0 0.4896142433234421 0.9308333333333333 0.09792284866468842 0.07333333333333333
0 0.3887240356083086 0.935 0.10385756676557864 0.055
0 0.9124629080118695 0.1275 0.11275964391691394 0.09166666666666666
0 0.5830860534124629 0.12833333333333333 0.11275964391691394 0.1
0 0.6988130563798219 0.12916666666666668 0.11275964391691394 0.09333333333333334
0 0.8056379821958457 0.12916666666666668 0.09792284866468842 0.08833333333333333
0 0.2344213649851632 0.13333333333333333 0.12462908011869436 0.09666666666666666
0 0.4629080118694362 0.13666666666666666 0.11869436201780416 0.09666666666666666
0 0.34718100890207715 0.14 0.11275964391691394 0.09