0 0.2991666666666667 0.2911111111111111 0.045 0.12666666666666668
0 0.11333333333333333 0.3 0.09 0.1688888888888889
0 0.355 0.3088888888888889 0.065 0.12666666666666668
0 0.034166666666666665 0.31333333333333335 0.06833333333333333 0.13777777777777778
0 0.41583333333333333 0.31666666666666665 0.056666666666666664 0.1111111111111111
0 0.4716666666666667 0.3244444444444444 0.051666666666666666 0.10444444444444445
0 0.23833333333333334 0.32555555555555554 0.08 0.15777777777777777
0 0.18253333333333333 0.32964444444444446 0.03103333333333334 0.1249111111111111
0 0.6841666666666667 0.3655555555555556 0.056666666666666664 0.10444444444444445
0 0.7308333333333333 0.3711111111111111 0.03833333333333333 0.1
0 0.7691666666666667 0.37444444444444447 0.03666666666666667 0.08888888888888889
0 0.805 0.37777777777777777 0.035 0.08444444444444445
0 0.9508333333333333 0.39555555555555555 0.04 0.07777777777777778
0 0.9141666666666667 0.4011111111111111 0.03 0.05555555555555555
0 0.9841666666666666 0.4311111111111111 0.028333333333333332 0.05333333333333334
0 0.31916666666666665 0.4311111111111111 0.07666666666666666 0.15777777777777777
0 0.605 0.44 0.03833333333333333 0.10888888888888888
0 0.46504999999999996 0.44331111111111116 0.07774999999999996 0.1374222222222223
0 0.395 0.44333333333333336 0.07166666666666667 0.14
0 0.5533333333333333 0.4488888888888889 0.06166666666666667 0.12444444444444444
0 0.045 0.45666666666666667 0.09 0.17555555555555555
0 0.9158333333333334 0.4588888888888889 0.028333333333333332 0.06222222222222222
0 0.8825 0.46 0.03 0.04888888888888889
0 0.95 0.4633333333333333 0.03833333333333333 0.06444444444444444
0 0.14166666666666666 0.4633333333333333 0.09833333333333333 0.16444444444444445
0 0.7666666666666667 0.4677777777777778 0.05333333333333334 0.11333333333333333
0 0.8116666666666666 0.47 0.04 0.10444444444444445
0 0.85 0.47 0.03666666666666667 0.1
0 0.6908333333333333 0.4722222222222222 0.05333333333333334 0.10444444444444445
0 0.2375 0.47444444444444445 0.085 0.14222222222222222
0 0.9825 0.48444444444444446 0.02666666666666667 0.05333333333333334
0 0.95 0.5211111111111111 0.04 0.04
0 0.9858333333333333 0.54 0.025 0.057777777777777775
0 0.545 0.5722222222222222 0.04 0.13333333333333333
0 0.6958333333333333 0.5733333333333334 0.041666666666666664 0.10666666666666667
0 0.7666666666666667 0.5744444444444444 0.06 0.11333333333333333
0 0.815 0.5744444444444444 0.03833333333333333 0.10444444444444445
0 0.8533333333333334 0.5744444444444444 0.04 0.10444444444444445
0 0.4716666666666667 0.58 0.07166666666666667 0.13555555555555557
0 0.3975 0.5844444444444444 0.07666666666666666 0.14222222222222222
0 0.31916666666666665 0.59 0.07666666666666666 0.16
0 0.23583333333333334 0.62 0.09 0.14444444444444443
0 0.14 0.6233333333333333 0.095 0.15555555555555556
0 0.041666666666666664 0.6255555555555555 0.07666666666666666 0.1622222222222222
0 0.8558166666666667 0.6691555555555556 0.03233333333333339 0.08113333333333331
0 0.8175 0.6733333333333333 0.041666666666666664 0.08222222222222222
0 0.775 0.6855555555555556 0.043333333333333335 0.10444444444444445
0 0.7208333333333333 0.6888888888888889 0.06 0.1111111111111111
0 0.4741666666666667 0.72 0.065 0.14444444444444443
0 0.4041666666666667 0.7366666666666667 0.07 0.15555555555555556
0 0.31916666666666665 0.7544444444444445 0.07666666666666666 0.16444444444444445
0 0.23166666666666666 0.7711111111111111 0.08666666666666667 0.15777777777777777
0 0.13666666666666666 0.7877777777777778 0.09166666666666666 0.1711111111111111
0 0.03666666666666667 0.8022222222222222 0.07333333333333333 0.18222222222222223