0 0.24583333333333332 0.3427299703264095 0.055 0.08605341246290801
0 0.30333333333333334 0.3798219584569733 0.06 0.12166172106824925
0 0.36583333333333334 0.38724035608308605 0.06666666666666667 0.1543026706231454
0 0.06833333333333333 0.40059347181008903 0.05 0.1543026706231454
0 0.12666666666666668 0.4020771513353116 0.065 0.16023738872403562
0 0.1825 0.4094955489614243 0.06 0.13353115727002968
0 0.2425 0.4540059347181009 0.058333333333333334 0.12759643916913946
0 0.3016666666666667 0.48516320474777447 0.058333333333333334 0.08902077151335312
0 0.018333333333333333 0.5519287833827893 0.03333333333333333 0.14540059347181009
0 0.17583333333333334 0.5548961424332344 0.056666666666666664 0.1632047477744807
0 0.12 0.5548961424332344 0.06 0.1572700296735905
0 0.059166666666666666 0.5563798219584569 0.06333333333333334 0.1543026706231454
0 0.3675 0.5563798219584569 0.058333333333333334 0.1572700296735905
0 0.23833333333333334 0.5816023738872403 0.065 0.13056379821958458
0 0.2975 0.5964391691394659 0.056666666666666664 0.12462908011869436
0 0.0125 0.6899109792284867 0.021666666666666667 0.142433234421365
0 0.051666666666666666 0.6928783382789317 0.06333333333333334 0.12759643916913946
0 0.11416666666666667 0.701780415430267 0.065 0.12759643916913946
0 0.17083333333333334 0.7210682492581603 0.055 0.1543026706231454
0 0.35833333333333334 0.7210682492581603 0.06333333333333334 0.17210682492581603
0 0.0125 0.8175074183976261 0.025 0.11275964391691394
0 0.05333333333333334 0.8427299703264095 0.055 0.14540059347181009
0 0.10666666666666667 0.8456973293768546 0.05 0.14836795252225518
0 0.15333333333333332 0.8590504451038575 0.045 0.13649851632047477
0 0.3641666666666667 0.8783382789317508 0.045 0.14540059347181009
0 0.205 0.8857566765578635 0.05333333333333334 0.11869436201780416
0 0.25666666666666665 0.8931750741839762 0.05333333333333334 0.11572700296735905
0 0.31 0.8946587537091988 0.04833333333333333 0.12759643916913946
0 0.013333333333333334 0.9198813056379822 0.02666666666666667 0.07418397626112759
0 0.15416666666666667 0.9658753709198813 0.045 0.06231454005934718
0 0.255 0.9703264094955489 0.05 0.05341246290801187