0 0.03222222222222222 0.17 0.06444444444444444 0.33666666666666667
0 0.22333333333333333 0.17166666666666666 0.28444444444444444 0.3433333333333333
0 0.8377777777777777 0.1725 0.32 0.3433333333333333
0 0.5244444444444445 0.17333333333333334 0.2866666666666667 0.3466666666666667
0 0.22111111111111112 0.49583333333333335 0.28888888888888886 0.31
0 0.04111111111111111 0.49666666666666665 0.08222222222222222 0.31833333333333336
0 0.5177777777777778 0.49916666666666665 0.2822222222222222 0.30666666666666664
0 0.8277777777777777 0.51 0.30666666666666664 0.32
0 0.22555555555555556 0.7933333333333333 0.2644444444444444 0.2833333333333333
0 0.5011111111111111 0.7958333333333333 0.25555555555555554 0.2916666666666667
0 0.044444444444444446 0.7975 0.08888888888888889 0.25
0 0.8022222222222222 0.8058333333333333 0.28444444444444444 0.30666666666666664