0 0.2475 0.16666666666666666 0.21166666666666667 0.32666666666666666
0 0.46 0.17555555555555555 0.19 0.3422222222222222
0 0.6441666666666667 0.18444444444444444 0.17166666666666666 0.3622222222222222
0 0.8041666666666667 0.2111111111111111 0.14333333333333334 0.3288888888888889
0 0.9375 0.2388888888888889 0.12166666666666667 0.31333333333333335
0 0.2275 0.5122222222222222 0.22833333333333333 0.41555555555555557
0 0.44666666666666666 0.5266666666666666 0.19333333333333333 0.38222222222222224
0 0.6358333333333334 0.5322222222222223 0.17333333333333334 0.3622222222222222
0 0.8033333333333333 0.5388888888888889 0.15 0.3288888888888889
0 0.9366666666666666 0.5477777777777778 0.12 0.30666666666666664
0 0.21833333333333332 0.8566666666666667 0.22166666666666668 0.2822222222222222
0 0.435 0.8544444444444445 0.19 0.2866666666666667
0 0.6375 0.8544444444444445 0.18166666666666667 0.2866666666666667
0 0.8025 0.8488888888888889 0.14666666666666667 0.29555555555555557
0 0.9375 0.85 0.11833333333333333 0.29777777777777775
0 0.06833333333333333 0.15333333333333332 0.13333333333333333 0.30666666666666664
0 0.060833333333333336 0.4911111111111111 0.11833333333333333 0.43555555555555553
0 0.055 0.8555555555555555 0.10833333333333334 0.2866666666666667