0 0.16 0.38222222222222224 0.14666666666666667 0.27111111111111114
0 0.2791666666666667 0.38666666666666666 0.09 0.24666666666666667
0 0.3883333333333333 0.38666666666666666 0.12666666666666668 0.2688888888888889
0 0.6633333333333333 0.39 0.13666666666666666 0.26222222222222225
0 0.5275 0.39555555555555555 0.12333333333333334 0.26666666666666666
0 0.795 0.39555555555555555 0.12333333333333334 0.26
0 0.15061666666666668 0.041666666666666664 0.14973333333333336 0.08333333333333333
0 0.925 0.40555555555555556 0.12833333333333333 0.2577777777777778
0 0.6099 0.043066666666666656 0.13498333333333334 0.08611111111111111
0 0.3193333333333333 0.044444444444444446 0.133 0.08888888888888889
0 0.7661166666666667 0.044444444444444446 0.18906666666666658 0.08888888888888889
0 0.4651333333333333 0.04722222222222222 0.13711666666666664 0.09444444444444444
0 0.9223499999999999 0.05417777777777777 0.14318333333333338 0.10833333333333334
0 0.2808333333333333 0.6288888888888889 0.08 0.23555555555555555
0 0.16083333333333333 0.6444444444444445 0.14666666666666667 0.25555555555555554
0 0.3875 0.6466666666666666 0.13333333333333333 0.25555555555555554
0 0.52 0.6466666666666666 0.11166666666666666 0.23555555555555555
0 0.7883333333333333 0.6488888888888888 0.12166666666666667 0.23777777777777778
0 0.6591666666666667 0.6544444444444445 0.13166666666666665 0.25555555555555554
0 0.9183333333333333 0.6577777777777778 0.13166666666666665 0.24444444444444444
0 0.2816666666666667 0.8555555555555555 0.08 0.2088888888888889
0 0.16333333333333333 0.8788888888888889 0.14 0.24
0 0.5158333333333334 0.8811111111111111 0.11666666666666667 0.23333333333333334
0 0.38666666666666666 0.8811111111111111 0.11666666666666667 0.23333333333333334
0 0.78 0.8822222222222222 0.115 0.2288888888888889
0 0.6525 0.8866666666666667 0.12333333333333334 0.2222222222222222
0 0.9058333333333334 0.8888888888888888 0.12333333333333334 0.22