0 0.9308333333333333 0.23222222222222222 0.04666666666666667 0.15333333333333332
0 0.9791666666666666 0.2477777777777778 0.03833333333333333 0.15333333333333332
0 0.8041666666666667 0.37555555555555553 0.058333333333333334 0.16
0 0.8766666666666667 0.39444444444444443 0.08833333333333333 0.18
0 0.96 0.41 0.06166666666666667 0.17555555555555555
0 0.06333333333333334 0.4577777777777778 0.12666666666666668 0.39555555555555555
0 0.22083333333333333 0.47333333333333333 0.185 0.3488888888888889
0 0.38416666666666666 0.4911111111111111 0.17 0.3288888888888889
0 0.5541666666666667 0.4988888888888889 0.15166666666666667 0.26666666666666666
0 0.8941666666666667 0.051111111111111114 0.08666666666666667 0.09777777777777778
0 0.6641666666666667 0.5177777777777778 0.12666666666666668 0.23555555555555555
0 0.755 0.5266666666666666 0.115 0.22444444444444445
0 0.8658333333333333 0.5655555555555556 0.07333333333333333 0.1688888888888889
0 0.9283333333333333 0.5677777777777778 0.04833333333333333 0.15555555555555556
0 0.9708333333333333 0.5711111111111111 0.055 0.14666666666666667
0 0.46166666666666667 0.06777777777777778 0.115 0.13555555555555557
0 0.9641666666666666 0.71 0.06833333333333333 0.14222222222222222
0 0.8983333333333333 0.7177777777777777 0.041666666666666664 0.15333333333333332
0 0.835 0.7211111111111111 0.07666666666666666 0.17555555555555555
0 0.7216666666666667 0.7355555555555555 0.11 0.19333333333333333
0 0.6383333333333333 0.7377777777777778 0.09833333333333333 0.20666666666666667
0 0.5266666666666666 0.7433333333333333 0.13 0.22444444444444445
0 0.35083333333333333 0.7866666666666666 0.17 0.30444444444444446
0 0.19333333333333333 0.8 0.17166666666666666 0.30444444444444446
0 0.05333333333333334 0.8133333333333334 0.10666666666666667 0.36666666666666664
0 0.5816666666666667 0.08888888888888889 0.10833333333333334 0.17777777777777778
0 0.8640833333333334 0.9303777777777779 0.07184999999999993 0.11228888888888883
0 0.9188166666666666 0.9483555555555555 0.05928333333333323 0.08406666666666676
0 0.7366666666666667 0.9522222222222222 0.07 0.09111111111111111
0 0.6933333333333334 0.11 0.12833333333333333 0.21333333333333335
0 0.7866666666666666 0.12666666666666668 0.12666666666666668 0.24
0 0.8766666666666667 0.18666666666666668 0.095 0.19333333333333333