0 0.7408333333333333 0.23777777777777778 0.045 0.11333333333333333
0 0.37666666666666665 0.2477777777777778 0.09666666666666666 0.20444444444444446
0 0.7775 0.2677777777777778 0.04 0.09333333333333334
0 0.8116666666666666 0.29 0.03166666666666667 0.10222222222222223
0 0.4666666666666667 0.29333333333333333 0.09333333333333334 0.2
0 0.84 0.3088888888888889 0.03 0.09333333333333334
0 0.8608333333333333 0.3188888888888889 0.023333333333333334 0.10888888888888888
0 0.8966666666666666 0.35 0.02666666666666667 0.08666666666666667
0 0.5891666666666666 0.35444444444444445 0.085 0.16
0 0.9175 0.3655555555555556 0.035 0.08666666666666667
0 0.6575 0.37777777777777777 0.06666666666666667 0.1511111111111111
0 0.9441666666666667 0.3844444444444444 0.025 0.09333333333333334
0 0.13333333333333333 0.3844444444444444 0.15166666666666667 0.29555555555555557
0 0.26666666666666666 0.41888888888888887 0.13 0.25555555555555554
0 0.7733333333333333 0.4266666666666667 0.041666666666666664 0.13777777777777778
0 0.7991666666666667 0.4411111111111111 0.041666666666666664 0.12222222222222222
0 0.6341666666666667 0.04555555555555556 0.058333333333333334 0.09111111111111111
0 0.38416666666666666 0.45222222222222225 0.10833333333333334 0.21777777777777776
0 0.8291666666666667 0.45444444444444443 0.041666666666666664 0.11777777777777777
0 0.8516666666666667 0.46555555555555556 0.03666666666666667 0.10222222222222223
0 0.875 0.46555555555555556 0.028333333333333332 0.10666666666666667
0 0.8983333333333333 0.4666666666666667 0.03333333333333333 0.09777777777777778
0 0.47583333333333333 0.47555555555555556 0.09833333333333333 0.20222222222222222
0 0.9216666666666666 0.4822222222222222 0.025 0.09777777777777778
0 0.45666666666666667 0.05 0.075 0.1
0 0.55 0.4911111111111111 0.08 0.18666666666666668
0 0.9433333333333334 0.49333333333333335 0.025 0.08222222222222222
0 0.6133333333333333 0.5111111111111111 0.07 0.16444444444444445
0 0.6708333333333333 0.5255555555555556 0.07 0.15777777777777777
0 0.72 0.5377777777777778 0.06166666666666667 0.1511111111111111
0 0.7891666666666667 0.5555555555555556 0.03666666666666667 0.14
0 0.8183333333333334 0.5622222222222222 0.04833333333333333 0.13111111111111112
0 0.845 0.5688888888888889 0.045 0.12
0 0.8883333333333333 0.57 0.043333333333333335 0.11777777777777777
0 0.8683333333333333 0.5733333333333334 0.03666666666666667 0.10888888888888888
0 0.9166666666666666 0.5744444444444444 0.03333333333333333 0.09777777777777778
0 0.9391666666666667 0.5777777777777777 0.021666666666666667 0.09333333333333334
0 0.955 0.5811111111111111 0.023333333333333334 0.09333333333333334
0 0.12083333333333333 0.6722222222222223 0.16333333333333333 0.32222222222222224
0 0.2658333333333333 0.6788888888888889 0.14166666666666666 0.28444444444444444
0 0.9525 0.6788888888888889 0.03166666666666667 0.11333333333333333
0 0.3875 0.6811111111111111 0.10833333333333334 0.2511111111111111
0 0.5658333333333333 0.6822222222222222 0.085 0.19777777777777777
0 0.9725 0.6822222222222222 0.02666666666666667 0.10222222222222223
0 0.9083333333333333 0.6833333333333333 0.043333333333333335 0.11555555555555555
0 0.6308333333333334 0.6844444444444444 0.07333333333333333 0.18666666666666668
0 0.48583333333333334 0.6855555555555556 0.09833333333333333 0.21555555555555556
0 0.6883333333333334 0.6855555555555556 0.07833333333333334 0.16666666666666666
0 0.7383333333333333 0.6855555555555556 0.06 0.15555555555555556
0 0.8025 0.6866666666666666 0.03666666666666667 0.13555555555555557
0 0.8658333333333333 0.6866666666666666 0.04 0.12222222222222222
0 0.835 0.6877777777777778 0.05 0.1288888888888889
0 0.8833333333333333 0.6877777777777778 0.03833333333333333 0.12
0 0.5283333333333333 0.08444444444444445 0.075 0.15333333333333332
0 0.6866666666666666 0.08444444444444445 0.04833333333333333 0.11333333333333333
0 0.9833333333333333 0.8522222222222222 0.03166666666666667 0.1111111111111111
0 0.9666666666666667 0.86 0.04666666666666667 0.11555555555555555
0 0.885 0.8688888888888889 0.02666666666666667 0.14
0 0.86 0.8744444444444445 0.03833333333333333 0.14888888888888888
0 0.9083333333333333 0.8766666666666667 0.04 0.12222222222222222
0 0.9333333333333333 0.8766666666666667 0.045 0.11333333333333333
0 0.8308333333333333 0.8866666666666667 0.043333333333333335 0.1511111111111111
0 0.9858333333333333 0.9611111111111111 0.025 0.07333333333333333
0 0.945 0.96 0.03666666666666667 0.07555555555555556
0 0.9716666666666667 0.9644444444444444 0.023333333333333334 0.06888888888888889
0 0.9016666666666666 0.9666666666666667 0.03 0.06222222222222222
0 0.925 0.9666666666666667 0.03 0.06222222222222222
0 0.73 0.11444444444444445 0.04666666666666667 0.1111111111111111
0 0.5916666666666667 0.12111111111111111 0.06166666666666667 0.13777777777777778
0 0.14416666666666667 0.14555555555555555 0.14833333333333334 0.2911111111111111
0 0.7695 0.15575555555555556 0.0348666666666666 0.10884444444444442
0 0.6525 0.1622222222222222 0.055 0.13111111111111112
0 0.7041666666666667 0.2011111111111111 0.041666666666666664 0.12222222222222222
0 0.2725 0.20444444444444446 0.12 0.2577777777777778