0 0.11583333333333333 0.33111111111111113 0.07 0.09111111111111111
0 0.17583333333333334 0.33555555555555555 0.06166666666666667 0.09777777777777778
0 0.6616666666666666 0.33555555555555555 0.06 0.09111111111111111
0 0.22833333333333333 0.34444444444444444 0.055 0.09555555555555556
0 0.2891666666666667 0.34555555555555556 0.05333333333333334 0.09555555555555556
0 0.7358333333333333 0.3466666666666667 0.06 0.08444444444444445
0 0.3416666666666667 0.3488888888888889 0.056666666666666664 0.09777777777777778
0 0.39666666666666667 0.3511111111111111 0.056666666666666664 0.09555555555555556
0 0.45166666666666666 0.3522222222222222 0.05 0.09555555555555556
0 0.5066666666666667 0.3566666666666667 0.056666666666666664 0.09777777777777778
0 0.6108333333333333 0.35777777777777775 0.055 0.08666666666666667
0 0.5575 0.36 0.055 0.09333333333333334
0 0.7908333333333334 0.3611111111111111 0.056666666666666664 0.08666666666666667
0 0.8683333333333333 0.38555555555555554 0.065 0.09333333333333334
0 0.92 0.39555555555555555 0.06166666666666667 0.07777777777777778
0 0.9691666666666666 0.3988888888888889 0.05333333333333334 0.07111111111111111
0 0.10166666666666667 0.41444444444444445 0.06833333333333333 0.10222222222222223
0 0.6691666666666667 0.41888888888888887 0.06 0.10222222222222223
0 0.16333333333333333 0.4211111111111111 0.06166666666666667 0.1
0 0.22083333333333333 0.4255555555555556 0.06 0.09777777777777778
0 0.33916666666666667 0.4288888888888889 0.056666666666666664 0.1
0 0.2808333333333333 0.43 0.056666666666666664 0.1
0 0.7458333333333333 0.4311111111111111 0.06166666666666667 0.09333333333333334
0 0.395 0.43666666666666665 0.056666666666666664 0.10222222222222223
0 0.4525 0.43777777777777777 0.05333333333333334 0.1
0 0.8016666666666666 0.4388888888888889 0.056666666666666664 0.08888888888888889
0 0.5075 0.44 0.055 0.10222222222222223
0 0.6183333333333333 0.44 0.05333333333333334 0.09333333333333334
0 0.5641666666666667 0.44333333333333336 0.051666666666666666 0.10222222222222223
0 0.8833333333333333 0.4633333333333333 0.06833333333333333 0.08888888888888889
0 0.9371499999999999 0.4703333333333333 0.055916666666666594 0.07806666666666666
0 0.9791666666666666 0.4766666666666667 0.03833333333333333 0.08666666666666667
0 0.08583333333333333 0.5033333333333333 0.06833333333333333 0.10666666666666667
0 0.6775 0.51 0.065 0.10444444444444445
0 0.15166666666666667 0.5111111111111111 0.065 0.10888888888888888
0 0.21333333333333335 0.5133333333333333 0.06166666666666667 0.10222222222222223
0 0.7575 0.5155555555555555 0.06333333333333334 0.09777777777777778
0 0.27416666666666667 0.5177777777777778 0.06166666666666667 0.10444444444444445
0 0.33416666666666667 0.5177777777777778 0.06 0.10666666666666667
0 0.8133333333333334 0.5188888888888888 0.06166666666666667 0.09555555555555556
0 0.3933333333333333 0.5222222222222223 0.058333333333333334 0.10888888888888888
0 0.6208333333333333 0.5222222222222223 0.04666666666666667 0.09111111111111111
0 0.5083333333333333 0.5266666666666666 0.055 0.10444444444444445
0 0.4508333333333333 0.5277777777777778 0.055 0.11333333333333333
0 0.5675 0.5311111111111111 0.06166666666666667 0.10888888888888888
0 0.8966666666666666 0.5477777777777778 0.07166666666666667 0.09777777777777778
0 0.9525 0.5477777777777778 0.065 0.07777777777777778
0 0.8216666666666667 0.5833333333333334 0.06 0.07333333333333333
0 0.07416666666666667 0.5866666666666667 0.065 0.07333333333333333
0 0.14416666666666667 0.5866666666666667 0.05333333333333334 0.07555555555555556
0 0.765 0.5888888888888889 0.065 0.06666666666666667
0 0.20666666666666667 0.5922222222222222 0.06166666666666667 0.07111111111111111
0 0.2725 0.5944444444444444 0.056666666666666664 0.08
0 0.33166666666666667 0.5966666666666667 0.055 0.07777777777777778
0 0.685 0.5977777777777777 0.07 0.09777777777777778
0 0.45166666666666666 0.6 0.058333333333333334 0.07555555555555556
0 0.39166666666666666 0.6011111111111112 0.058333333333333334 0.07777777777777778
0 0.5108333333333334 0.6044444444444445 0.056666666666666664 0.07777777777777778
0 0.57 0.6055555555555555 0.055 0.07555555555555556
0 0.625 0.6077777777777778 0.04833333333333333 0.08
0 0.9141666666666667 0.6233333333333333 0.058333333333333334 0.07111111111111111
0 0.9683333333333334 0.6255555555555555 0.06 0.08666666666666667
0 0.805 0.7855555555555556 0.055 0.10444444444444445
0 0.9758333333333333 0.7955555555555556 0.045 0.11555555555555555
0 0.865 0.7955555555555556 0.065 0.10666666666666667
0 0.9291666666666667 0.7988888888888889 0.07 0.10666666666666667
0 0.8241666666666667 0.9055555555555556 0.058333333333333334 0.12222222222222222
0 0.88 0.9111111111111111 0.06666666666666667 0.12
0 0.9475 0.9133333333333333 0.07333333333333333 0.10444444444444445
0 0.9866666666666667 0.9155555555555556 0.023333333333333334 0.1111111111111111