0 0.9691666666666666 0.2477777777777778 0.055 0.21333333333333335
0 0.885 0.24888888888888888 0.115 0.19555555555555557
0 0.7783333333333333 0.25555555555555554 0.1 0.18666666666666668
0 0.6716666666666666 0.2733333333333333 0.09166666666666666 0.18222222222222223
0 0.58 0.2833333333333333 0.08333333333333333 0.16444444444444445
0 0.49416666666666664 0.28888888888888886 0.09333333333333334 0.1688888888888889
0 0.3441666666666667 0.29 0.06666666666666667 0.15777777777777777
0 0.28 0.30666666666666664 0.08 0.16
0 0.21083333333333334 0.31444444444444447 0.08166666666666667 0.15777777777777777
0 0.14416666666666667 0.31777777777777777 0.08666666666666667 0.1511111111111111
0 0.08083333333333333 0.3244444444444444 0.07666666666666666 0.15333333333333332
0 0.0325 0.33 0.06 0.13555555555555557
0 0.7775 0.43666666666666665 0.11 0.20444444444444446
0 0.8941666666666667 0.43666666666666665 0.12 0.21333333333333335
0 0.33 0.4477777777777778 0.06666666666666667 0.17555555555555555
0 0.6716666666666666 0.4477777777777778 0.095 0.19333333333333333
0 0.9708333333333333 0.4488888888888889 0.055 0.2222222222222222
0 0.4841666666666667 0.4488888888888889 0.09166666666666666 0.17777777777777778
0 0.5775 0.45 0.09333333333333334 0.17333333333333334
0 0.2675 0.45111111111111113 0.08166666666666667 0.16666666666666666
0 0.19583333333333333 0.45444444444444443 0.08333333333333333 0.15777777777777777
0 0.02 0.45444444444444443 0.04 0.13333333333333333
0 0.056666666666666664 0.4588888888888889 0.08 0.14
0 0.12166666666666667 0.4588888888888889 0.085 0.14444444444444443
0 0.03833333333333333 0.5988888888888889 0.075 0.14666666666666667
0 0.17583333333333334 0.6 0.09 0.16444444444444445
0 0.24666666666666667 0.6044444444444445 0.09 0.1622222222222222
0 0.10585 0.6069555555555556 0.07313333333333336 0.1527777777777778
0 0.31333333333333335 0.6111111111111112 0.06166666666666667 0.1688888888888889
0 0.4741666666666667 0.6177777777777778 0.08833333333333333 0.17555555555555555
0 0.57 0.6222222222222222 0.09833333333333333 0.17777777777777778
0 0.6733333333333333 0.6288888888888889 0.105 0.18888888888888888
0 0.78 0.63 0.11333333333333333 0.20666666666666667
0 0.9 0.6366666666666667 0.125 0.21333333333333335
0 0.04083333333333333 0.9155555555555556 0.08166666666666667 0.16666666666666666
0 0.11333333333333333 0.9233333333333333 0.09166666666666666 0.1511111111111111
0 0.19416666666666665 0.9288888888888889 0.08166666666666667 0.13777777777777778
0 0.28 0.9344444444444444 0.07333333333333333 0.12666666666666668
0 0.43583333333333335 0.9444444444444444 0.095 0.10666666666666667
0 0.5416666666666666 0.95 0.10333333333333333 0.09555555555555556