0 0.43583333333333335 0.022222222222222223 0.09666666666666666 0.044444444444444446
0 0.34 0.027777777777777776 0.09166666666666666 0.05555555555555555
0 0.24 0.028888888888888888 0.09 0.057777777777777775
0 0.9691666666666666 0.3055555555555556 0.05333333333333334 0.17555555555555555
0 0.8525 0.3188888888888889 0.105 0.18666666666666668
0 0.7516666666666667 0.3233333333333333 0.095 0.18888888888888888
0 0.4691666666666667 0.3244444444444444 0.09 0.1711111111111111
0 0.6516666666666666 0.32555555555555554 0.095 0.18
0 0.29583333333333334 0.33 0.09333333333333334 0.1688888888888889
0 0.38 0.3322222222222222 0.085 0.17333333333333334
0 0.04583333333333333 0.4777777777777778 0.08666666666666667 0.1711111111111111
0 0.1225 0.48 0.11166666666666666 0.16444444444444445
0 0.2825 0.4855555555555556 0.09 0.17333333333333334
0 0.37 0.4855555555555556 0.09 0.1711111111111111
0 0.4625 0.4888888888888889 0.09333333333333334 0.1688888888888889
0 0.7566666666666667 0.49 0.105 0.18666666666666668
0 0.9758333333333333 0.49 0.03833333333333333 0.17777777777777778
0 0.6558333333333334 0.4922222222222222 0.09 0.19111111111111112
0 0.8608333333333333 0.49333333333333335 0.10833333333333334 0.19555555555555557
0 0.5591666666666667 0.4955555555555556 0.08833333333333333 0.18444444444444444
0 0.03 0.64 0.06 0.18222222222222223
0 0.3625 0.64 0.08666666666666667 0.14666666666666667
0 0.09666666666666666 0.6466666666666666 0.11166666666666666 0.17777777777777778
0 0.17583333333333334 0.6488888888888888 0.095 0.18
0 0.45666666666666667 0.6488888888888888 0.09166666666666666 0.1511111111111111
0 0.2708333333333333 0.6511111111111111 0.095 0.1711111111111111
0 0.5558333333333333 0.6533333333333333 0.09 0.14888888888888888
0 0.6541666666666667 0.6577777777777778 0.09666666666666666 0.16
0 0.935 0.06777777777777778 0.1 0.13555555555555557
0 0.7616666666666667 0.6777777777777778 0.10666666666666667 0.2
0 0.8716666666666667 0.6844444444444444 0.11666666666666667 0.2
0 0.7408333333333333 0.07 0.08833333333333333 0.14
0 0.43666666666666665 0.07111111111111111 0.09666666666666666 0.10666666666666667
0 0.835 0.07111111111111111 0.095 0.14
0 0.65 0.07444444444444444 0.085 0.14666666666666667
0 0.33416666666666667 0.07777777777777778 0.09166666666666666 0.10222222222222223
0 0.5358333333333334 0.08 0.10166666666666667 0.14666666666666667
0 0.23810000000000003 0.08195555555555556 0.09553333333333332 0.09166666666666666
0 0.07 0.9011111111111111 0.13666666666666666 0.19555555555555557
0 0.34833333333333333 0.9222222222222223 0.10166666666666667 0.15333333333333332
0 0.4475 0.9266666666666666 0.09833333333333333 0.14
0 0.555 0.93 0.1 0.13555555555555557
0 0.6583333333333333 0.9311111111111111 0.10333333333333333 0.12666666666666668
0 0.16083333333333333 0.9322222222222222 0.1 0.13333333333333333
0 0.77 0.9366666666666666 0.09666666666666666 0.11777777777777777
0 0.8958333333333334 0.94 0.10166666666666667 0.11555555555555555
0 0.2475 0.9433333333333334 0.095 0.10888888888888888
0 0.13416666666666666 0.09555555555555556 0.08833333333333333 0.13333333333333333