0 0.09 0.034444444444444444 0.17833333333333334 0.06888888888888889
0 0.9625 0.39555555555555555 0.06 0.14666666666666667
0 0.9158333333333334 0.40417777777777775 0.025416666666666667 0.1335333333333334
0 0.8841666666666667 0.41333333333333333 0.051666666666666666 0.16666666666666666
0 0.835 0.4177777777777778 0.06 0.18666666666666668
0 0.7816666666666666 0.42444444444444446 0.06333333333333334 0.20222222222222222
0 0.7191666666666666 0.43 0.08 0.21777777777777776
0 0.6375 0.43555555555555553 0.08666666666666667 0.24666666666666667
0 0.55 0.4477777777777778 0.10333333333333333 0.2688888888888889
0 0.43 0.4633333333333333 0.14 0.3088888888888889
0 0.2633333333333333 0.47888888888888886 0.18 0.36444444444444446
0 0.08083333333333333 0.5122222222222222 0.16166666666666665 0.43777777777777777
0 0.9675 0.53 0.02666666666666667 0.13333333333333333
0 0.935 0.5433333333333333 0.043333333333333335 0.1511111111111111
0 0.9056833333333333 0.5584666666666667 0.02134999999999991 0.13171111111111108
0 0.8766666666666667 0.5755555555555556 0.04833333333333333 0.15777777777777777
0 0.2825 0.057777777777777775 0.19 0.11333333333333333
0 0.8316666666666667 0.5911111111111111 0.058333333333333334 0.17555555555555555
0 0.7783333333333333 0.6122222222222222 0.058333333333333334 0.18
0 0.7108333333333333 0.6344444444444445 0.085 0.2088888888888889
0 0.6333333333333333 0.67 0.08166666666666667 0.22666666666666666
0 0.5458333333333333 0.7011111111111111 0.10666666666666667 0.2644444444444444
0 0.9791666666666666 0.7033333333333334 0.03833333333333333 0.10444444444444445
0 0.4508333333333333 0.07222222222222222 0.14833333333333334 0.14444444444444443
0 0.4275 0.7488888888888889 0.14166666666666666 0.29333333333333333
0 0.9008333333333334 0.75 0.04666666666666667 0.12
0 0.9578833333333333 0.7649111111111111 0.026299999999999955 0.08411111111111116
0 0.9313833333333335 0.7850222222222222 0.024466666666666772 0.07802222222222226
0 0.2633333333333333 0.8066666666666666 0.18 0.3466666666666667
0 0.8691666666666666 0.8111111111111111 0.02666666666666667 0.1288888888888889
0 0.8291666666666667 0.8211111111111111 0.058333333333333334 0.1688888888888889
0 0.085 0.8344444444444444 0.16666666666666666 0.32666666666666666
0 0.9546833333333332 0.8435333333333332 0.023550000000000182 0.06337777777777774
0 0.5808333333333333 0.08444444444444445 0.115 0.1688888888888889
0 0.7675 0.8522222222222222 0.058333333333333334 0.16
0 0.92955 0.8642666666666667 0.02081666666666668 0.07313333333333326
0 0.8983333333333333 0.8744444444444445 0.03333333333333333 0.13333333333333333
0 0.7 0.9033333333333333 0.07 0.17333333333333334
0 0.8625 0.9311111111111111 0.028333333333333332 0.1111111111111111
0 0.6858333333333333 0.09333333333333334 0.09333333333333334 0.18666666666666668
0 0.625 0.9422222222222222 0.07166666666666667 0.10444444444444445
0 0.8241666666666667 0.9466666666666667 0.055 0.10444444444444445
0 0.7666666666666667 0.9555555555555556 0.06166666666666667 0.08666666666666667
0 0.7708333333333334 0.10666666666666667 0.08333333333333333 0.2088888888888889
0 0.8341666666666666 0.11333333333333333 0.04833333333333333 0.21333333333333335
0 0.8816666666666667 0.16 0.041666666666666664 0.15555555555555556
0 0.9191666666666667 0.16777777777777778 0.03833333333333333 0.13333333333333333
0 0.9541666666666667 0.17666666666666667 0.03833333333333333 0.13555555555555557
0 0.9841666666666666 0.1922222222222222 0.028333333333333332 0.10888888888888888