0 0.4766666666666667 0.2788888888888889 0.04833333333333333 0.09777777777777778
0 0.5241666666666667 0.2788888888888889 0.051666666666666666 0.09777777777777778
0 0.2375 0.2833333333333333 0.03333333333333333 0.06222222222222222
0 0.4216666666666667 0.28444444444444444 0.04666666666666667 0.08666666666666667
0 0.3725 0.29444444444444445 0.04833333333333333 0.09111111111111111
0 0.9841666666666666 0.31555555555555553 0.028333333333333332 0.11777777777777777
0 0.325 0.31777777777777777 0.03666666666666667 0.06444444444444444
0 0.27166666666666667 0.3188888888888889 0.045 0.06888888888888889
0 0.9366666666666666 0.32 0.06333333333333334 0.12222222222222222
0 0.19666666666666666 0.3277777777777778 0.03833333333333333 0.08
0 0.845 0.33444444444444443 0.06 0.10666666666666667
0 0.235 0.3388888888888889 0.04 0.05333333333333334
0 0.15333333333333332 0.3411111111111111 0.03166666666666667 0.06666666666666667
0 0.7891666666666667 0.3433333333333333 0.051666666666666666 0.09111111111111111
0 0.7316666666666667 0.3466666666666667 0.058333333333333334 0.09333333333333334
0 0.675 0.3488888888888889 0.058333333333333334 0.09777777777777778
0 0.6208333333333333 0.35555555555555557 0.051666666666666666 0.09777777777777778
0 0.11833333333333333 0.3566666666666667 0.03333333333333333 0.05555555555555555
0 0.5708333333333333 0.36333333333333334 0.051666666666666666 0.10444444444444445
0 0.4725 0.37222222222222223 0.04833333333333333 0.09333333333333334
0 0.5208333333333334 0.37333333333333335 0.04833333333333333 0.09111111111111111
0 0.42 0.38333333333333336 0.04666666666666667 0.09333333333333334
0 0.37166666666666665 0.38666666666666666 0.04666666666666667 0.09555555555555556
0 0.32166666666666666 0.39222222222222225 0.04833333333333333 0.08888888888888889
0 0.27166666666666667 0.4011111111111111 0.045 0.09111111111111111
0 0.22833333333333333 0.4077777777777778 0.041666666666666664 0.07777777777777778
0 0.18666666666666668 0.4111111111111111 0.041666666666666664 0.07555555555555556
0 0.14666666666666667 0.41444444444444445 0.03833333333333333 0.07111111111111111
0 0.105 0.42333333333333334 0.03666666666666667 0.06888888888888889
0 0.9516666666666667 0.4811111111111111 0.08166666666666667 0.13111111111111112
0 0.8525 0.4988888888888889 0.065 0.11333333333333333
0 0.7383333333333333 0.5077777777777778 0.055 0.1111111111111111
0 0.68 0.5122222222222222 0.055 0.11333333333333333
0 0.6258333333333334 0.5155555555555555 0.051666666666666666 0.10666666666666667
0 0.5725 0.52 0.055 0.10888888888888888
0 0.5166666666666667 0.5233333333333333 0.05333333333333334 0.10666666666666667
0 0.46416666666666667 0.5244444444444445 0.04833333333333333 0.10222222222222223
0 0.395 0.5277777777777778 0.03833333333333333 0.09555555555555556
0 0.2625 0.5333333333333333 0.04833333333333333 0.09555555555555556
0 0.3525 0.5333333333333333 0.04833333333333333 0.09777777777777778
0 0.30833333333333335 0.5388888888888889 0.04 0.10222222222222223
0 0.21916666666666668 0.5422222222222223 0.04 0.09333333333333334
0 0.18083333333333335 0.5433333333333333 0.041666666666666664 0.08888888888888889
0 0.1425 0.5444444444444444 0.041666666666666664 0.08888888888888889
0 0.0975 0.5455555555555556 0.04666666666666667 0.09333333333333334
0 0.9558333333333333 0.5977777777777777 0.08 0.13333333333333333
0 0.7941666666666667 0.6088888888888889 0.05333333333333334 0.11333333333333333
0 0.855 0.6122222222222222 0.06666666666666667 0.11777777777777777
0 0.7383333333333333 0.6144444444444445 0.058333333333333334 0.11555555555555555
0 0.6808333333333333 0.6155555555555555 0.056666666666666664 0.1111111111111111
0 0.625 0.6177777777777778 0.05333333333333334 0.10888888888888888
0 0.5691666666666667 0.6211111111111111 0.05333333333333334 0.10888888888888888
0 0.515 0.6222222222222222 0.05 0.10666666666666667
0 0.39166666666666666 0.6244444444444445 0.04 0.10444444444444445
0 0.4625 0.6255555555555555 0.055 0.10444444444444445
0 0.34833333333333333 0.6266666666666667 0.05 0.09555555555555556
0 0.2608333333333333 0.6277777777777778 0.045 0.09555555555555556
0 0.30416666666666664 0.6288888888888889 0.043333333333333335 0.09333333333333334
0 0.21416666666666667 0.63 0.04666666666666667 0.09333333333333334
0 0.08916666666666667 0.6311111111111111 0.04666666666666667 0.08666666666666667
0 0.17666666666666667 0.6344444444444445 0.045 0.09555555555555556
0 0.1325 0.6355555555555555 0.04666666666666667 0.09555555555555556
0 0.08166666666666667 0.7166666666666667 0.051666666666666666 0.09555555555555556
0 0.21 0.7177777777777777 0.04666666666666667 0.09555555555555556
0 0.3875 0.7188888888888889 0.04 0.09555555555555556
0 0.5083333333333333 0.7188888888888889 0.05333333333333334 0.10222222222222223
0 0.8583333333333333 0.7188888888888889 0.065 0.12
0 0.25416666666666665 0.72 0.043333333333333335 0.09333333333333334
0 0.29833333333333334 0.72 0.041666666666666664 0.09555555555555556
0 0.3441666666666667 0.72 0.051666666666666666 0.1
0 0.5666666666666667 0.72 0.05 0.10888888888888888
0 0.7966666666666666 0.72 0.06 0.11555555555555555
0 0.16416666666666666 0.7211111111111111 0.043333333333333335 0.08888888888888889
0 0.6258333333333334 0.7222222222222222 0.055 0.10444444444444445
0 0.7391666666666666 0.7222222222222222 0.056666666666666664 0.11333333333333333
0 0.9616666666666667 0.7222222222222222 0.075 0.1111111111111111
0 0.12666666666666668 0.7222222222222222 0.04666666666666667 0.08666666666666667
0 0.45666666666666667 0.7233333333333334 0.05 0.1
0 0.6825 0.7244444444444444 0.055 0.10888888888888888
0 0.4583333333333333 0.8633333333333333 0.051666666666666666 0.10222222222222223
0 0.5116666666666667 0.8666666666666667 0.05333333333333334 0.10888888888888888
0 0.6191666666666666 0.8722222222222222 0.058333333333333334 0.11333333333333333
0 0.6783333333333333 0.8744444444444445 0.058333333333333334 0.12222222222222222
0 0.74 0.8777777777777778 0.06166666666666667 0.12666666666666668
0 0.5641666666666667 0.8788888888888889 0.04666666666666667 0.08888888888888889
0 0.8008333333333333 0.8844444444444445 0.06 0.13333333333333333
0 0.865 0.8844444444444445 0.06833333333333333 0.1288888888888889
0 0.9583333333333334 0.8888888888888888 0.06333333333333334 0.13111111111111112
0 0.3433333333333333 0.89 0.04 0.08888888888888889
0 0.3858333333333333 0.8911111111111111 0.041666666666666664 0.10666666666666667
0 0.51 0.96 0.05333333333333334 0.07555555555555556
0 0.4575 0.9611111111111111 0.055 0.07333333333333333
0 0.5641666666666667 0.9611111111111111 0.058333333333333334 0.07333333333333333
0 0.62 0.9633333333333334 0.056666666666666664 0.06888888888888889
0 0.2925 0.9666666666666667 0.04833333333333333 0.06222222222222222
0 0.6775 0.9666666666666667 0.06166666666666667 0.06222222222222222
0 0.33916666666666667 0.97 0.045 0.05555555555555555
0 0.38416666666666666 0.97 0.041666666666666664 0.05555555555555555
0 0.8025 0.9711111111111111 0.06333333333333334 0.051111111111111114
0 0.7408333333333333 0.9711111111111111 0.065 0.05333333333333334
0 0.8683333333333333 0.9711111111111111 0.06666666666666667 0.05333333333333334
0 0.9625 0.9755555555555555 0.07166666666666667 0.044444444444444446