0 0.6075 0.024444444444444446 0.08333333333333333 0.044444444444444446
0 0.43083333333333335 0.025555555555555557 0.08 0.04888888888888889
0 0.52 0.02666666666666667 0.08 0.05333333333333334
0 0.6916666666666667 0.02666666666666667 0.085 0.05333333333333334
0 0.79 0.027777777777777776 0.11166666666666666 0.05555555555555555
0 0.8966666666666666 0.027777777777777776 0.105 0.05555555555555555
0 0.3075 0.3377777777777778 0.056666666666666664 0.13333333333333333
0 0.028333333333333332 0.3522222222222222 0.056666666666666664 0.16444444444444445
0 0.09666666666666666 0.36666666666666664 0.07666666666666666 0.16
0 0.18416666666666667 0.3688888888888889 0.08166666666666667 0.16666666666666666
0 0.25333333333333335 0.37333333333333335 0.051666666666666666 0.15555555555555556
0 0.4166666666666667 0.38 0.08333333333333333 0.16444444444444445
0 0.48833333333333334 0.3811111111111111 0.04666666666666667 0.14
0 0.5516666666666666 0.38666666666666666 0.08 0.16444444444444445
0 0.6325 0.3888888888888889 0.08 0.16666666666666666
0 0.7175 0.3888888888888889 0.09 0.16
0 0.7983333333333333 0.39444444444444443 0.08 0.15555555555555556
0 0.8766666666666667 0.3988888888888889 0.08166666666666667 0.16
0 0.30583333333333335 0.46 0.05 0.11777777777777777
0 0.09833333333333333 0.5211111111111111 0.07833333333333334 0.15777777777777777
0 0.18416666666666667 0.5222222222222223 0.08666666666666667 0.15777777777777777
0 0.25416666666666665 0.5244444444444445 0.05 0.14222222222222222
0 0.48 0.5288888888888889 0.058333333333333334 0.14444444444444443
0 0.4141666666666667 0.5344444444444445 0.08 0.14666666666666667
0 0.5475 0.54 0.08 0.15777777777777777
0 0.6266666666666667 0.5488888888888889 0.07833333333333334 0.16444444444444445
0 0.7108333333333333 0.5488888888888889 0.09166666666666666 0.15777777777777777
0 0.7908333333333334 0.5511111111111111 0.08 0.15555555555555556
0 0.8708333333333333 0.5544444444444444 0.08833333333333333 0.15777777777777777
0 0.30583333333333335 0.5755555555555556 0.05 0.11777777777777777
0 0.09833333333333333 0.6655555555555556 0.07333333333333333 0.1511111111111111
0 0.25416666666666665 0.6677777777777778 0.05333333333333334 0.14222222222222222
0 0.1825 0.6711111111111111 0.08333333333333333 0.15777777777777777
0 0.4766666666666667 0.6744444444444444 0.05333333333333334 0.14222222222222222
0 0.4116666666666667 0.6844444444444444 0.07833333333333334 0.1511111111111111
0 0.5441666666666667 0.6911111111111111 0.08 0.14888888888888888
0 0.30583333333333335 0.6933333333333334 0.05 0.12
0 0.6225 0.6944444444444444 0.07833333333333334 0.14666666666666667
0 0.785 0.7 0.075 0.14888888888888888
0 0.7041666666666667 0.7011111111111111 0.085 0.15555555555555556
0 0.8666666666666667 0.7044444444444444 0.085 0.15333333333333332
0 0.13333333333333333 0.10222222222222223 0.08166666666666667 0.1622222222222222
0 0.05583333333333333 0.10333333333333333 0.07333333333333333 0.16
0 0.225 0.10666666666666667 0.085 0.1711111111111111
0 0.30583333333333335 0.10777777777777778 0.075 0.16666666666666666
0 0.43166666666666664 0.11888888888888889 0.08166666666666667 0.16
0 0.5158333333333334 0.12111111111111111 0.08 0.16444444444444445
0 0.6916666666666667 0.12444444444444444 0.09333333333333334 0.1711111111111111
0 0.7875 0.12444444444444444 0.115 0.18
0 0.6041666666666666 0.12666666666666668 0.08333333333333333 0.1688888888888889
0 0.8916666666666667 0.12777777777777777 0.11166666666666666 0.18