0 0.7557166666666667 0.2777777777777778 0.0974333333333334 0.2111111111111111
0 0.4325 0.3522222222222222 0.145 0.31777777777777777
0 0.7244666666666667 0.47084444444444445 0.10160000000000007 0.1638888888888889
0 0.8255 0.49166666666666664 0.09531666666666656 0.21666666666666667
0 0.58 0.6144444444444445 0.14166666666666666 0.27111111111111114
0 0.43 0.6266666666666667 0.155 0.26
0 0.8088333333333333 0.6541777777777777 0.09949999999999998 0.16944444444444445
0 0.70155 0.6708444444444445 0.09328333333333338 0.19722222222222222
0 0.5641666666666667 0.8522222222222222 0.135 0.24666666666666667
0 0.4266666666666667 0.8566666666666667 0.135 0.2511111111111111
0 0.6682333333333333 0.8569555555555556 0.09330000000000004 0.1638888888888889
0 0.7755 0.8819555555555555 0.11200000000000007 0.175