0 0.38333333333333336 0.23777777777777778 0.03833333333333333 0.06888888888888889
0 0.6966666666666667 0.23777777777777778 0.06333333333333334 0.10444444444444445
0 0.6383333333333333 0.25 0.056666666666666664 0.10222222222222223
0 0.33666666666666667 0.2511111111111111 0.035 0.06
0 0.5841666666666666 0.2633333333333333 0.055 0.10888888888888888
0 0.26166666666666666 0.2677777777777778 0.03833333333333333 0.07555555555555556
0 0.29833333333333334 0.2722222222222222 0.04 0.05555555555555555
0 0.5291666666666667 0.2822222222222222 0.04833333333333333 0.09333333333333334
0 0.23041666666666666 0.28715555555555555 0.028999999999999963 0.05371111111111115
0 0.4791666666666667 0.29 0.051666666666666666 0.09777777777777778
0 0.425 0.30444444444444446 0.04666666666666667 0.08888888888888889
0 0.19666666666666666 0.3055555555555556 0.028333333333333332 0.05555555555555555
0 0.3775 0.31333333333333335 0.051666666666666666 0.09111111111111111
0 0.3283333333333333 0.32222222222222224 0.05333333333333334 0.08
0 0.29333333333333333 0.33444444444444443 0.035 0.08
0 0.25916666666666666 0.3422222222222222 0.041666666666666664 0.07555555555555556
0 0.22166666666666668 0.35888888888888887 0.041666666666666664 0.06888888888888889
0 0.18416666666666667 0.3655555555555556 0.03333333333333333 0.07111111111111111
0 0.7041666666666667 0.4066666666666667 0.06 0.11555555555555555
0 0.6433333333333333 0.41888888888888887 0.06166666666666667 0.11777777777777777
0 0.5841666666666666 0.4266666666666667 0.06 0.11333333333333333
0 0.5266666666666666 0.43555555555555553 0.056666666666666664 0.10666666666666667
0 0.45416666666666666 0.44333333333333336 0.04 0.10222222222222223
0 0.375 0.4577777777777778 0.051666666666666666 0.09333333333333334
0 0.2925 0.4688888888888889 0.051666666666666666 0.09111111111111111
0 0.17416666666666666 0.48 0.05 0.09333333333333334
0 0.21666666666666667 0.4811111111111111 0.05333333333333334 0.09111111111111111
0 0.98 0.49444444444444446 0.03333333333333333 0.13777777777777778
0 0.9233333333333333 0.5 0.08166666666666667 0.14222222222222222
0 0.8516666666666667 0.5077777777777778 0.08166666666666667 0.13111111111111112
0 0.7791666666666667 0.5144444444444445 0.07166666666666667 0.13111111111111112
0 0.018666666666666665 0.5217333333333334 0.016533333333333337 0.029177777777777768
0 0.71 0.5233333333333333 0.06833333333333333 0.12666666666666668
0 0.03548333333333333 0.5266888888888889 0.014233333333333332 0.026288888888888855
0 0.6433333333333333 0.5277777777777778 0.06 0.12444444444444444
0 0.06063333333333334 0.5322666666666667 0.019816666666666666 0.033933333333333295
0 0.5833333333333334 0.5333333333333333 0.058333333333333334 0.11333333333333333
0 0.5275 0.5388888888888889 0.056666666666666664 0.10888888888888888
0 0.09756666666666666 0.5389777777777778 0.01650000000000001 0.035377777777777814
0 0.4533333333333333 0.54 0.04 0.10666666666666667
0 0.41 0.5444444444444444 0.05 0.10444444444444445
0 0.08086666666666667 0.5500444444444444 0.013266666666666656 0.026177777777777717
0 0.365 0.5511111111111111 0.045 0.1
0 0.325 0.5522222222222222 0.04666666666666667 0.09777777777777778
0 0.013833333333333335 0.5550444444444445 0.018866666666666667 0.04382222222222216
0 0.032 0.5581555555555555 0.01655 0.040733333333333295
0 0.2825 0.5588888888888889 0.043333333333333335 0.08888888888888889
0 0.24416666666666667 0.5611111111111111 0.041666666666666664 0.08888888888888889
0 0.2075 0.5622222222222222 0.045 0.08666666666666667
0 0.16916666666666666 0.5633333333333334 0.045 0.08
0 0.04888333333333333 0.5666666666666667 0.015216666666666665 0.03360000000000001
0 0.0644 0.5679555555555555 0.014249999999999995 0.034888888888888865
0 0.09575 0.5716888888888889 0.013516666666666666 0.03537777777777775
0 0.08208333333333333 0.5754 0.01423333333333332 0.029733333333333323
0 0.11116666666666668 0.5765555555555555 0.014499999999999992 0.03360000000000001
0 0.006816666666666666 0.6093111111111111 0.01361666666666667 0.025155555555555667
0 0.0205 0.6125111111111111 0.011583333333333333 0.021777777777777677
0 0.03556666666666666 0.6134444444444445 0.016950000000000003 0.022155555555555616
0 0.049216666666666666 0.617 0.012733333333333334 0.02477777777777773
0 0.06456666666666667 0.6185111111111111 0.015266666666666661 0.021777777777777677
0 0.07963333333333333 0.6204000000000001 0.016116666666666668 0.022533333333333305
0 0.09596666666666666 0.6232 0.014849999999999995 0.02591111111111104
0 0.9325 0.6288888888888889 0.085 0.14
0 0.9825 0.6311111111111111 0.03166666666666667 0.13777777777777778
0 0.005266666666666667 0.6335333333333333 0.010516666666666664 0.024044444444444556
0 0.7833333333333333 0.6355555555555555 0.07 0.12666666666666668
0 0.01838333333333333 0.6355999999999999 0.015816666666666663 0.023666666666666617
0 0.8583333333333333 0.6377777777777778 0.08 0.1288888888888889
0 0.03303333333333333 0.6378444444444444 0.016950000000000003 0.025155555555555667
0 0.5825 0.6388888888888888 0.06 0.10888888888888888
0 0.6466666666666666 0.6388888888888888 0.06166666666666667 0.11555555555555555
0 0.7108333333333333 0.6388888888888888 0.06666666666666667 0.12222222222222222
0 0.047400000000000005 0.6397333333333334 0.012450000000000004 0.020644444444444365
0 0.45 0.6411111111111111 0.041666666666666664 0.10666666666666667
0 0.06203333333333333 0.6414222222222222 0.01413333333333334 0.021022222222222303
0 0.5275 0.6422222222222222 0.05333333333333334 0.10222222222222223
0 0.4091666666666667 0.6433333333333333 0.04833333333333333 0.10222222222222223
0 0.0771 0.6442444444444445 0.01668333333333334 0.020644444444444365
0 0.16 0.6444444444444445 0.04833333333333333 0.08888888888888889
0 0.09343333333333334 0.6449777777777778 0.013733333333333325 0.023666666666666617
0 0.24 0.6455555555555555 0.04666666666666667 0.09111111111111111
0 0.28 0.6455555555555555 0.04 0.09111111111111111
0 0.32083333333333336 0.6455555555555555 0.045 0.09333333333333334
0 0.36333333333333334 0.6455555555555555 0.045 0.1
0 0.19833333333333333 0.6488888888888888 0.051666666666666666 0.08444444444444445
0 0.0042833333333333334 0.6588888888888889 0.00855 0.02591111111111104
0 0.015716666666666667 0.6598222222222223 0.015533333333333333 0.02477777777777773
0 0.045700000000000005 0.6624444444444445 0.01413333333333334 0.02477777777777773
0 0.029933333333333336 0.6632 0.01581666666666667 0.021777777777777677
0 0.05978333333333333 0.6641333333333334 0.01413333333333334 0.02291111111111099
0 0.07456666666666667 0.6654444444444444 0.015549999999999998 0.021022222222222303
0 0.09245 0.6677111111111111 0.01513333333333333 0.021022222222222303
0 0.013183333333333333 0.6859111111111111 0.015533333333333333 0.023666666666666617
0 0.028383333333333337 0.6872444444444444 0.01496666666666667 0.02328888888888893
0 0.058649999999999994 0.6874222222222222 0.014699999999999994 0.02666666666666667
0 0.04345 0.6883555555555555 0.01413333333333334 0.025533333333333352
0 0.07371666666666667 0.6891111111111111 0.015549999999999998 0.024044444444444556
0 0.09048333333333333 0.6896666666666668 0.015700000000000002 0.02440000000000004
0 0.08420000000000001 0.7397111111111111 0.015966666666666664 0.03464444444444451
0 0.019616666666666668 0.7405555555555555 0.017533333333333335 0.038244444444444525
0 0.04925 0.7406666666666667 0.015033333333333338 0.027711111111111172
0 0.06768333333333333 0.7406666666666667 0.013133333333333325 0.030222222222222272
0 0.03401666666666667 0.7582 0.01345 0.028266666666666728
0 0.04878333333333333 0.7696222222222222 0.015033333333333338 0.03275555555555557
0 0.08231666666666666 0.7699555555555556 0.015033333333333327 0.028333333333333332
0 0.016933333333333335 0.7711555555555555 0.019166666666666665 0.033133333333333265
0 0.06508333333333333 0.7715111111111111 0.012666666666666658 0.030222222222222272
0 0.03203333333333333 0.7826222222222222 0.01331666666666667 0.028555555555555605
0 0.0154 0.7961333333333334 0.016116666666666665 0.022933333333333444
0 0.046900000000000004 0.7995555555555556 0.01315 0.028333333333333332
0 0.06318333333333333 0.8008000000000001 0.014566666666666658 0.025822222222222233
0 0.525 0.8020888888888889 0.05466666666666659 0.1389555555555555
0 0.5825833333333333 0.8069555555555555 0.06194999999999993 0.13164444444444445
0 0.029933333333333336 0.8076 0.01293333333333333 0.022444444444444496
0 0.4066666666666667 0.8211111111111111 0.051666666666666666 0.10444444444444445
0 0.64475 0.8222 0.05645000000000001 0.10362222222222221
0 0.9475 0.8355555555555556 0.09 0.16444444444444445
0 0.4008333333333333 0.9233333333333333 0.058333333333333334 0.10888888888888888
0 0.5204333333333333 0.9306888888888889 0.05648333333333331 0.12068888888888903
0 0.6483333333333333 0.9355555555555556 0.07 0.12444444444444444
0 0.5825 0.9355555555555556 0.06166666666666667 0.12444444444444444
0 0.955 0.9622222222222222 0.08 0.07111111111111111
0 0.9666666666666667 0.16333333333333333 0.06333333333333334 0.13555555555555557
0 0.5841666666666666 0.16666666666666666 0.05333333333333334 0.09555555555555556
0 0.5308333333333334 0.18 0.05333333333333334 0.09777777777777778
0 0.4791666666666667 0.19333333333333333 0.045 0.08666666666666667
0 0.9016666666666666 0.19333333333333333 0.07666666666666666 0.11555555555555555
0 0.8266666666666667 0.20333333333333334 0.07 0.10222222222222223
0 0.43166666666666664 0.21 0.04666666666666667 0.08888888888888889
0 0.76 0.21555555555555556 0.06333333333333334 0.12
0 0.3016666666666667 0.21777777777777776 0.03166666666666667 0.057777777777777775