0 0.11916666666666667 0.22333333333333333 0.06 0.11777777777777777
0 0.0775 0.22444444444444445 0.05333333333333334 0.10444444444444445
0 0.9633333333333334 0.30666666666666664 0.07166666666666667 0.16444444444444445
0 0.8775 0.31333333333333335 0.08666666666666667 0.16444444444444445
0 0.71 0.31777777777777777 0.07833333333333334 0.14
0 0.7933333333333333 0.31777777777777777 0.08 0.14
0 0.6316666666666667 0.3188888888888889 0.06833333333333333 0.14
0 0.31 0.32 0.05333333333333334 0.1288888888888889
0 0.20833333333333334 0.32222222222222224 0.06166666666666667 0.1288888888888889
0 0.425 0.3233333333333333 0.06166666666666667 0.12666666666666668
0 0.2633333333333333 0.3244444444444444 0.06333333333333334 0.12666666666666668
0 0.01798333333333333 0.32639999999999997 0.03596666666666666 0.10833333333333334
0 0.49083333333333334 0.32666666666666666 0.056666666666666664 0.12222222222222222
0 0.56 0.32666666666666666 0.065 0.12666666666666668
0 0.10333333333333333 0.3288888888888889 0.06166666666666667 0.11777777777777777
0 0.15416666666666667 0.3288888888888889 0.06166666666666667 0.11777777777777777
0 0.06 0.3322222222222222 0.05333333333333334 0.11777777777777777
0 0.008833333333333332 0.42646666666666666 0.01765 0.1064222222222222
0 0.0475 0.43333333333333335 0.051666666666666666 0.10666666666666667
0 0.09083333333333334 0.43555555555555553 0.06333333333333334 0.1111111111111111
0 0.19916666666666666 0.43666666666666665 0.06833333333333333 0.11777777777777777
0 0.25 0.43777777777777777 0.06333333333333334 0.12444444444444444
0 0.2991666666666667 0.4388888888888889 0.05333333333333334 0.12
0 0.4191666666666667 0.44555555555555554 0.058333333333333334 0.11555555555555555
0 0.485 0.44555555555555554 0.065 0.1288888888888889
0 0.6266666666666667 0.45222222222222225 0.07666666666666666 0.13333333333333333
0 0.5525 0.4533333333333333 0.06333333333333334 0.12222222222222222
0 0.7075 0.4533333333333333 0.075 0.14
0 0.7891666666666667 0.4577777777777778 0.07666666666666666 0.14
0 0.8775 0.4577777777777778 0.09 0.1511111111111111
0 0.9616666666666667 0.4588888888888889 0.07333333333333333 0.15777777777777777
0 0.0175 0.66 0.035 0.12666666666666668
0 0.05 0.6622222222222223 0.06166666666666667 0.12222222222222222
0 0.10083333333333333 0.6711111111111111 0.06333333333333334 0.12666666666666668
0 0.16333333333333333 0.6755555555555556 0.08 0.12444444444444444
0 0.3894166666666667 0.7149333333333334 0.06760000000000001 0.13593333333333324
0 0.45416666666666666 0.7244444444444444 0.08666666666666667 0.14888888888888888
0 0.6158333333333333 0.74 0.06 0.14666666666666667
0 0.6933333333333334 0.7611111111111111 0.08333333333333333 0.1622222222222222
0 0.03666666666666667 0.7833333333333333 0.06166666666666667 0.12222222222222222
0 0.8733333333333333 0.7866666666666666 0.09833333333333333 0.17555555555555555
0 0.08583333333333333 0.7911111111111111 0.07333333333333333 0.13333333333333333
0 0.9608333333333333 0.7977777777777778 0.07666666666666666 0.18
0 0.14666666666666667 0.8044444444444444 0.07666666666666666 0.13777777777777778
0 0.2075 0.8155555555555556 0.07833333333333334 0.14444444444444443
0 0.37 0.8644444444444445 0.07833333333333334 0.16
0 0.44333333333333336 0.8722222222222222 0.08166666666666667 0.15777777777777777
0 0.5191666666666667 0.8844444444444445 0.085 0.17333333333333334
0 0.024166666666666666 0.9033333333333333 0.04833333333333333 0.12666666666666668
0 0.5975 0.9066666666666666 0.07333333333333333 0.17777777777777778
0 0.6866666666666666 0.9177777777777778 0.07833333333333334 0.15777777777777777
0 0.7766666666666666 0.9177777777777778 0.08666666666666667 0.15777777777777777
0 0.0725 0.92 0.06666666666666667 0.12444444444444444
0 0.13333333333333333 0.9322222222222222 0.07 0.13111111111111112
0 0.8741666666666666 0.9366666666666666 0.1 0.12444444444444444
0 0.9641666666666666 0.9433333333333334 0.06833333333333333 0.10888888888888888
0 0.19333333333333333 0.9433333333333334 0.056666666666666664 0.10888888888888888
0 0.24666666666666667 0.9477777777777778 0.05 0.09777777777777778
0 0.36916666666666664 0.9688888888888889 0.07166666666666667 0.057777777777777775
0 0.44 0.9744444444444444 0.07666666666666666 0.04666666666666667
0 0.8808333333333334 0.1622222222222222 0.08333333333333333 0.14444444444444443
0 0.795 0.17555555555555555 0.07666666666666666 0.14666666666666667
0 0.7141666666666666 0.18222222222222223 0.08 0.14666666666666667
0 0.6375 0.18444444444444444 0.07 0.13777777777777778
0 0.565 0.1922222222222222 0.06166666666666667 0.12666666666666668
0 0.3233333333333333 0.1988888888888889 0.051666666666666666 0.11777777777777777
0 0.5008333333333334 0.2011111111111111 0.06 0.12666666666666668
0 0.43333333333333335 0.20222222222222222 0.06333333333333334 0.12222222222222222
0 0.27416666666666667 0.21222222222222223 0.06166666666666667 0.12666666666666668
0 0.22166666666666668 0.21444444444444444 0.065 0.12222222222222222
0 0.1675 0.21888888888888888 0.06833333333333333 0.12222222222222222