0 0.38916666666666666 0.2388888888888889 0.04666666666666667 0.10666666666666667
0 0.4325 0.24222222222222223 0.043333333333333335 0.10444444444444445
0 0.47333333333333333 0.24333333333333335 0.03666666666666667 0.1
0 0.9425 0.24444444444444444 0.03 0.057777777777777775
0 0.9816666666666667 0.24444444444444444 0.03333333333333333 0.09111111111111111
0 0.5683333333333334 0.25333333333333335 0.028333333333333332 0.08888888888888889
0 0.5091666666666667 0.2544444444444444 0.035 0.09111111111111111
0 0.5383333333333333 0.25555555555555554 0.02666666666666667 0.08888888888888889
0 0.62 0.26555555555555554 0.025 0.08
0 0.6416666666666667 0.26555555555555554 0.023333333333333334 0.07555555555555556
0 0.7300666666666668 0.029666666666666668 0.027799999999999915 0.059333333333333335
0 0.7537999999999999 0.030333333333333337 0.027799999999999915 0.060644444444444445
0 0.9341666666666667 0.3111111111111111 0.03333333333333333 0.07555555555555556
0 0.9725 0.3211111111111111 0.03833333333333333 0.07111111111111111
0 0.7968 0.03824444444444445 0.03473333333333339 0.07382222222222222
0 0.7720833333333333 0.04022222222222223 0.022866666666666712 0.05933333333333334
0 0.9733333333333334 0.04888888888888889 0.03833333333333333 0.08
0 0.86205 0.05011111111111111 0.04661666666666671 0.07911111111111112
0 0.8986333333333333 0.0534 0.04663333333333337 0.08833333333333333
0 0.9358333333333333 0.056666666666666664 0.03666666666666667 0.07555555555555556
0 0.02666666666666667 0.06888888888888889 0.05333333333333334 0.13777777777777778
0 0.08833333333333333 0.07333333333333333 0.06833333333333333 0.14
0 0.5525 0.07777777777777778 0.04833333333333333 0.09333333333333334
0 0.5916666666666667 0.08333333333333333 0.03333333333333333 0.09111111111111111
0 0.39416666666666667 0.13 0.04833333333333333 0.10666666666666667
0 0.43916666666666665 0.13666666666666666 0.03666666666666667 0.10222222222222223
0 0.5133333333333333 0.15777777777777777 0.041666666666666664 0.1
0 0.5475 0.16444444444444445 0.03333333333333333 0.08444444444444445
0 0.5791666666666667 0.16666666666666666 0.03 0.08888888888888889
0 0.6533333333333333 0.17777777777777778 0.025 0.1
0 0.6258333333333334 0.17888888888888888 0.023333333333333334 0.08888888888888889
0 0.9569666666666666 0.1892 0.028483333333333197 0.06197777777777781
0 0.7068333333333334 0.020444444444444442 0.030750000000000076 0.04086666666666667
0 0.0275 0.2011111111111111 0.055 0.12666666666666668
0 0.09 0.20666666666666667 0.06333333333333334 0.12222222222222222
0 0.155 0.20777777777777778 0.06 0.1288888888888889
0 0.2175 0.21444444444444444 0.06 0.11555555555555555