0 0.045 0.22777777777777777 0.09 0.29777777777777775
0 0.4625 0.47 0.18666666666666668 0.37777777777777777
0 0.88 0.48333333333333334 0.23666666666666666 0.4
0 0.6591666666666667 0.4888888888888889 0.19333333333333333 0.38
0 0.2783333333333333 0.49666666666666665 0.18666666666666668 0.3422222222222222
0 0.11166666666666666 0.5033333333333333 0.195 0.32666666666666666
0 0.4558333333333333 0.8211111111111111 0.18833333333333332 0.33555555555555555
0 0.25583333333333336 0.8311111111111111 0.19666666666666666 0.33555555555555555
0 0.09333333333333334 0.8311111111111111 0.185 0.33555555555555555
0 0.6641666666666667 0.8322222222222222 0.20833333333333334 0.3288888888888889
0 0.8875 0.8355555555555556 0.21833333333333332 0.32222222222222224
0 0.475 0.15666666666666668 0.17666666666666667 0.31333333333333335
0 0.6608333333333334 0.16666666666666666 0.18666666666666668 0.3244444444444444
0 0.8641666666666666 0.16777777777777778 0.21666666666666667 0.33555555555555555
0 0.3 0.19 0.175 0.3244444444444444
0 0.14666666666666667 0.20666666666666667 0.18166666666666667 0.30444444444444446