0 0.5588888888888889 0.31083333333333335 0.22666666666666666 0.28833333333333333
0 0.11777777777777777 0.3225 0.23333333333333334 0.3883333333333333
0 0.9055555555555556 0.32916666666666666 0.18444444444444444 0.23333333333333334
0 0.3388888888888889 0.3375 0.2088888888888889 0.3016666666666667
0 0.7466666666666667 0.3491666666666667 0.19777777777777777 0.24
0 0.9655555555555555 0.5208333333333334 0.06444444444444444 0.19833333333333333
0 0.8866666666666667 0.5391666666666667 0.18888888888888888 0.20833333333333334
0 0.7222222222222222 0.57 0.18222222222222223 0.22333333333333333
0 0.5477777777777778 0.5741666666666667 0.20222222222222222 0.26
0 0.3466666666666667 0.6116666666666667 0.20666666666666667 0.275
0 0.12333333333333334 0.6408333333333334 0.24444444444444444 0.30666666666666664
0 0.95 0.6875 0.09555555555555556 0.165
0 0.8522222222222222 0.7216666666666667 0.17333333333333334 0.18666666666666668
0 0.7 0.7683333333333333 0.13555555555555557 0.19
0 0.54 0.7933333333333333 0.18888888888888888 0.24833333333333332
0 0.34444444444444444 0.8441666666666666 0.20222222222222222 0.27
0 0.12333333333333334 0.8941666666666667 0.24666666666666667 0.20833333333333334