0 0.9283333333333333 0.46439169139465875 0.12 0.22255192878338279
0 0.7525 0.48516320474777447 0.08 0.17804154302670624
0 0.8291666666666667 0.4970326409495549 0.07333333333333333 0.1394658753709199
0 0.6783333333333333 0.5059347181008902 0.07333333333333333 0.16913946587537093
0 0.6025 0.5178041543026706 0.07166666666666667 0.1661721068249258
0 0.4691666666666667 0.5445103857566765 0.06333333333333334 0.1513353115727003
0 0.5391666666666667 0.5534124629080118 0.056666666666666664 0.11275964391691394
0 0.2941666666666667 0.5771513353115727 0.07166666666666667 0.1632047477744807
0 0.16416666666666666 0.5816023738872403 0.058333333333333334 0.1543026706231454
0 0.4166666666666667 0.5890207715133531 0.041666666666666664 0.14836795252225518
0 0.25 0.6008902077151336 0.03666666666666667 0.13056379821958458
0 0.37 0.6068249258160238 0.051666666666666666 0.1513353115727003
0 0.03166666666666667 0.6142433234421365 0.055 0.1572700296735905
0 0.11166666666666666 0.6172106824925816 0.043333333333333335 0.10979228486646884
0 0.8475 0.6394658753709199 0.09166666666666666 0.1632047477744807
0 0.9441666666666667 0.6409495548961425 0.11 0.22551928783382788
0 0.7666666666666667 0.6483679525222552 0.08166666666666667 0.142433234421365
0 0.685 0.6617210682492581 0.07333333333333333 0.14836795252225518
0 0.6066666666666667 0.6646884272997032 0.075 0.142433234421365
0 0.5316666666666666 0.6943620178041543 0.06333333333333334 0.16913946587537093
0 0.4683333333333333 0.7106824925816023 0.06666666666666667 0.17804154302670624
0 0.2175 0.7166172106824926 0.07333333333333333 0.13353115727002968
0 0.15166666666666667 0.7166172106824926 0.056666666666666664 0.10979228486646884
0 0.019166666666666665 0.7299703264094956 0.03833333333333333 0.11869436201780416
0 0.4116666666666667 0.7314540059347181 0.04666666666666667 0.13353115727002968
0 0.09583333333333334 0.7314540059347181 0.041666666666666664 0.12759643916913946
0 0.2816666666666667 0.7329376854599406 0.075 0.1513353115727003
0 0.36 0.7373887240356083 0.06 0.13353115727002968
0 0.055 0.7433234421364985 0.03666666666666667 0.08902077151335312
0 0.8833333333333333 0.8115727002967359 0.12166666666666667 0.24925816023738873
0 0.96 0.8204747774480712 0.07666666666666666 0.2166172106824926
0 0.7883333333333333 0.8234421364985163 0.10333333333333333 0.21364985163204747
0 0.69 0.8323442136498517 0.09666666666666666 0.20474777448071216
0 0.6016666666666667 0.844213649851632 0.08333333333333333 0.22551928783382788
0 0.43916666666666665 0.8605341246290801 0.08166666666666667 0.19881305637982197
0 0.14666666666666667 0.8679525222551929 0.09666666666666666 0.19881305637982197
0 0.5291666666666667 0.8694362017804155 0.06333333333333334 0.1572700296735905
0 0.22583333333333333 0.8724035608308606 0.09 0.18397626112759644
0 0.38 0.8783382789317508 0.04 0.1632047477744807
0 0.3308333333333333 0.884272997032641 0.06666666666666667 0.1632047477744807
0 0.05333333333333334 0.8857566765578635 0.075 0.18397626112759644
0 0.2816666666666667 0.8902077151335311 0.043333333333333335 0.1513353115727003