0 0.3408333333333333 0.32047477744807124 0.095 0.29673590504451036
0 0.2675 0.3545994065281899 0.07833333333333334 0.27596439169139464
0 0.16083333333333333 0.41097922848664686 0.07833333333333334 0.22551928783382788
0 0.20583333333333334 0.4228486646884273 0.07 0.21364985163204747
0 0.8666666666666667 0.49851632047477745 0.205 0.47774480712166173
0 0.6841666666666667 0.5385756676557863 0.15833333333333333 0.41543026706231456
0 0.54 0.5400593471810089 0.13 0.3827893175074184
0 0.4216666666666667 0.5875370919881305 0.10666666666666667 0.3323442136498516
0 0.33166666666666667 0.6083086053412463 0.07166666666666667 0.29673590504451036
0 0.25416666666666665 0.6142433234421365 0.08 0.26706231454005935
0 0.1375 0.6454005934718101 0.07166666666666667 0.24925816023738873
0 0.19333333333333333 0.6572700296735905 0.07333333333333333 0.23738872403560832
0 0.875 0.8560830860534124 0.19666666666666666 0.2818991097922849
0 0.5408333333333334 0.8620178041543026 0.12666666666666668 0.27299703264094954
0 0.31666666666666665 0.8679525222551929 0.09166666666666666 0.2314540059347181
0 0.42 0.8679525222551929 0.11666666666666667 0.258160237388724
0 0.0775 0.8679525222551929 0.06333333333333334 0.22551928783382788
0 0.2425 0.8724035608308606 0.08 0.2433234421364985
0 0.6925 0.8738872403560831 0.16 0.2433234421364985
0 0.12083333333333333 0.8827893175074184 0.07333333333333333 0.22255192878338279
0 0.17333333333333334 0.8857566765578635 0.07166666666666667 0.22255192878338279
0 0.8491666666666666 0.1572700296735905 0.17333333333333334 0.3115727002967359
0 0.6808333333333333 0.16765578635014836 0.15166666666666667 0.3353115727002967
0 0.545 0.18100890207715134 0.11333333333333333 0.32047477744807124
0 0.4275 0.27299703264094954 0.11 0.32047477744807124
0 0.9708333333333333 0.29376854599406527 0.055 0.35014836795252224