0 0.8766666666666667 0.4362017804154303 0.17166666666666666 0.34124629080118696
0 0.04083333333333333 0.04599406528189911 0.08166666666666667 0.09198813056379822
0 0.7141666666666666 0.45845697329376855 0.16666666666666666 0.3798219584569733
0 0.1225 0.4821958456973294 0.08833333333333333 0.26706231454005935
0 0.05333333333333334 0.48516320474777447 0.08 0.258160237388724
0 0.5725 0.4910979228486647 0.12 0.3293768545994065
0 0.44 0.49258160237388726 0.12333333333333334 0.2997032640949555
0 0.205 0.49554896142433236 0.10166666666666667 0.2818991097922849
0 0.31416666666666665 0.49851632047477745 0.11666666666666667 0.28486646884273
0 0.07 0.7255192878338279 0.08666666666666667 0.2433234421364985
0 0.1375 0.7462908011869436 0.06833333333333333 0.21364985163204747
0 0.2175 0.7492581602373887 0.09666666666666666 0.26112759643916916
0 0.32416666666666666 0.7729970326409495 0.11166666666666666 0.27299703264094954
0 0.4508333333333333 0.7759643916913946 0.11833333333333333 0.29376854599406527
0 0.8775 0.7863501483679525 0.15666666666666668 0.3323442136498516
0 0.725 0.798219584569733 0.15666666666666668 0.37091988130563797
0 0.58 0.8011869436201781 0.12 0.32047477744807124
0 0.43916666666666665 0.21364985163204747 0.1 0.2522255192878338
0 0.345 0.258160237388724 0.085 0.17210682492581603