0 0.8225 0.5474777448071216 0.06666666666666667 0.1394658753709199
0 0.7625 0.5652818991097923 0.06333333333333334 0.13056379821958458
0 0.5608333333333333 0.5741839762611276 0.05333333333333334 0.142433234421365
0 0.6458333333333334 0.5830860534124629 0.056666666666666664 0.13649851632047477
0 0.5108333333333334 0.5875370919881305 0.041666666666666664 0.14540059347181009
0 0.6033333333333334 0.5919881305637982 0.03833333333333333 0.13649851632047477
0 0.4666666666666667 0.6023738872403561 0.04 0.142433234421365
0 0.4241666666666667 0.6172106824925816 0.04 0.11572700296735905
0 0.38666666666666666 0.6305637982195845 0.03833333333333333 0.12166172106824925
0 0.3525 0.6409495548961425 0.03666666666666667 0.11869436201780416
0 0.31916666666666665 0.6483679525222552 0.03833333333333333 0.11275964391691394
0 0.285 0.6572700296735905 0.03333333333333333 0.11572700296735905
0 0.23666666666666666 0.6646884272997032 0.05333333333333334 0.12462908011869436
0 0.2025 0.672106824925816 0.03666666666666667 0.12166172106824925
0 0.07141666666666667 0.6749851632047478 0.02418333333333334 0.05979228486646877
0 0.17583333333333334 0.6795252225519288 0.03166666666666667 0.10979228486646884
0 0.13108333333333333 0.6804451038575667 0.03574999999999998 0.09587537091988131
0 0.09391666666666666 0.6810089020771514 0.025 0.0830860534124629
0 0.8316666666666667 0.6913946587537092 0.065 0.16023738872403562
0 0.7733333333333333 0.6958456973293768 0.06333333333333334 0.142433234421365
0 0.055566666666666674 0.6964391691394658 0.013350000000000002 0.047952522255192954
0 0.5633333333333334 0.7136498516320475 0.05 0.1513353115727003
0 0.07013333333333333 0.7164094955489615 0.018583333333333344 0.04261127596439173
0 0.5116666666666667 0.7195845697329377 0.05 0.14540059347181009
0 0.6475 0.7255192878338279 0.04 0.11869436201780416
0 0.4658333333333333 0.728486646884273 0.03666666666666667 0.14836795252225518
0 0.6075 0.7344213649851632 0.03 0.10682492581602374
0 0.42333333333333334 0.7388724035608308 0.04 0.13056379821958458
0 0.38416666666666666 0.7477744807121661 0.035 0.12759643916913946
0 0.34833333333333333 0.755192878338279 0.03833333333333333 0.12166172106824925
0 0.31166666666666665 0.7581602373887241 0.03666666666666667 0.12166172106824925
0 0.2775 0.7640949554896143 0.04 0.11572700296735905
0 0.19416666666666665 0.7655786350148368 0.02666666666666667 0.10089020771513353
0 0.22916666666666666 0.7655786350148368 0.04666666666666667 0.11275964391691394
0 0.08666666666666667 0.7744807121661721 0.021666666666666667 0.09792284866468842
0 0.13833333333333334 0.7759643916913946 0.03166666666666667 0.10385756676557864
0 0.165 0.7789317507418397 0.03166666666666667 0.11572700296735905
0 0.11276666666666667 0.7796439169139466 0.026033333333333342 0.09186943620178044
0 0.0425 0.7937685459940653 0.02666666666666667 0.10682492581602374
0 0.0625 0.7952522255192879 0.025 0.10682492581602374
0 0.0175 0.7997032640949555 0.03 0.10979228486646884
0 0.7208333333333333 0.8367952522255193 0.06166666666666667 0.14540059347181009
0 0.7825 0.8367952522255193 0.06333333333333334 0.142433234421365
0 0.8425 0.8367952522255193 0.06666666666666667 0.14836795252225518
0 0.5091666666666667 0.8456973293768546 0.043333333333333335 0.142433234421365
0 0.5633333333333334 0.8456973293768546 0.05 0.1513353115727003
0 0.605 0.8516320474777448 0.03333333333333333 0.12462908011869436
0 0.465 0.8545994065281899 0.04 0.13649851632047477
0 0.655 0.8560830860534124 0.058333333333333334 0.12462908011869436
0 0.4225 0.8635014836795252 0.041666666666666664 0.12759643916913946
0 0.38083333333333336 0.8649851632047477 0.035 0.12759643916913946
0 0.30916666666666665 0.8679525222551929 0.03166666666666667 0.11572700296735905
0 0.345 0.8679525222551929 0.03833333333333333 0.12166172106824925
0 0.2275 0.8724035608308606 0.05 0.11869436201780416
0 0.27666666666666667 0.8724035608308606 0.03333333333333333 0.11869436201780416
0 0.18916666666666668 0.8738872403560831 0.03333333333333333 0.11275964391691394
0 0.16 0.8753709198813057 0.03166666666666667 0.10682492581602374
0 0.08333333333333333 0.8798219584569733 0.02666666666666667 0.10385756676557864
0 0.13083333333333333 0.8813056379821959 0.03 0.10682492581602374
0 0.10491666666666667 0.881513353115727 0.01781666666666666 0.10385756676557864
0 0.0575 0.8827893175074184 0.025 0.09495548961424333
0 0.035 0.887240356083086 0.021666666666666667 0.08605341246290801
0 0.0125 0.8902077151335311 0.023333333333333334 0.09495548961424333