0 0.5508333333333333 0.29821958456973297 0.08166666666666667 0.3056379821958457
0 0.9375 0.3115727002967359 0.09166666666666666 0.13353115727002968
0 0.6183333333333333 0.33827893175074186 0.07166666666666667 0.27299703264094954
0 0.6816666666666666 0.3649851632047478 0.065 0.24629080118694363
0 0.74 0.39317507418397624 0.065 0.23738872403560832
0 0.7916666666666666 0.41839762611275966 0.051666666666666666 0.228486646884273
0 0.8333333333333334 0.43026706231454004 0.056666666666666664 0.20178041543026706
0 0.9508333333333333 0.45103857566765576 0.085 0.11869436201780416
0 0.10416666666666667 0.5341246290801187 0.20166666666666666 0.5103857566765578
0 0.30583333333333335 0.5623145400593472 0.16666666666666666 0.42136498516320475
0 0.4583333333333333 0.5905044510385756 0.13333333333333333 0.35014836795252224
0 0.5558333333333333 0.5949554896142433 0.09666666666666666 0.31750741839762614
0 0.6375 0.6083086053412463 0.07666666666666666 0.29080118694362017
0 0.7008333333333333 0.6112759643916914 0.07666666666666666 0.27002967359050445
0 0.7575 0.6186943620178041 0.07 0.258160237388724
0 0.81 0.6335311572700296 0.06 0.22255192878338279
0 0.8491666666666666 0.6335311572700296 0.05 0.22255192878338279
0 0.9841666666666666 0.6394658753709199 0.028333333333333332 0.17210682492581603
0 0.9741666666666666 0.6454005934718101 0.03 0.1513353115727003
0 0.8808333333333334 0.6513353115727003 0.028333333333333332 0.19881305637982197
0 0.945 0.6513353115727003 0.03333333333333333 0.1572700296735905
0 0.6033333333333334 0.06824925816023739 0.105 0.12759643916913946
0 0.9033333333333333 0.6572700296735905 0.03 0.1572700296735905
0 0.8175 0.08456973293768547 0.07833333333333334 0.12462908011869436
0 0.6775 0.09495548961424333 0.056666666666666664 0.18397626112759644
0 0.7308333333333333 0.14540059347181009 0.06666666666666667 0.18100890207715134
0 0.7741666666666667 0.17210682492581603 0.051666666666666666 0.16913946587537093
0 0.11416666666666667 0.17804154302670624 0.21 0.34718100890207715
0 0.30333333333333334 0.19881305637982197 0.15666666666666668 0.3916913946587537
0 0.8141666666666667 0.20771513353115728 0.041666666666666664 0.1543026706231454
0 0.8533333333333334 0.2344213649851632 0.05 0.1572700296735905
0 0.44583333333333336 0.24777448071216618 0.125 0.35014836795252224
0 0.9866666666666667 0.29376854599406527 0.023333333333333334 0.1543026706231454