0 0.9608333333333333 0.30415430267062316 0.075 0.14540059347181009
0 0.8641666666666666 0.3086053412462908 0.043333333333333335 0.19584569732937684
0 0.8975 0.3264094955489614 0.023333333333333334 0.16913946587537093
0 0.15083333333333335 0.44807121661721067 0.18666666666666668 0.456973293768546
0 0.3458333333333333 0.4658753709198813 0.155 0.3916913946587537
0 0.4725 0.47477744807121663 0.11833333333333333 0.3323442136498516
0 0.5725 0.48813056379821956 0.09333333333333334 0.2997032640949555
0 0.6508333333333334 0.48813056379821956 0.085 0.27002967359050445
0 0.7208333333333333 0.4940652818991098 0.08166666666666667 0.2551928783382789
0 0.7866666666666666 0.5059347181008902 0.06833333333333333 0.22551928783382788
0 0.8416666666666667 0.5059347181008902 0.055 0.22551928783382788
0 0.8825 0.5118694362017804 0.04666666666666667 0.21068249258160238
0 0.9908333333333333 0.5133531157270029 0.015 0.18100890207715134
0 0.9116666666666666 0.5192878338278932 0.04 0.18100890207715134
0 0.9625 0.5207715133531158 0.04833333333333333 0.16913946587537093
0 0.15166666666666667 0.129080118694362 0.185 0.2522255192878338
0 0.9483333333333334 0.14688427299703263 0.1 0.1632047477744807
0 0.33416666666666667 0.1543026706231454 0.15166666666666667 0.3026706231454006
0 0.4575 0.16172106824925817 0.125 0.32344213649851633
0 0.5533333333333333 0.19881305637982197 0.105 0.3293768545994065
0 0.6341666666666667 0.22255192878338279 0.1 0.28486646884273
0 0.705 0.24777448071216618 0.09 0.26706231454005935
0 0.77 0.26706231454005935 0.07833333333333334 0.24629080118694363
0 0.825 0.2818991097922849 0.065 0.2403560830860534