0 0.0625 0.5905044510385756 0.04 0.1513353115727003
0 0.050833333333333335 0.744807121661721 0.04 0.1394658753709199
0 0.03666666666666667 0.8857566765578635 0.041666666666666664 0.1513353115727003
0 0.78 0.16468842729970326 0.155 0.32047477744807124
0 0.8091666666666667 0.43768545994065283 0.16666666666666666 0.34421364985163205
0 0.845 0.7388724035608308 0.17333333333333334 0.314540059347181
0 0.6625 0.228486646884273 0.12333333333333334 0.2997032640949555
0 0.675 0.486646884272997 0.13333333333333333 0.3086053412462908
0 0.6925 0.7700296735905044 0.13333333333333333 0.29376854599406527
0 0.5583333333333333 0.28486646884273 0.09333333333333334 0.27299703264094954
0 0.4816666666666667 0.34421364985163205 0.07166666666666667 0.2522255192878338
0 0.41333333333333333 0.3887240356083086 0.07333333333333333 0.2344213649851632
0 0.35 0.41839762611275966 0.058333333333333334 0.21068249258160238
0 0.2925 0.456973293768546 0.05333333333333334 0.20474777448071216
0 0.2475 0.4836795252225519 0.041666666666666664 0.17210682492581603
0 0.165 0.5341246290801187 0.041666666666666664 0.17210682492581603
0 0.20083333333333334 0.5133531157270029 0.043333333333333335 0.18694362017804153
0 0.12666666666666668 0.5593471810089021 0.03333333333333333 0.1543026706231454
0 0.0975 0.5756676557863502 0.035 0.1572700296735905
0 0.41083333333333333 0.6083086053412463 0.07 0.24629080118694363
0 0.48333333333333334 0.5667655786350149 0.07666666666666666 0.2522255192878338
0 0.5683333333333334 0.5341246290801187 0.1 0.2789317507418398
0 0.3458333333333333 0.6320474777448071 0.07 0.2314540059347181
0 0.2875 0.6498516320474778 0.05333333333333334 0.2166172106824926
0 0.2375 0.6676557863501483 0.04833333333333333 0.19881305637982197
0 0.19333333333333333 0.685459940652819 0.045 0.19881305637982197
0 0.15166666666666667 0.7032640949554896 0.04 0.18397626112759644
0 0.11583333333333333 0.7255192878338279 0.03833333333333333 0.1661721068249258
0 0.08416666666666667 0.7344213649851632 0.03166666666666667 0.1513353115727003
0 0.58 0.7893175074183977 0.09666666666666666 0.26706231454005935
0 0.48833333333333334 0.8041543026706232 0.08166666666666667 0.24629080118694363
0 0.4091666666666667 0.8204747774480712 0.07666666666666666 0.2403560830860534
0 0.34 0.8338278931750742 0.056666666666666664 0.2195845697329377
0 0.23166666666666666 0.8560830860534124 0.045 0.19287833827893175
0 0.185 0.8664688427299704 0.04666666666666667 0.17804154302670624
0 0.285 0.8456973293768546 0.058333333333333334 0.21364985163204747
0 0.14333333333333334 0.8694362017804155 0.041666666666666664 0.16913946587537093
0 0.1075 0.8798219584569733 0.03666666666666667 0.1513353115727003
0 0.07166666666666667 0.884272997032641 0.03833333333333333 0.14540059347181009
0 0.9233333333333333 0.12314540059347182 0.14 0.24629080118694363
0 0.9291666666666667 0.41839762611275966 0.125 0.32047477744807124
0 0.9425 0.7270029673590505 0.09333333333333334 0.3293768545994065