0 0.7558333333333334 0.5644444444444444 0.11166666666666666 0.19555555555555557
0 0.87 0.5677777777777778 0.135 0.2111111111111111
0 0.9583333333333334 0.5711111111111111 0.08 0.21777777777777776
0 0.9666666666666667 0.7844444444444445 0.06166666666666667 0.22666666666666666
0 0.8841666666666667 0.7766666666666666 0.13666666666666666 0.22666666666666666
0 0.7616666666666667 0.7688888888888888 0.12333333333333334 0.22444444444444445
0 0.6483333333333333 0.7588888888888888 0.10833333333333334 0.21333333333333335
0 0.5391666666666667 0.75 0.10666666666666667 0.2111111111111111
0 0.46 0.5533333333333333 0.10666666666666667 0.19111111111111112
0 0.37083333333333335 0.5533333333333333 0.10833333333333334 0.18666666666666668
0 0.44083333333333335 0.7411111111111112 0.10833333333333334 0.20666666666666667
0 0.3466666666666667 0.7377777777777778 0.11 0.2
0 0.2791666666666667 0.56 0.125 0.18888888888888888
0 0.25583333333333336 0.7355555555555555 0.12 0.18222222222222223
0 0.145 0.5755555555555556 0.115 0.1688888888888889
0 0.065 0.5688888888888889 0.1 0.16
0 0.1125 0.7255555555555555 0.11833333333333333 0.17777777777777778
0 0.045 0.7211111111111111 0.08833333333333333 0.18