0 0.22833333333333333 0.37333333333333335 0.015 0.12222222222222222
0 0.2475 0.37777777777777777 0.028333333333333332 0.13333333333333333
0 0.27 0.3788888888888889 0.016666666666666666 0.13111111111111112
0 0.2925 0.39 0.035 0.15777777777777777
0 0.32416666666666666 0.39222222222222225 0.03333333333333333 0.16666666666666666
0 0.365 0.4077777777777778 0.05333333333333334 0.18222222222222223
0 0.4166666666666667 0.41444444444444445 0.05333333333333334 0.20666666666666667
0 0.48 0.4311111111111111 0.08333333333333333 0.23555555555555555
0 0.5908333333333333 0.43555555555555553 0.15666666666666668 0.2822222222222222
0 0.77 0.4866666666666667 0.22166666666666668 0.39111111111111113
0 0.2275 0.4911111111111111 0.016666666666666666 0.1111111111111111
0 0.24833333333333332 0.5011111111111111 0.02666666666666667 0.12444444444444444
0 0.27 0.5066666666666667 0.016666666666666666 0.12444444444444444
0 0.2916666666666667 0.5366666666666666 0.03 0.13555555555555557
0 0.32166666666666666 0.5477777777777778 0.03666666666666667 0.15555555555555556
0 0.9483333333333334 0.5488888888888889 0.1 0.5288888888888889
0 0.36333333333333334 0.5744444444444444 0.056666666666666664 0.17777777777777778
0 0.41333333333333333 0.6077777777777778 0.06166666666666667 0.19555555555555557
0 0.22333333333333333 0.6277777777777778 0.02666666666666667 0.11777777777777777
0 0.4775 0.6488888888888888 0.08 0.22
0 0.25583333333333336 0.6733333333333333 0.028333333333333332 0.14222222222222222
0 0.29583333333333334 0.6977777777777778 0.055 0.14222222222222222
0 0.5816666666666667 0.6988888888888889 0.145 0.29777777777777775
0 0.13849999999999998 0.7227777777777777 0.032199999999999986 0.07486666666666679
0 0.22083333333333333 0.7366666666666667 0.03166666666666667 0.10666666666666667
0 0.16441666666666668 0.7458222222222223 0.03003333333333335 0.06622222222222213
0 0.3425 0.7711111111111111 0.05 0.19111111111111112
0 0.25 0.7866666666666666 0.025 0.11333333333333333
0 0.7575 0.79 0.215 0.38666666666666666
0 0.14498333333333333 0.8235777777777779 0.03003333333333335 0.09215555555555562
0 0.2775 0.8244444444444444 0.02666666666666667 0.12222222222222222
0 0.4141666666666667 0.8277777777777777 0.09333333333333334 0.20444444444444446
0 0.17143333333333333 0.8530888888888889 0.02246666666666665 0.07631111111111118
0 0.9391666666666667 0.8622222222222222 0.11666666666666667 0.27111111111111114
0 0.3016666666666667 0.8655555555555555 0.03 0.1511111111111111
0 0.30438333333333334 0.08757777777777777 0.024833333333333294 0.12846666666666667
0 0.20544999999999997 0.8710888888888889 0.047283333333333316 0.10077777777777783
0 0.32666666666666666 0.08888888888888889 0.028333333333333332 0.1288888888888889
0 0.3775 0.09222222222222222 0.07166666666666667 0.14
0 0.1628 0.9308222222222222 0.01814999999999998 0.07055555555555555
0 0.33916666666666667 0.93 0.051666666666666666 0.13555555555555557
0 0.185 0.9566666666666667 0.03 0.08222222222222222
0 0.3983333333333333 0.9622222222222222 0.07666666666666666 0.07111111111111111
0 0.94 0.10333333333333333 0.11833333333333333 0.20666666666666667
0 0.7791666666666667 0.11777777777777777 0.20333333333333334 0.23555555555555555
0 0.6216666666666667 0.12666666666666668 0.11833333333333333 0.24444444444444444
0 0.5191666666666667 0.1322222222222222 0.08333333333333333 0.23333333333333334
0 0.44916666666666666 0.14888888888888888 0.065 0.23555555555555555
0 0.37416666666666665 0.20777777777777778 0.07833333333333334 0.10888888888888888
0 0.3225 0.2088888888888889 0.03166666666666667 0.12
0 0.29938333333333333 0.21104444444444445 0.022333333333333295 0.11511111111111114