0 0.12 0.6233333333333333 0.12833333333333333 0.20666666666666667
0 0.0425 0.6244444444444445 0.08166666666666667 0.2222222222222222
0 0.21833333333333332 0.64 0.12833333333333333 0.21555555555555556
0 0.43166666666666664 0.6611111111111111 0.12666666666666668 0.23555555555555555
0 0.315 0.6666666666666666 0.10666666666666667 0.20666666666666667
0 0.5425 0.6844444444444444 0.09833333333333333 0.2222222222222222
0 0.6483333333333333 0.7 0.11166666666666666 0.24888888888888888
0 0.765 0.7022222222222222 0.12166666666666667 0.26666666666666666
0 0.9816666666666667 0.7377777777777778 0.03333333333333333 0.25333333333333335
0 0.8966666666666666 0.7388888888888889 0.13833333333333334 0.2577777777777778
0 0.12833333333333333 0.7966666666666666 0.10666666666666667 0.18222222222222223
0 0.225 0.8166666666666667 0.10166666666666667 0.18
0 0.3225 0.8422222222222222 0.09166666666666666 0.17333333333333334
0 0.43916666666666665 0.85 0.12333333333333334 0.20444444444444446
0 0.5458333333333333 0.8711111111111111 0.095 0.19555555555555557
0 0.6475 0.8966666666666666 0.10833333333333334 0.20222222222222222
0 0.76 0.8977777777777778 0.12333333333333334 0.19555555555555557
0 0.88 0.9222222222222223 0.13 0.15333333333333332
0 0.9658333333333333 0.9244444444444444 0.065 0.14666666666666667