0 0.04 0.6977777777777778 0.08 0.15555555555555556
0 0.051666666666666666 0.5433333333333333 0.10333333333333333 0.1511111111111111
0 0.115 0.7044444444444444 0.105 0.15333333333333332
0 0.13416666666666666 0.5555555555555556 0.1 0.14444444444444443
0 0.7433333333333333 0.64 0.056666666666666664 0.11777777777777777
0 0.75 0.76 0.06333333333333334 0.12444444444444444
0 0.6858333333333333 0.6322222222222222 0.06333333333333334 0.11777777777777777
0 0.6891666666666667 0.7555555555555555 0.065 0.12666666666666668
0 0.625 0.6266666666666667 0.065 0.12444444444444444
0 0.6241666666666666 0.7511111111111111 0.07166666666666667 0.13111111111111112
0 0.5641666666666667 0.6177777777777778 0.06833333333333333 0.13333333333333333
0 0.5641666666666667 0.7433333333333333 0.07166666666666667 0.13333333333333333
0 0.5016666666666667 0.6111111111111112 0.06833333333333333 0.13555555555555557
0 0.4975 0.7366666666666667 0.075 0.13777777777777778
0 0.42916666666666664 0.73 0.08 0.14
0 0.36666666666666664 0.5844444444444444 0.07833333333333334 0.14222222222222222
0 0.3566666666666667 0.7222222222222222 0.07833333333333334 0.14666666666666667
0 0.2925 0.5733333333333334 0.08333333333333333 0.14666666666666667
0 0.2808333333333333 0.7155555555555555 0.09 0.15555555555555556
0 0.2175 0.5733333333333334 0.09333333333333334 0.1511111111111111
0 0.19916666666666666 0.7122222222222222 0.09833333333333333 0.14444444444444443