0 0.8575 0.04111111111111111 0.043333333333333335 0.08222222222222222
0 0.9383333333333334 0.47555555555555556 0.051666666666666666 0.10666666666666667
0 0.9 0.04888888888888889 0.045 0.09777777777777778
0 0.8683333333333333 0.5 0.04833333333333333 0.12
0 0.8325 0.5088888888888888 0.04666666666666667 0.12666666666666668
0 0.6975 0.5144444444444445 0.05333333333333334 0.14
0 0.7958333333333333 0.5144444444444445 0.051666666666666666 0.13111111111111112
0 0.7491666666666666 0.5222222222222223 0.06166666666666667 0.13111111111111112
0 0.65 0.54 0.07333333333333333 0.15777777777777777
0 0.9725 0.5511111111111111 0.035 0.08
0 0.5983333333333334 0.5566666666666666 0.056666666666666664 0.15555555555555556
0 0.95 0.5588888888888889 0.035 0.09333333333333334
0 0.53 0.5722222222222222 0.09166666666666666 0.17777777777777778
0 0.9183333333333333 0.5733333333333334 0.04666666666666667 0.09777777777777778
0 0.9716666666666667 0.058888888888888886 0.028333333333333332 0.11333333333333333
0 0.8866666666666667 0.5844444444444444 0.05 0.10666666666666667
0 0.9425 0.06 0.03166666666666667 0.10888888888888888
0 0.8525 0.6 0.04 0.09777777777777778
0 0.44083333333333335 0.6055555555555555 0.08833333333333333 0.18666666666666668
0 0.10583333333333333 0.61 0.11166666666666666 0.20666666666666667
0 0.82 0.6133333333333333 0.043333333333333335 0.10666666666666667
0 0.33666666666666667 0.6166666666666667 0.12333333333333334 0.21777777777777776
0 0.7858333333333334 0.6233333333333333 0.045 0.10888888888888888
0 0.7358333333333333 0.64 0.06833333333333333 0.12
0 0.69 0.6466666666666666 0.04666666666666667 0.13777777777777778
0 0.65 0.6755555555555556 0.06 0.13777777777777778
0 0.9616666666666667 0.6866666666666666 0.043333333333333335 0.09777777777777778
0 0.59 0.69 0.06 0.13777777777777778
0 0.065 0.6966666666666667 0.12833333333333333 0.27111111111111114
0 0.9225 0.7122222222222222 0.025 0.08222222222222222
0 0.5233333333333333 0.7222222222222222 0.09166666666666666 0.1711111111111111
0 0.8916666666666667 0.7522222222222222 0.03666666666666667 0.11555555555555555
0 0.43666666666666665 0.7622222222222222 0.085 0.1688888888888889
0 0.8591666666666666 0.7688888888888888 0.02666666666666667 0.10888888888888888
0 0.98375 0.7704222222222222 0.02554999999999988 0.07866666666666662
0 0.9616666666666667 0.7811111111111111 0.021666666666666667 0.09555555555555556
0 0.9141666666666667 0.7844444444444445 0.025 0.06888888888888889
0 0.8116666666666666 0.7877777777777778 0.06333333333333334 0.11555555555555555
0 0.34 0.7911111111111111 0.115 0.2111111111111111
0 0.9358333333333333 0.7966666666666666 0.025 0.09777777777777778
0 0.21583333333333332 0.8333333333333334 0.13333333333333333 0.24444444444444444
0 0.7425 0.8477777777777777 0.045 0.13111111111111112
0 0.8741666666666666 0.85 0.025 0.08888888888888889
0 0.68 0.8622222222222222 0.06833333333333333 0.13777777777777778
0 0.8375 0.8766666666666667 0.02666666666666667 0.08
0 0.07 0.8922222222222222 0.13833333333333334 0.21333333333333335
0 0.8091666666666667 0.8966666666666666 0.03166666666666667 0.10666666666666667
0 0.7725 0.9244444444444444 0.043333333333333335 0.11555555555555555
0 0.5908333333333333 0.9411111111111111 0.058333333333333334 0.11333333333333333
0 0.645 0.9444444444444444 0.05 0.10666666666666667
0 0.7325 0.9588888888888889 0.03833333333333333 0.07777777777777778
0 0.5225 0.96 0.075 0.07555555555555556