0 0.9041666666666667 0.2544444444444444 0.07166666666666667 0.2088888888888889
0 0.96 0.26555555555555554 0.055 0.19111111111111112
0 0.39166666666666666 0.5066666666666667 0.10166666666666667 0.28444444444444444
0 0.9725 0.51 0.05333333333333334 0.18222222222222223
0 0.29333333333333333 0.5133333333333333 0.095 0.3022222222222222
0 0.9383333333333334 0.5177777777777778 0.06333333333333334 0.19777777777777777
0 0.8883333333333333 0.5277777777777778 0.08166666666666667 0.21555555555555556
0 0.6516666666666666 0.53 0.14833333333333334 0.32
0 0.8258333333333333 0.5333333333333333 0.08833333333333333 0.23333333333333334
0 0.7533333333333333 0.5411111111111111 0.10666666666666667 0.26666666666666666
0 0.8416666666666667 0.056666666666666664 0.07166666666666667 0.11333333333333333
0 0.5058333333333334 0.56 0.18833333333333332 0.35555555555555557
0 0.12916666666666668 0.6133333333333333 0.25833333333333336 0.4911111111111111
0 0.96 0.6844444444444444 0.06666666666666667 0.17333333333333334
0 0.9175 0.7022222222222222 0.06 0.18666666666666668
0 0.8658333333333333 0.7266666666666667 0.08 0.20666666666666667
0 0.8025 0.7511111111111111 0.08833333333333333 0.23777777777777778
0 0.9166666666666666 0.07888888888888888 0.08166666666666667 0.15777777777777777
0 0.7275 0.7933333333333333 0.11 0.25555555555555554
0 0.6291666666666667 0.8266666666666667 0.14 0.30666666666666664
0 0.5016666666666667 0.8566666666666667 0.15333333333333332 0.2822222222222222
0 0.3475 0.8655555555555555 0.19166666666666668 0.2644444444444444
0 0.12583333333333332 0.8922222222222222 0.25166666666666665 0.21333333333333335
0 0.9 0.9166666666666666 0.08833333333333333 0.1288888888888889
0 0.8275 0.9533333333333334 0.055 0.08888888888888889
0 0.24583333333333332 0.12111111111111111 0.24 0.24222222222222223
0 0.4708333333333333 0.14 0.185 0.28
0 0.6416666666666667 0.14666666666666667 0.13666666666666666 0.29333333333333333
0 0.7558333333333334 0.15777777777777777 0.085 0.30666666666666664
0 0.8333333333333334 0.22 0.07666666666666666 0.23555555555555555