0 0.7833333333333333 0.22083333333333333 0.08666666666666667 0.175
0 0.8755555555555555 0.22833333333333333 0.1 0.16166666666666665
0 0.9633333333333334 0.2525 0.06888888888888889 0.12833333333333333
0 0.2966666666666667 0.335 0.21555555555555556 0.21
0 0.4955555555555556 0.3408333333333333 0.1688888888888889 0.18833333333333332
0 0.9533333333333334 0.3825 0.08888888888888889 0.145
0 0.8577777777777778 0.3875 0.09111111111111111 0.155
0 0.7666666666666667 0.3883333333333333 0.09111111111111111 0.15333333333333332
0 0.9611111111111111 0.5483333333333333 0.07333333333333333 0.1
0 0.52 0.5541666666666667 0.12444444444444444 0.15833333333333333
0 0.8777777777777778 0.5641666666666667 0.08888888888888889 0.10166666666666667
0 0.7944444444444444 0.5725 0.08 0.11166666666666666
0 0.3788888888888889 0.5841666666666666 0.14666666666666667 0.17833333333333334
0 0.21 0.6 0.17333333333333334 0.20166666666666666
0 0.7322222222222222 0.6325 0.057777777777777775 0.105
0 0.9466888888888889 0.6377166666666667 0.07273333333333337 0.08898333333333332
0 0.9888888888888889 0.6458333333333334 0.017777777777777778 0.08833333333333333
0 0.8 0.065 0.09111111111111111 0.13
0 0.8755555555555555 0.6575 0.07111111111111111 0.09833333333333333
0 0.5155555555555555 0.7041666666666667 0.11333333333333333 0.14333333333333334
0 0.8111111111111111 0.7041666666666667 0.09777777777777778 0.125
0 0.38 0.7375 0.14222222222222222 0.17833333333333334
0 0.9422222222222222 0.7391666666666666 0.08222222222222222 0.11333333333333333
0 0.7211111111111111 0.7475 0.06666666666666667 0.12666666666666668
0 0.2111111111111111 0.7658333333333334 0.17333333333333334 0.19666666666666666
0 0.8777777777777778 0.7758333333333334 0.05333333333333334 0.09833333333333333
0 0.7977777777777778 0.8125 0.08888888888888889 0.085
0 0.94 0.835 0.07777777777777778 0.075
0 0.5077777777777778 0.8475 0.10666666666666667 0.14333333333333334
0 0.8644444444444445 0.8733333333333333 0.05555555555555555 0.08166666666666667
0 0.7122222222222222 0.88 0.06666666666666667 0.12
0 0.3788888888888889 0.8825 0.14666666666666667 0.17
0 0.7866666666666666 0.9041666666666667 0.08666666666666667 0.08666666666666667
0 0.21777777777777776 0.925 0.1622222222222222 0.14833333333333334
0 0.29444444444444445 0.12166666666666667 0.22444444444444445 0.24166666666666667
0 0.9466666666666667 0.12416666666666666 0.10222222222222223 0.115
0 0.4988888888888889 0.145 0.18222222222222223 0.20833333333333334