0 0.20083333333333334 0.33666666666666667 0.065 0.057777777777777775
0 0.31916666666666665 0.35444444444444445 0.05333333333333334 0.04666666666666667
0 0.37416666666666665 0.3566666666666667 0.051666666666666666 0.05555555555555555
0 0.42833333333333334 0.36666666666666664 0.055 0.06222222222222222
0 0.4816666666666667 0.37444444444444447 0.051666666666666666 0.057777777777777775
0 0.5358333333333334 0.3933333333333333 0.04833333333333333 0.07777777777777778
0 0.18333333333333332 0.3988888888888889 0.065 0.08444444444444445
0 0.245 0.40555555555555556 0.075 0.08444444444444445
0 0.6325 0.4111111111111111 0.055 0.07777777777777778
0 0.31 0.41333333333333333 0.065 0.08
0 0.37416666666666665 0.4211111111111111 0.065 0.08222222222222222
0 0.6858333333333333 0.4266666666666667 0.05 0.09555555555555556
0 0.8283333333333334 0.4266666666666667 0.05 0.05555555555555555
0 0.435 0.4311111111111111 0.06 0.08222222222222222
0 0.7333333333333333 0.43222222222222223 0.055 0.09111111111111111
0 0.7791666666666667 0.43555555555555553 0.05333333333333334 0.08222222222222222
0 0.8716666666666667 0.43555555555555553 0.04666666666666667 0.05555555555555555
0 0.49416666666666664 0.44222222222222224 0.06 0.08
0 0.9133333333333333 0.44333333333333336 0.051666666666666666 0.06
0 0.5533333333333333 0.44555555555555554 0.055 0.09111111111111111
0 0.9575 0.4477777777777778 0.045 0.05333333333333334
0 0.9858333333333333 0.4633333333333333 0.025 0.06888888888888889
0 0.6608333333333334 0.4633333333333333 0.06 0.08
0 0.6033333333333334 0.46444444444444444 0.04833333333333333 0.06
0 0.8166666666666667 0.4855555555555556 0.065 0.07333333333333333
0 0.8733333333333333 0.49333333333333335 0.06166666666666667 0.08444444444444445
0 0.7416666666666667 0.49444444444444446 0.04833333333333333 0.044444444444444446
0 0.9225 0.4988888888888889 0.055 0.07777777777777778
0 0.9675 0.5044444444444445 0.06166666666666667 0.08
0 0.24833333333333332 0.59 0.058333333333333334 0.08666666666666667
0 0.3125 0.5988888888888889 0.058333333333333334 0.09555555555555556
0 0.3775 0.6055555555555555 0.06 0.09333333333333334
0 0.44 0.6122222222222222 0.055 0.09111111111111111
0 0.5016666666666667 0.6144444444444445 0.056666666666666664 0.08222222222222222
0 0.555 0.62 0.04833333333333333 0.08
0 0.72 0.6355555555555555 0.05 0.08
0 0.615 0.64 0.04666666666666667 0.10444444444444445
0 0.67 0.64 0.056666666666666664 0.10222222222222223
0 0.9291666666666667 0.6544444444444445 0.04833333333333333 0.09333333333333334
0 0.9733333333333334 0.6577777777777778 0.043333333333333335 0.07333333333333333
0 0.15 0.6844444444444444 0.08666666666666667 0.12666666666666668
0 0.22916666666666666 0.6933333333333334 0.08 0.12444444444444444
0 0.30333333333333334 0.6977777777777778 0.06166666666666667 0.11777777777777777
0 0.37583333333333335 0.7033333333333334 0.07166666666666667 0.12
0 0.445 0.7055555555555556 0.06833333333333333 0.11333333333333333
0 0.5125 0.7111111111111111 0.06333333333333334 0.10888888888888888
0 0.5741666666666667 0.7155555555555555 0.056666666666666664 0.12
0 0.73 0.73 0.06666666666666667 0.10666666666666667
0 0.6225 0.7322222222222222 0.04 0.08222222222222222
0 0.6716666666666666 0.7333333333333333 0.055 0.08444444444444445
0 0.8841666666666667 0.7466666666666667 0.07333333333333333 0.09555555555555556
0 0.9491666666666667 0.75 0.058333333333333334 0.09333333333333334
0 0.7083333333333334 0.9188888888888889 0.07666666666666666 0.1111111111111111
0 0.6333333333333333 0.9188888888888889 0.06833333333333333 0.11555555555555555
0 0.9641666666666666 0.9233333333333333 0.06833333333333333 0.14888888888888888
0 0.425 0.9266666666666666 0.07 0.14222222222222222
0 0.2708333333333333 0.9266666666666666 0.08166666666666667 0.14222222222222222
0 0.19 0.9311111111111111 0.08333333333333333 0.13333333333333333
0 0.10166666666666667 0.9311111111111111 0.08666666666666667 0.13333333333333333
0 0.35083333333333333 0.9333333333333333 0.07 0.1288888888888889
0 0.5 0.9333333333333333 0.07333333333333333 0.1288888888888889
0 0.57 0.9388888888888889 0.06833333333333333 0.12
0 0.7766666666666666 0.9377777777777778 0.07666666666666666 0.12
0 0.8383333333333334 0.9411111111111111 0.06333333333333334 0.11333333333333333
0 0.8983333333333333 0.9422222222222222 0.07666666666666666 0.1111111111111111