0 0.7989333333333334 0.22497777777777778 0.026616666666666712 0.03108888888888891
0 0.6233333333333333 0.22777777777777777 0.105 0.19333333333333333
0 0.37451666666666666 0.2354888888888889 0.04513333333333331 0.050022222222222204
0 0.4155333333333333 0.23653333333333332 0.033383333333333286 0.05417777777777777
0 0.32411666666666666 0.2386222222222222 0.04593333333333334 0.04584444444444444
0 0.2792 0.2427777777777778 0.032666666666666705 0.05417777777777777
0 0.12 0.24333333333333335 0.06166666666666667 0.057777777777777775
0 0.013333333333333334 0.25 0.02666666666666667 0.06
0 0.058333333333333334 0.2511111111111111 0.06 0.057777777777777775
0 0.27355 0.03197777777777778 0.024283333333333323 0.04508888888888889
0 0.30146666666666666 0.033555555555555554 0.03449999999999998 0.04404444444444444
0 0.34471666666666667 0.03775555555555555 0.04235000000000004 0.04613333333333333
0 0.3408333333333333 0.43666666666666665 0.17166666666666666 0.28
0 0.7975 0.44 0.165 0.27111111111111114
0 0.38756666666666667 0.04508888888888889 0.04468333333333334 0.046133333333333346
0 0.6358333333333334 0.45111111111111113 0.14 0.2733333333333333
0 0.1725 0.45666666666666667 0.17166666666666666 0.28
0 0.4925 0.46111111111111114 0.13833333333333334 0.27555555555555555
0 0.432 0.04771111111111111 0.04546666666666662 0.04719999999999999
0 0.47524999999999995 0.05086666666666667 0.03758333333333326 0.049288888888888896
0 0.5165333333333334 0.052444444444444446 0.03520000000000001 0.046133333333333346
0 0.04346666666666666 0.5226444444444445 0.08691666666666667 0.22673333333333326
0 0.1375 0.05333333333333334 0.058333333333333334 0.10666666666666667
0 0.59085 0.05557777777777778 0.04225000000000004 0.052444444444444446
0 0.5535 0.05662222222222223 0.04148333333333331 0.05033333333333333
0 0.19416666666666665 0.058888888888888886 0.05 0.1
0 0.9441666666666667 0.7177777777777777 0.11 0.29333333333333333
0 0.8166666666666667 0.72 0.21666666666666667 0.3244444444444444
0 0.32416666666666666 0.7211111111111111 0.185 0.31777777777777777
0 0.6466666666666666 0.7244444444444444 0.15166666666666667 0.31777777777777777
0 0.49 0.73 0.14833333333333334 0.29777777777777775
0 0.14583333333333334 0.73 0.175 0.3022222222222222
0 0.03311666666666667 0.7536666666666666 0.06621666666666666 0.25240000000000007
0 0.27315 0.08075555555555557 0.021933333333333374 0.05453333333333332
0 0.3038166666666667 0.08180000000000001 0.032916666666666664 0.05453333333333332
0 0.34313333333333335 0.08442222222222223 0.0376333333333333 0.051377777777777786
0 0.38756666666666667 0.09017777777777777 0.04311666666666667 0.041955555555555545
0 0.4296333333333333 0.09071111111111112 0.04231666666666664 0.04300000000000001
0 0.594 0.09542222222222221 0.0375333333333333 0.03775555555555554
0 0.5542833333333334 0.09595555555555556 0.03518333333333336 0.036711111111111104
0 0.7907000000000001 0.1637111111111111 0.023883333333333402 0.03475555555555559
0 0.7313833333333333 0.17055555555555554 0.03556666666666672 0.05213333333333335
0 0.694 0.17148888888888889 0.03488333333333325 0.044822222222222194
0 0.185 0.17333333333333334 0.056666666666666664 0.07555555555555556
0 0.12583333333333332 0.17666666666666667 0.056666666666666664 0.06888888888888889
0 0.8201833333333334 0.17833333333333334 0.030733333333333425 0.04937777777777778
0 0.014166666666666666 0.17888888888888888 0.028333333333333332 0.07333333333333333
0 0.32606666666666667 0.18235555555555555 0.04669999999999997 0.07084444444444443
0 0.41631666666666667 0.18235555555555555 0.03494999999999995 0.0625111111111111
0 0.2792 0.18391111111111114 0.038916666666666704 0.06773333333333331
0 0.76465 0.1842888888888889 0.030750000000000076 0.035666666666666694
0 0.06 0.18444444444444444 0.06333333333333334 0.06666666666666667
0 0.37334999999999996 0.18860000000000002 0.04590000000000003 0.05626666666666665
0 0.7924166666666667 0.19753333333333334 0.028683333333333394 0.03475555555555559
0 0.49583333333333335 0.21555555555555556 0.12833333333333333 0.2511111111111111
0 0.6994833333333333 0.21719999999999998 0.03626666666666665 0.04664444444444447
0 0.7355 0.21904444444444443 0.03281666666666676 0.05213333333333335
0 0.7680666666666667 0.22086666666666666 0.030750000000000076 0.035666666666666694
0 0.8267 0.22133333333333333 0.030033333333333304 0.04024444444444447