0 0.1675 0.35333333333333333 0.12 0.21777777777777776
0 0.27416666666666667 0.39 0.09333333333333334 0.18666666666666668
0 0.9441666666666667 0.4 0.11 0.22444444444444445
0 0.37583333333333335 0.4022222222222222 0.10833333333333334 0.2088888888888889
0 0.7175 0.4033333333333333 0.11166666666666666 0.21555555555555556
0 0.49166666666666664 0.40444444444444444 0.11333333333333333 0.19333333333333333
0 0.6116666666666667 0.41333333333333333 0.10333333333333333 0.19111111111111112
0 0.8391666666666666 0.41333333333333333 0.115 0.21777777777777776
0 0.14833333333333334 0.56 0.135 0.21777777777777776
0 0.26166666666666666 0.5788888888888889 0.095 0.18444444444444444
0 0.36666666666666664 0.5933333333333334 0.115 0.20666666666666667
0 0.4875 0.5944444444444444 0.115 0.2
0 0.6058333333333333 0.5988888888888889 0.10666666666666667 0.19333333333333333
0 0.7166666666666667 0.6033333333333334 0.11666666666666667 0.21555555555555556
0 0.9483333333333334 0.6133333333333333 0.10166666666666667 0.22666666666666666
0 0.84 0.6177777777777778 0.12 0.21333333333333335
0 0.13 0.78 0.12666666666666668 0.2311111111111111
0 0.24333333333333335 0.7888888888888889 0.12666666666666668 0.23777777777777778
0 0.3575 0.7966666666666666 0.11333333333333333 0.22
0 0.0475 0.0811111111111111 0.07666666666666666 0.1622222222222222
0 0.5983333333333334 0.8011111111111111 0.09833333333333333 0.20666666666666667
0 0.49083333333333334 0.8122222222222222 0.12333333333333334 0.24222222222222223
0 0.7125 0.83 0.13833333333333334 0.23777777777777778
0 0.845 0.8433333333333334 0.12666666666666668 0.24
0 0.9491666666666667 0.8477777777777777 0.09833333333333333 0.24666666666666667
0 0.17833333333333334 0.10444444444444445 0.08 0.14888888888888888
0 0.4525 0.10777777777777778 0.09333333333333334 0.15333333333333332
0 0.665 0.10888888888888888 0.10166666666666667 0.1511111111111111
0 0.35083333333333333 0.11222222222222222 0.08166666666666667 0.13555555555555557
0 0.5508333333333333 0.11444444444444445 0.09166666666666666 0.15555555555555556
0 0.8808333333333334 0.11555555555555555 0.105 0.14666666666666667
0 0.9675 0.11666666666666667 0.06166666666666667 0.15777777777777777
0 0.2733333333333333 0.11777777777777777 0.08333333333333333 0.14666666666666667
0 0.7733333333333333 0.11777777777777777 0.105 0.15777777777777777