0 0.8483333333333334 0.31555555555555553 0.09666666666666666 0.11777777777777777
0 0.7691666666666667 0.32 0.095 0.12222222222222222
0 0.69 0.3288888888888889 0.08666666666666667 0.11333333333333333
0 0.6166666666666667 0.3477777777777778 0.07833333333333334 0.11777777777777777
0 0.5408333333333334 0.35888888888888887 0.075 0.12444444444444444
0 0.47 0.3655555555555556 0.07 0.12444444444444444
0 0.395 0.3711111111111111 0.07 0.1288888888888889
0 0.25 0.3788888888888889 0.08666666666666667 0.11555555555555555
0 0.3275 0.3788888888888889 0.06833333333333333 0.12666666666666668
0 0.175 0.38333333333333336 0.08833333333333333 0.11555555555555555
0 0.10333333333333333 0.39 0.095 0.12222222222222222
0 0.03833333333333333 0.39222222222222225 0.07666666666666666 0.11333333333333333
0 0.8783333333333333 0.43777777777777777 0.10666666666666667 0.15777777777777777
0 0.7933333333333333 0.4411111111111111 0.1 0.1511111111111111
0 0.7066666666666667 0.4488888888888889 0.09 0.14444444444444443
0 0.6275 0.4577777777777778 0.08333333333333333 0.13555555555555557
0 0.545 0.4677777777777778 0.08 0.14
0 0.4666666666666667 0.4766666666666667 0.07666666666666666 0.14
0 0.385 0.4777777777777778 0.08 0.13555555555555557
0 0.30833333333333335 0.49 0.085 0.13333333333333333
0 0.22416666666666665 0.4911111111111111 0.08166666666666667 0.12666666666666668
0 0.15083333333333335 0.49444444444444446 0.09666666666666666 0.1288888888888889
0 0.023816666666666667 0.5004888888888889 0.04676666666666667 0.10908888888888883
0 0.07666666666666666 0.5033333333333333 0.09833333333333333 0.1288888888888889
0 0.91 0.55 0.11833333333333333 0.15333333333333332
0 0.8183333333333334 0.56 0.10166666666666667 0.14222222222222222
0 0.7258333333333333 0.5688888888888889 0.09833333333333333 0.14
0 0.6283333333333333 0.5777777777777777 0.07333333333333333 0.13555555555555557
0 0.5491666666666667 0.5844444444444444 0.08666666666666667 0.13111111111111112
0 0.4608333333333333 0.5911111111111111 0.08 0.14
0 0.38333333333333336 0.5977777777777777 0.06833333333333333 0.13333333333333333
0 0.29333333333333333 0.6066666666666667 0.08666666666666667 0.13333333333333333
0 0.2025 0.6111111111111112 0.095 0.13555555555555557
0 0.125 0.6155555555555555 0.1 0.14
0 0.05 0.6222222222222222 0.09833333333333333 0.13111111111111112