0 0.31833333333333336 0.31777777777777777 0.155 0.21555555555555556
0 0.44666666666666666 0.36444444444444446 0.12833333333333333 0.2
0 0.755 0.4688888888888889 0.105 0.17777777777777778
0 0.8383333333333334 0.4955555555555556 0.09166666666666666 0.1711111111111111
0 0.63 0.5111111111111111 0.08333333333333333 0.16666666666666666
0 0.9058333333333334 0.5122222222222222 0.08666666666666667 0.16
0 0.30083333333333334 0.5266666666666666 0.17166666666666666 0.24666666666666667
0 0.9633333333333334 0.55 0.07166666666666667 0.14666666666666667
0 0.4425 0.5622222222222222 0.13666666666666666 0.23333333333333334
0 0.685 0.6355555555555555 0.115 0.20666666666666667
0 0.7775 0.64 0.115 0.19111111111111112
0 0.8575 0.6588888888888889 0.105 0.19333333333333333
0 0.6175 0.6644444444444444 0.041666666666666664 0.14444444444444443
0 0.9291666666666667 0.6722222222222223 0.08833333333333333 0.17333333333333334
0 0.9825 0.6877777777777778 0.03166666666666667 0.14444444444444443
0 0.10416666666666667 0.76 0.20333333333333334 0.30666666666666664
0 0.2833333333333333 0.7769333333333334 0.18 0.2838888888888889
0 0.43333333333333335 0.7911111111111111 0.155 0.26
0 0.6958333333333333 0.8233333333333334 0.12 0.2088888888888889
0 0.7983333333333333 0.8277777777777777 0.11166666666666666 0.2
0 0.62345 0.8347333333333333 0.04123333333333335 0.175
0 0.8816666666666667 0.8377777777777777 0.10166666666666667 0.19555555555555557
0 0.9541666666666667 0.8477777777777777 0.08833333333333333 0.18444444444444444