0 0.36666666666666664 0.25083333333333335 0.26222222222222225 0.18666666666666668
0 0.8766666666666667 0.265 0.24222222222222223 0.22333333333333333
0 0.6377777777777778 0.26916666666666667 0.25555555555555554 0.20666666666666667
0 0.12111111111111111 0.28 0.24 0.215
0 0.3188888888888889 0.44 0.34 0.2816666666666667
0 0.6644444444444444 0.44666666666666666 0.3288888888888889 0.2733333333333333
0 0.8911111111111111 0.455 0.21555555555555556 0.305
0 0.10222222222222223 0.46166666666666667 0.2 0.28833333333333333
0 0.07333333333333333 0.0725 0.14222222222222222 0.135
0 0.24 0.7416666666666667 0.46 0.435
0 0.7155555555555555 0.7475 0.4533333333333333 0.425
0 0.22111111111111112 0.075 0.20666666666666667 0.15
0 0.84 0.1125 0.24222222222222223 0.125
0 0.40444444444444444 0.12416666666666666 0.22444444444444445 0.13666666666666666
0 0.16666666666666666 0.13666666666666666 0.24222222222222223 0.13
0 0.6211111111111111 0.13833333333333334 0.2088888888888889 0.155