0 0.8088888888888889 0.24416666666666667 0.15555555555555556 0.06166666666666667
0 0.67 0.27666666666666667 0.14 0.06666666666666667
0 0.97 0.2791666666666667 0.05555555555555555 0.12166666666666667
0 0.8522222222222222 0.29833333333333334 0.19777777777777777 0.085
0 0.4211111111111111 0.33666666666666667 0.13777777777777778 0.08
0 0.6922222222222222 0.3416666666666667 0.15777777777777777 0.085
0 0.53 0.3725 0.15333333333333332 0.08833333333333333
0 0.29 0.3908333333333333 0.10888888888888888 0.07333333333333333
0 0.8911111111111111 0.39166666666666666 0.21333333333333335 0.13666666666666666
0 0.38333333333333336 0.4025 0.1511111111111111 0.095
0 0.7144444444444444 0.4508333333333333 0.2088888888888889 0.16
0 0.25 0.455 0.12222222222222222 0.075
0 0.5155555555555555 0.4658333333333333 0.18222222222222223 0.125
0 0.042222222222222223 0.4791666666666667 0.08444444444444445 0.09
0 0.1111111111111111 0.4875 0.1688888888888889 0.095
0 0.3511111111111111 0.5075 0.19555555555555557 0.14
0 0.9288888888888889 0.5375 0.14 0.22166666666666668
0 0.17888888888888888 0.5425 0.20222222222222222 0.11833333333333333
0 0.7377777777777778 0.57 0.2577777777777778 0.18666666666666668
0 0.06222222222222222 0.5716666666666667 0.12444444444444444 0.08333333333333333
0 0.49666666666666665 0.6125 0.2222222222222222 0.20666666666666667
0 0.2966666666666667 0.6466666666666666 0.24888888888888888 0.20333333333333334
0 0.10666666666666667 0.6773333333333333 0.21333333333333335 0.18698333333333342
0 0.7877777777777778 0.8008333333333333 0.34 0.32166666666666666
0 0.47 0.8258333333333333 0.29333333333333333 0.30833333333333335
0 0.21888888888888888 0.8533333333333334 0.3288888888888889 0.2866666666666667
0 0.07777777777777778 0.87 0.14888888888888888 0.25333333333333335