0 0.059166666666666666 0.27066666666666667 0.023333333333333334 0.05333333333333334
0 0.3175 0.27466666666666667 0.021666666666666667 0.05333333333333334
0 0.08666666666666667 0.2826666666666667 0.028333333333333332 0.064
0 0.014166666666666666 0.2906666666666667 0.025 0.06933333333333333
0 0.2925 0.2906666666666667 0.016666666666666666 0.04
0 0.21666666666666667 0.292 0.02 0.05333333333333334
0 0.27416666666666667 0.292 0.018333333333333333 0.042666666666666665
0 0.255 0.29333333333333333 0.023333333333333334 0.042666666666666665
0 0.23416666666666666 0.2946666666666667 0.021666666666666667 0.042666666666666665
0 0.11666666666666667 0.296 0.03166666666666667 0.064
0 0.0375 0.30133333333333334 0.021666666666666667 0.064
0 0.7325 0.30533333333333335 0.04666666666666667 0.13866666666666666
0 0.14833333333333334 0.30533333333333335 0.02666666666666667 0.058666666666666666
0 0.42583333333333334 0.308 0.06 0.14666666666666667
0 0.17833333333333334 0.31066666666666665 0.02666666666666667 0.050666666666666665
0 0.6091666666666666 0.312 0.06333333333333334 0.152
0 0.545 0.31333333333333335 0.065 0.16
0 0.05583333333333333 0.316 0.018333333333333333 0.058666666666666666
0 0.365 0.31733333333333336 0.06166666666666667 0.14133333333333334
0 0.4825 0.31733333333333336 0.058333333333333334 0.14666666666666667
0 0.31583333333333335 0.324 0.021666666666666667 0.04533333333333334
0 0.23333333333333334 0.332 0.02 0.037333333333333336
0 0.25333333333333335 0.3333333333333333 0.018333333333333333 0.029333333333333333
0 0.21416666666666667 0.3373333333333333 0.018333333333333333 0.032
0 0.08583333333333333 0.34 0.02666666666666667 0.056
0 0.115 0.35333333333333333 0.03166666666666667 0.058666666666666666
0 0.14583333333333334 0.36133333333333334 0.028333333333333332 0.05333333333333334
0 0.1725 0.3626666666666667 0.023333333333333334 0.050666666666666665
0 0.31666666666666665 0.364 0.021666666666666667 0.032
0 0.21416666666666667 0.36666666666666664 0.016666666666666666 0.032
0 0.19416666666666665 0.36666666666666664 0.023333333333333334 0.04
0 0.21166666666666667 0.43466666666666665 0.023333333333333334 0.056
0 0.18916666666666668 0.436 0.025 0.056
0 0.16583333333333333 0.43733333333333335 0.02666666666666667 0.050666666666666665
0 0.2625 0.43866666666666665 0.02666666666666667 0.050666666666666665
0 0.28583333333333333 0.43866666666666665 0.025 0.056
0 0.42083333333333334 0.44 0.06 0.144
0 0.23666666666666666 0.44133333333333336 0.025 0.058666666666666666
0 0.7383333333333333 0.44266666666666665 0.051666666666666666 0.13333333333333333
0 0.545 0.44666666666666666 0.06 0.13866666666666666
0 0.36 0.448 0.06333333333333334 0.13866666666666666
0 0.48333333333333334 0.448 0.06166666666666667 0.136
0 0.6766666666666666 0.448 0.065 0.152
0 0.6083333333333333 0.4493333333333333 0.06333333333333334 0.152
0 0.14083333333333334 0.45066666666666666 0.02666666666666667 0.06666666666666667
0 0.31 0.452 0.02 0.05333333333333334
0 0.26 0.4826666666666667 0.025 0.050666666666666665
0 0.21166666666666667 0.49066666666666664 0.023333333333333334 0.05333333333333334
0 0.235 0.49066666666666664 0.023333333333333334 0.056
0 0.18666666666666668 0.496 0.023333333333333334 0.058666666666666666
0 0.020833333333333332 0.49733333333333335 0.02666666666666667 0.09333333333333334
0 0.05 0.49733333333333335 0.025 0.08533333333333333
0 0.28583333333333333 0.49866666666666665 0.025 0.056
0 0.30833333333333335 0.504 0.023333333333333334 0.056
0 0.07583333333333334 0.5213333333333333 0.02666666666666667 0.072
0 0.12166666666666667 0.528 0.02 0.06666666666666667
0 0.16083333333333333 0.528 0.02 0.072
0 0.13916666666666666 0.532 0.02 0.064
0 0.25916666666666666 0.54 0.023333333333333334 0.06133333333333333
0 0.23333333333333334 0.544 0.025 0.056
0 0.20916666666666667 0.5453333333333333 0.02 0.050666666666666665
0 0.285 0.5466666666666666 0.023333333333333334 0.05333333333333334
0 0.18666666666666668 0.548 0.023333333333333334 0.048
0 0.30916666666666665 0.5533333333333333 0.023333333333333334 0.04
0 0.0475 0.576 0.03 0.07733333333333334
0 0.42 0.5826666666666667 0.06 0.152
0 0.07083333333333333 0.5826666666666667 0.023333333333333334 0.064
0 0.6775 0.5853333333333334 0.065 0.14933333333333335
0 0.016666666666666666 0.5853333333333334 0.02666666666666667 0.08533333333333333
0 0.3591666666666667 0.588 0.06333333333333334 0.13866666666666666
0 0.48 0.588 0.06 0.14666666666666667
0 0.5425 0.588 0.065 0.144
0 0.6091666666666666 0.588 0.06166666666666667 0.152
0 0.7441666666666666 0.588 0.065 0.152
0 0.09666666666666666 0.6 0.02666666666666667 0.07733333333333334
0 0.13166666666666665 0.6053333333333333 0.021666666666666667 0.06666666666666667
0 0.15666666666666668 0.6066666666666667 0.018333333333333333 0.07466666666666667
0 0.21 0.6293333333333333 0.023333333333333334 0.050666666666666665
0 0.2608333333333333 0.6306666666666667 0.023333333333333334 0.048
0 0.1875 0.632 0.025 0.04
0 0.235 0.632 0.028333333333333332 0.050666666666666665
0 0.2866666666666667 0.632 0.023333333333333334 0.037333333333333336
0 0.30916666666666665 0.6333333333333333 0.021666666666666667 0.034666666666666665
0 0.06833333333333333 0.6426666666666667 0.02666666666666667 0.058666666666666666
0 0.04083333333333333 0.6533333333333333 0.028333333333333332 0.072
0 0.2833333333333333 0.6786666666666666 0.02666666666666667 0.058666666666666666
0 0.010833333333333334 0.6786666666666666 0.021666666666666667 0.08533333333333333
0 0.15333333333333332 0.6786666666666666 0.02 0.058666666666666666
0 0.30833333333333335 0.6786666666666666 0.025 0.056
0 0.18666666666666668 0.6813333333333333 0.023333333333333334 0.056
0 0.25833333333333336 0.6826666666666666 0.025 0.05333333333333334
0 0.235 0.6826666666666666 0.025 0.056
0 0.13 0.6826666666666666 0.023333333333333334 0.07466666666666667
0 0.09083333333333334 0.6853333333333333 0.025 0.08
0 0.20916666666666667 0.6853333333333333 0.021666666666666667 0.058666666666666666
0 0.065 0.7066666666666667 0.023333333333333334 0.06666666666666667
0 0.3541666666666667 0.7266666666666667 0.06333333333333334 0.152
0 0.4166666666666667 0.7266666666666667 0.06 0.152
0 0.035833333333333335 0.7306666666666667 0.03166666666666667 0.08533333333333333
0 0.47833333333333333 0.732 0.06333333333333334 0.14933333333333335
0 0.5433333333333333 0.7346666666666667 0.06166666666666667 0.14666666666666667
0 0.3075 0.736 0.023333333333333334 0.064
0 0.61 0.7373333333333333 0.065 0.144
0 0.6775 0.7373333333333333 0.065 0.15466666666666667
0 0.7441666666666666 0.7386666666666667 0.06166666666666667 0.15466666666666667
0 0.1825 0.7413333333333333 0.02666666666666667 0.05333333333333334
0 0.26416666666666666 0.7413333333333333 0.028333333333333332 0.06133333333333333
0 0.20833333333333334 0.7426666666666667 0.023333333333333334 0.05333333333333334
0 0.23583333333333334 0.7426666666666667 0.028333333333333332 0.06133333333333333
0 0.15 0.7426666666666667 0.021666666666666667 0.06666666666666667
0 0.1075 0.7586666666666667 0.023333333333333334 0.072
0 0.08583333333333333 0.7626666666666667 0.025 0.06933333333333333
0 0.06333333333333334 0.7853333333333333 0.03 0.06933333333333333
0 0.0325 0.82 0.023333333333333334 0.088
0 0.4141666666666667 0.856 0.06833333333333333 0.09866666666666667
0 0.47833333333333333 0.8573333333333333 0.05333333333333334 0.096
0 0.5458333333333333 0.8613333333333333 0.065 0.10933333333333334
0 0.6091666666666666 0.8666666666666667 0.06166666666666667 0.11466666666666667
0 0.6766666666666666 0.8693333333333333 0.07 0.11733333333333333
0 0.34833333333333333 0.8746666666666667 0.065 0.14133333333333334
0 0.7458333333333333 0.892 0.065 0.152
0 0.7341666666666666 0.15466666666666667 0.05 0.14933333333333335
0 0.6733333333333333 0.16266666666666665 0.06333333333333334 0.152
0 0.55 0.172 0.06333333333333334 0.152
0 0.61 0.17733333333333334 0.06 0.14666666666666667
0 0.4275 0.17866666666666667 0.056666666666666664 0.144
0 0.4875 0.184 0.06 0.136
0 0.37 0.18666666666666668 0.06 0.14933333333333335
0 0.021666666666666667 0.23733333333333334 0.028333333333333332 0.048
0 0.041666666666666664 0.25066666666666665 0.015 0.042666666666666665