0 0.5866666666666667 0.336 0.06166666666666667 0.15733333333333333
0 0.6483333333333333 0.3373333333333333 0.07333333333333333 0.14933333333333335
0 0.43583333333333335 0.3413333333333333 0.05333333333333334 0.128
0 0.4816666666666667 0.3413333333333333 0.04833333333333333 0.136
0 0.5291666666666667 0.3413333333333333 0.056666666666666664 0.144
0 0.43 0.464 0.05 0.12
0 0.475 0.468 0.045 0.12533333333333332
0 0.5216666666666666 0.47333333333333333 0.055 0.13866666666666666
0 0.5775 0.4786666666666667 0.06 0.13866666666666666
0 0.64 0.484 0.06833333333333333 0.144
0 0.4225 0.5826666666666667 0.05 0.12266666666666666
0 0.4691666666666667 0.588 0.045 0.128
0 0.515 0.6013333333333334 0.056666666666666664 0.136
0 0.57 0.612 0.06166666666666667 0.136
0 0.6333333333333333 0.6293333333333333 0.06666666666666667 0.144
0 0.41833333333333333 0.7 0.055 0.12266666666666666
0 0.46166666666666667 0.7133333333333334 0.04833333333333333 0.128
0 0.33666666666666667 0.72 0.04833333333333333 0.14666666666666667
0 0.2916666666666667 0.7213333333333334 0.043333333333333335 0.144
0 0.51 0.7333333333333333 0.055 0.12533333333333332
0 0.24 0.7346666666666667 0.055 0.14933333333333335
0 0.185 0.7466666666666667 0.06166666666666667 0.16
0 0.5675 0.752 0.06 0.13866666666666666
0 0.13333333333333333 0.7546666666666667 0.05 0.168
0 0.03833333333333333 0.768 0.07333333333333333 0.18666666666666668
0 0.6291666666666667 0.7693333333333333 0.07 0.144
0 0.2783333333333333 0.868 0.04833333333333333 0.136
0 0.23 0.8746666666666667 0.04833333333333333 0.128
0 0.17833333333333334 0.9013333333333333 0.06166666666666667 0.17066666666666666
0 0.1275 0.912 0.041666666666666664 0.16
0 0.034166666666666665 0.928 0.06333333333333334 0.14133333333333334
0 0.2833333333333333 0.9706666666666667 0.05333333333333334 0.05333333333333334
0 0.23083333333333333 0.972 0.055 0.050666666666666665