0 0.7416666666666667 0.09066666666666667 0.058333333333333334 0.18133333333333335
0 0.68 0.128 0.065 0.184
0 0.6191666666666666 0.14933333333333335 0.058333333333333334 0.16533333333333333
0 0.5625 0.172 0.05333333333333334 0.16
0 0.51 0.18933333333333333 0.051666666666666666 0.15466666666666667
0 0.4625 0.20533333333333334 0.041666666666666664 0.144
0 0.38 0.212 0.04833333333333333 0.136
0 0.425 0.21866666666666668 0.03333333333333333 0.136
0 0.3358333333333333 0.228 0.04 0.12533333333333332
0 0.29333333333333333 0.24 0.043333333333333335 0.12266666666666666
0 0.25833333333333336 0.24666666666666667 0.028333333333333332 0.112
0 0.7433333333333333 0.264 0.056666666666666664 0.192
0 0.6791666666666667 0.28933333333333333 0.06666666666666667 0.17066666666666666
0 0.6175 0.30266666666666664 0.056666666666666664 0.16
0 0.15666666666666668 0.312 0.07166666666666667 0.14666666666666667
0 0.5633333333333334 0.31466666666666665 0.055 0.14933333333333335
0 0.21916666666666668 0.31866666666666665 0.058333333333333334 0.136
0 0.51 0.324 0.051666666666666666 0.14666666666666667
0 0.4625 0.336 0.041666666666666664 0.13866666666666666
0 0.38 0.33866666666666667 0.05 0.12533333333333332
0 0.029166666666666667 0.344 0.058333333333333334 0.136
0 0.42583333333333334 0.3453333333333333 0.03333333333333333 0.128
0 0.33666666666666667 0.3466666666666667 0.04 0.12
0 0.0875 0.34933333333333333 0.06 0.112
0 0.2941666666666667 0.35333333333333333 0.043333333333333335 0.12533333333333332
0 0.26 0.3586666666666667 0.021666666666666667 0.112
0 0.7425 0.43733333333333335 0.05333333333333334 0.184
0 0.68 0.448 0.07 0.168
0 0.22083333333333333 0.456 0.055 0.14666666666666667
0 0.56 0.456 0.04833333333333333 0.14666666666666667
0 0.6141666666666666 0.456 0.06 0.14933333333333335
0 0.15583333333333332 0.46266666666666667 0.075 0.13866666666666666
0 0.29333333333333333 0.464 0.041666666666666664 0.11733333333333333
0 0.33666666666666667 0.464 0.041666666666666664 0.12266666666666666
0 0.38083333333333336 0.464 0.05 0.12533333333333332
0 0.51 0.464 0.04833333333333333 0.14133333333333334
0 0.4275 0.4666666666666667 0.03333333333333333 0.12266666666666666
0 0.465 0.4666666666666667 0.04 0.13066666666666665
0 0.26 0.468 0.025 0.11466666666666667
0 0.08833333333333333 0.4693333333333333 0.06 0.11733333333333333
0 0.029166666666666667 0.47333333333333333 0.051666666666666666 0.12533333333333332
0 0.2808333333333333 0.6213333333333333 0.03666666666666667 0.10933333333333334
0 0.31666666666666665 0.624 0.03333333333333333 0.11733333333333333
0 0.35 0.628 0.035 0.12266666666666666
0 0.385 0.6373333333333333 0.03666666666666667 0.128
0 0.42 0.6426666666666667 0.035 0.128
0 0.4583333333333333 0.6493333333333333 0.045 0.13866666666666666
0 0.5041666666666667 0.656 0.04666666666666667 0.14133333333333334
0 0.1575 0.66 0.055 0.13866666666666666
0 0.09166666666666666 0.6653333333333333 0.07 0.13066666666666665
0 0.5583333333333333 0.6653333333333333 0.06 0.152
0 0.6225 0.6733333333333333 0.06 0.16
0 0.6825 0.696 0.065 0.17066666666666666
0 0.030833333333333334 0.7093333333333334 0.056666666666666664 0.14133333333333334
0 0.7441666666666666 0.72 0.058333333333333334 0.184
0 0.31583333333333335 0.7386666666666667 0.03166666666666667 0.11466666666666667
0 0.3491666666666667 0.7453333333333333 0.035 0.11466666666666667
0 0.38416666666666666 0.7626666666666667 0.04 0.12
0 0.20666666666666667 0.7733333333333333 0.04833333333333333 0.12266666666666666
0 0.4583333333333333 0.784 0.041666666666666664 0.13066666666666665
0 0.09333333333333334 0.7946666666666666 0.06833333333333333 0.11466666666666667
0 0.155 0.7986666666666666 0.06 0.136
0 0.505 0.7986666666666666 0.04833333333333333 0.14933333333333335
0 0.5591666666666667 0.8146666666666667 0.06 0.14933333333333335
0 0.6208333333333333 0.8306666666666667 0.06 0.16
0 0.31666666666666665 0.8493333333333334 0.03333333333333333 0.10933333333333334
0 0.6816666666666666 0.8573333333333333 0.06833333333333333 0.15466666666666667
0 0.3491666666666667 0.8626666666666667 0.03333333333333333 0.12266666666666666
0 0.3825 0.8826666666666667 0.03666666666666667 0.12533333333333332
0 0.7441666666666666 0.8893333333333333 0.058333333333333334 0.16533333333333333
0 0.42 0.9066666666666666 0.03666666666666667 0.112
0 0.4583333333333333 0.9173333333333333 0.043333333333333335 0.13333333333333333
0 0.505 0.936 0.055 0.12533333333333332
0 0.5616666666666666 0.9426666666666667 0.058333333333333334 0.10666666666666667
0 0.62 0.9533333333333334 0.05333333333333334 0.08533333333333333
0 0.6816666666666666 0.9666666666666667 0.06666666666666667 0.06133333333333333