0 0.71 0.268 0.06666666666666667 0.20533333333333334
0 0.24583333333333332 0.2693333333333333 0.06333333333333334 0.13066666666666665
0 0.36666666666666664 0.272 0.03 0.13866666666666666
0 0.30583333333333335 0.28 0.06166666666666667 0.13333333333333333
0 0.6425 0.308 0.07333333333333333 0.17066666666666666
0 0.5441666666666667 0.3626666666666667 0.03166666666666667 0.192
0 0.97 0.37066666666666664 0.056666666666666664 0.21333333333333335
0 0.52 0.39066666666666666 0.02 0.176
0 0.8975 0.3933333333333333 0.08333333333333333 0.21333333333333335
0 0.4891666666666667 0.4106666666666667 0.043333333333333335 0.17866666666666667
0 0.105 0.4146666666666667 0.065 0.144
0 0.8291666666666667 0.416 0.051666666666666666 0.224
0 0.02145 0.42192 0.0429 0.09864000000000002
0 0.25333333333333335 0.042666666666666665 0.058333333333333334 0.08533333333333333
0 0.45 0.4266666666666667 0.04666666666666667 0.16533333333333333
0 0.42 0.44266666666666665 0.02666666666666667 0.16533333333333333
0 0.7708333333333334 0.44533333333333336 0.055 0.216
0 0.3175 0.04666666666666667 0.058333333333333334 0.09333333333333334
0 0.5066666666666667 0.04666666666666667 0.043333333333333335 0.09333333333333334
0 0.3908333333333333 0.45466666666666666 0.03833333333333333 0.152
0 0.3566666666666667 0.476 0.035 0.14666666666666667
0 0.7083333333333334 0.476 0.07166666666666667 0.20266666666666666
0 0.6508333333333334 0.48933333333333334 0.05 0.208
0 0.22833333333333333 0.49866666666666665 0.06 0.14933333333333335
0 0.16416666666666666 0.5013333333333333 0.058333333333333334 0.15733333333333333
0 0.28833333333333333 0.508 0.065 0.15466666666666667
0 0.605 0.512 0.05 0.18133333333333335
0 0.5425 0.5373333333333333 0.02666666666666667 0.18666666666666668
0 0.030833333333333334 0.5453333333333333 0.06166666666666667 0.13866666666666666
0 0.0975 0.548 0.06666666666666667 0.136
0 0.52 0.5613333333333334 0.02 0.16533333333333333
0 0.4891666666666667 0.5746666666666667 0.045 0.14933333333333335
0 0.445 0.5866666666666667 0.03833333333333333 0.136
0 0.4166666666666667 0.5946666666666667 0.018333333333333333 0.14933333333333335
0 0.3875 0.6053333333333333 0.04 0.16
0 0.35 0.6186666666666667 0.03666666666666667 0.15466666666666667
0 0.15666666666666668 0.6506666666666666 0.06 0.14133333333333334
0 0.22 0.656 0.065 0.152
0 0.285 0.664 0.06 0.16
0 0.9641666666666666 0.6773333333333333 0.065 0.24266666666666667
0 0.0275 0.6853333333333333 0.055 0.14666666666666667
0 0.0925 0.688 0.06666666666666667 0.136
0 0.895 0.6893333333333334 0.07166666666666667 0.22933333333333333
0 0.014166666666666666 0.07066666666666667 0.028333333333333332 0.10933333333333334
0 0.825 0.708 0.06666666666666667 0.22666666666666666
0 0.4725 0.07333333333333333 0.03666666666666667 0.14666666666666667
0 0.7025 0.732 0.058333333333333334 0.2
0 0.6491666666666667 0.748 0.045 0.184
0 0.6058333333333333 0.7533333333333333 0.04833333333333333 0.18666666666666668
0 0.535 0.756 0.03 0.18133333333333335
0 0.44666666666666666 0.7986666666666666 0.051666666666666666 0.16533333333333333
0 0.48583333333333334 0.7986666666666666 0.025 0.15733333333333333
0 0.5083333333333333 0.7986666666666666 0.025 0.15466666666666667
0 0.41 0.804 0.03666666666666667 0.16
0 0.15333333333333332 0.804 0.06333333333333334 0.16266666666666665
0 0.37833333333333335 0.8106666666666666 0.035 0.15733333333333333
0 0.21666666666666667 0.812 0.06333333333333334 0.16533333333333333
0 0.35 0.8146666666666667 0.035 0.15466666666666667
0 0.275 0.816 0.058333333333333334 0.14933333333333335
0 0.024166666666666666 0.824 0.04833333333333333 0.13866666666666666
0 0.08416666666666667 0.8253333333333334 0.06833333333333333 0.14133333333333334
0 0.0625 0.088 0.06 0.12533333333333332
0 0.9641666666666666 0.9 0.06833333333333333 0.19466666666666665
0 0.44 0.09066666666666667 0.03333333333333333 0.152
0 0.895 0.9053333333333333 0.08 0.184
0 0.7616666666666667 0.9133333333333333 0.08333333333333333 0.168
0 0.825 0.9133333333333333 0.06333333333333334 0.168
0 0.6483333333333333 0.92 0.04 0.15466666666666667
0 0.695 0.9213333333333333 0.056666666666666664 0.152
0 0.6066666666666667 0.9253333333333333 0.05 0.144
0 0.5325 0.9293333333333333 0.028333333333333332 0.136
0 0.5058333333333334 0.9373333333333334 0.025 0.12266666666666666
0 0.14666666666666667 0.936 0.06666666666666667 0.12266666666666666
0 0.44416666666666665 0.9386666666666666 0.05333333333333334 0.11733333333333333
0 0.405 0.9413333333333334 0.035 0.11466666666666667
0 0.48333333333333334 0.94 0.02666666666666667 0.11466666666666667
0 0.375 0.9426666666666667 0.03666666666666667 0.10933333333333334
0 0.021666666666666667 0.9426666666666667 0.043333333333333335 0.10933333333333334
0 0.3433333333333333 0.944 0.03333333333333333 0.10666666666666667
0 0.21416666666666667 0.9453333333333334 0.06833333333333333 0.104
0 0.27166666666666667 0.948 0.056666666666666664 0.09866666666666667
0 0.075 0.948 0.07 0.09866666666666667
0 0.12666666666666668 0.09866666666666667 0.06333333333333334 0.13866666666666666
0 0.5983333333333334 0.104 0.025 0.13866666666666666
0 0.4025 0.11466666666666667 0.04 0.14666666666666667
0 0.18833333333333332 0.11866666666666667 0.06166666666666667 0.14933333333333335
0 0.37333333333333335 0.13866666666666666 0.028333333333333332 0.14133333333333334
0 0.25083333333333335 0.14533333333333334 0.06166666666666667 0.12533333333333332
0 0.5433333333333333 0.14666666666666667 0.04666666666666667 0.176
0 0.31166666666666665 0.152 0.06 0.12266666666666666
0 0.5 0.17866666666666667 0.04 0.16
0 0.009166666666666667 0.19733333333333333 0.018333333333333333 0.12
0 0.83 0.204 0.055 0.19733333333333333
0 0.9675 0.20533333333333334 0.058333333333333334 0.104
0 0.05416666666666667 0.20666666666666667 0.06333333333333334 0.144
0 0.4658333333333333 0.208 0.035 0.14666666666666667
0 0.12 0.228 0.06 0.144
0 0.435 0.23066666666666666 0.03166666666666667 0.136
0 0.77 0.23333333333333334 0.06333333333333334 0.18133333333333335
0 0.39666666666666667 0.25066666666666665 0.04666666666666667 0.12266666666666666
0 0.18583333333333332 0.25466666666666665 0.058333333333333334 0.13866666666666666