0 0.9258333333333333 0.28 0.05 0.168
0 0.8808333333333334 0.332 0.05333333333333334 0.176
0 0.8391666666666666 0.368 0.04666666666666667 0.15466666666666667
0 0.9725 0.36933333333333335 0.051666666666666666 0.17866666666666667
0 0.8016666666666666 0.4093333333333333 0.04833333333333333 0.16266666666666665
0 0.015833333333333335 0.42 0.03 0.17333333333333334
0 0.14083333333333334 0.428 0.07333333333333333 0.176
0 0.9333333333333333 0.44266666666666665 0.06166666666666667 0.16266666666666665
0 0.06833333333333333 0.44533333333333336 0.07 0.152
0 0.2175 0.448 0.06833333333333333 0.16266666666666665
0 0.28583333333333333 0.45066666666666666 0.07 0.16
0 0.3541666666666667 0.4573333333333333 0.06666666666666667 0.16266666666666665
0 0.4241666666666667 0.468 0.065 0.16
0 0.7225 0.4786666666666667 0.065 0.152
0 0.48833333333333334 0.48 0.06333333333333334 0.16266666666666665
0 0.6725 0.496 0.056666666666666664 0.14666666666666667
0 0.5533333333333333 0.5026666666666667 0.065 0.168
0 0.8916666666666667 0.5026666666666667 0.05 0.14933333333333335
0 0.6141666666666666 0.5066666666666667 0.065 0.152
0 0.8508333333333333 0.524 0.04833333333333333 0.168
0 0.8091666666666667 0.5573333333333333 0.051666666666666666 0.16
0 0.015 0.5733333333333334 0.03 0.144
0 0.14 0.5813333333333334 0.07333333333333333 0.17333333333333334
0 0.06833333333333333 0.584 0.07 0.13066666666666665
0 0.9816666666666667 0.5906666666666667 0.03333333333333333 0.17333333333333334
0 0.7741666666666667 0.592 0.04666666666666667 0.152
0 0.2833333333333333 0.6 0.07 0.17066666666666666
0 0.21333333333333335 0.6013333333333334 0.07 0.15466666666666667
0 0.3525 0.608 0.06166666666666667 0.13066666666666665
0 0.95 0.6146666666666667 0.06166666666666667 0.14666666666666667
0 0.7308333333333333 0.616 0.058333333333333334 0.128
0 0.42333333333333334 0.62 0.07166666666666667 0.14933333333333335
0 0.49083333333333334 0.624 0.065 0.15733333333333333
0 0.5566666666666666 0.636 0.06333333333333334 0.13066666666666665
0 0.6791666666666667 0.6386666666666667 0.04666666666666667 0.14666666666666667
0 0.6183333333333333 0.6453333333333333 0.06666666666666667 0.144
0 0.9058333333333334 0.6653333333333333 0.065 0.15466666666666667
0 0.8608333333333333 0.6906666666666667 0.051666666666666666 0.152
0 0.8158333333333333 0.7186666666666667 0.03833333333333333 0.14133333333333334
0 0.06 0.7266666666666667 0.08166666666666667 0.15733333333333333
0 0.13666666666666666 0.7333333333333333 0.07833333333333334 0.168
0 0.7875 0.736 0.03666666666666667 0.14133333333333334
0 0.2125 0.7386666666666667 0.06666666666666667 0.13866666666666666
0 0.7383333333333333 0.7493333333333333 0.056666666666666664 0.15466666666666667
0 0.2808333333333333 0.7506666666666667 0.07666666666666666 0.16533333333333333
0 0.3541666666666667 0.7533333333333333 0.06833333333333333 0.16
0 0.4241666666666667 0.7666666666666667 0.06666666666666667 0.15466666666666667
0 0.4925 0.7746666666666666 0.06166666666666667 0.13333333333333333
0 0.5633333333333334 0.7786666666666666 0.065 0.14933333333333335
0 0.6908333333333333 0.7786666666666666 0.05333333333333334 0.14666666666666667
0 0.9541666666666667 0.7813333333333333 0.06833333333333333 0.17333333333333334
0 0.6275 0.7933333333333333 0.06333333333333334 0.152
0 0.9108333333333334 0.82 0.056666666666666664 0.15466666666666667
0 0.8683333333333333 0.8386666666666667 0.05333333333333334 0.16533333333333333
0 0.8330000000000001 0.8698666666666667 0.036949999999999934 0.1433866666666666
0 0.058333333333333334 0.8826666666666667 0.075 0.168
0 0.13416666666666666 0.884 0.075 0.16
0 0.20666666666666667 0.892 0.06833333333333333 0.16266666666666665
0 0.2808333333333333 0.9 0.075 0.144
0 0.79 0.9053333333333333 0.04666666666666667 0.152
0 0.355 0.908 0.06666666666666667 0.152
0 0.425 0.912 0.065 0.14666666666666667
0 0.7408333333333333 0.916 0.055 0.14933333333333335
0 0.49583333333333335 0.9173333333333333 0.07 0.15466666666666667
0 0.5683333333333334 0.9213333333333333 0.06666666666666667 0.152
0 0.6933333333333334 0.9266666666666666 0.056666666666666664 0.14133333333333334
0 0.6316666666666667 0.932 0.065 0.128
0 0.9641666666666666 0.2 0.056666666666666664 0.14933333333333335