0 0.15416666666666667 0.25666666666666665 0.11666666666666667 0.19333333333333333
0 0.2375 0.2877777777777778 0.085 0.15555555555555556
0 0.44583333333333336 0.30666666666666664 0.06 0.10888888888888888
0 0.4977333333333333 0.3236444444444444 0.046150000000000094 0.0900888888888889
0 0.31 0.3333333333333333 0.07833333333333334 0.13111111111111112
0 0.4379 0.40286666666666665 0.05745000000000004 0.10795555555555553
0 0.5559833333333333 0.40311111111111114 0.032566666666666605 0.050400000000000014
0 0.13416666666666666 0.41 0.11333333333333333 0.1711111111111111
0 0.6041666666666666 0.4177777777777778 0.041666666666666664 0.09777777777777778
0 0.48895 0.4219333333333333 0.04956666666666668 0.1031555555555556
0 0.6333333333333333 0.42777777777777776 0.023333333333333334 0.08666666666666667
0 0.22083333333333333 0.43777777777777777 0.08333333333333333 0.15555555555555556
0 0.5241666666666667 0.43777777777777777 0.03 0.08666666666666667
0 0.5491666666666667 0.45555555555555555 0.023333333333333334 0.08888888888888889
0 0.30333333333333334 0.46 0.08833333333333333 0.13555555555555557
0 0.5833333333333334 0.47888888888888886 0.045 0.09111111111111111
0 0.4325 0.4888888888888889 0.06 0.06888888888888889
0 0.6133333333333333 0.49444444444444446 0.018333333333333333 0.08
0 0.6325 0.5033333333333333 0.02 0.07555555555555556
0 0.4866666666666667 0.5055555555555555 0.04833333333333333 0.06666666666666667
0 0.5816666666666667 0.5611111111111111 0.043333333333333335 0.08
0 0.6141666666666666 0.57 0.018333333333333333 0.06666666666666667
0 0.6325 0.5722222222222222 0.02 0.06666666666666667
0 0.2708333333333333 0.6377777777777778 0.07833333333333334 0.16
0 0.3425 0.6444444444444445 0.06666666666666667 0.15333333333333332
0 0.39666666666666667 0.6477777777777778 0.04833333333333333 0.13777777777777778
0 0.21416666666666667 0.65 0.08 0.13777777777777778
0 0.435 0.6533333333333333 0.04 0.12666666666666668
0 0.4891666666666667 0.6555555555555556 0.051666666666666666 0.10666666666666667
0 0.5391666666666667 0.6577777777777778 0.03833333333333333 0.10222222222222223
0 0.5925 0.6611111111111111 0.021666666666666667 0.08
0 0.57 0.6655555555555556 0.02666666666666667 0.09333333333333334
0 0.1275 0.6844444444444444 0.1 0.1511111111111111
0 0.6308333333333334 0.7344444444444445 0.02666666666666667 0.06444444444444444
0 0.6075 0.7444444444444445 0.02 0.06666666666666667
0 0.49583333333333335 0.7466666666666667 0.03333333333333333 0.07777777777777778
0 0.5341666666666667 0.7488888888888889 0.04 0.08
0 0.5883333333333334 0.7488888888888889 0.02 0.08
0 0.4633333333333333 0.7511111111111111 0.03166666666666667 0.08888888888888889
0 0.5658333333333333 0.7522222222222222 0.03166666666666667 0.08
0 0.42833333333333334 0.7588888888888888 0.03666666666666667 0.09333333333333334
0 0.3908333333333333 0.7633333333333333 0.045 0.09777777777777778
0 0.3358333333333333 0.77 0.06166666666666667 0.10888888888888888
0 0.2733333333333333 0.7744444444444445 0.051666666666666666 0.11333333333333333
0 0.20333333333333334 0.8133333333333334 0.095 0.18666666666666668
0 0.1125 0.84 0.075 0.15555555555555556
0 0.17083333333333334 0.10333333333333333 0.10666666666666667 0.19333333333333333
0 0.25 0.15333333333333332 0.085 0.16