0 0.295 0.3189910979228487 0.105 0.20474777448071216
0 0.19666666666666666 0.32344213649851633 0.04833333333333333 0.13056379821958458
0 0.425 0.3456973293768546 0.10166666666666667 0.2314540059347181
0 0.5391666666666667 0.3516320474777448 0.12666666666666668 0.22551928783382788
0 0.6658333333333334 0.3649851632047478 0.12666666666666668 0.2314540059347181
0 0.0575 0.40059347181008903 0.051666666666666666 0.10385756676557864
0 0.8366666666666667 0.4020771513353116 0.15333333333333332 0.2818991097922849
0 0.0975 0.40801186943620177 0.06666666666666667 0.12759643916913946
0 0.13333333333333333 0.41839762611275966 0.06333333333333334 0.14540059347181009
0 0.16916666666666666 0.4287833827893175 0.051666666666666666 0.12462908011869436
0 0.20416666666666666 0.4540059347181009 0.045 0.13353115727002968
0 0.24166666666666667 0.4821958456973294 0.055 0.142433234421365
0 0.39 0.4940652818991098 0.08333333333333333 0.19881305637982197
0 0.3308333333333333 0.4970326409495549 0.09166666666666666 0.17507418397626112
0 0.029949999999999997 0.5186053412462909 0.045683333333333326 0.1033234421364985
0 0.13333333333333333 0.526706231454006 0.058333333333333334 0.10979228486646884
0 0.09833333333333333 0.5326409495548962 0.04833333333333333 0.10385756676557864
0 0.16833333333333333 0.5400593471810089 0.058333333333333334 0.11869436201780416
0 0.45666666666666667 0.5459940652818991 0.08833333333333333 0.19584569732937684
0 0.5591666666666667 0.5578635014836796 0.11666666666666667 0.2433234421364985
0 0.20666666666666667 0.56973293768546 0.045 0.11869436201780416
0 0.6775 0.5741839762611276 0.12166666666666667 0.26706231454005935
0 0.24686666666666668 0.6010682492581603 0.041733333333333365 0.12311572700296738
0 0.285 0.6231454005934718 0.051666666666666666 0.12166172106824925
0 0.13333333333333333 0.6231454005934718 0.045 0.0830860534124629
0 0.16833333333333333 0.6364985163204748 0.04833333333333333 0.10089020771513353
0 0.8333333333333334 0.642433234421365 0.145 0.28486646884273
0 0.3616666666666667 0.6439169139465876 0.08166666666666667 0.14836795252225518
0 0.20333333333333334 0.6572700296735905 0.05333333333333334 0.10682492581602374
0 0.4166666666666667 0.6632047477744807 0.07666666666666666 0.1661721068249258
0 0.23916666666666667 0.685459940652819 0.04 0.11275964391691394
0 0.485 0.7047477744807121 0.08666666666666667 0.17210682492581603
0 0.43333333333333335 0.07270029673590504 0.09 0.14540059347181009
0 0.275 0.7195845697329377 0.04666666666666667 0.10682492581602374
0 0.5816666666666667 0.7344213649851632 0.10666666666666667 0.21364985163204747
0 0.32 0.7522255192878339 0.055 0.11572700296735905
0 0.0675 0.0771513353115727 0.05333333333333334 0.1543026706231454
0 0.020833333333333332 0.07863501483679525 0.041666666666666664 0.1513353115727003
0 0.3908333333333333 0.7744807121661721 0.07166666666666667 0.13649851632047477
0 0.6891666666666667 0.7774480712166172 0.10666666666666667 0.2403560830860534
0 0.25916666666666666 0.08160237388724036 0.11166666666666666 0.1632047477744807
0 0.3433333333333333 0.08160237388724036 0.12 0.1632047477744807
0 0.445 0.8011869436201781 0.07333333333333333 0.14540059347181009
0 0.18666666666666668 0.0830860534124629 0.10833333333333334 0.1632047477744807
0 0.11166666666666666 0.0830860534124629 0.06333333333333334 0.1632047477744807
0 0.5108333333333334 0.8501483679525222 0.08 0.14540059347181009
0 0.655 0.08605341246290801 0.12833333333333333 0.17210682492581603
0 0.5341666666666667 0.08753709198813056 0.125 0.17507418397626112
0 0.8355333333333332 0.879406528189911 0.13333333333333325 0.24115727002967355
0 0.6008333333333333 0.8946587537091988 0.1 0.18397626112759644
0 0.7016666666666667 0.913946587537092 0.10166666666666667 0.16913946587537093
0 0.028333333333333332 0.27002967359050445 0.05333333333333334 0.1394658753709199
0 0.08833333333333333 0.27002967359050445 0.03833333333333333 0.14836795252225518
0 0.1275 0.27596439169139464 0.056666666666666664 0.13353115727002968
0 0.16166666666666665 0.2922848664688427 0.041666666666666664 0.12462908011869436