0 0.16765578635014836 0.17666666666666667 0.07418397626112759 0.07333333333333333
0 0.21216617210682492 0.17666666666666667 0.05637982195845697 0.065
0 0.3115727002967359 0.19416666666666665 0.1661721068249258 0.12833333333333333
0 0.4332344213649852 0.2 0.11572700296735905 0.11833333333333333
0 0.526706231454006 0.205 0.10682492581602374 0.115
0 0.5786350148367952 0.31583333333333335 0.08605341246290801 0.10666666666666667
0 0.5014836795252225 0.3175 0.10682492581602374 0.11166666666666666
0 0.413946587537092 0.32 0.11869436201780416 0.12
0 0.2878338278931751 0.32166666666666666 0.17210682492581603 0.125
0 0.6320474777448071 0.41083333333333333 0.08605341246290801 0.10333333333333333
0 0.5504451038575667 0.4241666666666667 0.0771513353115727 0.11
0 0.4658753709198813 0.42916666666666664 0.08902077151335312 0.115
0 0.3798219584569733 0.43833333333333335 0.10089020771513353 0.12
0 0.2522255192878338 0.45 0.18397626112759644 0.135
0 0.6676557863501483 0.5033333333333333 0.06231454005934718 0.10666666666666667
0 0.5979228486646885 0.52 0.0712166172106825 0.11333333333333333
0 0.5252225519287834 0.535 0.0712166172106825 0.115
0 0.4421364985163205 0.5458333333333333 0.09198813056379822 0.12
0 0.34124629080118696 0.5608333333333333 0.11572700296735905 0.125
0 0.20919881305637983 0.5858333333333333 0.18100890207715134 0.13666666666666666
0 0.6735905044510386 0.6033333333333334 0.06824925816023739 0.09333333333333334
0 0.6068249258160238 0.6075 0.06824925816023739 0.09833333333333333
0 0.5385756676557863 0.6316666666666667 0.06824925816023739 0.10166666666666667
0 0.4540059347181009 0.655 0.10089020771513353 0.10666666666666667
0 0.35311572700296734 0.6725 0.11572700296735905 0.125
0 0.6869436201780416 0.6783333333333333 0.07418397626112759 0.085
0 0.327893175074184 0.07083333333333333 0.1632047477744807 0.13333333333333333
0 0.6201780415430267 0.7041666666666667 0.0771513353115727 0.095
0 0.228486646884273 0.7066666666666667 0.18100890207715134 0.13333333333333333
0 0.5504451038575667 0.7258333333333333 0.0771513353115727 0.09833333333333333
0 0.47032640949554894 0.7558333333333334 0.09495548961424333 0.105
0 0.6973293768545994 0.7575 0.07418397626112759 0.09
0 0.629080118694362 0.785 0.08605341246290801 0.10333333333333333
0 0.3798219584569733 0.7866666666666666 0.10089020771513353 0.11166666666666666
0 0.5608308605341247 0.8191666666666667 0.08605341246290801 0.10166666666666667
0 0.25370919881305637 0.8216666666666667 0.14836795252225518 0.13
0 0.7151335311572701 0.8433333333333334 0.0771513353115727 0.08333333333333333
0 0.456973293768546 0.085 0.12462908011869436 0.125
0 0.486646884272997 0.8525 0.10682492581602374 0.10666666666666667
0 0.6454005934718101 0.8741666666666666 0.07418397626112759 0.09
0 0.3857566765578635 0.8916666666666667 0.10979228486646884 0.115
0 0.5771513353115727 0.9116666666666666 0.0712166172106825 0.09166666666666666
0 0.2818991097922849 0.9383333333333334 0.1513353115727003 0.11166666666666666
0 0.5059347181008902 0.9508333333333333 0.09198813056379822 0.09666666666666666
0 0.40801186943620177 0.9683333333333334 0.10979228486646884 0.06166666666666667
0 0.20771513353115728 0.10166666666666667 0.08605341246290801 0.07166666666666667
0 0.1394658753709199 0.10666666666666667 0.06824925816023739 0.06166666666666667
0 0.09347181008902077 0.12 0.05341246290801187 0.06166666666666667