0 0.2025 0.3353115727002967 0.051666666666666666 0.14540059347181009
0 0.4775 0.04896142433234421 0.065 0.09495548961424333
0 0.3283333333333333 0.516320474777448 0.041666666666666664 0.142433234421365
0 0.365 0.526706231454006 0.02666666666666667 0.13353115727002968
0 0.3925 0.5341246290801187 0.05 0.13353115727002968
0 0.4275 0.05637982195845697 0.03333333333333333 0.10682492581602374
0 0.4825 0.6023738872403561 0.043333333333333335 0.18694362017804153
0 0.5225 0.6275964391691394 0.051666666666666666 0.20771513353115728
0 0.5625 0.6498516320474778 0.04666666666666667 0.2195845697329377
0 0.4008333333333333 0.06528189910979229 0.021666666666666667 0.12759643916913946
0 0.37833333333333335 0.06973293768545995 0.018333333333333333 0.12759643916913946
0 0.31 0.6899109792284867 0.018333333333333333 0.03857566765578635
0 0.3325 0.6958456973293768 0.028333333333333332 0.050445103857566766
0 0.6441666666666667 0.6958456973293768 0.08 0.26409495548961426
0 0.3958333333333333 0.7344213649851632 0.025 0.12166172106824925
0 0.7133333333333334 0.7344213649851632 0.095 0.29673590504451036
0 0.30583333333333335 0.7640949554896143 0.02 0.10979228486646884
0 0.3575 0.07863501483679525 0.02 0.13353115727002968
0 0.44583333333333336 0.771513353115727 0.021666666666666667 0.18694362017804153
0 0.7981833333333334 0.773679525222552 0.11303333333333342 0.30994065281899114
0 0.3283333333333333 0.7818991097922848 0.03166666666666667 0.12166172106824925
0 0.4741666666666667 0.787833827893175 0.041666666666666664 0.18694362017804153
0 0.3475 0.8056379821958457 0.013333333333333334 0.13353115727002968
0 0.5133333333333333 0.8234421364985163 0.051666666666666666 0.18991097922848665
0 0.8991666666666667 0.8234421364985163 0.135 0.34124629080118696
0 0.36333333333333334 0.8264094955489614 0.018333333333333333 0.1632047477744807
0 0.5508333333333333 0.8545994065281899 0.04833333333333333 0.21364985163204747
0 0.335 0.08753709198813056 0.02 0.12462908011869436
0 0.3908333333333333 0.8679525222551929 0.021666666666666667 0.17210682492581603
0 0.6308333333333334 0.8991097922848664 0.07 0.19881305637982197
0 0.4275 0.9065281899109793 0.02666666666666667 0.17210682492581603
0 0.7 0.9198813056379822 0.085 0.1572700296735905
0 0.4666666666666667 0.9391691394658753 0.03666666666666667 0.11869436201780416
0 0.505 0.9525222551928784 0.04 0.08902077151335312
0 0.7858333333333334 0.9599406528189911 0.09166666666666666 0.07418397626112759
0 0.85 0.13353115727002968 0.11833333333333333 0.26409495548961426
0 0.9458333333333333 0.13501483679525222 0.105 0.27002967359050445
0 0.7591666666666667 0.13649851632047477 0.095 0.27002967359050445
0 0.6833333333333333 0.14985163204747776 0.08166666666666667 0.24925816023738873
0 0.62 0.16023738872403562 0.06666666666666667 0.22255192878338279
0 0.57 0.17210682492581603 0.06 0.20474777448071216
0 0.5216666666666666 0.17359050445103857 0.03833333333333333 0.19584569732937684
0 0.4841666666666667 0.18397626112759644 0.035 0.18991097922848665
0 0.45416666666666666 0.1884272997032641 0.03333333333333333 0.17507418397626112
0 0.4216666666666667 0.19584569732937684 0.028333333333333332 0.1632047477744807
0 0.3933333333333333 0.2032640949554896 0.02666666666666667 0.1543026706231454
0 0.37083333333333335 0.20474777448071216 0.021666666666666667 0.14540059347181009
0 0.3283333333333333 0.21513353115727002 0.02 0.12166172106824925
0 0.35083333333333333 0.21513353115727002 0.018333333333333333 0.12759643916913946