0 0.225 0.22333333333333333 0.06166666666666667 0.11333333333333333
0 0.2841666666666667 0.23 0.058333333333333334 0.1
0 0.345 0.23 0.06 0.1
0 0.4083333333333333 0.23555555555555555 0.06 0.09777777777777778
0 0.5841666666666666 0.23555555555555555 0.056666666666666664 0.09777777777777778
0 0.5258333333333334 0.23666666666666666 0.058333333333333334 0.09777777777777778
0 0.4691666666666667 0.23777777777777778 0.058333333333333334 0.09555555555555556
0 0.6425 0.2388888888888889 0.056666666666666664 0.09777777777777778
0 0.7575 0.24333333333333335 0.051666666666666666 0.08888888888888889
0 0.8141666666666667 0.24333333333333335 0.06333333333333334 0.08666666666666667
0 0.6916666666666667 0.26 0.03666666666666667 0.06888888888888889
0 0.7433333333333333 0.03 0.07166666666666667 0.06
0 0.8166666666666667 0.03111111111111111 0.065 0.06222222222222222
0 0.8725 0.03222222222222222 0.056666666666666664 0.06444444444444444
0 0.9308333333333333 0.03222222222222222 0.06 0.06
0 0.21166666666666667 0.39111111111111113 0.058333333333333334 0.1111111111111111
0 0.3958333333333333 0.3933333333333333 0.058333333333333334 0.11555555555555555
0 0.2758333333333333 0.39555555555555555 0.06166666666666667 0.11333333333333333
0 0.3375 0.3977777777777778 0.055 0.10666666666666667
0 0.9808333333333333 0.04111111111111111 0.035 0.07333333333333333
0 0.4558333333333333 0.4011111111111111 0.05333333333333334 0.10888888888888888
0 0.5741666666666667 0.4033333333333333 0.06 0.11333333333333333
0 0.6908333333333333 0.4033333333333333 0.058333333333333334 0.1111111111111111
0 0.515 0.40444444444444444 0.06 0.10444444444444445
0 0.6316666666666667 0.40444444444444444 0.056666666666666664 0.10888888888888888
0 0.8433333333333334 0.41888888888888887 0.06333333333333334 0.10222222222222223
0 0.7916666666666666 0.4288888888888889 0.04833333333333333 0.09555555555555556
0 0.7458333333333333 0.4388888888888889 0.045 0.08666666666666667
0 0.20916666666666667 0.5033333333333333 0.06333333333333334 0.11333333333333333
0 0.2733333333333333 0.5077777777777778 0.058333333333333334 0.10888888888888888
0 0.395 0.5088888888888888 0.058333333333333334 0.1111111111111111
0 0.455 0.51 0.058333333333333334 0.1111111111111111
0 0.5125 0.51 0.06 0.10888888888888888
0 0.335 0.5111111111111111 0.05333333333333334 0.10666666666666667
0 0.6341666666666667 0.5133333333333333 0.06 0.10888888888888888
0 0.6916666666666667 0.5133333333333333 0.06 0.10888888888888888
0 0.5733333333333334 0.5144444444444445 0.06 0.10666666666666667
0 0.795 0.5211111111111111 0.04666666666666667 0.08888888888888889
0 0.7466666666666667 0.5233333333333333 0.04833333333333333 0.08222222222222222
0 0.85 0.5255555555555556 0.065 0.09111111111111111
0 0.5916666666666667 0.6744444444444444 0.06833333333333333 0.12
0 0.6666666666666666 0.6755555555555556 0.07666666666666666 0.12222222222222222
0 0.2658333333333333 0.6822222222222222 0.06166666666666667 0.11777777777777777
0 0.3333333333333333 0.6822222222222222 0.06 0.11555555555555555
0 0.4658333333333333 0.6822222222222222 0.055 0.12
0 0.5275 0.6833333333333333 0.058333333333333334 0.11555555555555555
0 0.3983333333333333 0.6844444444444444 0.06 0.12
0 0.20166666666666666 0.6955555555555556 0.058333333333333334 0.10666666666666667
0 0.9833333333333333 0.6988888888888889 0.03 0.1
0 0.7325 0.7 0.06166666666666667 0.11777777777777777
0 0.8658333333333333 0.7011111111111111 0.06666666666666667 0.10444444444444445
0 0.9308333333333333 0.7011111111111111 0.075 0.09555555555555556
0 0.7983333333333333 0.7055555555555556 0.065 0.11555555555555555
0 0.5925 0.7988888888888889 0.06666666666666667 0.12666666666666668
0 0.26416666666666666 0.8 0.056666666666666664 0.12
0 0.5275 0.8 0.06166666666666667 0.11555555555555555
0 0.46416666666666667 0.8011111111111111 0.06 0.11777777777777777
0 0.6675 0.8011111111111111 0.08 0.12666666666666668
0 0.32916666666666666 0.8033333333333333 0.06 0.12
0 0.39666666666666667 0.8044444444444444 0.06 0.10888888888888888
0 0.9375 0.8055555555555556 0.065 0.11333333333333333
0 0.9841666666666666 0.8088888888888889 0.028333333333333332 0.09777777777777778
0 0.8683333333333333 0.8155555555555556 0.07 0.11777777777777777
0 0.8066666666666666 0.8166666666666667 0.06 0.11555555555555555
0 0.22916666666666666 0.12777777777777777 0.055 0.08444444444444445
0 0.28583333333333333 0.13111111111111112 0.06 0.09555555555555556
0 0.3466666666666667 0.13333333333333333 0.056666666666666664 0.09333333333333334
0 0.4066666666666667 0.13666666666666666 0.056666666666666664 0.09777777777777778
0 0.5258333333333334 0.1388888888888889 0.06 0.08888888888888889
0 0.465 0.1411111111111111 0.056666666666666664 0.09333333333333334
0 0.6425 0.14222222222222222 0.058333333333333334 0.09555555555555556
0 0.5825 0.14333333333333334 0.055 0.09111111111111111
0 0.79 0.17333333333333334 0.043333333333333335 0.06888888888888889
0 0.8408333333333333 0.17666666666666667 0.05 0.057777777777777775
0 0.7358333333333333 0.17666666666666667 0.051666666666666666 0.07555555555555556
0 0.6866666666666666 0.18222222222222223 0.03166666666666667 0.09111111111111111