0 0.9625 0.22333333333333333 0.06666666666666667 0.08888888888888889
0 0.825 0.22444444444444445 0.06833333333333333 0.08666666666666667
0 0.8933333333333333 0.22444444444444445 0.065 0.08666666666666667
0 0.2633333333333333 0.3844444444444444 0.06333333333333334 0.13333333333333333
0 0.3283333333333333 0.3888888888888889 0.06833333333333333 0.13111111111111112
0 0.39666666666666667 0.3988888888888889 0.07166666666666667 0.13333333333333333
0 0.46166666666666667 0.4033333333333333 0.06833333333333333 0.13555555555555557
0 0.5308333333333334 0.4066666666666667 0.06833333333333333 0.13555555555555557
0 0.5991666666666666 0.4066666666666667 0.06833333333333333 0.13333333333333333
0 0.6691666666666667 0.41 0.07 0.13777777777777778
0 0.815 0.41 0.075 0.14666666666666667
0 0.7408333333333333 0.4111111111111111 0.07166666666666667 0.13777777777777778
0 0.9791666666666666 0.43444444444444447 0.03833333333333333 0.12444444444444444
0 0.9333333333333333 0.4444444444444444 0.04666666666666667 0.11333333333333333
0 0.8841666666666667 0.45222222222222225 0.06166666666666667 0.11333333333333333
0 0.25416666666666665 0.5133333333333333 0.06833333333333333 0.1288888888888889
0 0.32083333333333336 0.5166666666666667 0.07 0.1288888888888889
0 0.38916666666666666 0.5211111111111111 0.07166666666666667 0.12222222222222222
0 0.4575 0.5255555555555556 0.06666666666666667 0.12222222222222222
0 0.525 0.5266666666666666 0.06833333333333333 0.1288888888888889
0 0.595 0.5311111111111111 0.07 0.12444444444444444
0 0.74 0.5355555555555556 0.075 0.12444444444444444
0 0.6658333333333334 0.5366666666666666 0.07 0.12444444444444444
0 0.815 0.54 0.07333333333333333 0.13111111111111112
0 0.8833333333333333 0.5533333333333333 0.06 0.10666666666666667
0 0.935 0.5544444444444444 0.041666666666666664 0.10666666666666667
0 0.9791666666666666 0.5622222222222222 0.03833333333333333 0.1111111111111111
0 0.30916666666666665 0.7133333333333334 0.07166666666666667 0.14
0 0.3825 0.7188888888888889 0.07333333333333333 0.14
0 0.4558333333333333 0.7233333333333334 0.075 0.14222222222222222
0 0.24416666666666667 0.7244444444444444 0.07 0.12666666666666668
0 0.6858333333333333 0.73 0.09166666666666666 0.15777777777777777
0 0.5275 0.7311111111111112 0.07166666666666667 0.14444444444444443
0 0.6 0.7322222222222222 0.07333333333333333 0.14
0 0.8175 0.7655555555555555 0.043333333333333335 0.12
0 0.8741666666666666 0.7722222222222223 0.07833333333333334 0.1288888888888889
0 0.9541666666666667 0.7722222222222223 0.07 0.14222222222222222
0 0.3016666666666667 0.8555555555555555 0.07333333333333333 0.14222222222222222
0 0.37666666666666665 0.8577777777777778 0.07666666666666666 0.14
0 0.45 0.8644444444444445 0.07166666666666667 0.14
0 0.5225 0.8744444444444445 0.07666666666666666 0.14444444444444443
0 0.5991666666666666 0.8744444444444445 0.07333333333333333 0.14222222222222222
0 0.6841666666666667 0.8777777777777778 0.08833333333333333 0.14
0 0.8725 0.9077777777777778 0.06333333333333334 0.13555555555555557
0 0.7558333333333334 0.11333333333333333 0.07 0.13111111111111112
0 0.6183333333333333 0.11666666666666667 0.06833333333333333 0.11555555555555555
0 0.6866666666666666 0.11666666666666667 0.06666666666666667 0.11777777777777777
0 0.295 0.12 0.065 0.12
0 0.3591666666666667 0.12 0.06 0.11333333333333333
0 0.4875 0.12 0.065 0.11555555555555555
0 0.5516666666666666 0.12 0.06166666666666667 0.11555555555555555
0 0.4225 0.12333333333333334 0.06166666666666667 0.11555555555555555
0 0.8241666666666667 0.12666666666666668 0.06333333333333334 0.11333333333333333
0 0.96 0.12666666666666668 0.07666666666666666 0.10222222222222223
0 0.8916666666666667 0.13 0.06333333333333334 0.10888888888888888
0 0.2891666666666667 0.21555555555555556 0.056666666666666664 0.09777777777777778
0 0.55 0.21666666666666667 0.065 0.10222222222222223
0 0.6166666666666667 0.21666666666666667 0.06666666666666667 0.10444444444444445
0 0.355 0.21777777777777776 0.065 0.09555555555555556
0 0.42083333333333334 0.21777777777777776 0.065 0.09777777777777778
0 0.485 0.21777777777777776 0.065 0.09777777777777778
0 0.7541666666666667 0.21777777777777776 0.06833333333333333 0.10666666666666667
0 0.6841666666666667 0.21888888888888888 0.06833333333333333 0.10666666666666667