0 0.6591666666666667 0.22 0.12666666666666668 0.20666666666666667
0 0.6808333333333333 0.39111111111111113 0.145 0.22
0 0.7475 0.5644444444444444 0.058333333333333334 0.15555555555555556
0 0.6508333333333334 0.5122222222222222 0.18333333333333332 0.26
0 0.5366666666666666 0.22555555555555556 0.11833333333333333 0.21777777777777776
0 0.54 0.4066666666666667 0.12333333333333334 0.25333333333333335
0 0.525 0.5655555555555556 0.09 0.16444444444444445
0 0.2725 0.40444444444444444 0.155 0.24444444444444444
0 0.4008333333333333 0.5677777777777778 0.14166666666666666 0.16444444444444445
0 0.255 0.5722222222222222 0.16166666666666665 0.1711111111111111
0 0.13916666666666666 0.4 0.16833333333333333 0.23333333333333334
0 0.10833333333333334 0.5733333333333334 0.16833333333333333 0.1711111111111111