0 0.3333333333333333 0.17083333333333334 0.042222222222222223 0.05333333333333334
0 0.8166666666666667 0.17166666666666666 0.08666666666666667 0.11666666666666667
0 0.7244444444444444 0.19 0.08666666666666667 0.11833333333333333
0 0.6422222222222222 0.20916666666666667 0.07111111111111111 0.11166666666666666
0 0.45222222222222225 0.021666666666666667 0.057777777777777775 0.04
0 0.5677777777777778 0.21916666666666668 0.06 0.09333333333333334
0 0.5111111111111111 0.23833333333333334 0.04888888888888889 0.09
0 0.45555555555555555 0.24 0.04888888888888889 0.09
0 0.41 0.25166666666666665 0.04666666666666667 0.075
0 0.3655555555555556 0.25833333333333336 0.04666666666666667 0.07833333333333334
0 0.8244444444444444 0.0275 0.10222222222222223 0.055
0 0.9155555555555556 0.28 0.12222222222222222 0.12333333333333334
0 0.8066666666666666 0.2916666666666667 0.1 0.10833333333333334
0 0.5844444444444444 0.03 0.06222222222222222 0.06
0 0.7155555555555555 0.3016666666666667 0.08222222222222222 0.095
0 0.6377777777777778 0.31416666666666665 0.07111111111111111 0.08666666666666667
0 0.4 0.0325 0.04 0.06
0 0.5655555555555556 0.3175 0.06222222222222222 0.08166666666666667
0 0.5088888888888888 0.3258333333333333 0.05555555555555555 0.075
0 0.45444444444444443 0.32916666666666666 0.05555555555555555 0.06833333333333333
0 0.4066666666666667 0.3325 0.042222222222222223 0.065
0 0.36333333333333334 0.3333333333333333 0.04888888888888889 0.06333333333333334
0 0.5222222222222223 0.0375 0.051111111111111114 0.06333333333333334
0 0.7266666666666667 0.03833333333333333 0.08888888888888889 0.07666666666666666
0 0.25237777777777776 0.4019666666666667 0.027244444444444425 0.06183333333333337
0 0.17604444444444445 0.40253333333333335 0.02726666666666669 0.0538166666666667
0 0.13786666666666667 0.4031166666666667 0.036444444444444425 0.048100000000000025
0 0.22871111111111112 0.40368333333333334 0.02266666666666664 0.0561166666666667
0 0.2806222222222222 0.40368333333333334 0.04097777777777777 0.0675666666666667
0 0.19971111111111112 0.40426666666666666 0.028800000000000017 0.05955000000000003
0 0.3233333333333333 0.4225 0.04 0.07666666666666666
0 0.36 0.42333333333333334 0.03333333333333333 0.07833333333333334
0 0.3977777777777778 0.42333333333333334 0.042222222222222223 0.08
0 0.4411111111111111 0.425 0.044444444444444446 0.08333333333333333
0 0.49333333333333335 0.4266666666666667 0.06444444444444444 0.09166666666666666
0 0.5566666666666666 0.4275 0.06222222222222222 0.09666666666666666
0 0.6255555555555555 0.42833333333333334 0.08 0.10333333333333333
0 0.7055555555555556 0.43 0.08 0.10833333333333334
0 0.8055555555555556 0.43 0.12 0.12
0 0.1287111111111111 0.4575166666666666 0.02117777777777778 0.0538166666666666
0 0.1562 0.4580833333333334 0.02728888888888889 0.05038333333333336
0 0.20046666666666665 0.45865 0.02726666666666669 0.0561166666666666
0 0.17757777777777778 0.4603666666666667 0.024222222222222235 0.05268333333333335
0 0.22795555555555555 0.4615166666666667 0.021155555555555577 0.0549666666666667
0 0.2508444444444444 0.46781666666666666 0.027244444444444425 0.06298333333333327
0 0.2836666666666667 0.46896666666666664 0.044022222222222226 0.06528333333333326
0 0.32666666666666666 0.49416666666666664 0.03777777777777778 0.06333333333333334
0 0.36444444444444446 0.49666666666666665 0.03333333333333333 0.07
0 0.4011111111111111 0.5008333333333334 0.03777777777777778 0.075
0 0.4411111111111111 0.505 0.042222222222222223 0.07666666666666666
0 0.49333333333333335 0.5125 0.06 0.085
0 0.5544444444444444 0.5208333333333334 0.06222222222222222 0.08833333333333333
0 0.6244444444444445 0.5275 0.07777777777777778 0.09833333333333333
0 0.7 0.5333333333333333 0.08 0.10333333333333333
0 0.7966666666666666 0.5458333333333333 0.11555555555555555 0.11666666666666667
0 0.2874888888888889 0.54855 0.04860000000000001 0.05038333333333336
0 0.9033333333333333 0.5641666666666667 0.08888888888888889 0.12833333333333333
0 0.3288888888888889 0.575 0.04666666666666667 0.06666666666666667
0 0.9733333333333334 0.5766666666666667 0.04888888888888889 0.15
0 0.37 0.585 0.042222222222222223 0.07333333333333333
0 0.4122222222222222 0.5925 0.04 0.07333333333333333
0 0.2836666666666667 0.6046666666666667 0.044022222222222226 0.05726666666666669
0 0.4533333333333333 0.605 0.042222222222222223 0.07666666666666666
0 0.5033333333333333 0.615 0.057777777777777775 0.08333333333333333
0 0.5633333333333334 0.6316666666666667 0.06444444444444444 0.095
0 0.32555555555555554 0.6433333333333333 0.044444444444444446 0.07
0 0.6222222222222222 0.6483333333333333 0.05333333333333334 0.10666666666666667
0 0.36777777777777776 0.6558333333333334 0.042222222222222223 0.07
0 0.6877777777777778 0.6625 0.08 0.11333333333333333
0 0.4088888888888889 0.6675 0.04666666666666667 0.075
0 0.45 0.6816666666666666 0.04666666666666667 0.075
0 0.48 0.06916666666666667 0.02666666666666667 0.058333333333333334
0 0.7755555555555556 0.6841666666666667 0.09333333333333334 0.12
0 0.5011111111111111 0.7 0.051111111111111114 0.08666666666666667
0 0.65 0.0725 0.07333333333333333 0.08833333333333333
0 0.8788888888888889 0.7166666666666667 0.11333333333333333 0.13
0 0.56 0.7216666666666667 0.07111111111111111 0.085
0 0.32 0.7275 0.03111111111111111 0.07333333333333333
0 0.6211111111111111 0.7425 0.06 0.08666666666666667
0 0.97 0.7441666666666666 0.05555555555555555 0.12833333333333333
0 0.35888888888888887 0.745 0.042222222222222223 0.07333333333333333
0 0.4 0.7608333333333334 0.04 0.07166666666666667
0 0.6888888888888889 0.765 0.07333333333333333 0.11
0 0.44333333333333336 0.7808333333333334 0.04666666666666667 0.07666666666666666
0 0.4444444444444444 0.07916666666666666 0.03777777777777778 0.07333333333333333
0 0.7711111111111111 0.7916666666666666 0.08888888888888889 0.115
0 0.48777777777777775 0.8025 0.044444444444444446 0.08333333333333333
0 0.31777777777777777 0.8175 0.04888888888888889 0.075
0 0.5422222222222223 0.8308333333333333 0.06666666666666667 0.10166666666666667
0 0.8677777777777778 0.8416666666666667 0.11555555555555555 0.13166666666666665
0 0.37 0.8466666666666667 0.05333333333333334 0.08
0 0.6255555555555555 0.8625 0.08444444444444445 0.11333333333333333
0 0.4255555555555556 0.8783333333333333 0.06222222222222222 0.095
0 0.9633333333333334 0.8791666666666667 0.06888888888888889 0.13833333333333334
0 0.31555555555555553 0.88 0.051111111111111114 0.075
0 0.5833333333333334 0.09083333333333334 0.06444444444444444 0.085
0 0.36333333333333334 0.915 0.04 0.08166666666666667
0 0.48333333333333334 0.9175 0.06444444444444444 0.1
0 0.4022222222222222 0.09333333333333334 0.03333333333333333 0.05333333333333334
0 0.55 0.9491666666666667 0.07555555555555556 0.1
0 0.41333333333333333 0.95 0.06888888888888889 0.09333333333333334
0 0.6344444444444445 0.9725 0.08888888888888889 0.05333333333333334
0 0.4811111111111111 0.9741666666666666 0.06444444444444444 0.04833333333333333
0 0.36666666666666664 0.1075 0.03333333333333333 0.058333333333333334
0 0.5222222222222223 0.1075 0.051111111111111114 0.07
0 0.3322222222222222 0.11333333333333333 0.04 0.06
0 0.4811111111111111 0.12583333333333332 0.028888888888888888 0.04833333333333333
0 0.44222222222222224 0.1425 0.04 0.051666666666666666
0 0.9255555555555556 0.14666666666666667 0.12666666666666668 0.14666666666666667
0 0.40444444444444444 0.14833333333333334 0.03333333333333333 0.04833333333333333
0 0.3688888888888889 0.1625 0.03111111111111111 0.045