0 0.8175 0.4287833827893175 0.08 0.13649851632047477
0 0.8658333333333333 0.43471810089020774 0.04 0.12759643916913946
0 0.5091666666666667 0.4540059347181009 0.11166666666666666 0.24629080118694363
0 0.5991666666666666 0.47774480712166173 0.06666666666666667 0.20771513353115728
0 0.6666666666666666 0.4940652818991098 0.065 0.18694362017804153
0 0.7191666666666666 0.543026706231454 0.03833333333333333 0.17210682492581603
0 0.7591666666666667 0.5519287833827893 0.045 0.17210682492581603
0 0.8325 0.5727002967359051 0.07666666666666666 0.14540059347181009
0 0.885 0.5771513353115727 0.04666666666666667 0.13056379821958458
0 0.9141666666666667 0.586053412462908 0.03833333333333333 0.12462908011869436
0 0.03231666666666667 0.6717210682492581 0.05746666666666665 0.29673590504451036
0 0.6166666666666667 0.7002967359050445 0.07166666666666667 0.2314540059347181
0 0.5266666666666666 0.701780415430267 0.11 0.23738872403560832
0 0.6808333333333333 0.701780415430267 0.06166666666666667 0.228486646884273
0 0.73 0.7240356083086054 0.041666666666666664 0.18397626112759644
0 0.7725 0.728486646884273 0.045 0.18100890207715134
0 0.8991666666666667 0.7314540059347181 0.045 0.1661721068249258
0 0.825 0.7329376854599406 0.065 0.17507418397626112
0 0.9358333333333333 0.7329376854599406 0.035 0.1513353115727003
0 0.8708333333333333 0.7359050445103857 0.03166666666666667 0.1661721068249258
0 0.9625 0.9451038575667656 0.051666666666666666 0.10385756676557864
0 0.9283333333333333 0.9614243323442137 0.06 0.0712166172106825