0 0.42333333333333334 0.5934718100890207 0.04 0.10682492581602374
0 0.575 0.5979228486646885 0.035 0.09495548961424333
0 0.38166666666666665 0.599406528189911 0.04 0.10682492581602374
0 0.61 0.599406528189911 0.03333333333333333 0.09495548961424333
0 0.5408333333333334 0.6023738872403561 0.04 0.09495548961424333
0 0.3433333333333333 0.6083086053412463 0.04 0.09198813056379822
0 0.30333333333333334 0.6112759643916914 0.03833333333333333 0.09792284866468842
0 0.6475 0.6112759643916914 0.03666666666666667 0.0830860534124629
0 0.6841666666666667 0.615727002967359 0.03 0.08605341246290801
0 0.72 0.6172106824925816 0.03333333333333333 0.08902077151335312
0 0.22166666666666668 0.6216617210682492 0.035 0.08902077151335312
0 0.2625 0.6231454005934718 0.041666666666666664 0.08902077151335312
0 0.45916666666666667 0.6350148367952523 0.03666666666666667 0.09495548961424333
0 0.1825 0.6943620178041543 0.03166666666666667 0.06824925816023739
0 0.5758333333333333 0.6973293768545994 0.03 0.10385756676557864
0 0.6091666666666666 0.6988130563798219 0.03166666666666667 0.09495548961424333
0 0.42333333333333334 0.701780415430267 0.03833333333333333 0.10979228486646884
0 0.5391666666666667 0.701780415430267 0.04 0.11572700296735905
0 0.3416666666666667 0.7032640949554896 0.035 0.10979228486646884
0 0.49916666666666665 0.7032640949554896 0.04 0.11275964391691394
0 0.6458333333333334 0.7047477744807121 0.03666666666666667 0.09198813056379822
0 0.3825 0.7062314540059347 0.03666666666666667 0.10089020771513353
0 0.685 0.7062314540059347 0.035 0.08902077151335312
0 0.3025 0.7077151335311572 0.041666666666666664 0.09198813056379822
0 0.7216666666666667 0.7077151335311572 0.03833333333333333 0.08902077151335312
0 0.2608333333333333 0.7151335311572701 0.03833333333333333 0.08605341246290801
0 0.22 0.7181008902077152 0.04 0.0830860534124629
0 0.4625 0.7181008902077152 0.03666666666666667 0.08011869436201781
0 0.17916666666666667 0.7566765578635015 0.03333333333333333 0.06231454005934718
0 0.6108333333333333 0.8026706231454006 0.03 0.10682492581602374
0 0.6466666666666666 0.8026706231454006 0.03833333333333333 0.10089020771513353
0 0.6866666666666666 0.8026706231454006 0.03666666666666667 0.10089020771513353
0 0.3 0.8041543026706232 0.041666666666666664 0.09495548961424333
0 0.575 0.8041543026706232 0.035 0.10385756676557864
0 0.4241666666666667 0.8056379821958457 0.03833333333333333 0.10089020771513353
0 0.725 0.8071216617210683 0.03333333333333333 0.10089020771513353
0 0.2175 0.8086053412462908 0.04 0.08902077151335312
0 0.38333333333333336 0.8086053412462908 0.04 0.09198813056379822
0 0.5375 0.8086053412462908 0.03333333333333333 0.09792284866468842
0 0.25916666666666666 0.8100890207715133 0.03833333333333333 0.09495548961424333
0 0.3441666666666667 0.8100890207715133 0.04 0.09792284866468842
0 0.4625 0.8100890207715133 0.035 0.09495548961424333
0 0.49916666666666665 0.8100890207715133 0.03666666666666667 0.09495548961424333
0 0.17833333333333334 0.8189910979228486 0.03 0.06824925816023739
0 0.2615 0.9067952522255193 0.025166666666666705 0.06391691394658743
0 0.22824999999999998 0.9210089020771514 0.03316666666666665 0.07103857566765595
0 0.29333333333333333 0.9495548961424333 0.03833333333333333 0.09495548961424333
0 0.44 0.9495548961424333 0.04 0.09495548961424333
0 0.3333333333333333 0.9540059347181009 0.03666666666666667 0.08605341246290801
0 0.36583333333333334 0.9540059347181009 0.03166666666666667 0.08605341246290801
0 0.52 0.9540059347181009 0.04 0.08605341246290801
0 0.4008333333333333 0.9554896142433235 0.041666666666666664 0.0830860534124629
0 0.5616666666666666 0.9554896142433235 0.04 0.0830860534124629
0 0.6375 0.956973293768546 0.03833333333333333 0.08011869436201781
0 0.5991666666666666 0.956973293768546 0.03833333333333333 0.08011869436201781
0 0.6783333333333333 0.9584569732937686 0.04 0.08011869436201781
0 0.48 0.9584569732937686 0.043333333333333335 0.0771513353115727
0 0.26166666666666666 0.9703264094955489 0.02666666666666667 0.05341246290801187
0 0.22693333333333332 0.9752818991097923 0.03715000000000001 0.04940652818991091