0 0.125 0.22333333333333333 0.155 0.2311111111111111
0 0.2633333333333333 0.26555555555555554 0.13833333333333334 0.21555555555555556
0 0.4033333333333333 0.2811111111111111 0.13666666666666666 0.23333333333333334
0 0.8583333333333333 0.31 0.11 0.14444444444444443
0 0.5508333333333333 0.38555555555555554 0.08333333333333333 0.15555555555555556
0 0.7091666666666666 0.4255555555555556 0.09 0.16666666666666666
0 0.8641666666666666 0.45555555555555555 0.10666666666666667 0.14222222222222222
0 0.10416666666666667 0.47333333333333333 0.15833333333333333 0.27111111111111114
0 0.25333333333333335 0.49777777777777776 0.13833333333333334 0.24666666666666667
0 0.3933333333333333 0.5155555555555555 0.13833333333333334 0.23555555555555555
0 0.5216666666666666 0.5422222222222223 0.11166666666666666 0.2088888888888889
0 0.6233333333333333 0.5588888888888889 0.08666666666666667 0.20444444444444446
0 0.7183333333333334 0.5877777777777777 0.09333333333333334 0.16444444444444445
0 0.81 0.5977777777777777 0.085 0.1711111111111111
0 0.8983333333333333 0.6077777777777778 0.09 0.15777777777777777
0 0.13666666666666666 0.07666666666666666 0.15 0.14666666666666667
0 0.24 0.78 0.17333333333333334 0.16
0 0.42833333333333334 0.7833333333333333 0.16 0.12444444444444444
0 0.2775 0.08 0.12666666666666668 0.15555555555555556
0 0.855 0.8066666666666666 0.07833333333333334 0.14888888888888888
0 0.9633333333333334 0.91 0.07 0.1711111111111111
0 0.6825 0.9088888888888889 0.10166666666666667 0.17777777777777778
0 0.5741666666666667 0.9111111111111111 0.08166666666666667 0.17333333333333334
0 0.7791666666666667 0.9122222222222223 0.09333333333333334 0.17333333333333334
0 0.9158333333333334 0.9133333333333333 0.04666666666666667 0.1688888888888889
0 0.4225 0.9188888888888889 0.051666666666666666 0.15777777777777777
0 0.36083333333333334 0.9211111111111111 0.07833333333333334 0.15333333333333332
0 0.5033333333333333 0.9266666666666666 0.11 0.14222222222222222
0 0.15416666666666667 0.9277777777777778 0.105 0.14
0 0.056666666666666664 0.93 0.11 0.13555555555555557
0 0.27 0.9366666666666666 0.13 0.12222222222222222
0 0.8616666666666667 0.9366666666666666 0.07333333333333333 0.12222222222222222