0 0.6333333333333333 0.24333333333333335 0.051666666666666666 0.11555555555555555
0 0.56 0.26 0.07166666666666667 0.14444444444444443
0 0.47 0.2688888888888889 0.06333333333333334 0.11555555555555555
0 0.405 0.2777777777777778 0.055 0.12222222222222222
0 0.3441666666666667 0.2877777777777778 0.055 0.11333333333333333
0 0.285 0.30444444444444446 0.055 0.12
0 0.8908333333333334 0.31222222222222223 0.08333333333333333 0.13555555555555557
0 0.23243333333333335 0.31995555555555555 0.040549999999999975 0.0718888888888889
0 0.7758333333333334 0.32222222222222224 0.07666666666666666 0.15333333333333332
0 0.7016666666666667 0.34444444444444444 0.07666666666666666 0.14444444444444443
0 0.635 0.3611111111111111 0.056666666666666664 0.10888888888888888
0 0.5583333333333333 0.37333333333333335 0.07166666666666667 0.11555555555555555
0 0.4683333333333333 0.38 0.06333333333333334 0.10666666666666667
0 0.4025 0.39555555555555555 0.06 0.1
0 0.3408333333333333 0.4022222222222222 0.051666666666666666 0.09777777777777778
0 0.22718333333333335 0.40586666666666665 0.040549999999999975 0.10693333333333334
0 0.2783333333333333 0.4111111111111111 0.055 0.08888888888888889
0 0.7475 0.5644444444444444 0.08 0.17777777777777778
0 0.6483333333333333 0.5722222222222222 0.075 0.12222222222222222
0 0.43 0.5788888888888889 0.06833333333333333 0.14
0 0.9521666666666666 0.5827333333333333 0.05740000000000009 0.11755555555555551
0 0.23166666666666666 0.5844444444444444 0.058333333333333334 0.13111111111111112
0 0.295 0.5888888888888889 0.056666666666666664 0.11555555555555555
0 0.36666666666666664 0.59 0.06166666666666667 0.14222222222222222
0 0.6491666666666667 0.7166666666666667 0.08833333333333333 0.1622222222222222
0 0.29 0.7188888888888889 0.075 0.14444444444444443
0 0.57 0.7188888888888889 0.06 0.15333333333333332
0 0.22166666666666668 0.7211111111111111 0.056666666666666664 0.13333333333333333
0 0.7508333333333334 0.7211111111111111 0.085 0.15555555555555556
0 0.95 0.7211111111111111 0.09166666666666666 0.1688888888888889
0 0.3616666666666667 0.7233333333333334 0.065 0.13333333333333333
0 0.4275 0.7244444444444444 0.065 0.14
0 0.4775 0.7255555555555555 0.03333333333333333 0.13555555555555557
0 0.355 0.9288888888888889 0.07 0.13777777777777778
0 0.21416666666666667 0.9311111111111111 0.07833333333333334 0.13333333333333333
0 0.5066666666666667 0.9311111111111111 0.07666666666666666 0.13333333333333333
0 0.4325 0.9322222222222222 0.07166666666666667 0.13111111111111112
0 0.2866666666666667 0.9333333333333333 0.07 0.1288888888888889
0 0.5825 0.94 0.08833333333333333 0.11555555555555555
0 0.88 0.1711111111111111 0.09 0.14666666666666667
0 0.6975 0.21888888888888888 0.07666666666666666 0.15333333333333332