0 0.9583333333333334 0.2288888888888889 0.08166666666666667 0.09777777777777778
0 0.7741666666666667 0.23 0.08666666666666667 0.13111111111111112
0 0.04416666666666667 0.2388888888888889 0.056666666666666664 0.09555555555555556
0 0.12666666666666668 0.24444444444444444 0.035 0.06666666666666667
0 0.6891666666666667 0.2477777777777778 0.07833333333333334 0.1111111111111111
0 0.6083333333333333 0.2588888888888889 0.07666666666666666 0.11333333333333333
0 0.5383333333333333 0.26 0.06 0.12
0 0.475 0.2688888888888889 0.06 0.11333333333333333
0 0.41333333333333333 0.27444444444444444 0.06166666666666667 0.11777777777777777
0 0.355 0.2777777777777778 0.05 0.1111111111111111
0 0.30083333333333334 0.2866666666666667 0.06 0.11333333333333333
0 0.25833333333333336 0.29555555555555557 0.04833333333333333 0.10444444444444445
0 0.21416666666666667 0.3 0.056666666666666664 0.10222222222222223
0 0.17083333333333334 0.30777777777777776 0.04833333333333333 0.09555555555555556
0 0.10083333333333333 0.31444444444444447 0.06166666666666667 0.08666666666666667
0 0.03166666666666667 0.32555555555555554 0.056666666666666664 0.08
0 0.015 0.5222222222222223 0.028333333333333332 0.10222222222222223
0 0.07583333333333334 0.5255555555555556 0.04833333333333333 0.10444444444444445
0 0.04 0.5266666666666666 0.041666666666666664 0.10666666666666667
0 0.12 0.5277777777777778 0.05333333333333334 0.11555555555555555
0 0.2375 0.5366666666666666 0.043333333333333335 0.1288888888888889
0 0.36833333333333335 0.5444444444444444 0.06166666666666667 0.13777777777777778
0 0.31333333333333335 0.5466666666666666 0.06166666666666667 0.14222222222222222
0 0.43083333333333335 0.5466666666666666 0.06666666666666667 0.14
0 0.5041666666666667 0.5555555555555556 0.07166666666666667 0.1511111111111111
0 0.5783333333333334 0.5555555555555556 0.07666666666666666 0.1622222222222222
0 0.6558333333333334 0.5588888888888889 0.08 0.16
0 0.7416666666666667 0.5655555555555556 0.085 0.17777777777777778
0 0.8683333333333333 0.5688888888888889 0.095 0.18444444444444444
0 0.9625 0.5722222222222222 0.07333333333333333 0.19111111111111112
0 0.029166666666666667 0.6266666666666667 0.043333333333333335 0.10666666666666667
0 0.0625 0.63 0.045 0.10666666666666667
0 0.09916666666666667 0.6355555555555555 0.04 0.11333333333333333
0 0.13833333333333334 0.6377777777777778 0.03833333333333333 0.11555555555555555
0 0.18166666666666667 0.6455555555555555 0.05 0.12222222222222222
0 0.22583333333333333 0.6544444444444445 0.035 0.12666666666666668
0 0.30333333333333334 0.6655555555555556 0.06833333333333333 0.12222222222222222
0 0.35833333333333334 0.6766666666666666 0.06333333333333334 0.12666666666666668
0 0.425 0.6833333333333333 0.07333333333333333 0.13333333333333333
0 0.49333333333333335 0.6944444444444444 0.07666666666666666 0.14
0 0.5725 0.7077777777777777 0.07666666666666666 0.14888888888888888
0 0.6525 0.7188888888888889 0.08333333333333333 0.16444444444444445
0 0.7391666666666666 0.7333333333333333 0.085 0.18
0 0.8658333333333333 0.75 0.10166666666666667 0.18222222222222223
0 0.96 0.7622222222222222 0.07833333333333334 0.19111111111111112
0 0.7775 0.09222222222222222 0.085 0.14222222222222222
0 0.06666666666666667 0.9466666666666667 0.05 0.10222222222222223
0 0.8733333333333333 0.09555555555555556 0.085 0.1
0 0.115 0.9588888888888889 0.043333333333333335 0.07777777777777778
0 0.15583333333333332 0.9666666666666667 0.04833333333333333 0.06222222222222222
0 0.9583333333333334 0.10666666666666667 0.08166666666666667 0.1511111111111111
0 0.6925 0.12333333333333334 0.075 0.13111111111111112
0 0.5441666666666667 0.13111111111111112 0.065 0.13111111111111112
0 0.6175 0.13555555555555557 0.07166666666666667 0.1288888888888889
0 0.48083333333333333 0.14666666666666667 0.056666666666666664 0.12666666666666668
0 0.4216666666666667 0.15222222222222223 0.06333333333333334 0.12444444444444444
0 0.3616666666666667 0.1622222222222222 0.04833333333333333 0.11777777777777777
0 0.31166666666666665 0.1811111111111111 0.06333333333333334 0.12444444444444444
0 0.2658333333333333 0.19777777777777777 0.051666666666666666 0.12
0 0.22333333333333333 0.20666666666666667 0.058333333333333334 0.11555555555555555
0 0.87 0.21 0.09166666666666666 0.15333333333333332
0 0.1825 0.21222222222222223 0.04833333333333333 0.10666666666666667