0 0.7658333333333334 0.24333333333333335 0.05 0.07555555555555556
0 0.345 0.24555555555555555 0.11333333333333333 0.20444444444444446
0 0.81 0.2822222222222222 0.03333333333333333 0.06222222222222222
0 0.4533333333333333 0.2866666666666667 0.1 0.19333333333333333
0 0.8633333333333333 0.31222222222222223 0.055 0.08
0 0.9325166666666667 0.32511111111111113 0.034216666666666624 0.07711111111111109
0 0.5425 0.33555555555555555 0.07833333333333334 0.18
0 0.9094666666666665 0.3553111111111111 0.03813333333333351 0.07084444444444443
0 0.06833333333333333 0.36 0.13666666666666666 0.30444444444444446
0 0.6075 0.3655555555555556 0.06333333333333334 0.1511111111111111
0 0.5458333333333333 0.03888888888888889 0.06666666666666667 0.07777777777777778
0 0.6725 0.39111111111111113 0.07 0.14666666666666667
0 0.6108333333333333 0.04111111111111111 0.07333333333333333 0.08222222222222222
0 0.20583333333333334 0.42333333333333334 0.14 0.26
0 0.3441666666666667 0.46 0.12166666666666667 0.22
0 0.7041666666666667 0.04777777777777778 0.041666666666666664 0.09111111111111111
0 0.8558333333333333 0.4711111111111111 0.08 0.12
0 0.4608333333333333 0.4855555555555556 0.10666666666666667 0.19777777777777777
0 0.9166666666666666 0.49333333333333335 0.055 0.14222222222222222
0 0.5516666666666666 0.5155555555555555 0.08 0.18222222222222223
0 0.9716666666666667 0.5255555555555556 0.05333333333333334 0.12222222222222222
0 0.6216666666666667 0.5288888888888889 0.07 0.16666666666666666
0 0.6933333333333334 0.5488888888888889 0.07166666666666667 0.1622222222222222
0 0.8175 0.5933333333333334 0.085 0.11777777777777777
0 0.8841666666666667 0.5988888888888889 0.065 0.14222222222222222
0 0.9333333333333333 0.6211111111111111 0.056666666666666664 0.13111111111111112
0 0.975 0.6288888888888889 0.04666666666666667 0.12
0 0.056666666666666664 0.66 0.11166666666666666 0.34
0 0.19333333333333333 0.6777777777777778 0.15333333333333332 0.29777777777777775
0 0.3466666666666667 0.6966666666666667 0.13333333333333333 0.24666666666666667
0 0.4675 0.7022222222222222 0.10666666666666667 0.22444444444444445
0 0.56 0.7122222222222222 0.07833333333333334 0.20444444444444446
0 0.6308333333333334 0.7166666666666667 0.065 0.19111111111111112
0 0.7058333333333333 0.7188888888888889 0.09166666666666666 0.18444444444444444
0 0.8283333333333334 0.7311111111111112 0.09666666666666666 0.16
0 0.9641666666666666 0.74 0.043333333333333335 0.14666666666666667
0 0.9033333333333333 0.7466666666666667 0.06333333333333334 0.15777777777777777
0 0.9316666666666666 0.7511111111111111 0.03166666666666667 0.15333333333333332
0 0.51 0.07555555555555556 0.06666666666666667 0.08
0 0.6716666666666666 0.08222222222222222 0.05 0.10222222222222223
0 0.5658333333333333 0.10777777777777778 0.035 0.06444444444444444
0 0.0775 0.11777777777777777 0.15333333333333332 0.23555555555555555
0 0.615 0.13555555555555557 0.06 0.09777777777777778
0 0.7166666666666667 0.13777777777777778 0.03333333333333333 0.09555555555555556
0 0.76 0.16333333333333333 0.04666666666666667 0.08
0 0.6775 0.17222222222222222 0.051666666666666666 0.09111111111111111
0 0.21083333333333334 0.18666666666666668 0.14333333333333334 0.24888888888888888
0 0.8016666666666666 0.20444444444444446 0.03666666666666667 0.09777777777777778
0 0.7233333333333334 0.21888888888888888 0.03333333333333333 0.06444444444444444