0 0.7375 0.3288888888888889 0.095 0.1622222222222222
0 0.635 0.3688888888888889 0.08833333333333333 0.15555555555555556
0 0.5566666666666666 0.38222222222222224 0.06166666666666667 0.14
0 0.49416666666666664 0.39555555555555555 0.06166666666666667 0.13333333333333333
0 0.43333333333333335 0.4088888888888889 0.05333333333333334 0.12
0 0.3383333333333333 0.4288888888888889 0.056666666666666664 0.10888888888888888
0 0.25166666666666665 0.45111111111111113 0.056666666666666664 0.09555555555555556
0 0.20583333333333334 0.46111111111111114 0.041666666666666664 0.10444444444444445
0 0.1575 0.47 0.028333333333333332 0.09777777777777778
0 0.135 0.47555555555555556 0.035 0.09555555555555556
0 0.10083333333333333 0.4866666666666667 0.03333333333333333 0.08
0 0.74 0.4955555555555556 0.10666666666666667 0.16666666666666666
0 0.07583333333333334 0.4955555555555556 0.03333333333333333 0.07555555555555556
0 0.035 0.49666666666666665 0.035 0.08
0 0.01 0.49666666666666665 0.016666666666666666 0.07333333333333333
0 0.6333333333333333 0.51 0.08166666666666667 0.14666666666666667
0 0.555 0.5188888888888888 0.06833333333333333 0.13555555555555557
0 0.48833333333333334 0.5233333333333333 0.06166666666666667 0.13333333333333333
0 0.43083333333333335 0.5288888888888889 0.051666666666666666 0.12222222222222222
0 0.38 0.5366666666666666 0.04833333333333333 0.11333333333333333
0 0.3283333333333333 0.54 0.051666666666666666 0.11333333333333333
0 0.27666666666666667 0.5455555555555556 0.04833333333333333 0.1111111111111111
0 0.23083333333333333 0.55 0.03833333333333333 0.10444444444444445
0 0.1975 0.5533333333333333 0.04666666666666667 0.09777777777777778
0 0.15 0.56 0.028333333333333332 0.08666666666666667
0 0.125 0.5622222222222222 0.028333333333333332 0.08888888888888889
0 0.09833333333333333 0.5633333333333334 0.03166666666666667 0.08222222222222222
0 0.02666666666666667 0.57 0.035 0.07333333333333333
0 0.06833333333333333 0.57 0.03333333333333333 0.07555555555555556
0 0.049166666666666664 0.5711111111111111 0.025 0.07555555555555556
0 0.008333333333333333 0.5733333333333334 0.016666666666666666 0.07555555555555556
0 0.019166666666666665 0.6755555555555556 0.028333333333333332 0.08
0 0.05416666666666667 0.6822222222222222 0.041666666666666664 0.08444444444444445
0 0.17833333333333334 0.6933333333333334 0.018333333333333333 0.09333333333333334
0 0.14833333333333334 0.6933333333333334 0.03666666666666667 0.1
0 0.2725 0.7022222222222222 0.055 0.12
0 0.3575 0.71 0.05 0.13555555555555557
0 0.4191666666666667 0.7122222222222222 0.06833333333333333 0.13333333333333333
0 0.5258333333333334 0.7255555555555555 0.06833333333333333 0.15777777777777777
0 0.6016666666666667 0.7255555555555555 0.085 0.15777777777777777
0 0.6891666666666667 0.7377777777777778 0.08833333333333333 0.18
0 0.7816666666666666 0.7444444444444445 0.09166666666666666 0.18666666666666668
0 0.8791666666666667 0.7488888888888889 0.10833333333333334 0.2
0 0.016666666666666666 0.7644444444444445 0.023333333333333334 0.09333333333333334
0 0.03833333333333333 0.7666666666666667 0.023333333333333334 0.09777777777777778
0 0.06166666666666667 0.7766666666666666 0.025 0.09111111111111111
0 0.08333333333333333 0.7766666666666666 0.023333333333333334 0.10222222222222223
0 0.11166666666666666 0.7877777777777778 0.028333333333333332 0.09333333333333334
0 0.14166666666666666 0.7988888888888889 0.035 0.09777777777777778
0 0.18333333333333332 0.8 0.03666666666666667 0.1111111111111111
0 0.2175 0.8111111111111111 0.03833333333333333 0.10888888888888888
0 0.25416666666666665 0.8166666666666667 0.05 0.12444444444444444
0 0.30083333333333334 0.8266666666666667 0.05 0.14
0 0.35583333333333333 0.8388888888888889 0.04666666666666667 0.13333333333333333
0 0.4058333333333333 0.8522222222222222 0.058333333333333334 0.14
0 0.4608333333333333 0.8577777777777778 0.06 0.1622222222222222
0 0.5258333333333334 0.8822222222222222 0.065 0.16666666666666666
0 0.5991666666666666 0.8966666666666666 0.07666666666666666 0.1711111111111111
0 0.02 0.9 0.028333333333333332 0.09333333333333334
0 0.6875 0.9077777777777778 0.09833333333333333 0.1711111111111111
0 0.05416666666666667 0.9111111111111111 0.05 0.09555555555555556
0 0.7833333333333333 0.9155555555555556 0.09166666666666666 0.16666666666666666
0 0.105 0.92 0.04833333333333333 0.09111111111111111
0 0.8841666666666667 0.9233333333333333 0.105 0.1511111111111111
0 0.3541666666666667 0.9677777777777777 0.06833333333333333 0.06
0 0.015833333333333335 0.9733333333333334 0.03166666666666667 0.04888888888888889
0 0.041666666666666664 0.9744444444444444 0.02666666666666667 0.04666666666666667
0 0.06416666666666666 0.9777777777777777 0.028333333333333332 0.04