0 0.37416666666666665 0.2288888888888889 0.056666666666666664 0.08222222222222222
0 0.7491666666666666 0.23444444444444446 0.035 0.044444444444444446
0 0.425 0.24 0.05 0.07777777777777778
0 0.4708333333333333 0.2511111111111111 0.051666666666666666 0.07555555555555556
0 0.7266666666666667 0.25222222222222224 0.025 0.044444444444444446
0 0.9308333333333333 0.25222222222222224 0.04 0.03111111111111111
0 0.7016666666666667 0.25666666666666665 0.05333333333333334 0.04888888888888889
0 0.7616666666666667 0.27555555555555555 0.03 0.03777777777777778
0 0.9416666666666667 0.28555555555555556 0.03666666666666667 0.042222222222222223
0 0.19416666666666665 0.2966666666666667 0.06166666666666667 0.1111111111111111
0 0.9708333333333333 0.3 0.055 0.04888888888888889
0 0.7383333333333333 0.3 0.02666666666666667 0.044444444444444446
0 0.7158333333333333 0.31 0.055 0.06222222222222222
0 0.25583333333333336 0.31333333333333335 0.058333333333333334 0.10666666666666667
0 0.7758333333333334 0.3233333333333333 0.03666666666666667 0.06
0 0.32083333333333336 0.3233333333333333 0.05333333333333334 0.09111111111111111
0 0.9241666666666667 0.3244444444444444 0.045 0.05555555555555555
0 0.9816666666666667 0.3477777777777778 0.03333333333333333 0.06444444444444444
0 0.42583333333333334 0.3522222222222222 0.06 0.09333333333333334
0 0.47833333333333333 0.3622222222222222 0.056666666666666664 0.08888888888888889
0 0.5266666666666666 0.37 0.06 0.08444444444444445
0 0.9425 0.37333333333333335 0.041666666666666664 0.042222222222222223
0 0.57 0.37777777777777777 0.05333333333333334 0.08
0 0.6141666666666666 0.38666666666666666 0.058333333333333334 0.08222222222222222
0 0.6558333333333334 0.39444444444444443 0.055 0.08222222222222222
0 0.19333333333333333 0.39666666666666667 0.065 0.11333333333333333
0 0.6925 0.3988888888888889 0.056666666666666664 0.07777777777777778
0 0.7275 0.4033333333333333 0.04666666666666667 0.07111111111111111
0 0.25833333333333336 0.40555555555555556 0.065 0.10666666666666667
0 0.7566666666666667 0.4066666666666667 0.04 0.06444444444444444
0 0.32083333333333336 0.41444444444444445 0.06 0.09777777777777778
0 0.7891666666666667 0.4177777777777778 0.03833333333333333 0.06666666666666667
0 0.82 0.42 0.03666666666666667 0.06
0 0.8508333333333333 0.4266666666666667 0.05333333333333334 0.06222222222222222
0 0.38083333333333336 0.4266666666666667 0.06 0.09777777777777778
0 0.8833333333333333 0.42777777777777776 0.035 0.06
0 0.91 0.43 0.043333333333333335 0.05333333333333334
0 0.43833333333333335 0.43555555555555553 0.05333333333333334 0.09111111111111111
0 0.9358333333333333 0.43666666666666665 0.03666666666666667 0.06
0 0.96 0.4411111111111111 0.035 0.05555555555555555
0 0.49083333333333334 0.44333333333333336 0.055 0.09111111111111111
0 0.19833333333333333 0.04555555555555556 0.065 0.08444444444444445
0 0.9816666666666667 0.44555555555555554 0.03 0.05555555555555555
0 0.54 0.4488888888888889 0.06 0.08666666666666667
0 0.5841666666666666 0.45444444444444443 0.058333333333333334 0.08444444444444445
0 0.6258333333333334 0.46 0.06166666666666667 0.08666666666666667
0 0.67 0.46555555555555556 0.06 0.07777777777777778
0 0.71 0.47 0.058333333333333334 0.07777777777777778
0 0.745 0.47555555555555556 0.04833333333333333 0.07555555555555556
0 0.7766666666666666 0.47888888888888886 0.04666666666666667 0.08222222222222222
0 0.8083333333333333 0.48444444444444446 0.04 0.06444444444444444
0 0.8391666666666666 0.4911111111111111 0.04 0.06
0 0.8691666666666666 0.4922222222222222 0.051666666666666666 0.06222222222222222
0 0.9033333333333333 0.49444444444444446 0.04 0.07333333333333333
0 0.9316666666666666 0.49777777777777776 0.041666666666666664 0.07333333333333333
0 0.96 0.5 0.035 0.07111111111111111
0 0.98 0.5033333333333333 0.03 0.06444444444444444
0 0.18416666666666667 0.5666666666666667 0.06833333333333333 0.12
0 0.25416666666666665 0.5722222222222222 0.07166666666666667 0.12222222222222222
0 0.8716666666666667 0.5822222222222222 0.051666666666666666 0.08888888888888889
0 0.6858333333333333 0.5833333333333334 0.058333333333333334 0.08888888888888889
0 0.9158333333333334 0.5866666666666667 0.03166666666666667 0.08222222222222222
0 0.7941666666666667 0.5911111111111111 0.06666666666666667 0.09555555555555556
0 0.9816666666666667 0.5922222222222222 0.03333333333333333 0.07333333333333333
0 0.5425 0.5922222222222222 0.045 0.06444444444444444
0 0.8333333333333334 0.5933333333333334 0.055 0.08444444444444445
0 0.9508333333333333 0.5955555555555555 0.055 0.06888888888888889
0 0.9358333333333333 0.66 0.03333333333333333 0.07333333333333333
0 0.9766666666666667 0.6633333333333333 0.041666666666666664 0.06666666666666667
0 0.2608333333333333 0.06777777777777778 0.055 0.09111111111111111
0 0.9583333333333334 0.6666666666666666 0.03333333333333333 0.06888888888888889
0 0.8983333333333333 0.67 0.06166666666666667 0.08
0 0.7091666666666666 0.6733333333333333 0.05333333333333334 0.08666666666666667
0 0.8225 0.6733333333333333 0.06333333333333334 0.08888888888888889
0 0.8566666666666667 0.6733333333333333 0.058333333333333334 0.08666666666666667
0 0.665 0.6777777777777778 0.05333333333333334 0.09333333333333334
0 0.78 0.6788888888888889 0.075 0.09777777777777778
0 0.6183333333333333 0.6833333333333333 0.07166666666666667 0.11555555555555555
0 0.555 0.6855555555555556 0.06833333333333333 0.12444444444444444
0 0.1825 0.6866666666666666 0.075 0.14
0 0.25583333333333336 0.6877777777777778 0.06666666666666667 0.13333333333333333
0 0.98 0.7433333333333333 0.03833333333333333 0.08666666666666667
0 0.9591666666666666 0.7477777777777778 0.03833333333333333 0.09111111111111111
0 0.915 0.7533333333333333 0.06 0.09777777777777778
0 0.8466666666666667 0.76 0.06166666666666667 0.09777777777777778
0 0.88 0.76 0.055 0.09333333333333334
0 0.7991666666666667 0.7644444444444445 0.07666666666666666 0.10888888888888888
0 0.735 0.7733333333333333 0.04666666666666667 0.10444444444444445
0 0.3125 0.07888888888888888 0.05333333333333334 0.08444444444444445
0 0.6858333333333333 0.7777777777777778 0.056666666666666664 0.1
0 0.6333333333333333 0.7811111111111111 0.07333333333333333 0.10666666666666667
0 0.5708333333333333 0.7866666666666666 0.07 0.11777777777777777
0 0.3325 0.8111111111111111 0.07 0.13111111111111112
0 0.25333333333333335 0.8133333333333334 0.07666666666666666 0.13111111111111112
0 0.17833333333333334 0.8211111111111111 0.075 0.15333333333333332
0 0.965 0.8655555555555555 0.06666666666666667 0.1
0 0.7575 0.8966666666666666 0.06666666666666667 0.10444444444444445
0 0.7041666666666667 0.9166666666666666 0.08166666666666667 0.11333333333333333
0 0.3625 0.09333333333333334 0.051666666666666666 0.08
0 0.9058333333333334 0.9511111111111111 0.06166666666666667 0.09333333333333334
0 0.9691666666666666 0.9522222222222222 0.058333333333333334 0.09111111111111111
0 0.8533333333333334 0.9555555555555556 0.08 0.08444444444444445
0 0.7733333333333333 0.9722222222222222 0.05333333333333334 0.051111111111111114
0 0.1975 0.1111111111111111 0.06666666666666667 0.08444444444444445
0 0.4525 0.12333333333333334 0.055 0.07555555555555556
0 0.26 0.13333333333333333 0.05333333333333334 0.08888888888888889
0 0.31666666666666665 0.14555555555555555 0.055 0.08888888888888889
0 0.675 0.14888888888888888 0.04666666666666667 0.04888888888888889
0 0.3675 0.15888888888888889 0.04833333333333333 0.08444444444444445
0 0.7241666666666666 0.16333333333333333 0.025 0.03333333333333333
0 0.705 0.17222222222222222 0.02666666666666667 0.04888888888888889
0 0.4175 0.17333333333333334 0.051666666666666666 0.08
0 0.19666666666666666 0.18333333333333332 0.07 0.08666666666666667
0 0.4625 0.18777777777777777 0.05 0.08
0 0.7308333333333333 0.19555555555555557 0.03 0.03777777777777778
0 0.26166666666666666 0.1988888888888889 0.06 0.08444444444444445
0 0.6825 0.20333333333333334 0.05333333333333334 0.057777777777777775
0 0.7141666666666666 0.21222222222222223 0.028333333333333332 0.04
0 0.31916666666666665 0.21444444444444444 0.056666666666666664 0.08222222222222222