0 0.6140666666666666 0.22777777777777777 0.12665 0.12222222222222222
0 0.9508333333333333 0.2288888888888889 0.058333333333333334 0.2777777777777778
0 0.49221666666666664 0.2597333333333333 0.0912833333333333 0.11944444444444445
0 0.39916666666666667 0.2788888888888889 0.095 0.10888888888888888
0 0.305 0.30666666666666664 0.09166666666666666 0.1111111111111111
0 0.22083333333333333 0.33 0.07833333333333334 0.11555555555555555
0 0.15083333333333335 0.3511111111111111 0.06166666666666667 0.11555555555555555
0 0.09916666666666667 0.37444444444444447 0.06 0.1111111111111111
0 0.043333333333333335 0.39111111111111113 0.051666666666666666 0.10888888888888888
0 0.7366666666666667 0.4266666666666667 0.19666666666666666 0.38666666666666666
0 0.555 0.45444444444444443 0.15833333333333333 0.34
0 0.8866666666666667 0.4677777777777778 0.1 0.3333333333333333
0 0.4025 0.4777777777777778 0.145 0.30444444444444446
0 0.2783333333333333 0.49444444444444446 0.11666666666666667 0.27111111111111114
0 0.9625 0.5033333333333333 0.05333333333333334 0.2577777777777778
0 0.18 0.5122222222222222 0.08 0.24222222222222223
0 0.10916666666666666 0.53 0.075 0.23555555555555555
0 0.05583333333333333 0.5455555555555556 0.06166666666666667 0.2222222222222222
0 0.019166666666666665 0.55 0.03666666666666667 0.20222222222222222
0 0.17583333333333334 0.7544444444444445 0.085 0.23777777777777778
0 0.043333333333333335 0.7544444444444445 0.055 0.18444444444444444
0 0.10083333333333333 0.7544444444444445 0.058333333333333334 0.2222222222222222
0 0.2775 0.77 0.115 0.27555555555555555
0 0.4033333333333333 0.78 0.13833333333333334 0.29777777777777775
0 0.9658333333333333 0.7855555555555556 0.05 0.30666666666666664
0 0.5533333333333333 0.7955555555555556 0.165 0.33111111111111113
0 0.8966666666666666 0.8077777777777778 0.09666666666666666 0.34
0 0.7425 0.81 0.20666666666666667 0.37777777777777777
0 0.8458333333333333 0.15444444444444444 0.17 0.2911111111111111
0 0.7171833333333333 0.19028888888888887 0.08703333333333338 0.10277777777777777