0 0.57 0.4362017804154303 0.115 0.2878338278931751
0 0.22083333333333333 0.4406528189910979 0.11833333333333333 0.2789317507418398
0 0.3358333333333333 0.45103857566765576 0.11666666666666667 0.27596439169139464
0 0.45666666666666667 0.45548961424332346 0.10833333333333334 0.2403560830860534
0 0.6733333333333333 0.456973293768546 0.085 0.2166172106824926
0 0.9625 0.4658753709198813 0.07166666666666667 0.23738872403560832
0 0.885 0.47032640949554894 0.11166666666666666 0.23738872403560832
0 0.7941666666666667 0.7091988130563798 0.11833333333333333 0.2878338278931751
0 0.6908333333333333 0.712166172106825 0.11166666666666666 0.29376854599406527
0 0.5758333333333333 0.7136498516320475 0.11166666666666666 0.29673590504451036
0 0.9783333333333334 0.7166172106824926 0.04 0.26409495548961426
0 0.9058333333333334 0.7181008902077152 0.10333333333333333 0.2522255192878338
0 0.45916666666666667 0.7195845697329377 0.12166666666666667 0.2997032640949555
0 0.0675 0.744807121661721 0.13333333333333333 0.28486646884273
0 0.34833333333333333 0.7462908011869436 0.09166666666666666 0.24925816023738873
0 0.24916666666666668 0.755192878338279 0.10666666666666667 0.24629080118694363
0 0.16666666666666666 0.7596439169139466 0.06666666666666667 0.24629080118694363
0 0.3416666666666667 0.22255192878338279 0.09 0.18991097922848665
0 0.23166666666666666 0.22551928783382788 0.10166666666666667 0.18991097922848665
0 0.6691666666666667 0.2403560830860534 0.08666666666666667 0.22255192878338279