0 0.34833333333333333 0.29 0.22666666666666666 0.42
0 0.8983333333333333 0.36 0.08666666666666667 0.23555555555555555
0 0.835 0.38222222222222224 0.08666666666666667 0.2511111111111111
0 0.7491666666666666 0.39222222222222225 0.10666666666666667 0.28
0 0.9666666666666667 0.4011111111111111 0.03666666666666667 0.13333333333333333
0 0.9358333333333333 0.4077777777777778 0.035 0.15555555555555556
0 0.66 0.4222222222222222 0.15666666666666668 0.3377777777777778
0 0.5275 0.44555555555555554 0.19166666666666668 0.4288888888888889
0 0.935 0.5433333333333333 0.04 0.12444444444444444
0 0.8933333333333333 0.5655555555555556 0.03833333333333333 0.15333333333333332
0 0.855 0.5711111111111111 0.08833333333333333 0.19777777777777777
0 0.7966666666666666 0.61 0.10333333333333333 0.22444444444444445
0 0.7208333333333333 0.6522222222222223 0.12 0.25333333333333335
0 0.3458333333333333 0.6533333333333333 0.16833333333333333 0.31777777777777777
0 0.9725 0.6877777777777778 0.04666666666666667 0.1
0 0.13416666666666666 0.7066666666666667 0.25833333333333336 0.49333333333333335
0 0.6266666666666667 0.7155555555555555 0.15166666666666667 0.27111111111111114
0 0.9525 0.7677777777777778 0.045 0.09333333333333334
0 0.8333333333333334 0.7877777777777778 0.08 0.16444444444444445
0 0.49583333333333335 0.7922222222222223 0.16833333333333333 0.3333333333333333
0 0.8675 0.8711111111111111 0.035 0.11777777777777777
0 0.345 0.8944444444444445 0.15666666666666668 0.20666666666666667
0 0.8216666666666667 0.9366666666666666 0.05 0.12222222222222222
0 0.7566666666666667 0.9422222222222222 0.08 0.1111111111111111
0 0.8033333333333333 0.1288888888888889 0.13166666666666665 0.2577777777777778
0 0.8866666666666667 0.13 0.11833333333333333 0.2577777777777778
0 0.6716666666666666 0.13333333333333333 0.20833333333333334 0.26666666666666666