0 0.5666666666666667 0.22777777777777777 0.058333333333333334 0.13777777777777778
0 0.8458333333333333 0.22777777777777777 0.058333333333333334 0.1288888888888889
0 0.6333333333333333 0.2288888888888889 0.065 0.13333333333333333
0 0.0775 0.2288888888888889 0.06666666666666667 0.14
0 0.775 0.2288888888888889 0.07166666666666667 0.13333333333333333
0 0.1425 0.2288888888888889 0.06833333333333333 0.13777777777777778
0 0.20916666666666667 0.23 0.065 0.14
0 0.7033333333333334 0.23 0.07166666666666667 0.13555555555555557
0 0.2775 0.2311111111111111 0.07 0.13555555555555557
0 0.3466666666666667 0.2311111111111111 0.06666666666666667 0.13555555555555557
0 0.4125 0.23333333333333334 0.065 0.13777777777777778
0 0.4766666666666667 0.23333333333333334 0.06666666666666667 0.13777777777777778
0 0.9675 0.23333333333333334 0.058333333333333334 0.13333333333333333
0 0.9041666666666667 0.23555555555555555 0.06166666666666667 0.1288888888888889
0 0.075 0.35 0.06166666666666667 0.12222222222222222
0 0.13916666666666666 0.3522222222222222 0.06833333333333333 0.12222222222222222
0 0.2783333333333333 0.35444444444444445 0.06666666666666667 0.12444444444444444
0 0.6308333333333334 0.35555555555555557 0.06833333333333333 0.13333333333333333
0 0.21 0.3566666666666667 0.06833333333333333 0.1288888888888889
0 0.3475 0.3566666666666667 0.065 0.12444444444444444
0 0.5658333333333333 0.3566666666666667 0.06 0.1288888888888889
0 0.6991666666666667 0.3566666666666667 0.06333333333333334 0.1288888888888889
0 0.8358333333333333 0.35777777777777775 0.07 0.1288888888888889
0 0.965 0.35888888888888887 0.06666666666666667 0.13555555555555557
0 0.4116666666666667 0.35888888888888887 0.06333333333333334 0.12
0 0.47583333333333333 0.35888888888888887 0.06333333333333334 0.12222222222222222
0 0.7675 0.35888888888888887 0.06833333333333333 0.12666666666666668
0 0.9 0.36 0.06166666666666667 0.1288888888888889
0 0.2025 0.4955555555555556 0.06833333333333333 0.11333333333333333
0 0.06 0.4955555555555556 0.075 0.12
0 0.27 0.49777777777777776 0.058333333333333334 0.1111111111111111
0 0.13166666666666665 0.49777777777777776 0.06333333333333334 0.11777777777777777
0 0.3408333333333333 0.5055555555555555 0.06833333333333333 0.12
0 0.4066666666666667 0.51 0.06333333333333334 0.12222222222222222
0 0.4725 0.51 0.06 0.12222222222222222
0 0.8225 0.5144444444444445 0.06333333333333334 0.1288888888888889
0 0.7575 0.5155555555555555 0.06333333333333334 0.13111111111111112
0 0.9483333333333334 0.5155555555555555 0.06833333333333333 0.12666666666666668
0 0.8875 0.5188888888888888 0.06666666666666667 0.13111111111111112
0 0.695 0.5322222222222223 0.065 0.12
0 0.5641666666666667 0.5344444444444445 0.065 0.12444444444444444
0 0.6283333333333333 0.5344444444444445 0.065 0.12222222222222222
0 0.2725 0.6188888888888889 0.06833333333333333 0.11777777777777777
0 0.060833333333333336 0.6188888888888889 0.07666666666666666 0.11333333333333333
0 0.13333333333333333 0.6188888888888889 0.06 0.11777777777777777
0 0.3416666666666667 0.6222222222222222 0.06666666666666667 0.11777777777777777
0 0.20333333333333334 0.6233333333333333 0.06833333333333333 0.12666666666666668
0 0.4741666666666667 0.6255555555555555 0.058333333333333334 0.1111111111111111
0 0.4075 0.6288888888888889 0.06166666666666667 0.12
0 0.945 0.6344444444444445 0.06333333333333334 0.12222222222222222
0 0.8166666666666667 0.6355555555555555 0.07 0.12222222222222222
0 0.8825 0.6355555555555555 0.06666666666666667 0.12222222222222222
0 0.7533333333333333 0.6366666666666667 0.06166666666666667 0.12222222222222222
0 0.5633333333333334 0.6444444444444445 0.06666666666666667 0.1111111111111111
0 0.6283333333333333 0.6444444444444445 0.065 0.10666666666666667
0 0.6908333333333333 0.6455555555555555 0.06166666666666667 0.1111111111111111
0 0.9491666666666667 0.7766666666666666 0.06833333333333333 0.12222222222222222
0 0.725 0.7788888888888889 0.06666666666666667 0.11555555555555555
0 0.7983333333333333 0.7788888888888889 0.07333333333333333 0.11555555555555555
0 0.875 0.7788888888888889 0.07 0.11777777777777777
0 0.27 0.7822222222222223 0.065 0.12222222222222222
0 0.3458333333333333 0.7822222222222223 0.06166666666666667 0.12222222222222222
0 0.20166666666666666 0.7844444444444445 0.065 0.12222222222222222
0 0.1325 0.7855555555555556 0.065 0.11777777777777777
0 0.65 0.7888888888888889 0.07333333333333333 0.13333333333333333
0 0.06666666666666667 0.7888888888888889 0.06666666666666667 0.12444444444444444
0 0.4141666666666667 0.7922222222222223 0.06 0.1288888888888889
0 0.4766666666666667 0.8 0.056666666666666664 0.12444444444444444
0 0.5758333333333333 0.8055555555555556 0.065 0.13555555555555557
0 0.945 0.89 0.06333333333333334 0.1111111111111111
0 0.27166666666666667 0.8922222222222222 0.065 0.12666666666666668
0 0.20333333333333334 0.8933333333333333 0.065 0.1288888888888889
0 0.135 0.8944444444444445 0.06333333333333334 0.12222222222222222
0 0.06833333333333333 0.8966666666666666 0.065 0.12
0 0.72 0.8966666666666666 0.06166666666666667 0.11777777777777777
0 0.345 0.8988888888888888 0.06333333333333334 0.11555555555555555
0 0.415 0.8988888888888888 0.06166666666666667 0.12222222222222222
0 0.8716666666666667 0.9011111111111111 0.07666666666666666 0.1288888888888889
0 0.7941666666666667 0.9022222222222223 0.08 0.13333333333333333
0 0.47583333333333333 0.9033333333333333 0.056666666666666664 0.11555555555555555
0 0.6408333333333334 0.9122222222222223 0.07333333333333333 0.11333333333333333
0 0.5741666666666667 0.9155555555555556 0.06333333333333334 0.11555555555555555