0 0.5033333333333333 0.23 0.11666666666666667 0.13777777777777778
0 0.7691666666666667 0.2688888888888889 0.13333333333333333 0.15333333333333332
0 0.9033333333333333 0.2877777777777778 0.18166666666666667 0.14666666666666667
0 0.39 0.31333333333333335 0.11 0.18222222222222223
0 0.6458333333333334 0.33555555555555555 0.13666666666666666 0.17555555555555555
0 0.285 0.3377777777777778 0.095 0.14222222222222222
0 0.5225 0.3655555555555556 0.125 0.16444444444444445
0 0.028333333333333332 0.37666666666666665 0.056666666666666664 0.18
0 0.085 0.4255555555555556 0.115 0.14888888888888888
0 0.4075 0.43777777777777777 0.125 0.16
0 0.8358333333333333 0.44 0.14833333333333334 0.20444444444444446
0 0.9466666666666667 0.44222222222222224 0.10333333333333333 0.21777777777777776
0 0.2975 0.47888888888888886 0.11166666666666666 0.15555555555555556
0 0.6841666666666667 0.5055555555555555 0.13666666666666666 0.19777777777777777
0 0.17583333333333334 0.53 0.125 0.21333333333333335
0 0.5558333333333333 0.5388888888888889 0.145 0.20666666666666667
0 0.0625 0.5722222222222222 0.11666666666666667 0.1688888888888889
0 0.43166666666666664 0.6044444444444445 0.14 0.18888888888888888
0 0.305 0.6488888888888888 0.12 0.18666666666666668
0 0.9033333333333333 0.6633333333333333 0.19 0.26
0 0.7533333333333333 0.6922222222222222 0.195 0.2288888888888889
0 0.1725 0.7066666666666667 0.12666666666666668 0.22444444444444445
0 0.058333333333333334 0.7544444444444445 0.10666666666666667 0.2
0 0.5966666666666667 0.7555555555555555 0.165 0.26
0 0.45666666666666667 0.8277777777777777 0.15166666666666667 0.28
0 0.94 0.08666666666666667 0.11666666666666667 0.1688888888888889
0 0.31666666666666665 0.8711111111111111 0.13666666666666666 0.25555555555555554
0 0.17083333333333334 0.8944444444444445 0.14166666666666666 0.2088888888888889
0 0.04666666666666667 0.9244444444444444 0.09166666666666666 0.14888888888888888
0 0.7125 0.14444444444444443 0.14166666666666666 0.14666666666666667
0 0.8516666666666667 0.15444444444444444 0.15166666666666667 0.12
0 0.3775 0.17666666666666667 0.09833333333333333 0.12222222222222222
0 0.965 0.20777777777777778 0.06833333333333333 0.2088888888888889
0 0.2816666666666667 0.21333333333333335 0.08666666666666667 0.11333333333333333
0 0.6116666666666667 0.21333333333333335 0.135 0.2