0 0.9491666666666667 0.33066666666666666 0.09833333333333333 0.2986666666666667
0 0.4683333333333333 0.4613333333333333 0.16 0.37066666666666664
0 0.63 0.47733333333333333 0.16333333333333333 0.37066666666666664
0 0.8125 0.4786666666666667 0.19333333333333333 0.408
0 0.32 0.48533333333333334 0.15833333333333333 0.3466666666666667
0 0.0675 0.488 0.13333333333333333 0.32
0 0.185 0.48933333333333334 0.155 0.33066666666666666
0 0.9533333333333334 0.6293333333333333 0.09 0.29333333333333333
0 0.056666666666666664 0.8 0.11 0.344
0 0.45916666666666667 0.8133333333333334 0.165 0.368
0 0.15916666666666668 0.8146666666666667 0.16166666666666665 0.35733333333333334
0 0.29833333333333334 0.816 0.165 0.36
0 0.6266666666666667 0.816 0.17333333333333334 0.3253333333333333
0 0.815 0.828 0.195 0.336
0 0.9575 0.8813333333333333 0.08166666666666667 0.20533333333333334
0 0.475 0.15066666666666667 0.14666666666666667 0.30133333333333334
0 0.805 0.16666666666666666 0.17333333333333334 0.3333333333333333
0 0.6325 0.16933333333333334 0.16 0.3333333333333333
0 0.34 0.17333333333333334 0.15 0.3253333333333333
0 0.20916666666666667 0.192 0.14833333333333334 0.32
0 0.08666666666666667 0.20133333333333334 0.14333333333333334 0.2986666666666667
0 0.016666666666666666 0.264 0.03333333333333333 0.2693333333333333