0 0.7944444444444444 0.9208333333333333 0.11777777777777777 0.14666666666666667
0 0.7922222222222223 0.7825 0.12666666666666668 0.155
0 0.6655555555555556 0.7925 0.1288888888888889 0.16
0 0.6744444444444444 0.935 0.12 0.12833333333333333
0 0.54 0.805 0.12222222222222222 0.16666666666666666
0 0.5444444444444444 0.9366666666666666 0.13111111111111112 0.125
0 0.4088888888888889 0.82 0.13333333333333333 0.16833333333333333
0 0.4111111111111111 0.9508333333333333 0.13333333333333333 0.09666666666666666
0 0.26222222222222225 0.83 0.14888888888888888 0.18166666666666667
0 0.26555555555555554 0.9541666666666667 0.14444444444444443 0.09
0 0.10444444444444445 0.8466666666666667 0.15333333333333332 0.18666666666666668
0 0.11 0.97 0.1622222222222222 0.056666666666666664
0 0.77 0.5883333333333334 0.12222222222222222 0.14166666666666666
0 0.77 0.4533333333333333 0.12222222222222222 0.14333333333333334
0 0.07666666666666666 0.4608333333333333 0.1511111111111111 0.17166666666666666
0 0.0811111111111111 0.625 0.1622222222222222 0.15833333333333333
0 0.22666666666666666 0.4583333333333333 0.14888888888888888 0.16333333333333333
0 0.23333333333333334 0.6158333333333333 0.14444444444444443 0.15666666666666668
0 0.38 0.45666666666666667 0.14666666666666667 0.15833333333333333
0 0.38333333333333336 0.6058333333333333 0.14444444444444443 0.155
0 0.5244444444444445 0.6 0.1288888888888889 0.155
0 0.6477777777777778 0.5933333333333334 0.11555555555555555 0.145
0 0.52 0.45666666666666667 0.13555555555555557 0.15
0 0.6455555555555555 0.455 0.11555555555555555 0.145
0 0.7644444444444445 0.0925 0.12666666666666668 0.17166666666666666
0 0.7622222222222222 0.23583333333333334 0.12666666666666668 0.145
0 0.6322222222222222 0.09083333333333334 0.13333333333333333 0.18
0 0.6322222222222222 0.23416666666666666 0.13333333333333333 0.14666666666666667
0 0.4955555555555556 0.08916666666666667 0.14 0.175
0 0.49666666666666665 0.23333333333333334 0.13777777777777778 0.145
0 0.35444444444444445 0.08583333333333333 0.14666666666666667 0.17
0 0.36 0.22916666666666666 0.13777777777777778 0.14833333333333334
0 0.05555555555555555 0.075 0.10888888888888888 0.15
0 0.057777777777777775 0.215 0.11333333333333333 0.16666666666666666