0 0.21833333333333332 0.5677777777777778 0.125 0.23555555555555555
0 0.20833333333333334 0.7744444444444445 0.135 0.24
0 0.1 0.5722222222222222 0.12333333333333334 0.21333333333333335
0 0.07333333333333333 0.7844444444444445 0.13666666666666666 0.23555555555555555
0 0.7016666666666667 0.5311111111111111 0.12166666666666667 0.24666666666666667
0 0.7116666666666667 0.7522222222222222 0.14 0.2577777777777778
0 0.8225 0.5155555555555555 0.145 0.23777777777777778
0 0.8458333333333333 0.7466666666666667 0.15833333333333333 0.26
0 0.5741666666666667 0.5511111111111111 0.12 0.23333333333333334
0 0.46 0.5544444444444444 0.10833333333333334 0.2222222222222222
0 0.5825 0.7633333333333333 0.13833333333333334 0.23777777777777778
0 0.46 0.7677777777777778 0.115 0.23777777777777778