0 0.21333333333333335 0.23666666666666666 0.09555555555555556 0.10333333333333333
0 0.5966666666666667 0.24083333333333334 0.08888888888888889 0.09
0 0.3433333333333333 0.2425 0.09555555555555556 0.09333333333333334
0 0.7388888888888889 0.245 0.09777777777777778 0.08666666666666667
0 0.9077777777777778 0.24583333333333332 0.09555555555555556 0.08833333333333333
0 0.20333333333333334 0.32916666666666666 0.09555555555555556 0.08833333333333333
0 0.3388888888888889 0.3308333333333333 0.09333333333333334 0.09
0 0.6 0.3325 0.08444444444444445 0.09333333333333334
0 0.46444444444444444 0.3333333333333333 0.09555555555555556 0.09166666666666666
0 0.7333333333333333 0.3358333333333333 0.09555555555555556 0.09666666666666666
0 0.9088888888888889 0.3433333333333333 0.10222222222222223 0.1
0 0.44222222222222224 0.5691666666666667 0.10444444444444445 0.10833333333333334
0 0.5766666666666667 0.5741666666666667 0.10444444444444445 0.11333333333333333
0 0.18 0.5741666666666667 0.08888888888888889 0.08833333333333333
0 0.9477777777777778 0.5783333333333334 0.1 0.11
0 0.31333333333333335 0.5783333333333334 0.09555555555555556 0.09333333333333334
0 0.7233333333333334 0.5791666666666667 0.10222222222222223 0.11166666666666666
0 0.16777777777777778 0.6666666666666666 0.09555555555555556 0.10166666666666667
0 0.3088888888888889 0.6691666666666667 0.09111111111111111 0.095
0 0.43555555555555553 0.6716666666666666 0.11333333333333333 0.11166666666666666
0 0.5711111111111111 0.6775 0.10444444444444445 0.11
0 0.7188888888888889 0.6816666666666666 0.10444444444444445 0.10833333333333334
0 0.95 0.6866666666666666 0.09555555555555556 0.11
0 0.1111111111111111 0.8583333333333333 0.1 0.07333333333333333
0 0.35555555555555557 0.8666666666666667 0.09333333333333334 0.07833333333333334
0 0.47444444444444445 0.8741666666666666 0.1 0.07666666666666666
0 0.6022222222222222 0.8808333333333334 0.1 0.08
0 0.2088888888888889 0.9358333333333333 0.1 0.07833333333333334
0 0.09777777777777778 0.9391666666666667 0.10222222222222223 0.07833333333333334
0 0.34444444444444444 0.945 0.10444444444444445 0.06666666666666667
0 0.4688888888888889 0.9491666666666667 0.10444444444444445 0.07
0 0.9288888888888889 0.9525 0.11555555555555555 0.09166666666666666
0 0.6022222222222222 0.9625 0.10444444444444445 0.07333333333333333