0 0.9408333333333333 0.24 0.115 0.20444444444444446
0 0.8316666666666667 0.24444444444444444 0.11833333333333333 0.2
0 0.71 0.2477777777777778 0.12166666666666667 0.20222222222222222
0 0.5825 0.25222222222222224 0.11666666666666667 0.2
0 0.3616666666666667 0.25333333333333335 0.11333333333333333 0.2111111111111111
0 0.24583333333333332 0.25666666666666665 0.11666666666666667 0.2088888888888889
0 0.4725 0.2577777777777778 0.105 0.19111111111111112
0 0.18583333333333332 0.2588888888888889 0.0033333333333333335 0.0044444444444444444
0 0.049166666666666664 0.2866666666666667 0.095 0.16444444444444445
0 0.14416666666666667 0.30777777777777776 0.095 0.10888888888888888
0 0.2875 0.57 0.11666666666666667 0.25333333333333335
0 0.7725 0.5722222222222222 0.12166666666666667 0.2311111111111111
0 0.9058333333333334 0.5722222222222222 0.13 0.2311111111111111
0 0.16916666666666666 0.5755555555555556 0.12333333333333334 0.2511111111111111
0 0.6466666666666666 0.5788888888888889 0.11833333333333333 0.23777777777777778
0 0.525 0.5822222222222222 0.12 0.23333333333333334
0 0.4041666666666667 0.5855555555555556 0.11833333333333333 0.2288888888888889
0 0.0525 0.6122222222222222 0.10166666666666667 0.20666666666666667
0 0.8241666666666667 0.07888888888888888 0.11333333333333333 0.15333333333333332
0 0.9175 0.8055555555555556 0.14 0.24222222222222223
0 0.7816666666666666 0.8088888888888889 0.12833333333333333 0.24444444444444444
0 0.2825 0.8111111111111111 0.125 0.2577777777777778
0 0.6525 0.8122222222222222 0.12 0.24666666666666667
0 0.16 0.8122222222222222 0.12333333333333334 0.2577777777777778
0 0.5241666666666667 0.8133333333333334 0.12333333333333334 0.24222222222222223
0 0.4025 0.8144444444444444 0.12 0.23555555555555555
0 0.050833333333333335 0.8377777777777777 0.10166666666666667 0.21777777777777776
0 0.7083333333333334 0.08444444444444445 0.12 0.1688888888888889
0 0.94 0.08444444444444445 0.11833333333333333 0.16444444444444445
0 0.35833333333333334 0.08555555555555555 0.10833333333333334 0.1711111111111111
0 0.24666666666666667 0.08777777777777777 0.11166666666666666 0.17333333333333334
0 0.4666666666666667 0.08888888888888889 0.10833333333333334 0.17777777777777778
0 0.5783333333333334 0.08888888888888889 0.115 0.17555555555555555
0 0.0525 0.1 0.095 0.2
0 0.14666666666666667 0.18666666666666668 0.09 0.14444444444444443