0 0.71 0.2818991097922849 0.11833333333333333 0.3827893175074184
0 0.7091666666666666 0.658753709198813 0.105 0.36795252225519287
0 0.5991666666666666 0.28338278931750743 0.13333333333333333 0.42136498516320475
0 0.5975 0.6884272997032641 0.13666666666666666 0.41543026706231456
0 0.4625 0.28041543026706234 0.14166666666666666 0.4836795252225519
0 0.4625 0.7344213649851632 0.14 0.4688427299703264
0 0.2891666666666667 0.26706231454005935 0.20666666666666667 0.5311572700296736
0 0.09416666666666666 0.28486646884273 0.185 0.5608308605341247
0 0.09833333333333333 0.771513353115727 0.19333333333333333 0.45103857566765576
0 0.295 0.7492581602373887 0.19666666666666666 0.49851632047477745
0 0.8133333333333334 0.2774480712166172 0.07666666666666666 0.35311572700296734
0 0.8016666666666666 0.6112759643916914 0.08333333333333333 0.32047477744807124
0 0.8916666666666667 0.27596439169139464 0.06333333333333334 0.3115727002967359
0 0.8841666666666667 0.5816023738872403 0.06833333333333333 0.2997032640949555
0 0.9483333333333334 0.5727002967359051 0.051666666666666666 0.2878338278931751
0 0.9508333333333333 0.3115727002967359 0.045 0.22255192878338279