0 0.0725 0.23222222222222222 0.051666666666666666 0.14222222222222222
0 0.125 0.24666666666666667 0.06 0.13555555555555557
0 0.023333333333333334 0.24888888888888888 0.045 0.13111111111111112
0 0.19333333333333333 0.25 0.07833333333333334 0.13555555555555557
0 0.2325 0.03333333333333333 0.06833333333333333 0.06666666666666667
0 0.17333333333333334 0.03666666666666667 0.04666666666666667 0.07333333333333333
0 0.265 0.37666666666666665 0.07333333333333333 0.16444444444444445
0 0.11666666666666667 0.04 0.06166666666666667 0.08
0 0.024166666666666666 0.3788888888888889 0.04833333333333333 0.12
0 0.33416666666666667 0.3788888888888889 0.06166666666666667 0.16444444444444445
0 0.07666666666666666 0.38 0.04833333333333333 0.13555555555555557
0 0.4 0.38333333333333336 0.07333333333333333 0.17777777777777778
0 0.12916666666666668 0.39 0.055 0.13333333333333333
0 0.48 0.39111111111111113 0.08833333333333333 0.18666666666666668
0 0.1925 0.39444444444444443 0.08 0.13555555555555557
0 0.5758333333333333 0.39666666666666667 0.10166666666666667 0.20444444444444446
0 0.6841666666666667 0.4088888888888889 0.11833333333333333 0.2088888888888889
0 0.8016666666666666 0.41444444444444445 0.12833333333333333 0.22444444444444445
0 0.06333333333333334 0.043333333333333335 0.05333333333333334 0.08666666666666667
0 0.9283333333333333 0.42777777777777776 0.14 0.24444444444444444
0 0.0275 0.5066666666666667 0.05333333333333334 0.13555555555555557
0 0.07916666666666666 0.5133333333333333 0.051666666666666666 0.13111111111111112
0 0.1275 0.5233333333333333 0.058333333333333334 0.13111111111111112
0 0.26166666666666666 0.5333333333333333 0.08 0.15777777777777777
0 0.18833333333333332 0.5344444444444445 0.08333333333333333 0.14
0 0.3333333333333333 0.5444444444444444 0.06166666666666667 0.16444444444444445
0 0.39666666666666667 0.5588888888888889 0.075 0.1711111111111111
0 0.4766666666666667 0.5766666666666667 0.09333333333333334 0.18222222222222223
0 0.5708333333333333 0.5922222222222222 0.09833333333333333 0.19555555555555557
0 0.6733333333333333 0.6133333333333333 0.11333333333333333 0.2
0 0.7841666666666667 0.6311111111111111 0.12 0.23555555555555555
0 0.025833333333333333 0.6522222222222223 0.051666666666666666 0.12666666666666668
0 0.9158333333333334 0.6566666666666666 0.145 0.24666666666666667
0 0.0775 0.6688888888888889 0.055 0.1288888888888889
0 0.13 0.6866666666666666 0.05 0.14
0 0.18 0.7144444444444444 0.056666666666666664 0.14888888888888888
0 0.24 0.7255555555555555 0.065 0.14222222222222222
0 0.365 0.73 0.06 0.13777777777777778
0 0.30333333333333334 0.7422222222222222 0.07166666666666667 0.16444444444444445
0 0.02666666666666667 0.7788888888888889 0.051666666666666666 0.11777777777777777
0 0.445 0.7866666666666666 0.09333333333333334 0.16666666666666666
0 0.07583333333333334 0.7977777777777778 0.05 0.1288888888888889
0 0.5316666666666666 0.8077777777777778 0.08 0.18888888888888888
0 0.1275 0.8211111111111111 0.045 0.13333333333333333
0 0.17833333333333334 0.8377777777777777 0.065 0.13555555555555557
0 0.6316666666666667 0.8444444444444444 0.10166666666666667 0.2111111111111111
0 0.36583333333333334 0.8544444444444445 0.06166666666666667 0.11333333333333333
0 0.2375 0.8644444444444445 0.06 0.13333333333333333
0 0.02666666666666667 0.8766666666666667 0.04666666666666667 0.07555555555555556
0 0.7433333333333333 0.8822222222222222 0.1 0.21777777777777776
0 0.87 0.8944444444444445 0.13666666666666666 0.20666666666666667
0 0.0725 0.8966666666666666 0.04833333333333333 0.07111111111111111
0 0.30416666666666664 0.9011111111111111 0.07166666666666667 0.14444444444444443
0 0.9691666666666666 0.9088888888888889 0.058333333333333334 0.17777777777777778
0 0.12416666666666666 0.9222222222222223 0.045 0.07777777777777778
0 0.44333333333333336 0.9355555555555556 0.08666666666666667 0.12444444444444444
0 0.5316666666666666 0.9477777777777778 0.09 0.1
0 0.3675 0.9544444444444444 0.06166666666666667 0.08666666666666667
0 0.1825 0.9555555555555556 0.06166666666666667 0.08444444444444445
0 0.6241666666666666 0.9622222222222222 0.10166666666666667 0.07111111111111111
0 0.24083333333333334 0.97 0.055 0.05555555555555555
0 0.9325 0.17888888888888888 0.13166666666666665 0.2644444444444444
0 0.8133333333333334 0.18777777777777777 0.13666666666666666 0.24
0 0.6958333333333333 0.19 0.12 0.2288888888888889
0 0.5875 0.1922222222222222 0.11 0.21777777777777776
0 0.4866666666666667 0.19555555555555557 0.09333333333333334 0.20666666666666667
0 0.4025 0.20333333333333334 0.07333333333333333 0.19555555555555557
0 0.3333333333333333 0.2111111111111111 0.06333333333333334 0.17555555555555555
0 0.2675 0.21333333333333335 0.075 0.1711111111111111