0 0.47583333333333333 0.30444444444444446 0.08666666666666667 0.19333333333333333
0 0.035833333333333335 0.35777777777777775 0.07166666666666667 0.19777777777777777
0 0.6875 0.4 0.12 0.23555555555555555
0 0.37166666666666665 0.4011111111111111 0.08666666666666667 0.18222222222222223
0 0.8116666666666666 0.41333333333333333 0.13166666666666665 0.24
0 0.47833333333333333 0.4677777777777778 0.085 0.15555555555555556
0 0.03333333333333333 0.5444444444444444 0.06666666666666667 0.17555555555555555
0 0.37333333333333335 0.5744444444444444 0.12666666666666668 0.2222222222222222
0 0.57 0.5766666666666667 0.10833333333333334 0.23555555555555555
0 0.24916666666666668 0.5788888888888889 0.11 0.2222222222222222
0 0.6791666666666667 0.5933333333333334 0.10833333333333334 0.20222222222222222
0 0.9158333333333334 0.5955555555555555 0.13333333333333333 0.2311111111111111
0 0.47833333333333333 0.6111111111111112 0.07833333333333334 0.13333333333333333
0 0.79 0.6155555555555555 0.11666666666666667 0.18888888888888888
0 0.14583333333333334 0.6633333333333333 0.14666666666666667 0.21333333333333335
0 0.17416666666666666 0.06666666666666667 0.07666666666666666 0.13333333333333333
0 0.065 0.06777777777777778 0.055 0.13111111111111112
0 0.025833333333333333 0.6711111111111111 0.051666666666666666 0.19555555555555557
0 0.5191666666666667 0.07333333333333333 0.03333333333333333 0.14666666666666667
0 0.6708333333333333 0.07333333333333333 0.08666666666666667 0.14666666666666667
0 0.025833333333333333 0.10666666666666667 0.051666666666666666 0.1111111111111111