0 0.8666666666666667 0.185 0.12 0.18833333333333332
0 0.9644444444444444 0.19916666666666666 0.06666666666666667 0.165
0 0.22111111111111112 0.31833333333333336 0.18 0.215
0 0.4011111111111111 0.33 0.17555555555555555 0.19666666666666666
0 0.5711111111111111 0.3433333333333333 0.1622222222222222 0.18833333333333332
0 0.7211111111111111 0.3491666666666667 0.13111111111111112 0.18
0 0.9633333333333334 0.3566666666666667 0.06666666666666667 0.175
0 0.86 0.35833333333333334 0.12222222222222222 0.17166666666666666
0 0.8711111111111111 0.050833333333333335 0.12 0.10166666666666667
0 0.8477777777777777 0.5483333333333333 0.14222222222222222 0.16833333333333333
0 0.7122222222222222 0.5491666666666667 0.1511111111111111 0.17166666666666666
0 0.4011111111111111 0.5516666666666666 0.17777777777777778 0.19
0 0.5633333333333334 0.5516666666666666 0.16444444444444445 0.18333333333333332
0 0.84 0.7116666666666667 0.13555555555555557 0.16666666666666666
0 0.7055555555555556 0.7208333333333333 0.14444444444444443 0.17333333333333334
0 0.5566666666666666 0.73 0.1622222222222222 0.18166666666666667
0 0.4 0.74 0.1711111111111111 0.195
0 0.22111111111111112 0.7433333333333333 0.18666666666666668 0.22833333333333333
0 0.9466666666666667 0.875 0.10222222222222223 0.17666666666666667
0 0.8366666666666667 0.8883333333333333 0.1288888888888889 0.17666666666666667
0 0.7033333333333334 0.9066666666666666 0.14 0.185
0 0.5577777777777778 0.9133333333333333 0.1511111111111111 0.17166666666666666
0 0.39666666666666667 0.9216666666666666 0.1688888888888889 0.155
0 0.23333333333333334 0.9308333333333333 0.15777777777777777 0.13666666666666666
0 0.22444444444444445 0.11583333333333333 0.18666666666666668 0.23166666666666666
0 0.4111111111111111 0.135 0.17777777777777778 0.22166666666666668
0 0.5788888888888889 0.15 0.16 0.2
0 0.7255555555555555 0.16083333333333333 0.13777777777777778 0.19166666666666668