0 0.011666666666666667 0.3026706231454006 0.023333333333333334 0.0771513353115727
0 0.04083333333333333 0.31305637982195844 0.03333333333333333 0.07418397626112759
0 0.0775 0.3219584569732938 0.03833333333333333 0.0771513353115727
0 0.14833333333333334 0.3219584569732938 0.035 0.0712166172106825
0 0.11416666666666667 0.3249258160237389 0.035 0.0712166172106825
0 0.24833333333333332 0.35311572700296734 0.02666666666666667 0.07418397626112759
0 0.2791666666666667 0.3590504451038576 0.03166666666666667 0.0771513353115727
0 0.31083333333333335 0.36350148367952523 0.03 0.0712166172106825
0 0.35833333333333334 0.3664688427299703 0.035 0.07418397626112759
0 0.4041666666666667 0.3724035608308605 0.02666666666666667 0.0712166172106825
0 0.43333333333333335 0.37537091988130566 0.028333333333333332 0.06824925816023739
0 0.4633333333333333 0.37833827893175076 0.02666666666666667 0.0712166172106825
0 0.4925 0.3827893175074184 0.025 0.0712166172106825
0 0.52 0.3827893175074184 0.025 0.0712166172106825
0 0.5766666666666667 0.3916913946587537 0.021666666666666667 0.07418397626112759
0 0.5508333333333333 0.39317507418397624 0.023333333333333334 0.0712166172106825
0 0.6041666666666666 0.3961424332344214 0.023333333333333334 0.0712166172106825
0 0.6325 0.40059347181008903 0.023333333333333334 0.06824925816023739
0 0.6566666666666666 0.4020771513353116 0.023333333333333334 0.06824925816023739
0 0.6825 0.4050445103857567 0.023333333333333334 0.0712166172106825
0 0.7075 0.40801186943620177 0.023333333333333334 0.06528189910979229
0 0.735 0.40801186943620177 0.025 0.06824925816023739
0 0.7616666666666667 0.4124629080118694 0.023333333333333334 0.06528189910979229
0 0.785 0.413946587537092 0.02 0.06231454005934718
0 0.8083333333333333 0.413946587537092 0.023333333333333334 0.06528189910979229
0 0.12833333333333333 0.4169139465875371 0.03666666666666667 0.08011869436201781
0 0.09166666666666666 0.4198813056379822 0.04 0.0830860534124629
0 0.8333333333333334 0.42136498516320475 0.023333333333333334 0.06824925816023739
0 0.1625 0.4228486646884273 0.03833333333333333 0.08605341246290801
0 0.2 0.42729970326409494 0.04 0.07418397626112759
0 0.2475 0.43026706231454004 0.028333333333333332 0.07418397626112759
0 0.2783333333333333 0.43471810089020774 0.02666666666666667 0.06824925816023739
0 0.30916666666666665 0.4391691394658754 0.03166666666666667 0.0771513353115727
0 0.3433333333333333 0.4406528189910979 0.02666666666666667 0.0712166172106825
0 0.3725 0.4406528189910979 0.02666666666666667 0.07418397626112759
0 0.4008333333333333 0.44510385756676557 0.025 0.07418397626112759
0 0.43083333333333335 0.44807121661721067 0.02666666666666667 0.0712166172106825
0 0.46166666666666667 0.45252225519287836 0.028333333333333332 0.07418397626112759
0 0.49166666666666664 0.45252225519287836 0.025 0.06824925816023739
0 0.52 0.4599406528189911 0.021666666666666667 0.07418397626112759
0 0.5475 0.46142433234421365 0.02666666666666667 0.0712166172106825
0 0.6291666666666667 0.46735905044510384 0.023333333333333334 0.06528189910979229
0 0.575 0.4688427299703264 0.02 0.06528189910979229
0 0.6033333333333334 0.47032640949554894 0.02666666666666667 0.06824925816023739
0 0.655 0.47181008902077154 0.023333333333333334 0.05934718100890208
0 0.6825 0.4762611275964392 0.023333333333333334 0.05934718100890208
0 0.7091666666666666 0.47774480712166173 0.023333333333333334 0.06231454005934718
0 0.7325 0.47774480712166173 0.02666666666666667 0.06824925816023739
0 0.02 0.4792284866468843 0.03666666666666667 0.10385756676557864
0 0.7591666666666667 0.4821958456973294 0.025 0.06824925816023739
0 0.785 0.4836795252225519 0.023333333333333334 0.06528189910979229
0 0.81 0.4836795252225519 0.021666666666666667 0.06528189910979229
0 0.05333333333333334 0.48516320474777447 0.03166666666666667 0.08605341246290801
0 0.835 0.486646884272997 0.023333333333333334 0.06824925816023739
0 0.12333333333333334 0.4970326409495549 0.035 0.06824925816023739
0 0.0875 0.49851632047477745 0.035 0.06231454005934718
0 0.16083333333333333 0.49851632047477745 0.03666666666666667 0.0771513353115727
0 0.1975 0.5044510385756676 0.03833333333333333 0.07418397626112759
0 0.24416666666666667 0.5385756676557863 0.03 0.06824925816023739
0 0.3075 0.543026706231454 0.03 0.07418397626112759
0 0.2758333333333333 0.5445103857566765 0.028333333333333332 0.06824925816023739
0 0.34 0.5504451038575667 0.03166666666666667 0.0830860534124629
0 0.37333333333333335 0.5519287833827893 0.03166666666666667 0.08011869436201781
0 0.4325 0.5548961424332344 0.028333333333333332 0.0712166172106825
0 0.4041666666666667 0.5578635014836796 0.025 0.0771513353115727
0 0.46166666666666667 0.5593471810089021 0.02666666666666667 0.0771513353115727
0 0.49 0.5608308605341247 0.02666666666666667 0.08011869436201781
0 0.5183333333333333 0.5608308605341247 0.025 0.0712166172106825
0 0.5458333333333333 0.5608308605341247 0.025 0.06824925816023739
0 0.5758333333333333 0.5652818991097923 0.03 0.0712166172106825
0 0.6041666666666666 0.5652818991097923 0.023333333333333334 0.06824925816023739
0 0.6558333333333334 0.5682492581602374 0.023333333333333334 0.06824925816023739
0 0.6291666666666667 0.56973293768546 0.02666666666666667 0.06824925816023739
0 0.6816666666666666 0.5727002967359051 0.025 0.07418397626112759
0 0.76 0.5727002967359051 0.023333333333333334 0.06824925816023739
0 0.7358333333333333 0.5741839762611276 0.025 0.06528189910979229
0 0.8083333333333333 0.5741839762611276 0.021666666666666667 0.06528189910979229
0 0.7091666666666666 0.5756676557863502 0.02666666666666667 0.0712166172106825
0 0.8333333333333334 0.5756676557863502 0.023333333333333334 0.05934718100890208
0 0.7858333333333334 0.5771513353115727 0.021666666666666667 0.06231454005934718
0 0.24166666666666667 0.615727002967359 0.02666666666666667 0.07418397626112759
0 0.2733333333333333 0.6186943620178041 0.028333333333333332 0.0771513353115727
0 0.30583333333333335 0.6231454005934718 0.03 0.0830860534124629
0 0.3383333333333333 0.6261127596439169 0.028333333333333332 0.07418397626112759
0 0.36916666666666664 0.6305637982195845 0.028333333333333332 0.07418397626112759
0 0.43 0.6305637982195845 0.028333333333333332 0.0771513353115727
0 0.4 0.6320474777448071 0.02666666666666667 0.06824925816023739
0 0.45916666666666667 0.6320474777448071 0.03 0.07418397626112759
0 0.5166666666666667 0.6335311572700296 0.025 0.0771513353115727
0 0.545 0.6335311572700296 0.025 0.0771513353115727
0 0.4891666666666667 0.6350148367952523 0.028333333333333332 0.0712166172106825
0 0.5733333333333334 0.6364985163204748 0.025 0.06824925816023739
0 0.6275 0.6409495548961425 0.023333333333333334 0.0712166172106825
0 0.6541666666666667 0.6409495548961425 0.028333333333333332 0.0712166172106825
0 0.6 0.642433234421365 0.02666666666666667 0.0771513353115727
0 0.8075 0.642433234421365 0.023333333333333334 0.0712166172106825
0 0.7358333333333333 0.6439169139465876 0.02666666666666667 0.0712166172106825
0 0.7858333333333334 0.6439169139465876 0.02 0.06824925816023739
0 0.6825 0.6454005934718101 0.021666666666666667 0.06824925816023739
0 0.7616666666666667 0.6454005934718101 0.025 0.0712166172106825
0 0.71 0.6468842729970327 0.02666666666666667 0.06528189910979229
0 0.23916666666666667 0.7388724035608308 0.021666666666666667 0.0712166172106825
0 0.26666666666666666 0.7388724035608308 0.03166666666666667 0.07418397626112759
0 0.3016666666666667 0.7403560830860534 0.03 0.07418397626112759
0 0.335 0.7403560830860534 0.03166666666666667 0.06824925816023739
0 0.36583333333333334 0.7403560830860534 0.03 0.0830860534124629
0 0.395 0.7403560830860534 0.03 0.08011869436201781
0 0.42583333333333334 0.7462908011869436 0.028333333333333332 0.07418397626112759
0 0.485 0.7462908011869436 0.03 0.06824925816023739
0 0.4558333333333333 0.7477744807121661 0.025 0.07418397626112759
0 0.5158333333333334 0.7477744807121661 0.028333333333333332 0.07418397626112759
0 0.5441666666666667 0.7477744807121661 0.025 0.06231454005934718
0 0.7633333333333333 0.771513353115727 0.02 0.05637982195845697
0 0.6983333333333334 0.7729970326409495 0.02 0.05934718100890208
0 0.72 0.7729970326409495 0.021666666666666667 0.05934718100890208
0 0.6108333333333333 0.7744807121661721 0.021666666666666667 0.05934718100890208
0 0.6316666666666667 0.7744807121661721 0.021666666666666667 0.05637982195845697
0 0.6558333333333334 0.7744807121661721 0.02 0.06528189910979229
0 0.6783333333333333 0.7744807121661721 0.021666666666666667 0.05934718100890208
0 0.7425 0.7759643916913946 0.02 0.05341246290801187
0 0.7825 0.7759643916913946 0.015 0.05637982195845697
0 0.8025 0.7759643916913946 0.02 0.05934718100890208
0 0.5891666666666666 0.7774480712166172 0.02 0.06231454005934718
0 0.8225 0.7789317507418397 0.016666666666666666 0.06231454005934718
0 0.3333333333333333 0.8130563798219584 0.028333333333333332 0.07418397626112759
0 0.3 0.8160237388724035 0.02666666666666667 0.0771513353115727
0 0.2658333333333333 0.8189910979228486 0.02666666666666667 0.0771513353115727
0 0.48333333333333334 0.8189910979228486 0.028333333333333332 0.07418397626112759
0 0.5408333333333334 0.8204747774480712 0.025 0.0712166172106825
0 0.36583333333333334 0.8219584569732937 0.028333333333333332 0.07418397626112759
0 0.39416666666666667 0.8219584569732937 0.028333333333333332 0.07418397626112759
0 0.4225 0.8219584569732937 0.028333333333333332 0.08011869436201781
0 0.4533333333333333 0.8219584569732937 0.028333333333333332 0.0712166172106825
0 0.5141666666666667 0.8234421364985163 0.025 0.07418397626112759
0 0.8083333333333333 0.8931750741839762 0.03166666666666667 0.06824925816023739
0 0.7366666666666667 0.8991097922848664 0.02 0.05934718100890208
0 0.32666666666666666 0.8991097922848664 0.02666666666666667 0.0830860534124629
0 0.39166666666666666 0.8991097922848664 0.03166666666666667 0.0830860534124629
0 0.42333333333333334 0.8991097922848664 0.03 0.0771513353115727
0 0.45416666666666666 0.8991097922848664 0.03166666666666667 0.08011869436201781
0 0.485 0.8991097922848664 0.025 0.0771513353115727
0 0.7175 0.8991097922848664 0.02 0.05341246290801187
0 0.6541666666666667 0.8991097922848664 0.028333333333333332 0.06528189910979229
0 0.7583333333333333 0.8991097922848664 0.023333333333333334 0.05934718100890208
0 0.26416666666666666 0.900593471810089 0.03 0.0830860534124629
0 0.36083333333333334 0.900593471810089 0.028333333333333332 0.07418397626112759
0 0.5391666666666667 0.900593471810089 0.02666666666666667 0.07418397626112759
0 0.6958333333333333 0.900593471810089 0.018333333333333333 0.05637982195845697
0 0.6133333333333333 0.9020771513353115 0.023333333333333334 0.06528189910979229
0 0.7783333333333333 0.9020771513353115 0.02 0.05637982195845697
0 0.29583333333333334 0.9020771513353115 0.028333333333333332 0.08605341246290801
0 0.5125 0.9020771513353115 0.025 0.07418397626112759
0 0.6783333333333333 0.9020771513353115 0.018333333333333333 0.05341246290801187
0 0.5916666666666667 0.9020771513353115 0.018333333333333333 0.06528189910979229
0 0.6316666666666667 0.9050445103857567 0.018333333333333333 0.06824925816023739
0 0.013333333333333334 0.228486646884273 0.023333333333333334 0.08011869436201781
0 0.0425 0.23738872403560832 0.035 0.08605341246290801
0 0.08 0.24183976261127596 0.03333333333333333 0.0830860534124629
0 0.11416666666666667 0.24925816023738873 0.03666666666666667 0.0771513353115727