0 0.6691666666666667 0.30415430267062316 0.07 0.1661721068249258
0 0.9525 0.3590504451038576 0.08666666666666667 0.18694362017804153
0 0.22416666666666665 0.36053412462908013 0.07666666666666666 0.27002967359050445
0 0.2966666666666667 0.39020771513353114 0.07833333333333334 0.2878338278931751
0 0.5941666666666666 0.3961424332344214 0.06833333333333333 0.21364985163204747
0 0.38666666666666666 0.4287833827893175 0.10166666666666667 0.3056379821958457
0 0.6625 0.45548961424332346 0.06666666666666667 0.14540059347181009
0 0.49666666666666665 0.4599406528189911 0.11833333333333333 0.32047477744807124
0 0.7466666666666667 0.46142433234421365 0.08166666666666667 0.2166172106824926
0 0.06416666666666666 0.4821958456973294 0.045 0.18397626112759644
0 0.8575 0.5133531157270029 0.07166666666666667 0.19287833827893175
0 0.12 0.5207715133531158 0.07166666666666667 0.22551928783382788
0 0.9483333333333334 0.5459940652818991 0.07833333333333334 0.18694362017804153
0 0.17666666666666667 0.5548961424332344 0.05333333333333334 0.21364985163204747
0 0.23 0.6068249258160238 0.06833333333333333 0.228486646884273
0 0.3 0.6572700296735905 0.07166666666666667 0.2433234421364985
0 0.38666666666666666 0.7151335311572701 0.095 0.2522255192878338
0 0.4875 0.7537091988130564 0.10166666666666667 0.26706231454005935
0 0.5975 0.8100890207715133 0.12166666666666667 0.3323442136498516
0 0.37833333333333335 0.16913946587537093 0.07333333333333333 0.11869436201780416
0 0.16666666666666666 0.17655786350148367 0.07333333333333333 0.14540059347181009
0 0.495 0.2062314540059347 0.051666666666666666 0.1394658753709199
0 0.7591666666666667 0.24925816023738873 0.08833333333333333 0.18397626112759644
0 0.0725 0.2789317507418398 0.095 0.228486646884273