0 0.09833333333333333 0.3977777777777778 0.19166666666666668 0.34444444444444444
0 0.615 0.4666666666666667 0.18333333333333332 0.3022222222222222
0 0.22583333333333333 0.48 0.12333333333333334 0.2088888888888889
0 0.7633333333333333 0.48333333333333334 0.17833333333333334 0.2688888888888889
0 0.5025 0.51 0.065 0.14222222222222222
0 0.905 0.54 0.16833333333333333 0.22
0 0.0825 0.68 0.16166666666666665 0.36666666666666664
0 0.255 0.6888888888888889 0.22 0.35777777777777775
0 0.4508333333333333 0.7133333333333334 0.18333333333333332 0.33111111111111113
0 0.6408333333333334 0.7322222222222222 0.205 0.32222222222222224
0 0.8083333333333333 0.7511111111111111 0.20166666666666666 0.3111111111111111
0 0.9408333333333333 0.7811111111111111 0.115 0.25555555555555554