0 0.7366666666666667 0.35777777777777775 0.11833333333333333 0.22
0 0.6191666666666666 0.36 0.115 0.22444444444444445
0 0.49666666666666665 0.36444444444444446 0.12833333333333333 0.22666666666666666
0 0.38 0.37 0.10666666666666667 0.23333333333333334
0 0.2375 0.37333333333333335 0.11666666666666667 0.25333333333333335
0 0.24583333333333332 0.6044444444444445 0.10833333333333334 0.23333333333333334
0 0.25333333333333335 0.8133333333333334 0.11333333333333333 0.2311111111111111
0 0.38083333333333336 0.5933333333333334 0.11 0.22
0 0.38666666666666666 0.8011111111111111 0.11 0.2111111111111111
0 0.5016666666666667 0.58 0.11 0.21777777777777776
0 0.5033333333333333 0.7833333333333333 0.10166666666666667 0.2
0 0.615 0.5744444444444444 0.11 0.2088888888888889
0 0.6158333333333333 0.7755555555555556 0.1 0.18888888888888888
0 0.11666666666666667 0.8311111111111111 0.115 0.24
0 0.10416666666666667 0.38333333333333336 0.10833333333333334 0.2644444444444444
0 0.1125 0.6233333333333333 0.12333333333333334 0.22666666666666666
0 0.7325 0.5677777777777778 0.11166666666666666 0.20222222222222222
0 0.7291666666666666 0.7622222222222222 0.10333333333333333 0.18666666666666668
0 0.8308333333333333 0.7433333333333333 0.09666666666666666 0.18666666666666668
0 0.8383333333333334 0.5533333333333333 0.10166666666666667 0.19333333333333333
0 0.8458333333333333 0.3522222222222222 0.1 0.2088888888888889
0 0.9425 0.35 0.09333333333333334 0.2088888888888889
0 0.9275 0.7333333333333333 0.095 0.18222222222222223
0 0.9333333333333333 0.55 0.09 0.19111111111111112
0 0.7866666666666666 0.06333333333333334 0.105 0.12444444444444444
0 0.6825 0.06222222222222222 0.10166666666666667 0.12222222222222222
0 0.5741666666666667 0.06 0.11 0.11555555555555555
0 0.45916666666666667 0.058888888888888886 0.11666666666666667 0.11777777777777777
0 0.3275 0.056666666666666664 0.12333333333333334 0.1111111111111111
0 0.19083333333333333 0.056666666666666664 0.125 0.11333333333333333
0 0.058333333333333334 0.058888888888888886 0.115 0.11333333333333333
0 0.9041666666666667 0.06222222222222222 0.115 0.12