0 0.2633333333333333 0.29821958456973297 0.07 0.18694362017804153
0 0.8275 0.3056379821958457 0.04833333333333333 0.12166172106824925
0 0.8683333333333333 0.3189910979228487 0.05 0.1632047477744807
0 0.32916666666666666 0.32047477744807124 0.06333333333333334 0.18991097922848665
0 0.9083333333333333 0.33086053412462907 0.04666666666666667 0.12462908011869436
0 0.39416666666666667 0.3353115727002967 0.065 0.18100890207715134
0 0.9471333333333333 0.341513353115727 0.03605000000000018 0.12581602373887238
0 0.4558333333333333 0.3560830860534125 0.05333333333333334 0.1661721068249258
0 0.9816166666666667 0.35875370919881305 0.03434999999999983 0.12732937685459944
0 0.5108333333333334 0.3798219584569733 0.058333333333333334 0.17507418397626112
0 0.4633333333333333 0.03857566765578635 0.058333333333333334 0.0771513353115727
0 0.7741666666666667 0.040059347181008904 0.041666666666666664 0.08011869436201781
0 0.6283333333333333 0.4124629080118694 0.06166666666666667 0.1543026706231454
0 0.5183333333333333 0.04302670623145401 0.05 0.08605341246290801
0 0.685 0.4406528189910979 0.05 0.1543026706231454
0 0.8458333333333333 0.04599406528189911 0.04833333333333333 0.09198813056379822
0 0.725 0.45252225519287836 0.051666666666666666 0.13649851632047477
0 0.12083333333333333 0.45548961424332346 0.07666666666666666 0.20474777448071216
0 0.77 0.4658753709198813 0.043333333333333335 0.13056379821958458
0 0.19583333333333333 0.47032640949554894 0.075 0.19881305637982197
0 0.8083333333333333 0.4732937685459941 0.043333333333333335 0.13649851632047477
0 0.13833333333333334 0.04747774480712166 0.085 0.09495548961424333
0 0.27 0.486646884272997 0.07333333333333333 0.19287833827893175
0 0.8541666666666666 0.4970326409495549 0.056666666666666664 0.18694362017804153
0 0.3375 0.5 0.06333333333333334 0.18991097922848665
0 0.5658333333333333 0.050445103857566766 0.05 0.10089020771513353
0 0.885 0.05192878338278932 0.041666666666666664 0.09495548961424333
0 0.4033333333333333 0.5148367952522255 0.06666666666666667 0.18991097922848665
0 0.4675 0.526706231454006 0.056666666666666664 0.17804154302670624
0 0.5233333333333333 0.5400593471810089 0.06333333333333334 0.17210682492581603
0 0.5775 0.5578635014836796 0.04833333333333333 0.1632047477744807
0 0.6433333333333333 0.5756676557863502 0.06833333333333333 0.1632047477744807
0 0.9591666666666666 0.5905044510385756 0.075 0.2403560830860534
0 0.6966666666666667 0.5934718100890207 0.051666666666666666 0.1572700296735905
0 0.7325 0.5979228486646885 0.04833333333333333 0.142433234421365
0 0.7775 0.6053412462908012 0.055 0.1572700296735905
0 0.825 0.615727002967359 0.051666666666666666 0.1572700296735905
0 0.61 0.06676557863501484 0.043333333333333335 0.13353115727002968
0 0.8675 0.6543026706231454 0.056666666666666664 0.1394658753709199
0 0.12666666666666668 0.6543026706231454 0.07666666666666666 0.20178041543026706
0 0.905 0.655786350148368 0.05333333333333334 0.142433234421365
0 0.20083333333333334 0.6632047477744807 0.07166666666666667 0.19881305637982197
0 0.2725 0.6780415430267063 0.07166666666666667 0.19287833827893175
0 0.21833333333333332 0.06824925816023739 0.06666666666666667 0.13649851632047477
0 0.3433333333333333 0.6884272997032641 0.06833333333333333 0.19584569732937684
0 0.4116666666666667 0.6973293768545994 0.06666666666666667 0.18991097922848665
0 0.47583333333333333 0.7091988130563798 0.06166666666666667 0.18694362017804153
0 0.5325 0.7166172106824926 0.06833333333333333 0.19287833827893175
0 0.5833333333333334 0.7299703264094956 0.06166666666666667 0.18100890207715134
0 0.6483333333333333 0.7433234421364985 0.06166666666666667 0.1632047477744807
0 0.7091666666666666 0.7492581602373887 0.051666666666666666 0.16023738872403562
0 0.75 0.7492581602373887 0.05 0.17804154302670624
0 0.7933333333333333 0.7670623145400594 0.043333333333333335 0.1632047477744807
0 0.295 0.07863501483679525 0.07333333333333333 0.14836795252225518
0 0.8358333333333333 0.771513353115727 0.045 0.1632047477744807
0 0.8775 0.7952522255192879 0.041666666666666664 0.1572700296735905
0 0.9591666666666666 0.7967359050445104 0.04666666666666667 0.1513353115727003
0 0.92 0.8026706231454006 0.05 0.1394658753709199
0 0.6483333333333333 0.08753709198813056 0.04833333333333333 0.13353115727002968
0 0.3525 0.09792284866468842 0.06666666666666667 0.17507418397626112
0 0.695 0.10385756676557864 0.051666666666666666 0.1543026706231454
0 0.9260999999999999 0.11083086053412464 0.03436666666666648 0.10783382789317508
0 0.41583333333333333 0.12166172106824925 0.058333333333333334 0.14836795252225518
0 0.7408333333333333 0.12166172106824925 0.04666666666666667 0.1572700296735905
0 0.9572333333333334 0.12732937685459939 0.030999999999999847 0.10783382789317508
0 0.7816666666666666 0.13501483679525222 0.041666666666666664 0.16023738872403562
0 0.9858333333333333 0.1394658753709199 0.025 0.11275964391691394
0 0.8166666666666667 0.14540059347181009 0.043333333333333335 0.14836795252225518
0 0.4658333333333333 0.14985163204747776 0.06 0.1513353115727003
0 0.8575 0.1513353115727003 0.056666666666666664 0.1572700296735905
0 0.8925 0.15875370919881307 0.04833333333333333 0.14540059347181009
0 0.5233333333333333 0.16172106824925817 0.055 0.1632047477744807
0 0.5741666666666667 0.18694362017804153 0.051666666666666666 0.18100890207715134
0 0.6175 0.2166172106824926 0.04666666666666667 0.1661721068249258
0 0.9366166666666668 0.21943620178041545 0.03184999999999983 0.11234421364985162
0 0.6575 0.22997032640949555 0.041666666666666664 0.1394658753709199
0 0.9702666666666666 0.24341246290801188 0.03688333333333352 0.10635014836795254
0 0.7058333333333333 0.25370919881305637 0.051666666666666666 0.13056379821958458
0 0.11916666666666667 0.258160237388724 0.07833333333333334 0.20178041543026706
0 0.7516666666666667 0.2789317507418398 0.04833333333333333 0.12759643916913946
0 0.1925 0.2818991097922849 0.07333333333333333 0.19584569732937684
0 0.7916666666666666 0.2952522255192878 0.045 0.13056379821958458