0 0.145 0.03666666666666667 0.09666666666666666 0.07111111111111111
0 0.9833333333333333 0.4077777777777778 0.03 0.14888888888888888
0 0.94 0.41333333333333333 0.05 0.15555555555555556
0 0.8233333333333334 0.41555555555555557 0.075 0.16444444444444445
0 0.745 0.41888888888888887 0.08166666666666667 0.16
0 0.66 0.42 0.08666666666666667 0.1622222222222222
0 0.48083333333333333 0.42444444444444446 0.08666666666666667 0.1688888888888889
0 0.5708333333333333 0.4255555555555556 0.08166666666666667 0.1688888888888889
0 0.3858333333333333 0.4266666666666667 0.08666666666666667 0.17333333333333334
0 0.2816666666666667 0.4288888888888889 0.08833333333333333 0.18
0 0.18416666666666667 0.43 0.09333333333333334 0.18444444444444444
0 0.24666666666666667 0.04555555555555556 0.105 0.09111111111111111
0 0.44916666666666666 0.04555555555555556 0.09166666666666666 0.08888888888888889
0 0.5391666666666667 0.05 0.08666666666666667 0.1
0 0.35083333333333333 0.051111111111111114 0.09166666666666666 0.10222222222222223
0 0.7066666666666667 0.05444444444444444 0.085 0.10444444444444445
0 0.6225 0.05555555555555555 0.08166666666666667 0.10666666666666667
0 0.9791666666666666 0.5577777777777778 0.03833333333333333 0.14222222222222222
0 0.9358333333333333 0.5633333333333334 0.051666666666666666 0.14222222222222222
0 0.8158333333333333 0.5677777777777778 0.07833333333333334 0.15333333333333332
0 0.7408333333333333 0.5722222222222222 0.07166666666666667 0.15777777777777777
0 0.6566666666666666 0.5811111111111111 0.08666666666666667 0.15777777777777777
0 0.5658333333333333 0.5866666666666667 0.085 0.16
0 0.48 0.59 0.085 0.1622222222222222
0 0.3883333333333333 0.5944444444444444 0.08333333333333333 0.1622222222222222
0 0.2841666666666667 0.6033333333333334 0.08666666666666667 0.17555555555555555
0 0.18666666666666668 0.61 0.085 0.18
0 0.9741666666666666 0.6966666666666667 0.04833333333333333 0.14
0 0.9291666666666667 0.7044444444444444 0.045 0.13777777777777778
0 0.8125 0.7088888888888889 0.07166666666666667 0.13777777777777778
0 0.7366666666666667 0.72 0.07333333333333333 0.14222222222222222
0 0.6533333333333333 0.7311111111111112 0.08 0.14444444444444443
0 0.565 0.74 0.08 0.14888888888888888
0 0.4791666666666667 0.7466666666666667 0.08166666666666667 0.14888888888888888
0 0.38666666666666666 0.7488888888888889 0.09 0.15555555555555556
0 0.2891666666666667 0.7644444444444445 0.09 0.15777777777777777
0 0.19 0.7711111111111111 0.08666666666666667 0.1622222222222222
0 0.1475 0.15888888888888889 0.09333333333333334 0.1688888888888889
0 0.24666666666666667 0.1622222222222222 0.105 0.1711111111111111
0 0.35083333333333333 0.16777777777777778 0.09333333333333334 0.16666666666666666
0 0.44916666666666666 0.1711111111111111 0.09166666666666666 0.16
0 0.5391666666666667 0.17666666666666667 0.08 0.15333333333333332
0 0.6191666666666666 0.17666666666666667 0.08166666666666667 0.14666666666666667
0 0.7033333333333334 0.17777777777777778 0.08666666666666667 0.14888888888888888
0 0.79 0.17888888888888888 0.085 0.14888888888888888