0 0.9458333333333333 0.24888888888888888 0.105 0.1511111111111111
0 0.85 0.2788888888888889 0.11 0.13333333333333333
0 0.7591666666666667 0.34444444444444444 0.075 0.08444444444444445
0 0.5916666666666667 0.3711111111111111 0.06 0.14666666666666667
0 0.46166666666666667 0.37555555555555553 0.095 0.14666666666666667
0 0.5341666666666667 0.3844444444444444 0.058333333333333334 0.12444444444444444
0 0.17416666666666666 0.4022222222222222 0.05 0.12444444444444444
0 0.9566666666666667 0.4022222222222222 0.085 0.13111111111111112
0 0.38916666666666666 0.4111111111111111 0.06333333333333334 0.12222222222222222
0 0.2725 0.41333333333333333 0.051666666666666666 0.11333333333333333
0 0.865 0.41444444444444445 0.105 0.13555555555555557
0 0.10583333333333333 0.41888888888888887 0.05 0.10444444444444445
0 0.21833333333333332 0.4222222222222222 0.041666666666666664 0.10888888888888888
0 0.3175 0.43333333333333335 0.06 0.07333333333333333
0 0.7566666666666667 0.45222222222222225 0.09166666666666666 0.12666666666666668
0 0.16333333333333333 0.4766666666666667 0.035 0.09777777777777778
0 0.59 0.4777777777777778 0.058333333333333334 0.11333333333333333
0 0.1325 0.48777777777777775 0.03833333333333333 0.07333333333333333
0 0.4508333333333333 0.49333333333333335 0.1 0.12444444444444444
0 0.09083333333333334 0.49777777777777776 0.04666666666666667 0.08
0 0.37916666666666665 0.5144444444444445 0.06333333333333334 0.10222222222222223
0 0.30916666666666665 0.5277777777777778 0.06 0.11555555555555555
0 0.2575 0.5322222222222223 0.05333333333333334 0.11333333333333333
0 0.20083333333333334 0.5366666666666666 0.06 0.12222222222222222
0 0.15416666666666667 0.5655555555555556 0.045 0.07333333333333333
0 0.11916666666666667 0.5666666666666667 0.035 0.07333333333333333
0 0.0775 0.5711111111111111 0.04833333333333333 0.06888888888888889
0 0.9516666666666667 0.6922222222222222 0.09333333333333334 0.14888888888888888
0 0.8566666666666667 0.7 0.11166666666666666 0.13555555555555557
0 0.3025 0.7033333333333334 0.06833333333333333 0.07555555555555556
0 0.5825 0.7044444444444444 0.085 0.13777777777777778
0 0.6708333333333333 0.7088888888888889 0.095 0.1288888888888889
0 0.7583333333333333 0.7111111111111111 0.09166666666666666 0.14666666666666667
0 0.4375 0.7388888888888889 0.056666666666666664 0.12666666666666668
0 0.245 0.7655555555555555 0.07166666666666667 0.09111111111111111
0 0.030833333333333334 0.7744444444444445 0.06166666666666667 0.07555555555555556
0 0.16666666666666666 0.7877777777777778 0.056666666666666664 0.07777777777777778
0 0.095 0.7933333333333333 0.06333333333333334 0.06888888888888889
0 0.3125 0.8255555555555556 0.08 0.17333333333333334
0 0.3908333333333333 0.8311111111111111 0.06833333333333333 0.17555555555555555
0 0.0175 0.8511111111111112 0.035 0.08
0 0.0725 0.8544444444444445 0.07166666666666667 0.07777777777777778
0 0.22583333333333333 0.8544444444444445 0.07833333333333334 0.08888888888888889
0 0.57 0.8622222222222222 0.10166666666666667 0.18
0 0.15416666666666667 0.8622222222222222 0.06166666666666667 0.06888888888888889
0 0.6675 0.8644444444444445 0.09666666666666666 0.18
0 0.8725 0.8655555555555555 0.13166666666666665 0.18222222222222223
0 0.9591666666666666 0.8677777777777778 0.07833333333333334 0.19777777777777777
0 0.7658333333333334 0.8722222222222222 0.105 0.18
0 0.44416666666666665 0.8844444444444445 0.05 0.15333333333333332
0 0.01 0.9377777777777778 0.02 0.09111111111111111
0 0.041666666666666664 0.9411111111111111 0.043333333333333335 0.08222222222222222
0 0.08583333333333333 0.9444444444444444 0.058333333333333334 0.09333333333333334
0 0.15 0.9488888888888889 0.06333333333333334 0.1
0 0.22416666666666665 0.9511111111111111 0.07833333333333334 0.09333333333333334
0 0.37916666666666665 0.9555555555555556 0.07833333333333334 0.08444444444444445
0 0.3016666666666667 0.9611111111111111 0.07666666666666666 0.07333333333333333
0 0.8433333333333334 0.15666666666666668 0.09666666666666666 0.12222222222222222