0 0.8283333333333334 0.2011111111111111 0.095 0.19333333333333333
0 0.73 0.21333333333333335 0.10166666666666667 0.2
0 0.7425 0.39222222222222225 0.1 0.18666666666666668
0 0.835 0.3811111111111111 0.09833333333333333 0.18888888888888888
0 0.7475 0.5633333333333334 0.09666666666666666 0.17777777777777778
0 0.8441666666666666 0.5522222222222222 0.09666666666666666 0.17777777777777778
0 0.65 0.5777777777777777 0.095 0.18
0 0.6441666666666667 0.39444444444444443 0.09833333333333333 0.18444444444444444
0 0.6341666666666667 0.21333333333333335 0.1 0.2
0 0.215 0.6166666666666667 0.11 0.18666666666666668
0 0.205 0.43 0.11333333333333333 0.19777777777777777
0 0.19666666666666666 0.23666666666666666 0.11833333333333333 0.19777777777777777
0 0.3308333333333333 0.6055555555555555 0.10666666666666667 0.18444444444444444
0 0.3225 0.4211111111111111 0.10166666666666667 0.18888888888888888
0 0.31333333333333335 0.2311111111111111 0.10333333333333333 0.19333333333333333
0 0.43916666666666665 0.5955555555555555 0.10166666666666667 0.18222222222222223
0 0.5425 0.5855555555555556 0.10333333333333333 0.1711111111111111
0 0.4325 0.4111111111111111 0.10166666666666667 0.19333333333333333
0 0.5366666666666666 0.4033333333333333 0.10166666666666667 0.19333333333333333
0 0.4225 0.22666666666666666 0.10166666666666667 0.2
0 0.525 0.21666666666666667 0.095 0.19777777777777777
0 0.09083333333333334 0.6311111111111111 0.09166666666666666 0.20222222222222222
0 0.08833333333333333 0.43555555555555553 0.09833333333333333 0.19777777777777777
0 0.08166666666666667 0.24 0.09666666666666666 0.20666666666666667
0 0.9691666666666666 0.19333333333333333 0.06 0.18666666666666668
0 0.9791666666666666 0.5355555555555556 0.04 0.17333333333333334
0 0.9741666666666666 0.3711111111111111 0.05 0.1688888888888889