0 0.38724035608308605 0.1725 0.03857566765578635 0.043333333333333335
0 0.35014836795252224 0.17583333333333334 0.032640949554896145 0.045
0 0.3219584569732938 0.1825 0.020771513353115726 0.03833333333333333
0 0.29673590504451036 0.18666666666666668 0.02373887240356083 0.03833333333333333
0 0.2685459940652819 0.18833333333333332 0.02967359050445104 0.04
0 0.9109792284866469 0.19833333333333333 0.06231454005934718 0.07833333333333334
0 0.8456973293768546 0.2025 0.05934718100890208 0.07666666666666666
0 0.7729970326409495 0.21 0.0771513353115727 0.07333333333333333
0 0.7062314540059347 0.21583333333333332 0.05637982195845697 0.075
0 0.6216617210682492 0.225 0.03560830860534125 0.075
0 0.5830860534124629 0.22833333333333333 0.03560830860534125 0.07
0 0.9376854599406528 0.024166666666666666 0.05934718100890208 0.04833333333333333
0 0.5356083086053413 0.23333333333333334 0.05637982195845697 0.06666666666666667
0 0.4792284866468843 0.23666666666666666 0.04747774480712166 0.06166666666666667
0 0.4332344213649852 0.23916666666666667 0.03857566765578635 0.056666666666666664
0 0.3724035608308605 0.24166666666666667 0.026706231454005934 0.05333333333333334
0 0.34421364985163205 0.24416666666666667 0.02967359050445104 0.04833333333333333
0 0.314540059347181 0.24583333333333332 0.03560830860534125 0.045
0 0.2744807121661721 0.24916666666666668 0.02967359050445104 0.043333333333333335
0 0.8323442136498517 0.2825 0.06824925816023739 0.07833333333333334
0 0.9020771513353115 0.2825 0.0712166172106825 0.08166666666666667
0 0.7640949554896143 0.2833333333333333 0.07418397626112759 0.07333333333333333
0 0.7002967359050445 0.2866666666666667 0.05637982195845697 0.06666666666666667
0 0.34718100890207715 0.295 0.03560830860534125 0.05
0 0.3768545994065282 0.295 0.020771513353115726 0.051666666666666666
0 0.42729970326409494 0.29583333333333334 0.04154302670623145 0.055
0 0.5786350148367952 0.29583333333333334 0.03560830860534125 0.06
0 0.6201780415430267 0.29583333333333334 0.03560830860534125 0.06333333333333334
0 0.21216617210682492 0.29583333333333334 0.04451038575667656 0.04666666666666667
0 0.31305637982195844 0.2966666666666667 0.032640949554896145 0.051666666666666666
0 0.5252225519287834 0.2966666666666667 0.05637982195845697 0.056666666666666664
0 0.47477744807121663 0.2975 0.04451038575667656 0.055
0 0.2774480712166172 0.2991666666666667 0.03560830860534125 0.04833333333333333
0 0.8649851632047477 0.03 0.08605341246290801 0.06
0 0.21068249258160238 0.3466666666666667 0.050445103857566766 0.05
0 0.34718100890207715 0.3491666666666667 0.026706231454005934 0.058333333333333334
0 0.2744807121661721 0.3491666666666667 0.03560830860534125 0.04833333333333333
0 0.31305637982195844 0.35 0.03560830860534125 0.05
0 0.3724035608308605 0.3516666666666667 0.017804154302670624 0.055
0 0.43026706231454004 0.35333333333333333 0.03857566765578635 0.058333333333333334
0 0.47477744807121663 0.3541666666666667 0.04451038575667656 0.056666666666666664
0 0.6928783382789317 0.35583333333333333 0.05637982195845697 0.07166666666666667
0 0.5237388724035609 0.3566666666666667 0.04747774480712166 0.056666666666666664
0 0.7537091988130564 0.3566666666666667 0.08011869436201781 0.07333333333333333
0 0.8902077151335311 0.3566666666666667 0.06824925816023739 0.07666666666666666
0 0.5756676557863502 0.35833333333333334 0.04451038575667656 0.056666666666666664
0 0.612759643916914 0.35833333333333334 0.03560830860534125 0.058333333333333334
0 0.8249258160237388 0.3591666666666667 0.05934718100890208 0.07
0 0.7922848664688428 0.03916666666666667 0.06231454005934718 0.07833333333333334
0 0.21068249258160238 0.3958333333333333 0.05341246290801187 0.045
0 0.2774480712166172 0.41333333333333333 0.02967359050445104 0.05
0 0.31008902077151335 0.4166666666666667 0.032640949554896145 0.05
0 0.3427299703264095 0.41833333333333333 0.026706231454005934 0.05
0 0.4228486646884273 0.425 0.02967359050445104 0.055
0 0.46142433234421365 0.4275 0.03857566765578635 0.055
0 0.5118694362017804 0.43 0.05637982195845697 0.05333333333333334
0 0.5623145400593472 0.435 0.032640949554896145 0.06
0 0.6053412462908012 0.4375 0.03857566765578635 0.06
0 0.6810089020771514 0.44583333333333336 0.05934718100890208 0.06833333333333333
0 0.744807121661721 0.44916666666666666 0.06824925816023739 0.07333333333333333
0 0.8189910979228486 0.455 0.0771513353115727 0.07333333333333333
0 0.8857566765578635 0.45916666666666667 0.05637982195845697 0.07833333333333334
0 0.271513353115727 0.4608333333333333 0.032640949554896145 0.043333333333333335
0 0.3353115727002967 0.4658333333333333 0.03560830860534125 0.04833333333333333
0 0.3026706231454006 0.4666666666666667 0.026706231454005934 0.04833333333333333
0 0.41543026706231456 0.4791666666666667 0.03560830860534125 0.05333333333333334
0 0.45548961424332346 0.4816666666666667 0.04154302670623145 0.051666666666666666
0 0.7329376854599406 0.04833333333333333 0.05637982195845697 0.08
0 0.5014836795252225 0.4875 0.050445103857566766 0.06
0 0.5519287833827893 0.495 0.04451038575667656 0.06333333333333334
0 0.599406528189911 0.49833333333333335 0.04451038575667656 0.06333333333333334
0 0.271513353115727 0.5075 0.026706231454005934 0.04666666666666667
0 0.6735905044510386 0.51 0.06231454005934718 0.06166666666666667
0 0.3026706231454006 0.5141666666666667 0.032640949554896145 0.043333333333333335
0 0.3353115727002967 0.5158333333333334 0.03560830860534125 0.04666666666666667
0 0.7373887240356083 0.5166666666666667 0.06824925816023739 0.07
0 0.8115727002967359 0.5258333333333334 0.06824925816023739 0.07166666666666667
0 0.4169139465875371 0.5333333333333333 0.03857566765578635 0.051666666666666666
0 0.8753709198813057 0.5333333333333333 0.05341246290801187 0.07666666666666666
0 0.456973293768546 0.5383333333333333 0.03857566765578635 0.058333333333333334
0 0.5044510385756676 0.5475 0.050445103857566766 0.058333333333333334
0 0.5534124629080118 0.5558333333333333 0.04451038575667656 0.058333333333333334
0 0.5934718100890207 0.5633333333333334 0.03560830860534125 0.06333333333333334
0 0.6676557863501483 0.575 0.050445103857566766 0.06833333333333333
0 0.728486646884273 0.5858333333333333 0.06528189910979229 0.06666666666666667
0 0.7997032640949555 0.595 0.0771513353115727 0.07
0 0.6676557863501483 0.06 0.07418397626112759 0.07833333333333334
0 0.42433234421364985 0.6 0.03560830860534125 0.055
0 0.8664688427299704 0.605 0.050445103857566766 0.07
0 0.46142433234421365 0.6083333333333333 0.04154302670623145 0.058333333333333334
0 0.5029673590504451 0.6175 0.04451038575667656 0.055
0 0.5474777448071216 0.6275 0.04154302670623145 0.06
0 0.586053412462908 0.6366666666666667 0.03560830860534125 0.06166666666666667
0 0.4169139465875371 0.65 0.03857566765578635 0.055
0 0.6691394658753709 0.655 0.04451038575667656 0.07
0 0.45548961424332346 0.6583333333333333 0.03560830860534125 0.056666666666666664
0 0.7240356083086054 0.6683333333333333 0.06528189910979229 0.07333333333333333
0 0.49851632047477745 0.6708333333333333 0.050445103857566766 0.06
0 0.787833827893175 0.6825 0.05934718100890208 0.07666666666666666
0 0.5459940652818991 0.685 0.04451038575667656 0.06333333333333334
0 0.8427299703264095 0.6975 0.05341246290801187 0.07
0 0.5845697329376854 0.6991666666666667 0.03560830860534125 0.065
0 0.6172106824925816 0.07083333333333333 0.03857566765578635 0.07
0 0.4169139465875371 0.7008333333333333 0.03560830860534125 0.058333333333333334
0 0.45252225519287836 0.7108333333333333 0.03560830860534125 0.06
0 0.6646884272997032 0.7158333333333333 0.050445103857566766 0.06833333333333333
0 0.49258160237388726 0.7225 0.04451038575667656 0.058333333333333334
0 0.7195845697329377 0.7316666666666667 0.05934718100890208 0.07166666666666667
0 0.5400593471810089 0.7441666666666666 0.03560830860534125 0.06166666666666667
0 0.7774480712166172 0.7483333333333333 0.05934718100890208 0.07333333333333333
0 0.5771513353115727 0.7575 0.032640949554896145 0.06833333333333333
0 0.8382789317507419 0.7683333333333333 0.06528189910979229 0.065
0 0.658753709198813 0.7783333333333333 0.04747774480712166 0.06833333333333333
0 0.7136498516320475 0.7925 0.06231454005934718 0.07166666666666667
0 0.7759643916913946 0.8125 0.05934718100890208 0.07333333333333333
0 0.9362017804154302 0.08416666666666667 0.06528189910979229 0.08833333333333333
0 0.8293768545994066 0.8358333333333333 0.05637982195845697 0.07
0 0.8635014836795252 0.09666666666666666 0.09198813056379822 0.09166666666666666
0 0.787833827893175 0.10916666666666666 0.05637982195845697 0.08166666666666667
0 0.7299703264094956 0.11916666666666667 0.05637982195845697 0.07333333333333333
0 0.3827893175074184 0.12583333333333332 0.03857566765578635 0.045
0 0.34718100890207715 0.12833333333333333 0.03560830860534125 0.043333333333333335
0 0.6646884272997032 0.12916666666666668 0.07418397626112759 0.07833333333333334
0 0.6142433234421365 0.13583333333333333 0.03857566765578635 0.07
0 0.3219584569732938 0.14083333333333334 0.020771513353115726 0.041666666666666664
0 0.5729376854599407 0.14151666666666665 0.05210682492581603 0.06359999999999999
0 0.2952522255192878 0.14333333333333334 0.02967359050445104 0.043333333333333335
0 0.2655786350148368 0.14666666666666667 0.02967359050445104 0.03666666666666667
0 0.5237388724035609 0.1475 0.04747774480712166 0.06166666666666667
0 0.47774480712166173 0.15833333333333333 0.03857566765578635 0.055
0 0.4317507418397626 0.16333333333333333 0.04747774480712166 0.055