0 0.9272997032640949 0.39166666666666666 0.09792284866468842 0.11333333333333333
0 0.8175074183976261 0.39916666666666667 0.11869436201780416 0.11
0 0.6543026706231454 0.41 0.1543026706231454 0.13
0 0.48813056379821956 0.41833333333333333 0.14540059347181009 0.13
0 0.3353115727002967 0.4241666666666667 0.142433234421365 0.12333333333333334
0 0.8264094955489614 0.5225 0.16023738872403562 0.13666666666666666
0 0.9703264094955489 0.5375 0.05341246290801187 0.155
0 0.6602373887240356 0.5375 0.14836795252225518 0.12666666666666668
0 0.48813056379821956 0.5416666666666666 0.1394658753709199 0.125
0 0.3323442136498516 0.5466666666666666 0.13649851632047477 0.12333333333333334
0 0.1824925816023739 0.5475 0.12759643916913946 0.125
0 0.057863501483679525 0.5525 0.11572700296735905 0.12333333333333334
0 0.8353115727002968 0.6616666666666666 0.14540059347181009 0.14
0 0.6646884272997032 0.6666666666666666 0.1513353115727003 0.13333333333333333
0 0.48813056379821956 0.6675 0.1394658753709199 0.13333333333333333
0 0.33086053412462907 0.6691666666666667 0.13649851632047477 0.12333333333333334
0 0.18397626112759644 0.67 0.13353115727002968 0.12166666666666667
0 0.05934718100890208 0.6725 0.11869436201780416 0.11833333333333333