0 0.16765578635014836 0.2825 0.14836795252225518 0.12166666666666667
0 0.8916913946587537 0.285 0.14836795252225518 0.125
0 0.7418397626112759 0.2841666666666667 0.14836795252225518 0.12666666666666668
0 0.5934718100890207 0.2841666666666667 0.14540059347181009 0.12666666666666668
0 0.4495548961424332 0.2833333333333333 0.142433234421365 0.125
0 0.30712166172106825 0.2825 0.1394658753709199 0.12
0 0.2893175074183976 0.4766666666666667 0.13649851632047477 0.11333333333333333
0 0.41543026706231456 0.47833333333333333 0.10979228486646884 0.11333333333333333
0 0.7002967359050445 0.4841666666666667 0.13649851632047477 0.11666666666666667
0 0.8308605341246291 0.4841666666666667 0.11572700296735905 0.11666666666666667
0 0.142433234421365 0.6458333333333334 0.13056379821958458 0.11666666666666667
0 0.28041543026706234 0.6483333333333333 0.13056379821958458 0.12
0 0.40059347181008903 0.6508333333333334 0.12462908011869436 0.12
0 0.5534124629080118 0.6566666666666666 0.13056379821958458 0.12
0 0.6899109792284867 0.6591666666666667 0.12462908011869436 0.12166666666666667
0 0.8323442136498517 0.6633333333333333 0.12759643916913946 0.12166666666666667
0 0.8338278931750742 0.9058333333333334 0.1394658753709199 0.12
0 0.827893175074184 0.7941666666666667 0.12166172106824925 0.11666666666666667
0 0.7062314540059347 0.7925 0.11869436201780416 0.11333333333333333
0 0.7047477744807121 0.9 0.11869436201780416 0.11
0 0.5593471810089021 0.895 0.11572700296735905 0.095
0 0.56973293768546 0.7908333333333334 0.12166172106824925 0.12
0 0.3916913946587537 0.8916666666666667 0.10682492581602374 0.11
0 0.4035608308605341 0.7833333333333333 0.10089020771513353 0.11333333333333333
0 0.2626112759643917 0.8941666666666667 0.11572700296735905 0.12
0 0.2685459940652819 0.78 0.10089020771513353 0.11666666666666667
0 0.12462908011869436 0.8891666666666667 0.11869436201780416 0.11833333333333333
0 0.13798219584569732 0.7758333333333334 0.11275964391691394 0.11333333333333333
0 0.1572700296735905 0.4775 0.12462908011869436 0.11166666666666666
0 0.5667655786350149 0.485 0.11869436201780416 0.11333333333333333