0 0.9758333333333333 0.4020771513353116 0.045 0.26409495548961426
0 0.7041666666666667 0.4258160237388724 0.085 0.24925816023738873
0 0.8995666666666667 0.4478041543026706 0.09501666666666665 0.2050148367952522
0 0.6091666666666666 0.44807121661721067 0.085 0.22551928783382788
0 0.5233333333333333 0.45252225519287836 0.08 0.2166172106824926
0 0.4325 0.45548961424332346 0.08166666666666667 0.2195845697329377
0 0.26256666666666667 0.4612759643916914 0.0725333333333333 0.21041543026706228
0 0.3425 0.46142433234421365 0.07666666666666666 0.22255192878338279
0 0.8026166666666666 0.47074183976261125 0.09201666666666673 0.21311572700296733
0 0.7025 0.6646884272997032 0.09166666666666666 0.2403560830860534
0 0.9766666666666667 0.6676557863501483 0.043333333333333335 0.24925816023738873
0 0.43083333333333335 0.6706231454005934 0.08 0.2195845697329377
0 0.6075 0.6706231454005934 0.08 0.228486646884273
0 0.5208333333333334 0.672106824925816 0.075 0.2195845697329377
0 0.26166666666666666 0.6750741839762612 0.075 0.19881305637982197
0 0.3358333333333333 0.6750741839762612 0.07333333333333333 0.20178041543026706
0 0.90335 0.6757566765578634 0.09653333333333346 0.24008902077151342
0 0.8041333333333334 0.6797922848664688 0.08898333333333332 0.21581602373887238
0 0.7066666666666667 0.21216617210682492 0.07666666666666666 0.20771513353115728
0 0.6108333333333333 0.22403560830860533 0.08666666666666667 0.228486646884273
0 0.525 0.23293768545994065 0.08 0.22255192878338279
0 0.44 0.24183976261127596 0.08166666666666667 0.22255192878338279
0 0.8048833333333334 0.25492581602373887 0.09656666666666656 0.2023145400593472