0 0.47555555555555556 0.17166666666666666 0.04 0.08
0 0.30666666666666664 0.17416666666666666 0.06444444444444444 0.09833333333333333
0 0.6277777777777778 0.1875 0.024444444444444446 0.065
0 0.36666666666666664 0.20083333333333334 0.05333333333333334 0.09333333333333334
0 0.6555555555555556 0.20833333333333334 0.03777777777777778 0.06333333333333334
0 0.57 0.22416666666666665 0.03333333333333333 0.075
0 0.4222222222222222 0.22833333333333333 0.051111111111111114 0.08666666666666667
0 0.6 0.23416666666666666 0.028888888888888888 0.08333333333333333
0 0.4766666666666667 0.2525 0.04888888888888889 0.07666666666666666
0 0.6244444444444445 0.25666666666666665 0.017777777777777778 0.06666666666666667
0 0.7244444444444444 0.2575 0.035555555555555556 0.058333333333333334
0 0.76 0.2658333333333333 0.04 0.051666666666666666
0 0.6511111111111111 0.2683333333333333 0.04 0.055
0 0.5655555555555556 0.29333333333333333 0.03111111111111111 0.06333333333333334
0 0.5988888888888889 0.30666666666666664 0.028888888888888888 0.06
0 0.7244444444444444 0.315 0.03333333333333333 0.05333333333333334
0 0.37 0.0325 0.05555555555555555 0.06333333333333334
0 0.6222222222222222 0.31833333333333336 0.024444444444444446 0.055
0 0.7577777777777778 0.31833333333333336 0.03333333333333333 0.04833333333333333
0 0.2677777777777778 0.3258333333333333 0.08222222222222222 0.10833333333333334
0 0.6533333333333333 0.33 0.04 0.06333333333333334
0 0.3377777777777778 0.3441666666666667 0.06 0.1
0 0.7266666666666667 0.36583333333333334 0.03333333333333333 0.04666666666666667
0 0.7588888888888888 0.37166666666666665 0.02666666666666667 0.055
0 0.4677777777777778 0.37583333333333335 0.08222222222222222 0.09666666666666666
0 0.5622222222222222 0.4008333333333333 0.05333333333333334 0.08
0 0.6144444444444445 0.41833333333333333 0.051111111111111114 0.06833333333333333
0 0.6533333333333333 0.425 0.035555555555555556 0.06333333333333334
0 0.26 0.43166666666666664 0.07333333333333333 0.10166666666666667
0 0.7055555555555556 0.44166666666666665 0.024444444444444446 0.06
0 0.32555555555555554 0.44333333333333336 0.07333333333333333 0.1
0 0.7288888888888889 0.4475 0.022222222222222223 0.06166666666666667
0 0.38 0.45166666666666666 0.051111111111111114 0.09166666666666666
0 0.7666666666666667 0.45666666666666667 0.044444444444444446 0.05333333333333334
0 0.46111111111111114 0.46166666666666667 0.08888888888888889 0.095
0 0.5555555555555556 0.475 0.05555555555555555 0.075
0 0.5944444444444444 0.48083333333333333 0.03111111111111111 0.07333333333333333
0 0.6211111111111111 0.4866666666666667 0.03111111111111111 0.06833333333333333
0 0.6522222222222223 0.49083333333333334 0.03333333333333333 0.06833333333333333
0 0.7044444444444444 0.5 0.017777777777777778 0.058333333333333334
0 0.7255555555555555 0.5066666666666667 0.022222222222222223 0.056666666666666664
0 0.7622222222222222 0.5091666666666667 0.042222222222222223 0.055
0 0.4266666666666667 0.0525 0.057777777777777775 0.085
0 0.32 0.5433333333333333 0.07111111111111111 0.09833333333333333
0 0.37 0.5441666666666667 0.057777777777777775 0.09
0 0.45555555555555555 0.5475 0.08666666666666667 0.085
0 0.5522222222222222 0.5516666666666666 0.04888888888888889 0.08
0 0.5911111111111111 0.5541666666666667 0.028888888888888888 0.075
0 0.6188888888888889 0.5575 0.02666666666666667 0.07166666666666667
0 0.6455555555555555 0.5591666666666667 0.028888888888888888 0.06666666666666667
0 0.7022222222222222 0.56 0.022222222222222223 0.06
0 0.7255555555555555 0.5641666666666667 0.022222222222222223 0.05333333333333334
0 0.7588888888888888 0.565 0.044444444444444446 0.055
0 0.7177777777777777 0.6408333333333334 0.044444444444444446 0.055
0 0.7488888888888889 0.6416666666666667 0.02 0.06166666666666667
0 0.7677777777777778 0.6441666666666667 0.013333333333333334 0.06333333333333334
0 0.6511111111111111 0.645 0.028888888888888888 0.07166666666666667
0 0.6222222222222222 0.655 0.03777777777777778 0.08
0 0.5744444444444444 0.6566666666666666 0.057777777777777775 0.07833333333333334
0 0.4577777777777778 0.6683333333333333 0.05555555555555555 0.09666666666666666
0 0.39555555555555555 0.6708333333333333 0.07111111111111111 0.10166666666666667
0 0.5577777777777778 0.6775 0.03777777777777778 0.08166666666666667
0 0.5266666666666666 0.6783333333333333 0.022222222222222223 0.08
0 0.7677777777777778 0.7008333333333333 0.015555555555555555 0.06
0 0.73 0.7016666666666667 0.02 0.055
0 0.7488888888888889 0.7016666666666667 0.017777777777777778 0.056666666666666664
0 0.7077777777777777 0.7058333333333333 0.02666666666666667 0.06
0 0.3088888888888889 0.07166666666666667 0.057777777777777775 0.105
0 0.6522222222222223 0.72 0.022222222222222223 0.07333333333333333
0 0.6188888888888889 0.7283333333333334 0.03777777777777778 0.07833333333333334
0 0.5866666666666667 0.735 0.02666666666666667 0.08
0 0.5544444444444444 0.7516666666666667 0.042222222222222223 0.08166666666666667
0 0.5233333333333333 0.7558333333333334 0.02666666666666667 0.085
0 0.77 0.7566666666666667 0.015555555555555555 0.04833333333333333
0 0.75 0.7591666666666667 0.02 0.06
0 0.4533333333333333 0.7608333333333334 0.05555555555555555 0.1
0 0.7288888888888889 0.7633333333333333 0.022222222222222223 0.058333333333333334
0 0.7077777777777777 0.7675 0.02 0.06
0 0.39555555555555555 0.775 0.06 0.10333333333333333
0 0.33 0.7833333333333333 0.07111111111111111 0.11333333333333333
0 0.6488888888888888 0.7925 0.028888888888888888 0.07166666666666667
0 0.6166666666666667 0.8016666666666666 0.03777777777777778 0.075
0 0.5844444444444444 0.8125 0.02666666666666667 0.07666666666666666
0 0.5511111111111111 0.8258333333333333 0.042222222222222223 0.08
0 0.7644444444444445 0.8258333333333333 0.017777777777777778 0.051666666666666666
0 0.52 0.835 0.028888888888888888 0.085
0 0.7488888888888889 0.8466666666666667 0.02 0.08166666666666667
0 0.4477777777777778 0.8525 0.06 0.10333333333333333
0 0.7266666666666667 0.8533333333333334 0.024444444444444446 0.07833333333333334
0 0.7011111111111111 0.8591666666666666 0.02666666666666667 0.07666666666666666
0 0.39111111111111113 0.8758333333333334 0.057777777777777775 0.11166666666666666
0 0.7655555555555555 0.8825 0.017777777777777778 0.056666666666666664
0 0.33 0.8933333333333333 0.07333333333333333 0.12333333333333334
0 0.7444444444444445 0.8983333333333333 0.022222222222222223 0.06333333333333334
0 0.4722222222222222 0.09083333333333334 0.04 0.08166666666666667
0 0.6144444444444445 0.9 0.03333333333333333 0.08
0 0.5811111111111111 0.9175 0.03777777777777778 0.08333333333333333
0 0.6977777777777778 0.9258333333333333 0.028888888888888888 0.06166666666666667
0 0.5422222222222223 0.9333333333333333 0.03333333333333333 0.08333333333333333
0 0.5111111111111111 0.9516666666666667 0.02666666666666667 0.08666666666666667
0 0.7422222222222222 0.96 0.024444444444444446 0.06333333333333334
0 0.6955555555555556 0.9783333333333334 0.03111111111111111 0.04
0 0.5817555555555556 0.9793666666666667 0.03726666666666663 0.04125
0 0.37 0.11083333333333334 0.04888888888888889 0.08666666666666667
0 0.42777777777777776 0.14083333333333334 0.05333333333333334 0.09166666666666666
0 0.5777777777777777 0.14333333333333334 0.028888888888888888 0.07666666666666666
0 0.6033333333333334 0.16166666666666665 0.022222222222222223 0.06666666666666667