0 0.8425499999999999 0.24917777777777778 0.08355000000000008 0.1207333333333333
0 0.6483333333333333 0.2588888888888889 0.08166666666666667 0.1688888888888889
0 0.5633333333333334 0.28555555555555556 0.07833333333333334 0.15333333333333332
0 0.4923666666666667 0.28873333333333334 0.06714999999999995 0.1443777777777778
0 0.37088333333333334 0.32964444444444446 0.055166666666666704 0.10106666666666668
0 0.27466666666666667 0.33044444444444443 0.06241666666666665 0.12511111111111115
0 0.32338333333333336 0.3384666666666667 0.029916666666666647 0.08342222222222227
0 0.22594999999999998 0.3681333333333333 0.03476666666666669 0.09464444444444439
0 0.18805 0.3721555555555556 0.04079999999999998 0.09944444444444445
0 0.14475 0.3745555555555556 0.03839999999999999 0.0786
0 0.07916666666666666 0.38666666666666666 0.06166666666666667 0.09777777777777778
0 0.83185 0.38966666666666666 0.10495000000000004 0.15586666666666663
0 0.025666666666666667 0.4018222222222222 0.04806666666666667 0.07540000000000001
0 0.7347333333333332 0.40284444444444445 0.08851666666666669 0.15586666666666663
0 0.6466666666666666 0.41 0.08 0.1622222222222222
0 0.5633333333333334 0.4266666666666667 0.07833333333333334 0.14888888888888888
0 0.4887666666666666 0.4307111111111111 0.06473333333333339 0.1363555555555556
0 0.38111666666666666 0.4475333333333333 0.0659833333333333 0.12833333333333333
0 0.31615 0.45155555555555554 0.053983333333333314 0.13313333333333327
0 0.2632333333333333 0.45555555555555555 0.04678333333333332 0.12833333333333333
0 0.13693333333333332 0.47080000000000005 0.05645000000000001 0.11388888888888889
0 0.18505 0.4732 0.04199999999999998 0.09624444444444445
0 0.2217333333333333 0.4748222222222222 0.031149999999999997 0.09624444444444445
0 0.08941666666666666 0.4796222222222222 0.03361666666666667 0.10266666666666664
0 0.055 0.4888888888888889 0.03166666666666667 0.10444444444444445
0 0.021849999999999998 0.49004444444444445 0.043699999999999996 0.1074666666666667
0 0.30473333333333336 0.6079555555555555 0.055200000000000006 0.09304444444444446
0 0.24881666666666666 0.7026 0.046799999999999974 0.11548888888888895
0 0.35105 0.7130222222222222 0.056383333333333306 0.12031111111111108
0 0.2963166666666667 0.7178444444444444 0.04798333333333337 0.10106666666666671
0 0.8096333333333333 0.7387333333333334 0.09343333333333324 0.18222222222222223
0 0.30871666666666664 0.8687111111111111 0.04536666666666662 0.12282222222222218
0 0.36045 0.8735333333333333 0.04741666666666665 0.12419999999999996
0 0.46703333333333336 0.8880222222222223 0.06600000000000004 0.13111111111111112
0 0.25698333333333334 0.8928666666666667 0.05366666666666665 0.09384444444444448
0 0.4153 0.9218444444444444 0.061883333333333325 0.1076444444444443
0 0.5570666666666667 0.9273555555555556 0.07011666666666674 0.11868888888888882
0 0.645 0.9388888888888889 0.06666666666666667 0.11777777777777777
0 0.7308333333333333 0.9611111111111111 0.06833333333333333 0.07333333333333333
0 0.28546666666666665 0.9708222222222223 0.056833333333333375 0.05657777777777786
0 0.23833333333333334 0.97 0.03333333333333333 0.05555555555555555
0 0.18095 0.9722000000000001 0.027883333333333316 0.051066666666666705
0 0.3491666666666667 0.9755555555555555 0.06833333333333333 0.044444444444444446