0 0.5584 0.30462908011869433 0.028999999999999963 0.0964985163204748
0 0.9738499999999999 0.3187240356083086 0.03436666666666648 0.07284866468842734
0 0.5866666666666667 0.3189910979228487 0.02666666666666667 0.10089020771513353
0 0.6883333333333334 0.32344213649851633 0.03 0.09198813056379822
0 0.6166666666666667 0.327893175074184 0.03 0.09495548961424333
0 0.7158333333333333 0.327893175074184 0.025 0.08605341246290801
0 0.9393333333333334 0.3375074183976261 0.03053333333333323 0.08765578635014834
0 0.6433333333333333 0.34124629080118696 0.028333333333333332 0.10385756676557864
0 0.7408333333333333 0.3427299703264095 0.023333333333333334 0.08011869436201781
0 0.9064000000000001 0.34376854599406526 0.0324666666666667 0.07967359050445107
0 0.7633333333333333 0.35014836795252224 0.021666666666666667 0.08011869436201781
0 0.7858333333333334 0.3516320474777448 0.016666666666666666 0.08902077151335312
0 0.87765 0.3540059347181008 0.028650000000000092 0.0728486646884273
0 0.2325 0.3560830860534125 0.041666666666666664 0.13649851632047477
0 0.8463166666666666 0.3574183976261128 0.0312166666666666 0.07513353115727005
0 0.2775 0.3649851632047478 0.04666666666666667 0.13649851632047477
0 0.805 0.3649851632047478 0.02 0.0771513353115727
0 0.4083333333333333 0.36795252225519287 0.03833333333333333 0.12166172106824925
0 0.36916666666666664 0.37091988130563797 0.04 0.13353115727002968
0 0.44583333333333336 0.37388724035608306 0.03666666666666667 0.11572700296735905
0 0.4841666666666667 0.37388724035608306 0.03333333333333333 0.09792284866468842
0 0.325 0.37833827893175076 0.04833333333333333 0.13056379821958458
0 0.5233333333333333 0.39465875370919884 0.04 0.10385756676557864
0 0.56 0.4050445103857567 0.03 0.10385756676557864
0 0.5891666666666666 0.4169139465875371 0.025 0.10385756676557864
0 0.6158333333333333 0.41839762611275966 0.03 0.09198813056379822
0 0.9377333333333333 0.4245697329376855 0.022233333333333195 0.08195845697329378
0 0.9118333333333334 0.4279821958456973 0.03311666666666648 0.09106824925816023
0 0.6433333333333333 0.4317507418397626 0.02666666666666667 0.10385756676557864
0 0.6716666666666666 0.4317507418397626 0.028333333333333332 0.09495548961424333
0 0.8766833333333334 0.4342433234421365 0.03568333333333347 0.08537091988130559
0 0.7616666666666667 0.45252225519287836 0.035 0.08605341246290801
0 0.7258333333333333 0.456973293768546 0.03333333333333333 0.09198813056379822
0 0.8447166666666667 0.46326409495548965 0.030583333333333372 0.06602373887240356
0 0.79705 0.4644807121661721 0.028999999999999963 0.08210682492581607
0 0.8209000000000001 0.4724035608308605 0.02009999999999991 0.07777448071216611
0 0.26166666666666666 0.04747774480712166 0.04833333333333333 0.09495548961424333
0 0.22916666666666666 0.4792284866468843 0.05 0.13353115727002968
0 0.4841666666666667 0.4807121661721068 0.03666666666666667 0.10979228486646884
0 0.405 0.48813056379821956 0.03666666666666667 0.10979228486646884
0 0.27666666666666667 0.4896142433234421 0.04833333333333333 0.13649851632047477
0 0.36833333333333335 0.4896142433234421 0.03666666666666667 0.10385756676557864
0 0.44416666666666665 0.4896142433234421 0.03833333333333333 0.11572700296735905
0 0.9789666666666667 0.49231454005934716 0.025416666666666667 0.11270029673590509
0 0.525 0.49554896142433236 0.04 0.10682492581602374
0 0.32416666666666666 0.49851632047477745 0.04833333333333333 0.13056379821958458
0 0.5583333333333333 0.5029673590504451 0.028333333333333332 0.09792284866468842
0 0.9118333333333334 0.5082492581602374 0.03183333333333318 0.06715133531157269
0 0.5866666666666667 0.5118694362017804 0.02666666666666667 0.09792284866468842
0 0.615 0.5133531157270029 0.028333333333333332 0.09792284866468842
0 0.8805166666666666 0.5218991097922848 0.03184999999999983 0.0830860534124629
0 0.6425 0.526706231454006 0.02666666666666667 0.09198813056379822
0 0.67 0.5281899109792285 0.021666666666666667 0.09495548961424333
0 0.8482333333333333 0.5287240356083086 0.029933333333333298 0.08083086053412465
0 0.30916666666666665 0.05341246290801187 0.043333333333333335 0.10089020771513353
0 0.7626666666666667 0.5400890207715133 0.03791666666666667 0.07201780415430262
0 0.7270833333333333 0.5458753709198814 0.031450000000000006 0.06913946587537095
0 0.7962333333333333 0.5480118694362018 0.025766666666666726 0.08210682492581607
0 0.8201 0.5537982195845698 0.02171666666666662 0.07632047477744815
0 0.9473333333333332 0.5890504451038575 0.03911666666666671 0.09902077151335313
0 0.9789666666666667 0.5947477744807121 0.025433333333333318 0.08765578635014842
0 0.48333333333333334 0.5949554896142433 0.03833333333333333 0.11572700296735905
0 0.5241666666666667 0.5979228486646885 0.03833333333333333 0.10979228486646884
0 0.365 0.6008902077151336 0.03833333333333333 0.11869436201780416
0 0.5558333333333333 0.6023738872403561 0.03166666666666667 0.10979228486646884
0 0.4025 0.6053412462908012 0.03666666666666667 0.11572700296735905
0 0.44333333333333336 0.6097922848664689 0.04 0.11572700296735905
0 0.5875 0.6097922848664689 0.025 0.09792284866468842
0 0.615 0.6097922848664689 0.03 0.10089020771513353
0 0.225 0.612759643916914 0.05333333333333334 0.142433234421365
0 0.27416666666666667 0.6172106824925816 0.051666666666666666 0.13056379821958458
0 0.3225 0.6201780415430267 0.04666666666666667 0.12759643916913946
0 0.8205 0.6322848664688427 0.024133333333333364 0.08065281899109794
0 0.7994666666666667 0.6351632047477745 0.02091666666666659 0.08065281899109794
0 0.9827999999999999 0.6903560830860535 0.029266666666666576 0.08765578635014842
0 0.95085 0.690919881305638 0.03695000000000012 0.09106824925816023
0 0.35 0.0712166172106825 0.03833333333333333 0.10682492581602374
0 0.3641666666666667 0.7195845697329377 0.03166666666666667 0.13056379821958458
0 0.4033333333333333 0.7270029673590505 0.03833333333333333 0.12166172106824925
0 0.44416666666666665 0.728486646884273 0.04 0.11572700296735905
0 0.32 0.7418397626112759 0.05 0.12759643916913946
0 0.2708333333333333 0.7433234421364985 0.04833333333333333 0.13056379821958458
0 0.21916666666666668 0.7462908011869436 0.055 0.13353115727002968
0 0.986 0.7865281899109793 0.025433333333333318 0.09560830860534132
0 0.955 0.7876854599406528 0.03375 0.09332344213649857
0 0.36083333333333334 0.8531157270029673 0.03166666666666667 0.142433234421365
0 0.38916666666666666 0.08605341246290801 0.03833333333333333 0.09792284866468842
0 0.4008333333333333 0.8605341246290801 0.04 0.14540059347181009
0 0.44166666666666665 0.8605341246290801 0.041666666666666664 0.13649851632047477
0 0.31666666666666665 0.8738872403560831 0.05 0.1394658753709199
0 0.2675 0.8813056379821959 0.05333333333333334 0.142433234421365
0 0.9553166666666667 0.8832937685459941 0.03054999999999988 0.0910682492581604
0 0.215 0.8857566765578635 0.056666666666666664 0.14540059347181009
0 0.4558333333333333 0.08902077151335312 0.03166666666666667 0.09495548961424333
0 0.8217166666666667 0.8908011869436201 0.02656666666666676 0.0821068249258159
0 0.21583333333333332 0.9747774480712166 0.051666666666666666 0.04451038575667656
0 0.2633333333333333 0.9762611275964391 0.05 0.04154302670623145
0 0.5241666666666667 0.10237388724035608 0.02666666666666667 0.05637982195845697
0 0.42833333333333334 0.11275964391691394 0.03 0.10089020771513353
0 0.49 0.11275964391691394 0.035 0.09792284866468842
0 0.5525 0.12462908011869436 0.03166666666666667 0.06231454005934718
0 0.26166666666666666 0.13501483679525222 0.043333333333333335 0.08011869436201781
0 0.5833333333333334 0.1394658753709199 0.02666666666666667 0.06231454005934718
0 0.6858333333333333 0.14094955489614244 0.03 0.0830860534124629
0 0.9916666666666667 0.142433234421365 0.013333333333333334 0.08902077151335312
0 0.9685166666666667 0.14979228486646884 0.035400000000000015 0.06913946587537091
0 0.30666666666666664 0.1513353115727003 0.041666666666666664 0.08605341246290801
0 0.61 0.15578635014836795 0.023333333333333334 0.05934718100890208
0 0.7125 0.15578635014836795 0.023333333333333334 0.07418397626112759
0 0.3491666666666667 0.15875370919881307 0.035 0.06824925816023739
0 0.6558333333333334 0.16172106824925817 0.03 0.06824925816023739
0 0.3875 0.16468842729970326 0.03166666666666667 0.05637982195845697
0 0.9365666666666668 0.1656379821958457 0.02974999999999985 0.06338278931750742
0 0.6333333333333333 0.17507418397626112 0.025 0.04154302670623145
0 0.7383333333333333 0.17804154302670624 0.021666666666666667 0.08902077151335312
0 0.7608333333333334 0.18100890207715134 0.021666666666666667 0.09198813056379822
0 0.9034 0.18148367952522254 0.034616666666666636 0.06338278931750743
0 0.455 0.18694362017804153 0.03 0.09792284866468842
0 0.5233333333333333 0.18991097922848665 0.045 0.10682492581602374
0 0.8742833333333334 0.19370919881305637 0.026550000000000105 0.06768545994065282
0 0.42333333333333334 0.1943620178041543 0.03166666666666667 0.0712166172106825
0 0.48583333333333334 0.20029673590504452 0.03 0.0830860534124629
0 0.7808333333333334 0.20178041543026706 0.018333333333333333 0.08011869436201781
0 0.56 0.2032640949554896 0.03 0.10089020771513353
0 0.84395 0.20451038575667657 0.027366666666666692 0.06913946587537093
0 0.8008333333333333 0.20919881305637983 0.016666666666666666 0.07418397626112759
0 0.5883333333333334 0.2166172106824926 0.028333333333333332 0.09792284866468842
0 0.2375 0.22700296735905046 0.041666666666666664 0.14540059347181009
0 0.9933333333333333 0.22997032640949555 0.01 0.08605341246290801
0 0.6858333333333333 0.2314540059347181 0.028333333333333332 0.0830860534124629
0 0.615 0.23293768545994065 0.028333333333333332 0.09495548961424333
0 0.9705333333333335 0.23548961424332343 0.037833333333333406 0.08210682492581599
0 0.715 0.23887240356083086 0.023333333333333334 0.08605341246290801
0 0.2808333333333333 0.24480712166172106 0.04666666666666667 0.13353115727002968
0 0.36916666666666664 0.24629080118694363 0.035 0.11869436201780416
0 0.6425 0.24629080118694363 0.028333333333333332 0.09495548961424333
0 0.9385833333333333 0.250593471810089 0.033799999999999955 0.0777744807121662
0 0.4075 0.2522255192878338 0.04 0.10979228486646884
0 0.9062333333333333 0.2570919881305638 0.032199999999999895 0.07922848664688424
0 0.3275 0.2596439169139466 0.04666666666666667 0.12759643916913946
0 0.7391666666666666 0.26706231454005935 0.021666666666666667 0.09792284866468842
0 0.7616666666666667 0.27002967359050445 0.02 0.0771513353115727
0 0.8738833333333335 0.2707715133531157 0.032199999999999895 0.08065281899109794
0 0.7816666666666666 0.2744807121661721 0.018333333333333333 0.06824925816023739
0 0.448 0.2765281899109792 0.03793333333333332 0.08353115727002969
0 0.8451666666666667 0.27798219584569733 0.03141666666666661 0.0777744807121662
0 0.48583333333333334 0.28338278931750743 0.03166666666666667 0.08011869436201781
0 0.8016666666666666 0.28635014836795253 0.02 0.0712166172106825
0 0.5225 0.29376854599406527 0.041666666666666664 0.11275964391691394