0 0.7175 0.29673590504451036 0.03833333333333333 0.0771513353115727
0 0.21 0.29821958456973297 0.055 0.12166172106824925
0 0.31833333333333336 0.30415430267062316 0.05333333333333334 0.11275964391691394
0 0.37 0.314540059347181 0.05 0.10682492581602374
0 0.4225 0.3264094955489614 0.055 0.12166172106824925
0 0.4725 0.33827893175074186 0.04833333333333333 0.12166172106824925
0 0.5166666666666667 0.3486646884272997 0.043333333333333335 0.10385756676557864
0 0.5616666666666666 0.35311572700296734 0.04666666666666667 0.10682492581602374
0 0.6066666666666667 0.3724035608308605 0.051666666666666666 0.11572700296735905
0 0.6483333333333333 0.37833827893175076 0.056666666666666664 0.10979228486646884
0 0.028333333333333332 0.3827893175074184 0.056666666666666664 0.14836795252225518
0 0.6908333333333333 0.38427299703264095 0.051666666666666666 0.10682492581602374
0 0.7283333333333334 0.38724035608308605 0.043333333333333335 0.10385756676557864
0 0.0825 0.3991097922848665 0.06833333333333333 0.16023738872403562
0 0.14666666666666667 0.4035608308605341 0.06666666666666667 0.14836795252225518
0 0.32 0.4124629080118694 0.058333333333333334 0.11869436201780416
0 0.20916666666666667 0.4169139465875371 0.056666666666666664 0.142433234421365
0 0.37583333333333335 0.42136498516320475 0.051666666666666666 0.10979228486646884
0 0.42833333333333334 0.43768545994065283 0.051666666666666666 0.11869436201780416
0 0.47833333333333333 0.44510385756676557 0.05333333333333334 0.11275964391691394
0 0.5258333333333334 0.44807121661721067 0.05 0.11275964391691394
0 0.5716666666666667 0.456973293768546 0.056666666666666664 0.11869436201780416
0 0.6175 0.47032640949554894 0.05333333333333334 0.11572700296735905
0 0.6591666666666667 0.4792284866468843 0.058333333333333334 0.11572700296735905
0 0.7033333333333334 0.4821958456973294 0.055 0.12462908011869436
0 0.7425 0.4896142433234421 0.05 0.10682492581602374
0 0.0225 0.5103857566765578 0.045 0.16023738872403562
0 0.07583333333333334 0.5192878338278932 0.07333333333333333 0.1543026706231454
0 0.1425 0.5296735905044511 0.06 0.14540059347181009
0 0.32166666666666666 0.5341246290801187 0.058333333333333334 0.12462908011869436
0 0.37916666666666665 0.5356083086053413 0.055 0.12166172106824925
0 0.20333333333333334 0.5474777448071216 0.06166666666666667 0.16913946587537093
0 0.43166666666666664 0.5489614243323442 0.051666666666666666 0.12759643916913946
0 0.4825 0.5534124629080118 0.05 0.12759643916913946
0 0.53 0.5608308605341247 0.051666666666666666 0.12462908011869436
0 0.5841666666666666 0.5623145400593472 0.055 0.12166172106824925
0 0.6283333333333333 0.5771513353115727 0.051666666666666666 0.12462908011869436
0 0.6716666666666666 0.5816023738872403 0.06 0.12759643916913946
0 0.7166666666666667 0.5845697329376854 0.056666666666666664 0.13056379821958458
0 0.7558333333333334 0.5919881305637982 0.051666666666666666 0.10682492581602374
0 0.0175 0.6572700296735905 0.035 0.17804154302670624
0 0.38333333333333336 0.6602373887240356 0.058333333333333334 0.12759643916913946
0 0.43833333333333335 0.6602373887240356 0.05333333333333334 0.13649851632047477
0 0.1325 0.6602373887240356 0.07 0.1394658753709199
0 0.3225 0.6617210682492581 0.06166666666666667 0.13353115727002968
0 0.0625 0.6676557863501483 0.075 0.1632047477744807
0 0.2 0.6691394658753709 0.06333333333333334 0.14836795252225518
0 0.5425 0.672106824925816 0.058333333333333334 0.13056379821958458
0 0.49083333333333334 0.6735905044510386 0.05333333333333334 0.12166172106824925
0 0.59 0.6750741839762612 0.058333333333333334 0.11869436201780416
0 0.6383333333333333 0.6795252225519288 0.05333333333333334 0.11572700296735905
0 0.6833333333333333 0.6884272997032641 0.06333333333333334 0.11869436201780416
0 0.7291666666666666 0.6884272997032641 0.058333333333333334 0.11869436201780416
0 0.77 0.6958456973293768 0.05 0.10682492581602374
0 0.32416666666666666 0.7670623145400594 0.06 0.08011869436201781
0 0.38416666666666666 0.7670623145400594 0.06 0.0830860534124629
0 0.43916666666666665 0.771513353115727 0.05 0.0830860534124629
0 0.1275 0.7759643916913946 0.065 0.10682492581602374
0 0.05333333333333334 0.7774480712166172 0.06833333333333333 0.10089020771513353
0 0.19583333333333333 0.7804154302670623 0.065 0.10385756676557864
0 0.5516666666666666 0.787833827893175 0.06 0.11572700296735905
0 0.49333333333333335 0.7893175074183977 0.056666666666666664 0.10979228486646884
0 0.6025 0.7893175074183977 0.06 0.11275964391691394
0 0.6508333333333334 0.7922848664688428 0.06 0.10979228486646884
0 0.6975 0.7952522255192879 0.056666666666666664 0.10089020771513353
0 0.7425 0.798219584569733 0.055 0.10682492581602374
0 0.785 0.7997032640949555 0.05333333333333334 0.10385756676557864
0 0.034166666666666665 0.14540059347181009 0.06666666666666667 0.13353115727002968
0 0.09666666666666666 0.1632047477744807 0.06 0.13056379821958458
0 0.4683333333333333 0.23887240356083086 0.055 0.10385756676557864
0 0.515 0.2507418397626113 0.04 0.09495548961424333
0 0.5566666666666666 0.25370919881305637 0.04666666666666667 0.09792284866468842
0 0.03 0.258160237388724 0.06 0.13353115727002968
0 0.09166666666666666 0.2626112759643917 0.06166666666666667 0.10682492581602374
0 0.5991666666666666 0.27002967359050445 0.04 0.08902077151335312
0 0.64 0.2789317507418398 0.043333333333333335 0.08902077151335312
0 0.155 0.28635014836795253 0.05333333333333334 0.12759643916913946
0 0.6791666666666667 0.2878338278931751 0.03666666666666667 0.0830860534124629