0 0.6700666666666667 0.032373887240356086 0.06328333333333337 0.06474777448071217
0 0.5508333333333333 0.3189910979228487 0.056666666666666664 0.10979228486646884
0 0.19 0.33827893175074186 0.13 0.314540059347181
0 0.6068 0.35198813056379824 0.05031666666666676 0.0808902077151335
0 0.6558333333333334 0.3694362017804154 0.043333333333333335 0.11275964391691394
0 0.69 0.37833827893175076 0.03833333333333333 0.0830860534124629
0 0.7268833333333333 0.040474777448071216 0.04356666666666664 0.08091988130563797
0 0.4761666666666666 0.04181008902077151 0.08153333333333326 0.08362017804154302
0 0.4033333333333333 0.43471810089020774 0.09833333333333333 0.2551928783382789
0 0.32083333333333336 0.4391691394658754 0.07166666666666667 0.1513353115727003
0 0.49433333333333335 0.4599406528189911 0.07850000000000004 0.2185163204747774
0 0.5656 0.47774480712166173 0.07211666666666663 0.2166172106824926
0 0.63 0.49258160237388726 0.08 0.21068249258160238
0 0.6927833333333333 0.5125519287833827 0.0723666666666666 0.18884272997032636
0 0.7352166666666666 0.5300890207715133 0.03600000000000004 0.18074183976261118
0 0.05778333333333334 0.5934718100890207 0.11556666666666668 0.3992581602373887
0 0.185 0.6364985163204748 0.14 0.32047477744807124
0 0.3275 0.658753709198813 0.09166666666666666 0.28486646884273
0 0.41833333333333333 0.6810089020771514 0.09166666666666666 0.26409495548961426
0 0.5008333333333334 0.6884272997032641 0.07666666666666666 0.2433234421364985
0 0.5766666666666667 0.6958456973293768 0.08333333333333333 0.23738872403560832
0 0.6425 0.7002967359050445 0.085 0.22255192878338279
0 0.7091666666666666 0.7151335311572701 0.08 0.21364985163204747
0 0.7639833333333333 0.7324035608308606 0.048100000000000025 0.1915430267062314
0 0.54055 0.08362017804154302 0.040616666666666676 0.15106824925816023
0 0.5958333333333333 0.09712166172106824 0.060283333333333265 0.15106824925816023
0 0.6799166666666666 0.15240356083086054 0.0738833333333334 0.16994065281899112
0 0.7367166666666666 0.15916913946587538 0.048116666666666676 0.17264094955489617
0 0.0626 0.23872403560830857 0.12411666666666667 0.3857566765578635
0 0.3925 0.24777448071216618 0.085 0.12462908011869436
0 0.4891666666666667 0.2789317507418398 0.06833333333333333 0.1394658753709199