0 0.17777777777777778 0.20083333333333334 0.1111111111111111 0.11833333333333333
0 0.7833333333333333 0.225 0.19333333333333333 0.22333333333333333
0 0.6377777777777778 0.24416666666666667 0.19777777777777777 0.205
0 0.5077777777777778 0.26166666666666666 0.16 0.17833333333333334
0 0.39444444444444443 0.26916666666666667 0.13555555555555557 0.16
0 0.3111111111111111 0.2825 0.10888888888888888 0.14833333333333334
0 0.14777777777777779 0.31166666666666665 0.12444444444444444 0.11833333333333333
0 0.10666666666666667 0.4216666666666667 0.12222222222222222 0.11333333333333333
0 0.2688888888888889 0.42333333333333334 0.10888888888888888 0.14666666666666667
0 0.35777777777777775 0.42916666666666664 0.13777777777777778 0.17
0 0.46111111111111114 0.43 0.16 0.175
0 0.5911111111111111 0.43083333333333335 0.19111111111111112 0.19666666666666666
0 0.7066666666666667 0.43333333333333335 0.14666666666666667 0.21333333333333335
0 0.06555555555555556 0.6358333333333334 0.1288888888888889 0.145
0 0.8566666666666667 0.06833333333333333 0.2222222222222222 0.135
0 0.31777777777777777 0.735 0.10888888888888888 0.21
0 0.056666666666666664 0.7941666666666667 0.11333333333333333 0.16166666666666665
0 0.4988888888888889 0.795 0.2111111111111111 0.26166666666666666
0 0.6855555555555556 0.08 0.19333333333333333 0.15833333333333333
0 0.1111111111111111 0.8325 0.13777777777777778 0.17666666666666667
0 0.19666666666666666 0.8716666666666667 0.14444444444444443 0.20833333333333334
0 0.2644444444444444 0.9116666666666666 0.10666666666666667 0.175
0 0.5544444444444444 0.0925 0.16444444444444445 0.175
0 0.44555555555555554 0.94 0.17777777777777778 0.115
0 0.07111111111111111 0.96 0.10666666666666667 0.07666666666666666
0 0.9533333333333334 0.165 0.08888888888888889 0.14333333333333334