0 0.09166666666666666 0.2288888888888889 0.16833333333333333 0.32666666666666666
0 0.2325 0.2477777777777778 0.17333333333333334 0.28444444444444444
0 0.44416666666666665 0.2733333333333333 0.11166666666666666 0.22444444444444445
0 0.5283333333333333 0.28 0.07666666666666666 0.2088888888888889
0 0.58 0.2877777777777778 0.055 0.18222222222222223
0 0.6358333333333334 0.2922222222222222 0.051666666666666666 0.16666666666666666
0 0.9766666666666667 0.3211111111111111 0.043333333333333335 0.1
0 0.92775 0.33582222222222224 0.06474999999999985 0.09386666666666668
0 0.7633333333333333 0.34 0.056666666666666664 0.08888888888888889
0 0.98 0.41444444444444445 0.03666666666666667 0.09111111111111111
0 0.9350499999999999 0.4248222222222222 0.06291666666666666 0.0914222222222222
0 0.7775 0.44333333333333336 0.06333333333333334 0.12444444444444444
0 0.6566666666666666 0.4622222222222222 0.055 0.1622222222222222
0 0.6033333333333334 0.4777777777777778 0.06166666666666667 0.18888888888888888
0 0.5466666666666666 0.48777777777777775 0.09333333333333334 0.21333333333333335
0 0.4866666666666667 0.49777777777777776 0.095 0.2288888888888889
0 0.3958333333333333 0.5066666666666667 0.14833333333333334 0.26666666666666666
0 0.2633333333333333 0.5377777777777778 0.165 0.30444444444444446
0 0.13083333333333333 0.5633333333333334 0.16833333333333333 0.3377777777777778
0 0.041933333333333336 0.5777777777777777 0.08386666666666667 0.35555555555555557
0 0.9515166666666666 0.5930444444444445 0.04828333333333338 0.07924444444444437
0 0.7833333333333333 0.6244444444444445 0.03666666666666667 0.12
0 0.9624833333333334 0.668 0.04646666666666685 0.07557777777777776
0 0.7132166666666667 0.7027777777777777 0.043349999999999986 0.15575555555555562
0 0.8258333333333333 0.7277777777777777 0.03 0.11555555555555555
0 0.6815 0.7336666666666666 0.051633333333333364 0.16666666666666666
0 0.8016666666666666 0.75 0.02666666666666667 0.12666666666666668
0 0.6349 0.7583333333333333 0.06415000000000001 0.18333333333333332
0 0.5817833333333333 0.787511111111111 0.08708333333333333 0.18055555555555555
0 0.7344666666666667 0.8485777777777778 0.039266666666666575 0.13679999999999987
0 0.4953333333333333 0.8541777777777778 0.13918333333333333 0.24722222222222223
0 0.7067666666666667 0.8930666666666667 0.045366666666666715 0.14722222222222223
0 0.6541666666666667 0.9188888888888889 0.06833333333333333 0.15777777777777777
0 0.605 0.9344444444444444 0.07 0.12666666666666668