0 0.10333333333333333 0.15578635014836795 0.145 0.3115727002967359
0 0.10916666666666666 0.44510385756676557 0.14 0.3649851632047478
0 0.11 0.798219584569733 0.13666666666666666 0.3916913946587537
0 0.235 0.20029673590504452 0.11666666666666667 0.314540059347181
0 0.23916666666666667 0.486646884272997 0.12 0.3293768545994065
0 0.24166666666666667 0.8086053412462908 0.11833333333333333 0.3590504451038576
0 0.34 0.2596439169139466 0.09833333333333333 0.2789317507418398
0 0.34833333333333333 0.5222551928783383 0.105 0.29376854599406527
0 0.3566666666666667 0.814540059347181 0.11166666666666666 0.31750741839762614
0 0.3983333333333333 0.1083086053412463 0.10333333333333333 0.2166172106824926
0 0.4216666666666667 0.31602373887240354 0.08166666666666667 0.2522255192878338
0 0.43416666666666665 0.5563798219584569 0.08666666666666667 0.27002967359050445
0 0.44583333333333336 0.8234421364985163 0.09 0.28486646884273
0 0.4741666666666667 0.12166172106824925 0.07 0.2344213649851632
0 0.4875 0.3353115727002967 0.07333333333333333 0.2433234421364985
0 0.5008333333333334 0.5667655786350149 0.08 0.258160237388724
0 0.5191666666666667 0.8264094955489614 0.08166666666666667 0.27299703264094954
0 0.5883333333333334 0.8367952522255193 0.08166666666666667 0.2433234421364985
0 0.6441666666666667 0.8397626112759644 0.07 0.2314540059347181
0 0.6916666666666667 0.8486646884272997 0.06833333333333333 0.21068249258160238
0 0.5366666666666666 0.20178041543026706 0.075 0.21068249258160238
0 0.5908333333333333 0.24629080118694363 0.06333333333333334 0.19584569732937684
0 0.5508333333333333 0.3916913946587537 0.075 0.2166172106824926
0 0.6075 0.42729970326409494 0.06333333333333334 0.20474777448071216
0 0.6525 0.45845697329376855 0.056666666666666664 0.18991097922848665
0 0.6716666666666666 0.642433234421365 0.06333333333333334 0.19584569732937684
0 0.5666666666666667 0.6023738872403561 0.08166666666666667 0.2195845697329377
0 0.625 0.6231454005934718 0.065 0.2166172106824926
0 0.6366666666666667 0.2878338278931751 0.05333333333333334 0.17804154302670624
0 0.6766666666666666 0.3189910979228487 0.06 0.17210682492581603
0 0.6941666666666667 0.48516320474777447 0.06 0.18397626112759644
0 0.7141666666666666 0.6646884272997032 0.06 0.19287833827893175
0 0.7375 0.8545994065281899 0.06 0.19881305637982197
0 0.715 0.3486646884272997 0.05333333333333334 0.1632047477744807
0 0.7333333333333333 0.5074183976261127 0.05333333333333334 0.16913946587537093
0 0.7541666666666667 0.6795252225519288 0.06 0.18694362017804153
0 0.775 0.8545994065281899 0.06166666666666667 0.18397626112759644
0 0.755 0.3694362017804154 0.058333333333333334 0.1632047477744807
0 0.7741666666666667 0.5252225519287834 0.058333333333333334 0.1661721068249258
0 0.7908333333333334 0.6839762611275965 0.06333333333333334 0.17507418397626112
0 0.815 0.8545994065281899 0.06166666666666667 0.17507418397626112
0 0.8533333333333334 0.8605341246290801 0.058333333333333334 0.1543026706231454
0 0.7941666666666667 0.43026706231454004 0.05333333333333334 0.1394658753709199
0 0.815 0.56973293768546 0.055 0.142433234421365
0 0.8341666666666666 0.712166172106825 0.056666666666666664 0.1543026706231454
0 0.8266666666666667 0.44807121661721067 0.04 0.13649851632047477
0 0.8466666666666667 0.5801186943620178 0.043333333333333335 0.1543026706231454
0 0.8666666666666667 0.7255192878338279 0.04666666666666667 0.142433234421365
0 0.885 0.8635014836795252 0.04666666666666667 0.14836795252225518
0 0.8708333333333333 0.5905044510385756 0.045 0.13649851632047477
0 0.8883333333333333 0.7240356083086054 0.043333333333333335 0.14540059347181009
0 0.9108333333333334 0.8679525222551929 0.04666666666666667 0.13649851632047477