0 0.5786350148367952 0.1725 0.0712166172106825 0.095
0 0.3664688427299703 0.175 0.0771513353115727 0.08333333333333333
0 0.8798219584569733 0.18583333333333332 0.09792284866468842 0.11
0 0.30415430267062316 0.19166666666666668 0.050445103857566766 0.08166666666666667
0 0.5103857566765578 0.1925 0.06528189910979229 0.09333333333333334
0 0.258160237388724 0.20333333333333334 0.04451038575667656 0.07
0 0.45103857566765576 0.20666666666666667 0.05341246290801187 0.08
0 0.7566765578635015 0.21666666666666667 0.12462908011869436 0.10166666666666667
0 0.2195845697329377 0.21916666666666668 0.03560830860534125 0.06666666666666667
0 0.39762611275964393 0.22416666666666665 0.05341246290801187 0.07333333333333333
0 0.1833234421364985 0.22878333333333334 0.03988130563798219 0.06616666666666665
0 0.6528189910979229 0.23666666666666666 0.0830860534124629 0.09833333333333333
0 0.14821958456973294 0.23828333333333332 0.034866468842729974 0.06125
0 0.3456973293768546 0.24333333333333335 0.050445103857566766 0.07333333333333333
0 0.11501483679525222 0.25165000000000004 0.03362017804154302 0.06125
0 0.2997032640949555 0.25583333333333336 0.04747774480712166 0.06666666666666667
0 0.5741839762611276 0.25916666666666666 0.0771513353115727 0.09166666666666666
0 0.25370919881305637 0.27 0.04154302670623145 0.07166666666666667
0 0.07335311572700297 0.2705166666666667 0.04086053412462907 0.05409999999999997
0 0.5074183976261127 0.2733333333333333 0.05934718100890208 0.085
0 0.037240356083086054 0.28046666666666664 0.02813056379821958 0.0549
0 0.21513353115727002 0.2825 0.03560830860534125 0.06166666666666667
0 0.44807121661721067 0.2875 0.05341246290801187 0.08166666666666667
0 0.1801780415430267 0.29388333333333333 0.03362017804154304 0.05843333333333334
0 0.1501186943620178 0.29741666666666666 0.03863501483679524 0.059833333333333294
0 0.39317507418397624 0.2991666666666667 0.050445103857566766 0.07666666666666666
0 0.11376854599406529 0.3100833333333334 0.03362017804154302 0.055616666666666675
0 0.3456973293768546 0.31333333333333335 0.04451038575667656 0.065
0 0.7532344213649853 0.032633333333333334 0.12097922848664691 0.06525000000000002
0 0.08468842729970326 0.31905 0.02952522255192879 0.05728333333333334
0 0.29673590504451036 0.3225 0.050445103857566766 0.06666666666666667
0 0.055637982195845696 0.33098333333333335 0.030949554896142432 0.05728333333333334
0 0.030652818991097924 0.334 0.024807121661721068 0.05966666666666669
0 0.2507418397626113 0.33416666666666667 0.04154302670623145 0.058333333333333334
0 0.21068249258160238 0.3425 0.03560830860534125 0.058333333333333334
0 0.17454005934718103 0.35055000000000003 0.03988130563798221 0.0549
0 0.1419584569732938 0.35618333333333335 0.034866468842729974 0.0549
0 0.1075074183976261 0.36358333333333337 0.03863501483679524 0.052800000000000014
0 0.08183976261127596 0.36996666666666667 0.02667655786350148 0.050916666666666686
0 0.05210682492581602 0.37515 0.032373887240356086 0.051716666666666716
0 0.030652818991097924 0.3833166666666667 0.024807121661721068 0.05553333333333332
0 0.9673590504451038 0.46416666666666667 0.06231454005934718 0.11333333333333333
0 0.8768545994065282 0.4775 0.10385756676557864 0.10666666666666667
0 0.7774480712166172 0.48083333333333333 0.08605341246290801 0.10166666666666667
0 0.6899109792284867 0.5 0.08902077151335312 0.09833333333333333
0 0.6053412462908012 0.5041666666666667 0.08011869436201781 0.09333333333333334
0 0.5296735905044511 0.5083333333333333 0.0712166172106825 0.09
0 0.46439169139465875 0.5116666666666667 0.05934718100890208 0.085
0 0.4020771513353116 0.5125 0.06231454005934718 0.07666666666666666
0 0.23590504451038577 0.52 0.03857566765578635 0.06166666666666667
0 0.27299703264094954 0.5208333333333334 0.03857566765578635 0.06333333333333334
0 0.19881305637982197 0.5225 0.032640949554896145 0.06333333333333334
0 0.13353115727002968 0.525 0.026706231454005934 0.058333333333333334
0 0.16765578635014836 0.525 0.026706231454005934 0.06
0 0.10237388724035608 0.5258333333333334 0.026706231454005934 0.055
0 0.0712166172106825 0.5275 0.032640949554896145 0.051666666666666666
0 0.31305637982195844 0.5291666666666667 0.04154302670623145 0.07166666666666667
0 0.655786350148368 0.0575 0.08011869436201781 0.105
0 0.06231454005934718 0.5816666666666667 0.03857566765578635 0.05333333333333334
0 0.09792284866468842 0.5833333333333334 0.026706231454005934 0.05333333333333334
0 0.129080118694362 0.585 0.032640949554896145 0.058333333333333334
0 0.1632047477744807 0.5858333333333333 0.02967359050445104 0.06333333333333334
0 0.2314540059347181 0.5858333333333333 0.03560830860534125 0.06833333333333333
0 0.7804154302670623 0.5866666666666667 0.08011869436201781 0.10833333333333334
0 0.9614243323442137 0.5866666666666667 0.0712166172106825 0.12166666666666667
0 0.1943620178041543 0.5866666666666667 0.032640949554896145 0.06666666666666667
0 0.27002967359050445 0.5883333333333334 0.04451038575667656 0.07
0 0.3991097922848665 0.5891666666666666 0.05934718100890208 0.08
0 0.8813056379821959 0.5891666666666666 0.10385756676557864 0.10833333333333334
0 0.4599406528189911 0.5933333333333334 0.06824925816023739 0.085
0 0.5296735905044511 0.595 0.07418397626112759 0.08666666666666667
0 0.6008902077151336 0.5966666666666667 0.06824925816023739 0.09166666666666666
0 0.6839762611275965 0.5975 0.10089020771513353 0.1
0 0.31305637982195844 0.6008333333333333 0.032640949554896145 0.06833333333333333
0 0.9658753709198813 0.06416666666666666 0.06528189910979229 0.125
0 0.06083086053412463 0.6358333333333334 0.04154302670623145 0.051666666666666666
0 0.09495548961424333 0.64 0.02967359050445104 0.058333333333333334
0 0.12462908011869436 0.6441666666666667 0.026706231454005934 0.05333333333333334
0 0.1572700296735905 0.6491666666666667 0.032640949554896145 0.06
0 0.19584569732937684 0.6516666666666666 0.032640949554896145 0.06333333333333334
0 0.2314540059347181 0.655 0.03560830860534125 0.06666666666666667
0 0.2655786350148368 0.6591666666666667 0.03857566765578635 0.07
0 0.39465875370919884 0.6691666666666667 0.06528189910979229 0.08333333333333333
0 0.31008902077151335 0.67 0.03857566765578635 0.07
0 0.4599406528189911 0.6758333333333333 0.06528189910979229 0.08833333333333333
0 0.5281899109792285 0.6825 0.0712166172106825 0.09333333333333334
0 0.599406528189911 0.6891666666666667 0.0712166172106825 0.1
0 0.685459940652819 0.695 0.09792284866468842 0.105
0 0.04896142433234421 0.6966666666666667 0.032640949554896145 0.056666666666666664
0 0.7818991097922848 0.6975 0.08011869436201781 0.10833333333333334
0 0.09198813056379822 0.6991666666666667 0.03560830860534125 0.058333333333333334
0 0.8857566765578635 0.7033333333333334 0.10979228486646884 0.11333333333333333
0 0.12462908011869436 0.7033333333333334 0.026706231454005934 0.06
0 0.9703264094955489 0.71 0.05637982195845697 0.11333333333333333
0 0.15578635014836795 0.7108333333333333 0.03560830860534125 0.06333333333333334
0 0.19287833827893175 0.7175 0.032640949554896145 0.065
0 0.228486646884273 0.725 0.032640949554896145 0.06833333333333333
0 0.26706231454005935 0.7308333333333333 0.03857566765578635 0.06833333333333333
0 0.3086053412462908 0.7408333333333333 0.04154302670623145 0.06666666666666667
0 0.3916913946587537 0.7491666666666666 0.06231454005934718 0.085
0 0.456973293768546 0.76 0.06824925816023739 0.08666666666666667
0 0.5281899109792285 0.7708333333333334 0.0712166172106825 0.09666666666666666
0 0.599406528189911 0.7833333333333333 0.06824925816023739 0.1
0 0.6839762611275965 0.7966666666666666 0.10089020771513353 0.11
0 0.7789317507418397 0.8091666666666667 0.0771513353115727 0.11666666666666667
0 0.887240356083086 0.8283333333333334 0.10979228486646884 0.12833333333333333
0 0.9718100890207715 0.8383333333333334 0.05341246290801187 0.13166666666666665
0 0.5816023738872403 0.08583333333333333 0.06528189910979229 0.095
0 0.8783382789317508 0.09111666666666667 0.10089020771513353 0.115
0 0.5133531157270029 0.10666666666666667 0.06528189910979229 0.085
0 0.7581602373887241 0.12166666666666667 0.12462908011869436 0.11166666666666666
0 0.45252225519287836 0.13 0.05637982195845697 0.08166666666666667
0 0.6543026706231454 0.14833333333333334 0.0830860534124629 0.10333333333333333
0 0.9673590504451038 0.16 0.06231454005934718 0.11833333333333333