0 0.9406528189910979 0.17583333333333334 0.11572700296735905 0.155
0 0.8160237388724035 0.20416666666666666 0.13353115727002968 0.14333333333333334
0 0.685459940652819 0.2275 0.12166172106824925 0.135
0 0.5756676557863502 0.2475 0.10385756676557864 0.12666666666666668
0 0.47774480712166173 0.26 0.09198813056379822 0.10666666666666667
0 0.3887240356083086 0.2783333333333333 0.08605341246290801 0.105
0 0.258160237388724 0.2991666666666667 0.04747774480712166 0.095
0 0.20919881305637983 0.30833333333333335 0.05934718100890208 0.08833333333333333
0 0.9376854599406528 0.31416666666666665 0.12166172106824925 0.14833333333333334
0 0.14688427299703263 0.3175 0.06528189910979229 0.085
0 0.08902077151335312 0.33 0.05637982195845697 0.085
0 0.8100890207715133 0.3308333333333333 0.13353115727002968 0.135
0 0.03857566765578635 0.3358333333333333 0.04747774480712166 0.07833333333333334
0 0.6824925816023739 0.3441666666666667 0.12166172106824925 0.125
0 0.5712166172106825 0.3566666666666667 0.10682492581602374 0.11833333333333333
0 0.4732937685459941 0.36666666666666664 0.09792284866468842 0.10666666666666667
0 0.3827893175074184 0.37333333333333335 0.0830860534124629 0.09166666666666666
0 0.25667655786350146 0.3875 0.04154302670623145 0.09333333333333334
0 0.20474777448071216 0.3958333333333333 0.06231454005934718 0.08666666666666667
0 0.14391691394658754 0.4 0.06231454005934718 0.08
0 0.08456973293768547 0.4083333333333333 0.06231454005934718 0.08166666666666667
0 0.032640949554896145 0.4116666666666667 0.04154302670623145 0.075
0 0.9362017804154302 0.4508333333333333 0.12166172106824925 0.14333333333333334
0 0.8086053412462908 0.45666666666666667 0.13649851632047477 0.13166666666666665
0 0.6810089020771514 0.46166666666666667 0.12166172106824925 0.12333333333333334
0 0.5727002967359051 0.4666666666666667 0.10089020771513353 0.11333333333333333
0 0.3694362017804154 0.4675 0.09198813056379822 0.08833333333333333
0 0.47181008902077154 0.4716666666666667 0.10385756676557864 0.10666666666666667
0 0.2522255192878338 0.4741666666666667 0.03857566765578635 0.08
0 0.2032640949554896 0.4775 0.06231454005934718 0.07333333333333333
0 0.1394658753709199 0.48 0.06528189910979229 0.07833333333333334
0 0.08011869436201781 0.4841666666666667 0.05341246290801187 0.07666666666666666
0 0.02967359050445104 0.4866666666666667 0.04747774480712166 0.07666666666666666
0 0.02967359050445104 0.5908333333333333 0.04451038575667656 0.07333333333333333
0 0.08160237388724036 0.5958333333333333 0.050445103857566766 0.07666666666666666
0 0.14391691394658754 0.6066666666666667 0.0771513353115727 0.056666666666666664
0 0.22106824925816024 0.6358333333333334 0.05341246290801187 0.07333333333333333
0 0.1142433234421365 0.665 0.03560830860534125 0.06
0 0.16172106824925817 0.6675 0.04747774480712166 0.065
0 0.025222551928783383 0.6675 0.04451038575667656 0.075
0 0.07270029673590504 0.675 0.04451038575667656 0.07833333333333334
0 0.21513353115727002 0.7141666666666666 0.050445103857566766 0.07666666666666666
0 0.10643916913946587 0.7275499999999999 0.047091988130563804 0.053950000000000005
0 0.1572700296735905 0.73 0.05341246290801187 0.05333333333333334
0 0.02373887240356083 0.7458333333333333 0.04451038575667656 0.08166666666666667
0 0.06528189910979229 0.7558333333333334 0.03857566765578635 0.08
0 0.1083086053412463 0.7825 0.04451038575667656 0.058333333333333334
0 0.1543026706231454 0.79 0.050445103857566766 0.06666666666666667
0 0.21068249258160238 0.7941666666666667 0.05637982195845697 0.07166666666666667
0 0.3456973293768546 0.955 0.08902077151335312 0.085
0 0.45548961424332346 0.9666666666666667 0.12166172106824925 0.06333333333333334