0 0.6617210682492581 0.18416666666666667 0.16913946587537093 0.15
0 0.7937685459940653 0.20916666666666667 0.09495548961424333 0.11666666666666667
0 0.5326409495548962 0.2275 0.0830860534124629 0.08666666666666667
0 0.9169139465875371 0.23666666666666666 0.16023738872403562 0.18
0 0.7952522255192879 0.30833333333333335 0.0830860534124629 0.08
0 0.658753709198813 0.3175 0.17804154302670624 0.15333333333333332
0 0.5148367952522255 0.3441666666666667 0.10682492581602374 0.14333333333333334
0 0.4228486646884273 0.36333333333333334 0.10385756676557864 0.12666666666666668
0 0.33827893175074186 0.37916666666666665 0.09198813056379822 0.11333333333333333
0 0.26409495548961426 0.3975 0.07418397626112759 0.11
0 0.9169139465875371 0.3983333333333333 0.1632047477744807 0.17
0 0.19584569732937684 0.4083333333333333 0.07418397626112759 0.09833333333333333
0 0.7670623145400594 0.425 0.14540059347181009 0.15833333333333333
0 0.6320474777448071 0.44666666666666666 0.12759643916913946 0.14666666666666667
0 0.5103857566765578 0.4666666666666667 0.11869436201780416 0.13666666666666666
0 0.413946587537092 0.47833333333333333 0.09198813056379822 0.12166666666666667
0 0.327893175074184 0.4875 0.09495548961424333 0.115
0 0.2551928783382789 0.49583333333333335 0.06824925816023739 0.105
0 0.18694362017804153 0.5058333333333334 0.0771513353115727 0.10166666666666667
0 0.9183976261127597 0.5708333333333333 0.1572700296735905 0.185
0 0.7626112759643917 0.58 0.1543026706231454 0.15166666666666667
0 0.6231454005934718 0.5841666666666666 0.13056379821958458 0.14
0 0.5 0.5891666666666666 0.11869436201780416 0.12666666666666668
0 0.4035608308605341 0.5933333333333334 0.09792284866468842 0.12
0 0.31602373887240354 0.5991666666666666 0.0830860534124629 0.105
0 0.17655786350148367 0.5991666666666666 0.0771513353115727 0.09666666666666666
0 0.2433234421364985 0.5991666666666666 0.06824925816023739 0.10333333333333333
0 0.5519287833827893 0.13166666666666665 0.10089020771513353 0.1