0 0.31833333333333336 0.29673590504451036 0.023333333333333334 0.06528189910979229
0 0.2941666666666667 0.3026706231454006 0.021666666666666667 0.06231454005934718
0 0.2708333333333333 0.31008902077151335 0.02 0.06231454005934718
0 0.24916666666666668 0.3115727002967359 0.018333333333333333 0.06824925816023739
0 0.31916666666666665 0.39020771513353114 0.025 0.06528189910979229
0 0.2925 0.3916913946587537 0.021666666666666667 0.06231454005934718
0 0.27 0.39465875370919884 0.021666666666666667 0.06528189910979229
0 0.2375 0.39762611275964393 0.015 0.05637982195845697
0 0.21666666666666667 0.3991097922848665 0.021666666666666667 0.05934718100890208
0 0.9708333333333333 0.3991097922848665 0.05 0.1394658753709199
0 0.1975 0.4035608308605341 0.016666666666666666 0.05341246290801187
0 0.8525 0.40801186943620177 0.05 0.12462908011869436
0 0.8 0.4169139465875371 0.05 0.11869436201780416
0 0.4008333333333333 0.4287833827893175 0.02666666666666667 0.06528189910979229
0 0.7525 0.4332344213649852 0.043333333333333335 0.10979228486646884
0 0.8983333333333333 0.43768545994065283 0.03833333333333333 0.0771513353115727
0 0.315 0.45103857566765576 0.028333333333333332 0.050445103857566766
0 0.2683333333333333 0.45548961424332346 0.016666666666666666 0.04747774480712166
0 0.29 0.45548961424332346 0.021666666666666667 0.06231454005934718
0 0.215 0.456973293768546 0.016666666666666666 0.05934718100890208
0 0.23333333333333334 0.456973293768546 0.02 0.05637982195845697
0 0.19416666666666665 0.4599406528189911 0.023333333333333334 0.05934718100890208
0 0.6458333333333334 0.5281899109792285 0.035 0.08902077151335312
0 0.6083333333333333 0.5296735905044511 0.035 0.08902077151335312
0 0.8975 0.5326409495548962 0.03166666666666667 0.10979228486646884
0 0.9733333333333334 0.5326409495548962 0.051666666666666666 0.12462908011869436
0 0.8541666666666666 0.5341246290801187 0.055 0.11869436201780416
0 0.7975 0.5356083086053413 0.04833333333333333 0.11869436201780416
0 0.5116666666666667 0.5370919881305638 0.025 0.0830860534124629
0 0.5733333333333334 0.5370919881305638 0.028333333333333332 0.09198813056379822
0 0.5416666666666666 0.5400593471810089 0.03 0.08605341246290801
0 0.48333333333333334 0.5415430267062314 0.02666666666666667 0.0830860534124629
0 0.42833333333333334 0.543026706231454 0.023333333333333334 0.06824925816023739
0 0.4558333333333333 0.5445103857566765 0.02666666666666667 0.0830860534124629
0 0.7491666666666666 0.5459940652818991 0.045 0.10682492581602374
0 0.335 0.5474777448071216 0.023333333333333334 0.06824925816023739
0 0.2916666666666667 0.5489614243323442 0.023333333333333334 0.06231454005934718
0 0.31416666666666665 0.5489614243323442 0.02 0.06528189910979229
0 0.24916666666666668 0.5504451038575667 0.021666666666666667 0.05934718100890208
0 0.27 0.5519287833827893 0.02 0.05934718100890208
0 0.19083333333333333 0.5534124629080118 0.018333333333333333 0.05934718100890208
0 0.21 0.5548961424332344 0.018333333333333333 0.05934718100890208
0 0.22916666666666666 0.5548961424332344 0.018333333333333333 0.06231454005934718
0 0.17333333333333334 0.5578635014836796 0.016666666666666666 0.050445103857566766
0 0.18583333333333332 0.6201780415430267 0.016666666666666666 0.0771513353115727
0 0.20416666666666666 0.6216617210682492 0.02 0.0771513353115727
0 0.24583333333333332 0.6216617210682492 0.021666666666666667 0.08011869436201781
0 0.2675 0.6216617210682492 0.02 0.08011869436201781
0 0.16583333333333333 0.6216617210682492 0.018333333333333333 0.07418397626112759
0 0.2866666666666667 0.6231454005934718 0.018333333333333333 0.08605341246290801
0 0.395 0.6231454005934718 0.02666666666666667 0.0830860534124629
0 0.4225 0.6231454005934718 0.02666666666666667 0.08902077151335312
0 0.6041666666666666 0.6231454005934718 0.04 0.09792284866468842
0 0.3333333333333333 0.6246290801186943 0.023333333333333334 0.08011869436201781
0 0.22416666666666665 0.6261127596439169 0.018333333333333333 0.07418397626112759
0 0.44916666666666666 0.6261127596439169 0.023333333333333334 0.08605341246290801
0 0.30916666666666665 0.6275964391691394 0.025 0.08605341246290801
0 0.6433333333333333 0.6275964391691394 0.03666666666666667 0.10682492581602374
0 0.5066666666666667 0.629080118694362 0.03 0.08902077151335312
0 0.57 0.629080118694362 0.028333333333333332 0.09198813056379822
0 0.47833333333333333 0.6305637982195845 0.02666666666666667 0.08605341246290801
0 0.5383333333333333 0.6305637982195845 0.03166666666666667 0.09198813056379822
0 0.7991666666666667 0.642433234421365 0.04666666666666667 0.10385756676557864
0 0.8491666666666666 0.6454005934718101 0.04833333333333333 0.10089020771513353
0 0.7483333333333333 0.6483679525222552 0.051666666666666666 0.08902077151335312
0 0.8983333333333333 0.6483679525222552 0.045 0.11275964391691394
0 0.9725 0.6528189910979229 0.051666666666666666 0.11275964391691394
0 0.4141666666666667 0.7225519287833828 0.021666666666666667 0.0712166172106825
0 0.44 0.7314540059347181 0.02666666666666667 0.07418397626112759
0 0.4683333333333333 0.7373887240356083 0.025 0.0830860534124629
0 0.49833333333333335 0.7388724035608308 0.03 0.0830860534124629
0 0.5316666666666666 0.7418397626112759 0.03333333333333333 0.09198813056379822
0 0.6025 0.7462908011869436 0.035 0.08902077151335312
0 0.6383333333333333 0.7492581602373887 0.03166666666666667 0.08902077151335312
0 0.5666666666666667 0.7522255192878339 0.035 0.0712166172106825
0 0.4091666666666667 0.8071216617210683 0.028333333333333332 0.09495548961424333
0 0.43583333333333335 0.8160237388724035 0.023333333333333334 0.09495548961424333
0 0.4666666666666667 0.8264094955489614 0.03333333333333333 0.08902077151335312
0 0.7591666666666667 0.8264094955489614 0.04833333333333333 0.11572700296735905
0 0.4975 0.827893175074184 0.025 0.09198813056379822
0 0.5258333333333334 0.8338278931750742 0.03 0.09198813056379822
0 0.8075 0.8338278931750742 0.028333333333333332 0.10979228486646884
0 0.5616666666666666 0.8397626112759644 0.04 0.09792284866468842
0 0.8483333333333334 0.8397626112759644 0.04833333333333333 0.12462908011869436
0 0.6016666666666667 0.8471810089020771 0.035 0.10682492581602374
0 0.6391666666666667 0.8486646884272997 0.03666666666666667 0.10979228486646884
0 0.8975 0.8531157270029673 0.043333333333333335 0.13353115727002968
0 0.6775 0.08902077151335312 0.025 0.0771513353115727
0 0.755 0.9376854599406528 0.056666666666666664 0.11275964391691394
0 0.8075 0.9451038575667656 0.03166666666666667 0.10089020771513353
0 0.85 0.9480712166172107 0.04666666666666667 0.09495548961424333
0 0.9733333333333334 0.9540059347181009 0.03333333333333333 0.08902077151335312
0 0.8975 0.9584569732937686 0.04 0.07418397626112759
0 0.6483333333333333 0.09940652818991098 0.03 0.07418397626112759
0 0.6141666666666666 0.1142433234421365 0.03333333333333333 0.08605341246290801
0 0.5816666666666667 0.13204747774480713 0.03333333333333333 0.0830860534124629
0 0.55 0.13798219584569732 0.02666666666666667 0.0771513353115727
0 0.8941666666666667 0.1394658753709199 0.045 0.11572700296735905
0 0.5216666666666666 0.14836795252225518 0.02666666666666667 0.0830860534124629
0 0.9347500000000001 0.14893175074183976 0.030300000000000105 0.09462908011869434
0 0.8466666666666667 0.1513353115727003 0.04833333333333333 0.11572700296735905
0 0.4925 0.16172106824925817 0.02666666666666667 0.0712166172106825
0 0.46416666666666667 0.17062314540059348 0.023333333333333334 0.0771513353115727
0 0.6758333333333333 0.18100890207715134 0.02666666666666667 0.10089020771513353
0 0.4375 0.18397626112759644 0.02666666666666667 0.06824925816023739
0 0.645 0.18991097922848665 0.03 0.08902077151335312
0 0.41 0.19287833827893175 0.023333333333333334 0.0712166172106825
0 0.7716666666666666 0.19584569732937684 0.04 0.09792284866468842
0 0.6133333333333333 0.19732937685459942 0.03 0.08902077151335312
0 0.5808333333333333 0.2166172106824926 0.035 0.0830860534124629
0 0.3433333333333333 0.22255192878338279 0.02 0.0712166172106825
0 0.5491666666666667 0.22700296735905046 0.03 0.08605341246290801
0 0.32083333333333336 0.2314540059347181 0.023333333333333334 0.06528189910979229
0 0.5175 0.2314540059347181 0.025 0.08011869436201781
0 0.2975 0.23590504451038577 0.023333333333333334 0.06231454005934718
0 0.95 0.23590504451038577 0.045 0.10385756676557864
0 0.4891666666666667 0.23887240356083086 0.03166666666666667 0.08011869436201781
0 0.2733333333333333 0.2403560830860534 0.021666666666666667 0.06231454005934718
0 0.25166666666666665 0.24480712166172106 0.018333333333333333 0.05934718100890208
0 0.9858333333333333 0.24629080118694363 0.025 0.09495548961424333
0 0.45916666666666667 0.24925816023738873 0.025 0.08011869436201781
0 0.8933333333333333 0.2507418397626113 0.041666666666666664 0.10385756676557864
0 0.43416666666666665 0.2596439169139466 0.02666666666666667 0.0771513353115727
0 0.8466666666666667 0.26112759643916916 0.045 0.10385756676557864
0 0.41083333333333333 0.2685459940652819 0.02 0.0771513353115727
0 0.7966666666666666 0.27002967359050445 0.04666666666666667 0.09495548961424333
0 0.3408333333333333 0.29080118694362017 0.021666666666666667 0.06528189910979229