0 0.9163166666666666 0.30068249258160235 0.03858333333333348 0.13486646884273001
0 0.41333333333333333 0.30712166172106825 0.07833333333333334 0.2166172106824926
0 0.9628833333333333 0.3089020771513353 0.045733333333333424 0.14032640949554895
0 0.4841666666666667 0.3219584569732938 0.07666666666666666 0.18991097922848665
0 0.8110166666666667 0.03807121661721068 0.05441666666666663 0.07614243323442137
0 0.7523333333333333 0.03813056379821959 0.056783333333333415 0.07626112759643917
0 0.5494333333333333 0.3690504451038576 0.0561166666666666 0.14032640949554898
0 0.6558666666666666 0.3754005934718101 0.05403333333333327 0.16400593471810093
0 0.6026499999999999 0.38178041543026703 0.04791666666666667 0.13302670623145396
0 0.7116333333333333 0.388160237388724 0.05298333333333327 0.16400593471810088
0 0.7623 0.4018397626112759 0.053983333333333314 0.15489614243323438
0 0.8144833333333333 0.4136795252225519 0.05191666666666663 0.15308605341246287
0 0.8605333333333334 0.4200593471810089 0.04986666666666669 0.15124629080118698
0 0.9127333333333333 0.4337388724035608 0.045750000000000075 0.13851632047477747
0 0.9582833333333334 0.4446587537091988 0.04266666666666651 0.12756676557863506
0 0.8656 0.05103857566765579 0.06168333333333332 0.10207715133531158
0 0.9260999999999999 0.05913946587537092 0.055283333333333455 0.11827893175074183
0 0.265 0.6068249258160238 0.11 0.24925816023738873
0 0.18 0.615727002967359 0.075 0.2314540059347181
0 0.16566666666666668 0.06468842729970326 0.09070000000000003 0.12934718100890208
0 0.5025 0.6261127596439169 0.07833333333333334 0.21364985163204747
0 0.35333333333333333 0.6275964391691394 0.08 0.21364985163204747
0 0.57 0.629080118694362 0.07 0.19584569732937684
0 0.43 0.6364985163204748 0.08333333333333333 0.19881305637982197
0 0.9697666666666667 0.06724035608308604 0.038899999999999865 0.13121661721068248
0 0.6875 0.658753709198813 0.06 0.19287833827893175
0 0.7988999999999999 0.6610682492581602 0.046049999999999994 0.0952225519287833
0 0.8472166666666666 0.6610682492581602 0.050150000000000056 0.09157270029673595
0 0.6291666666666667 0.6706231454005934 0.058333333333333334 0.1661721068249258
0 0.7454166666666666 0.6875964391691395 0.05225000000000004 0.15198813056379812
0 0.5633333333333334 0.8353115727002968 0.07 0.20178041543026706
0 0.49416666666666664 0.8367952522255193 0.07833333333333334 0.21068249258160238
0 0.25083333333333335 0.8382789317507419 0.11666666666666667 0.2433234421364985
0 0.42 0.8382789317507419 0.08333333333333333 0.20771513353115728
0 0.3425 0.841246290801187 0.08666666666666667 0.2195845697329377
0 0.625 0.841246290801187 0.06 0.18100890207715134
0 0.6858333333333333 0.841246290801187 0.06 0.18100890207715134
0 0.1675 0.844213649851632 0.075 0.23738872403560832
0 0.7438833333333333 0.8469139465875372 0.05533333333333341 0.162967359050445
0 0.25833333333333336 0.08753709198813056 0.08666666666666667 0.16913946587537093
0 0.3433333333333333 0.10089020771513353 0.075 0.19881305637982197
0 0.42 0.11275964391691394 0.08 0.21364985163204747
0 0.5627333333333333 0.1138872403560831 0.054066666666666756 0.1366765578635015
0 0.49083333333333334 0.13649851632047477 0.07833333333333334 0.20178041543026706
0 0.6568833333333334 0.21596439169139467 0.05811666666666668 0.16219584569732937
0 0.7126666666666667 0.23510385756676558 0.0550333333333333 0.15673590504451038
0 0.16 0.2433234421364985 0.105 0.23738872403560832
0 0.5535166666666667 0.24694362017804153 0.049966666666666694 0.12210682492581604
0 0.7694666666666666 0.25332344213649854 0.04990000000000009 0.15308605341246292
0 0.6077666666666667 0.256973293768546 0.05404999999999992 0.12756676557863506
0 0.2525 0.2626112759643917 0.085 0.228486646884273
0 0.8185833333333333 0.27062314540059346 0.04783333333333341 0.15854599406528191
0 0.8646333333333333 0.28338278931750743 0.043716666666666695 0.13302670623145396
0 0.3325 0.2878338278931751 0.07333333333333333 0.2166172106824926