0 0.030633333333333332 0.30430267062314537 0.061266666666666664 0.22094955489614246
0 0.20551666666666668 0.3847477744807122 0.07495000000000002 0.20738872403560826
0 0.2833333333333333 0.3857566765578635 0.08833333333333333 0.2195845697329377
0 0.365 0.39465875370919884 0.075 0.21068249258160238
0 0.5433333333333333 0.3961424332344214 0.045 0.17804154302670624
0 0.43166666666666664 0.40059347181008903 0.06166666666666667 0.18991097922848665
0 0.49083333333333334 0.4035608308605341 0.056666666666666664 0.18397626112759644
0 0.5883333333333334 0.4050445103857567 0.045 0.16023738872403562
0 0.7008333333333333 0.4124629080118694 0.03833333333333333 0.13353115727002968
0 0.7358333333333333 0.413946587537092 0.028333333333333332 0.13056379821958458
0 0.03833333333333333 0.04302670623145401 0.07666666666666666 0.08605341246290801
0 0.83 0.42136498516320475 0.021666666666666667 0.12166172106824925
0 0.85 0.42136498516320475 0.021666666666666667 0.10979228486646884
0 0.8033333333333333 0.4228486646884273 0.028333333333333332 0.12759643916913946
0 0.7716666666666666 0.42433234421364985 0.03666666666666667 0.1394658753709199
0 0.5087333333333334 0.04528189910979229 0.05020000000000001 0.09056379821958457
0 0.5523166666666667 0.04976261127596438 0.04346666666666674 0.09949554896142433
0 0.8516666666666667 0.5400593471810089 0.021666666666666667 0.11572700296735905
0 0.8258333333333333 0.5474777448071216 0.028333333333333332 0.11869436201780416
0 0.7691666666666667 0.5519287833827893 0.03666666666666667 0.13649851632047477
0 0.7366666666666667 0.5534124629080118 0.02666666666666667 0.13056379821958458
0 0.7958333333333333 0.5534124629080118 0.028333333333333332 0.11869436201780416
0 0.625 0.5623145400593472 0.041666666666666664 0.16023738872403562
0 0.592 0.05771513353115726 0.04233333333333329 0.10946587537091988
0 0.5833333333333334 0.5652818991097923 0.041666666666666664 0.16023738872403562
0 0.5391666666666667 0.5712166172106825 0.043333333333333335 0.1661721068249258
0 0.4875 0.5801186943620178 0.056666666666666664 0.18397626112759644
0 0.4266666666666667 0.5845697329376854 0.06666666666666667 0.19287833827893175
0 0.36 0.5919881305637982 0.07833333333333334 0.19881305637982197
0 0.20226666666666668 0.06008902077151335 0.08585000000000001 0.1201780415430267
0 0.2825 0.6023738872403561 0.085 0.21364985163204747
0 0.7125 0.06528189910979229 0.04833333333333333 0.13056379821958458
0 0.7549 0.0716320474777448 0.035049999999999956 0.13133531157270026
0 0.6272 0.07264094955489614 0.030033333333333304 0.10347181008902076
0 0.74895 0.7349851632047477 0.026800000000000067 0.10023738872403552
0 0.90225 0.7543323442136499 0.030283333333333454 0.05611275964391699
0 0.80435 0.7652818991097922 0.025033333333333303 0.1106528189910979
0 0.9366333333333333 0.7701483679525223 0.032549999999999954 0.07344213649851632
0 0.7750333333333334 0.7778041543026707 0.029733333333333386 0.1106528189910979
0 0.9641166666666667 0.7798516320474778 0.031399999999999866 0.06629080118694362
0 0.9883333333333333 0.7848664688427299 0.02 0.07418397626112759
0 0.7876 0.08068249258160237 0.028833333333333256 0.11347181008902078
0 0.7172833333333334 0.8033827893175074 0.031516666666666616 0.1117210682492581
0 0.89625 0.8083976261127597 0.02626666666666665 0.05813056379821968
0 0.5297666666666667 0.8104451038575667 0.04705000000000003 0.13142433234421363
0 0.6847500000000001 0.8112166172106825 0.03209999999999998 0.11902077151335316
0 0.7463166666666667 0.8310385756676558 0.02740000000000009 0.09186943620178052
0 0.9311833333333334 0.8354302670623146 0.028550000000000183 0.059169139465875535
0 0.6153666666666667 0.8410979228486647 0.04308333333333337 0.1436795252225518
0 0.9626833333333333 0.8425816023738872 0.02853333333333315 0.06937685459940651
0 0.9891666666666666 0.8501483679525222 0.018333333333333333 0.06824925816023739
0 0.5715833333333333 0.852492581602374 0.042116666666666636 0.14192878338278944
0 0.8014166666666667 0.8801186943620178 0.025033333333333303 0.11065281899109781
0 0.7718166666666666 0.8868842729970327 0.027966666666666622 0.1179821958456973
0 0.4800666666666667 0.8954302670623145 0.050016666666666654 0.16121661721068262
0 0.42 0.9124629080118695 0.06666666666666667 0.16913946587537093
0 0.35333333333333333 0.9169139465875371 0.06666666666666667 0.16023738872403562
0 0.7149500000000001 0.9229080118694362 0.031516666666666616 0.11902077151335316
0 0.74455 0.9229080118694362 0.025049999999999954 0.09186943620178052
0 0.2825 0.9243323442136498 0.07833333333333334 0.14540059347181009
0 0.5268166666666666 0.929614243323442 0.04115000000000009 0.11038575667655799
0 0.6825 0.9347181008902077 0.03166666666666667 0.12462908011869436
0 0.0325 0.9406528189910979 0.065 0.11275964391691394
0 0.20208333333333334 0.9468249258160237 0.09046666666666664 0.10632047477744819
0 0.615 0.9540059347181009 0.04666666666666667 0.08605341246290801
0 0.5701166666666666 0.9617210682492582 0.04113333333333325 0.07652818991097912
0 0.6892333333333334 0.10050445103857567 0.03451666666666673 0.10148367952522257
0 0.8127333333333333 0.10077151335311572 0.022099999999999984 0.116973293768546
0 0.8406333333333333 0.11451038575667657 0.03673333333333327 0.11486646884273
0 0.8707166666666666 0.12756676557863503 0.028799999999999954 0.11275964391691394
0 0.89465 0.13919881305637982 0.021283333333333303 0.10783382789317508
0 0.51545 0.14727002967359054 0.032316666666666646 0.12139465875370921
0 0.55205 0.1587240356083086 0.042916666666666665 0.11839762611275961
0 0.5953499999999999 0.1731454005934718 0.04681666666666672 0.11145400593471809
0 0.6294333333333334 0.1801186943620178 0.02556666666666672 0.10747774480712166
0 0.7171833333333333 0.19204747774480713 0.03561666666666667 0.119406528189911
0 0.7529333333333333 0.19703264094955492 0.033366666666666635 0.12338278931750739
0 0.6861666666666667 0.1980118694362018 0.027250000000000038 0.09949554896142433
0 0.7847833333333334 0.2046587537091988 0.031099999999999947 0.13195845697329375
0 0.8095666666666667 0.22059347181008904 0.020516666666666575 0.12261127596439167
0 0.8374666666666667 0.23044510385756675 0.031983333333333426 0.11557863501483678
0 0.86735 0.23818991097922848 0.02683333333333318 0.10994065281899107
0 0.8914833333333333 0.24629080118694363 0.018899999999999865 0.10077151335311575