0 0.8641666666666666 0.327893175074184 0.1 0.24629080118694363
0 0.4635 0.36308605341246286 0.06890000000000006 0.058961424332344185
0 0.7598833333333334 0.36643916913946584 0.10643333333333335 0.24323442136498516
0 0.3975 0.3798219584569733 0.058333333333333334 0.0830860534124629
0 0.9675 0.4020771513353116 0.06166666666666667 0.2522255192878338
0 0.6608333333333334 0.4169139465875371 0.085 0.228486646884273
0 0.58 0.43851632047477745 0.08 0.21531157270029674
0 0.020533333333333334 0.44237388724035615 0.04106666666666667 0.11299703264094951
0 0.21166666666666667 0.4658753709198813 0.06833333333333333 0.10979228486646884
0 0.46166666666666667 0.4821958456973294 0.06333333333333334 0.18100890207715134
0 0.13666666666666666 0.49554896142433236 0.07666666666666666 0.14540059347181009
0 0.3925 0.5237388724035609 0.07833333333333334 0.21364985163204747
0 0.3325 0.5311572700296736 0.06166666666666667 0.18397626112759644
0 0.024933333333333335 0.5500296735905045 0.04423333333333333 0.13219584569732942
0 0.24 0.5667655786350149 0.07833333333333334 0.17804154302670624
0 0.8733333333333333 0.5875370919881305 0.10833333333333334 0.27299703264094954
0 0.18583333333333332 0.5890207715133531 0.058333333333333334 0.13649851632047477
0 0.7575 0.603026706231454 0.1 0.23014836795252225
0 0.6583333333333333 0.6261127596439169 0.08833333333333333 0.23738872403560832
0 0.12 0.6320474777448071 0.07833333333333334 0.13649851632047477
0 0.07583333333333334 0.6350148367952523 0.035 0.13056379821958458
0 0.5741666666666667 0.6439169139465876 0.07666666666666666 0.21068249258160238
0 0.5058333333333334 0.658753709198813 0.06166666666666667 0.20178041543026706
0 0.9791666666666666 0.6617210682492581 0.03833333333333333 0.27299703264094954
0 0.44916666666666666 0.672106824925816 0.05333333333333334 0.17507418397626112
0 0.016350000000000003 0.6918100890207715 0.032683333333333335 0.16842729970326406
0 0.38083333333333336 0.6994658753709199 0.07666666666666666 0.17080118694362018
0 0.31416666666666665 0.7047477744807121 0.058333333333333334 0.17507418397626112
0 0.26166666666666666 0.7136498516320475 0.07 0.17507418397626112
0 0.20833333333333334 0.7299703264094956 0.058333333333333334 0.1632047477744807
0 0.17 0.7359050445103857 0.05333333333333334 0.1572700296735905
0 0.10666666666666667 0.755192878338279 0.07666666666666666 0.13056379821958458
0 0.065 0.7596439169139466 0.04833333333333333 0.11869436201780416
0 0.7591666666666667 0.15875370919881307 0.10166666666666667 0.24629080118694363
0 0.6639333333333334 0.19857566765578635 0.09120000000000004 0.21314540059347184
0 0.5816666666666667 0.23777448071216617 0.07833333333333334 0.19658753709198812