0 0.07863501483679525 0.30333333333333334 0.06824925816023739 0.055
0 0.14540059347181009 0.32 0.06528189910979229 0.05333333333333334
0 0.2199406528189911 0.32416666666666666 0.06893175074183976 0.05
0 0.4836795252225519 0.32916666666666666 0.05341246290801187 0.05
0 0.3289910979228487 0.33261666666666667 0.06890207715133531 0.03816666666666663
0 0.5667655786350149 0.3333333333333333 0.06528189910979229 0.05333333333333334
0 0.39750741839762616 0.3351166666666667 0.05887240356083083 0.03441666666666663
0 0.5237388724035609 0.33666666666666667 0.02373887240356083 0.043333333333333335
0 0.7789317507418397 0.33666666666666667 0.04451038575667656 0.04666666666666667
0 0.612759643916914 0.3383333333333333 0.026706231454005934 0.043333333333333335
0 0.8367952522255193 0.34 0.06528189910979229 0.045
0 0.8798219584569733 0.3541666666666667 0.02967359050445104 0.043333333333333335
0 0.07270029673590504 0.355 0.0712166172106825 0.04666666666666667
0 0.9228486646884273 0.35583333333333333 0.050445103857566766 0.03833333333333333
0 0.39735905044510383 0.3691333333333333 0.06228486646884276 0.035016666666666654
0 0.327893175074184 0.36985 0.07560830860534122 0.035050000000000046
0 0.14391691394658754 0.37083333333333335 0.0712166172106825 0.051666666666666666
0 0.21364985163204747 0.37333333333333335 0.06824925816023739 0.04833333333333333
0 0.4807121661721068 0.37833333333333335 0.05637982195845697 0.043333333333333335
0 0.5637982195845698 0.38166666666666665 0.06528189910979229 0.045
0 0.5192878338278932 0.3825 0.017804154302670624 0.04833333333333333
0 0.6068249258160238 0.3825 0.017804154302670624 0.04666666666666667
0 0.6513353115727003 0.3825 0.06231454005934718 0.04666666666666667
0 0.7789317507418397 0.38416666666666666 0.050445103857566766 0.045
0 0.8323442136498517 0.38666666666666666 0.05934718100890208 0.045
0 0.9777448071216617 0.3875 0.03857566765578635 0.055
0 0.6958456973293768 0.39166666666666666 0.017804154302670624 0.04666666666666667
0 0.8798219584569733 0.3925 0.02373887240356083 0.03166666666666667
0 0.9228486646884273 0.39666666666666667 0.05341246290801187 0.041666666666666664
0 0.06973293768545995 0.4091666666666667 0.07418397626112759 0.056666666666666664
0 0.39839762611275964 0.41323333333333334 0.05771513353115724 0.053950000000000005
0 0.3305637982195846 0.41579999999999995 0.07145400593471805 0.05394999999999996
0 0.1394658753709199 0.4175 0.06824925816023739 0.03666666666666667
0 0.21364985163204747 0.41833333333333333 0.0712166172106825 0.03833333333333333
0 0.4821958456973294 0.4225 0.05341246290801187 0.043333333333333335
0 0.516320474777448 0.425 0.020771513353115726 0.043333333333333335
0 0.5623145400593472 0.4266666666666667 0.06824925816023739 0.04
0 0.6053412462908012 0.4266666666666667 0.020771513353115726 0.043333333333333335
0 0.6483679525222552 0.42916666666666664 0.06231454005934718 0.043333333333333335
0 0.6928783382789317 0.43 0.020771513353115726 0.041666666666666664
0 0.7789317507418397 0.43083333333333335 0.04154302670623145 0.04666666666666667
0 0.8916913946587537 0.43166666666666664 0.06231454005934718 0.043333333333333335
0 0.8323442136498517 0.43333333333333335 0.05637982195845697 0.045
0 0.9362017804154302 0.4375 0.02373887240356083 0.03666666666666667
0 0.9775074183976261 0.4380833333333334 0.044955489614243255 0.04336666666666664
0 0.06379821958456973 0.47833333333333333 0.05934718100890208 0.05333333333333334
0 0.1394658753709199 0.47833333333333333 0.06528189910979229 0.051666666666666666
0 0.3323442136498516 0.48083333333333333 0.06231454005934718 0.043333333333333335
0 0.39317507418397624 0.48083333333333333 0.05341246290801187 0.043333333333333335
0 0.4762611275964392 0.4816666666666667 0.03560830860534125 0.04666666666666667
0 0.20178041543026706 0.4816666666666667 0.05341246290801187 0.043333333333333335
0 0.271513353115727 0.4816666666666667 0.05934718100890208 0.04833333333333333
0 0.5207715133531158 0.48333333333333334 0.04747774480712166 0.04666666666666667
0 0.5801186943620178 0.4841666666666667 0.05637982195845697 0.043333333333333335
0 0.6379821958456974 0.4866666666666667 0.05637982195845697 0.045
0 0.6928783382789317 0.4875 0.050445103857566766 0.041666666666666664
0 0.7729970326409495 0.49083333333333334 0.03857566765578635 0.041666666666666664
0 0.8234421364985163 0.4925 0.05637982195845697 0.043333333333333335
0 0.8753709198813057 0.49333333333333335 0.04747774480712166 0.03833333333333333
0 0.327893175074184 0.5258333333333334 0.06528189910979229 0.045
0 0.3887240356083086 0.5258333333333334 0.050445103857566766 0.04666666666666667
0 0.47477744807121663 0.5258333333333334 0.032640949554896145 0.041666666666666664
0 0.5192878338278932 0.5291666666666667 0.05341246290801187 0.04833333333333333
0 0.06379821958456973 0.5291666666666667 0.05637982195845697 0.05
0 0.13798219584569732 0.5291666666666667 0.06528189910979229 0.05
0 0.26706231454005935 0.5291666666666667 0.06231454005934718 0.045
0 0.5771513353115727 0.53 0.05934718100890208 0.04666666666666667
0 0.6913946587537092 0.53 0.05637982195845697 0.045
0 0.19732937685459942 0.53 0.05341246290801187 0.04666666666666667
0 0.771513353115727 0.5308333333333334 0.03560830860534125 0.041666666666666664
0 0.6394658753709199 0.5316666666666666 0.05341246290801187 0.04666666666666667
0 0.9762611275964391 0.5325 0.04154302670623145 0.043333333333333335
0 0.8768545994065282 0.535 0.04154302670623145 0.03833333333333333
0 0.9258160237388724 0.5358333333333334 0.05637982195845697 0.04666666666666667
0 0.8249258160237388 0.5366666666666666 0.05637982195845697 0.04
0 0.38724035608308605 0.57 0.05934718100890208 0.05
0 0.327893175074184 0.5716666666666667 0.05934718100890208 0.045
0 0.47181008902077154 0.5716666666666667 0.032640949554896145 0.043333333333333335
0 0.5816023738872403 0.5733333333333334 0.06231454005934718 0.043333333333333335
0 0.9777448071216617 0.5733333333333334 0.04154302670623145 0.035
0 0.5192878338278932 0.5741666666666667 0.05341246290801187 0.041666666666666664
0 0.7729970326409495 0.575 0.03857566765578635 0.04666666666666667
0 0.26706231454005935 0.575 0.06824925816023739 0.041666666666666664
0 0.6928783382789317 0.5758333333333333 0.04747774480712166 0.04833333333333333
0 0.8189910979228486 0.5758333333333333 0.04747774480712166 0.04
0 0.8724035608308606 0.5758333333333333 0.04451038575667656 0.041666666666666664
0 0.9272997032640949 0.5758333333333333 0.05934718100890208 0.03666666666666667
0 0.6394658753709199 0.5775 0.05637982195845697 0.04666666666666667
0 0.13204747774480713 0.5775 0.06231454005934718 0.04666666666666667
0 0.057863501483679525 0.5783333333333334 0.05637982195845697 0.05
0 0.19287833827893175 0.5783333333333334 0.05637982195845697 0.043333333333333335
0 0.9584569732937686 0.6325 0.04747774480712166 0.041666666666666664
0 0.9094955489614244 0.6341666666666667 0.04451038575667656 0.045
0 0.814540059347181 0.6366666666666667 0.04747774480712166 0.04666666666666667
0 0.7640949554896143 0.6375 0.02967359050445104 0.045
0 0.5771513353115727 0.6383333333333333 0.05341246290801187 0.045
0 0.6320474777448071 0.6383333333333333 0.050445103857566766 0.041666666666666664
0 0.685459940652819 0.6383333333333333 0.050445103857566766 0.045
0 0.8664688427299704 0.6383333333333333 0.050445103857566766 0.045
0 0.5237388724035609 0.64 0.05637982195845697 0.04666666666666667
0 0.3189910979228487 0.6408333333333334 0.06231454005934718 0.045
0 0.3916913946587537 0.6408333333333334 0.05637982195845697 0.04833333333333333
0 0.47032640949554894 0.6408333333333334 0.04451038575667656 0.04833333333333333
0 0.1172106824925816 0.6433333333333333 0.06231454005934718 0.04666666666666667
0 0.18545994065281898 0.6433333333333333 0.06231454005934718 0.04666666666666667
0 0.2551928783382789 0.6433333333333333 0.05637982195845697 0.04666666666666667
0 0.05192878338278932 0.645 0.05341246290801187 0.05
0 0.9065281899109793 0.6783333333333333 0.03560830860534125 0.041666666666666664
0 0.8649851632047477 0.6808333333333333 0.04747774480712166 0.03833333333333333
0 0.8115727002967359 0.6816666666666666 0.04747774480712166 0.043333333333333335
0 0.6884272997032641 0.6825 0.04747774480712166 0.045
0 0.6320474777448071 0.6833333333333333 0.05934718100890208 0.04833333333333333
0 0.7685459940652819 0.6833333333333333 0.032640949554896145 0.04
0 0.5741839762611276 0.6841666666666667 0.050445103857566766 0.04833333333333333
0 0.5192878338278932 0.6866666666666666 0.05341246290801187 0.045
0 0.3827893175074184 0.6883333333333334 0.05934718100890208 0.045
0 0.314540059347181 0.6891666666666667 0.05934718100890208 0.04666666666666667
0 0.47181008902077154 0.6891666666666667 0.04451038575667656 0.045
0 0.25370919881305637 0.69 0.05934718100890208 0.04833333333333333
0 0.18545994065281898 0.6916666666666667 0.05934718100890208 0.04666666666666667
0 0.050445103857566766 0.6933333333333334 0.04747774480712166 0.04666666666666667
0 0.1172106824925816 0.6941666666666667 0.06231454005934718 0.045
0 0.9050445103857567 0.715 0.026706231454005934 0.025
0 0.8649851632047477 0.7225 0.04747774480712166 0.03666666666666667
0 0.8115727002967359 0.7241666666666666 0.04747774480712166 0.04
0 0.685459940652819 0.725 0.050445103857566766 0.03666666666666667
0 0.7670623145400594 0.7266666666666667 0.03560830860534125 0.03666666666666667
0 0.6320474777448071 0.73 0.05341246290801187 0.04666666666666667
0 0.5741839762611276 0.7316666666666667 0.05341246290801187 0.041666666666666664
0 0.3798219584569733 0.7341666666666666 0.050445103857566766 0.043333333333333335
0 0.31305637982195844 0.7358333333333333 0.05934718100890208 0.04666666666666667
0 0.25370919881305637 0.7375 0.04747774480712166 0.045
0 0.18100890207715134 0.7391666666666666 0.05934718100890208 0.043333333333333335
0 0.11572700296735905 0.7416666666666667 0.06231454005934718 0.051666666666666666
0 0.04747774480712166 0.7425 0.04747774480712166 0.04833333333333333
0 0.10961424332344213 0.8180333333333333 0.06652818991097924 0.05169999999999997
0 0.0457566765578635 0.8193333333333334 0.06311572700296736 0.050400000000000014
0 0.11189910979228487 0.8703833333333334 0.06652818991097924 0.055566666666666625
0 0.04403560830860534 0.8732833333333334 0.0642433234421365 0.0562166666666667
0 0.1044213649851632 0.9214166666666667 0.06997032640949555 0.0465166666666668
0 0.04002967359050446 0.9233666666666667 0.05391691394658754 0.04781666666666676