0 0.7359050445103857 0.22416666666666665 0.11275964391691394 0.09833333333333333
0 0.8724035608308606 0.225 0.11572700296735905 0.095
0 0.6112759643916914 0.22666666666666666 0.11275964391691394 0.08833333333333333
0 0.4836795252225519 0.23083333333333333 0.12166172106824925 0.10166666666666667
0 0.258160237388724 0.235 0.10682492581602374 0.095
0 0.040059347181008904 0.23583333333333334 0.08011869436201781 0.1
0 0.9688427299703264 0.24416666666666667 0.05637982195845697 0.085
0 0.13056379821958458 0.245 0.0830860534124629 0.06333333333333334
0 0.03560830860534125 0.32083333333333336 0.06528189910979229 0.08666666666666667
0 0.7344213649851632 0.32083333333333336 0.11572700296735905 0.095
0 0.6038575667655787 0.3225 0.11275964391691394 0.1
0 0.8664688427299704 0.3225 0.12166172106824925 0.09833333333333333
0 0.13204747774480713 0.32416666666666666 0.11275964391691394 0.095
0 0.4807121661721068 0.325 0.12759643916913946 0.10166666666666667
0 0.3649851632047478 0.32666666666666666 0.10385756676557864 0.095
0 0.24777448071216618 0.32666666666666666 0.10979228486646884 0.09166666666666666
0 0.9728189910979228 0.3318333333333333 0.05433234421364969 0.08501666666666666
0 0.032640949554896145 0.4091666666666667 0.06231454005934718 0.08833333333333333
0 0.1142433234421365 0.4125 0.11572700296735905 0.08
0 0.8620178041543026 0.4141666666666667 0.11275964391691394 0.09
0 0.2403560830860534 0.415 0.10682492581602374 0.08166666666666667
0 0.3590504451038576 0.41583333333333333 0.10682492581602374 0.08333333333333333
0 0.47032640949554894 0.41583333333333333 0.11572700296735905 0.08833333333333333
0 0.7314540059347181 0.41583333333333333 0.11572700296735905 0.09
0 0.599406528189911 0.4166666666666667 0.11572700296735905 0.08333333333333333
0 0.9658753709198813 0.4225 0.06231454005934718 0.08833333333333333
0 0.037091988130563795 0.5141666666666667 0.07418397626112759 0.095
0 0.14540059347181009 0.52 0.11275964391691394 0.10166666666666667
0 0.27299703264094954 0.5233333333333333 0.10385756676557864 0.10166666666666667
0 0.5059347181008902 0.53 0.12166172106824925 0.105
0 0.6320474777448071 0.5325 0.11869436201780416 0.105
0 0.7611275964391692 0.5333333333333333 0.12462908011869436 0.105
0 0.8976261127596439 0.5341666666666667 0.12462908011869436 0.105
0 0.37388724035608306 0.5575 0.09198813056379822 0.07166666666666667
0 0.129080118694362 0.6216666666666667 0.11869436201780416 0.09333333333333334
0 0.2522255192878338 0.6225 0.12462908011869436 0.09833333333333333
0 0.4970326409495549 0.6308333333333334 0.11572700296735905 0.1
0 0.3664688427299703 0.6333333333333333 0.08902077151335312 0.07666666666666666
0 0.629080118694362 0.635 0.12166172106824925 0.1
0 0.7566765578635015 0.6366666666666667 0.12759643916913946 0.10333333333333333
0 0.8991097922848664 0.6408333333333334 0.13353115727002968 0.11
0 0.07270029673590504 0.7416666666666667 0.11869436201780416 0.11
0 0.20029673590504452 0.7508333333333334 0.13056379821958458 0.12
0 0.33827893175074186 0.7566666666666667 0.13353115727002968 0.12
0 0.4762611275964392 0.7608333333333334 0.1394658753709199 0.11833333333333333
0 0.6201780415430267 0.7658333333333334 0.1394658753709199 0.12833333333333333
0 0.7640949554896143 0.7733333333333333 0.12759643916913946 0.11833333333333333
0 0.8976261127596439 0.8075 0.10682492581602374 0.1
0 0.06231454005934718 0.8575 0.11869436201780416 0.11333333333333333
0 0.18545994065281898 0.8691666666666666 0.142433234421365 0.11333333333333333
0 0.3249258160237389 0.875 0.13649851632047477 0.115
0 0.46735905044510384 0.8791666666666667 0.13056379821958458 0.12
0 0.612759643916914 0.8891666666666667 0.142433234421365 0.12166666666666667
0 0.7626112759643917 0.8916666666666667 0.12166172106824925 0.12
0 0.8961424332344213 0.9083333333333333 0.11869436201780416 0.09833333333333333
0 0.8724035608308606 0.125 0.12462908011869436 0.1
0 0.7418397626112759 0.13083333333333333 0.11275964391691394 0.09166666666666666
0 0.6201780415430267 0.13333333333333333 0.11869436201780416 0.095
0 0.26706231454005935 0.14666666666666667 0.10089020771513353 0.095
0 0.9747774480712166 0.15166666666666667 0.04451038575667656 0.09