0 0.31083333333333335 0.40801186943620177 0.085 0.26409495548961426
0 0.08583333333333333 0.4124629080118694 0.06 0.2551928783382789
0 0.035 0.41543026706231456 0.06833333333333333 0.2522255192878338
0 0.21333333333333335 0.4169139465875371 0.11166666666666666 0.24925816023738873
0 0.40166666666666667 0.4391691394658754 0.08833333333333333 0.2314540059347181
0 0.5016666666666667 0.4391691394658754 0.09 0.2314540059347181
0 0.5991666666666666 0.4465875370919881 0.08666666666666667 0.2344213649851632
0 0.8925 0.4658753709198813 0.1 0.2403560830860534
0 0.795 0.47477744807121663 0.09833333333333333 0.22551928783382788
0 0.695 0.4807121661721068 0.09333333333333334 0.22255192878338279
0 0.019166666666666665 0.6602373887240356 0.03833333333333333 0.2433234421364985
0 0.07 0.6632047477744807 0.06333333333333334 0.24925816023738873
0 0.16833333333333333 0.672106824925816 0.03333333333333333 0.2433234421364985
0 0.305 0.6750741839762612 0.08833333333333333 0.24925816023738873
0 0.39916666666666667 0.6765578635014837 0.09 0.2403560830860534
0 0.5 0.6765578635014837 0.095 0.2433234421364985
0 0.6 0.6824925816023739 0.08666666666666667 0.2403560830860534
0 0.6975 0.6913946587537092 0.09 0.22255192878338279
0 0.8208333333333333 0.6928783382789317 0.045 0.2195845697329377
0 0.22696666666666668 0.7000296735905044 0.07406666666666667 0.18074183976261135
0 0.22416666666666665 0.17804154302670624 0.10333333333333333 0.24925816023738873
0 0.043333333333333335 0.1795252225519288 0.08333333333333333 0.27299703264094954
0 0.41 0.2062314540059347 0.08666666666666667 0.2344213649851632
0 0.5041666666666667 0.2062314540059347 0.085 0.2314540059347181
0 0.6 0.2166172106824926 0.09 0.228486646884273
0 0.8825 0.23887240356083086 0.09333333333333334 0.2314540059347181
0 0.6933333333333334 0.2626112759643917 0.085 0.2166172106824926
0 0.79 0.2626112759643917 0.095 0.22255192878338279
0 0.8241666666666667 0.2744807121661721 0.0016666666666666668 0.002967359050445104