0 0.3470623145400593 0.017383333333333334 0.06335311572700295 0.03476666666666667
0 0.23655786350148367 0.17081666666666664 0.06869436201780417 0.06555000000000002
0 0.28605341246290805 0.022350000000000002 0.0651632047477745 0.044683333333333325
0 0.9243323442136498 0.23166666666666666 0.14540059347181009 0.13666666666666666
0 0.21985163204747776 0.024749999999999998 0.09296735905044508 0.04948333333333334
0 0.8968545994065282 0.02581666666666667 0.11267062314540068 0.05163333333333334
0 0.5 0.2658333333333333 0.08902077151335312 0.11833333333333333
0 0.6528189910979229 0.028333333333333332 0.11869436201780416 0.056666666666666664
0 0.4169139465875371 0.26666666666666666 0.0712166172106825 0.115
0 0.7240356083086054 0.26666666666666666 0.14540059347181009 0.13333333333333333
0 0.5934718100890207 0.2683333333333333 0.10385756676557864 0.12333333333333334
0 0.35014836795252224 0.2733333333333333 0.06528189910979229 0.10333333333333333
0 0.28338278931750743 0.2733333333333333 0.06824925816023739 0.09833333333333333
0 0.22997032640949555 0.2758333333333333 0.04747774480712166 0.09333333333333334
0 0.14688427299703263 0.2783333333333333 0.05341246290801187 0.08166666666666667
0 0.18991097922848665 0.2791666666666667 0.04451038575667656 0.09
0 0.7748664688427299 0.030783333333333333 0.13038575667655794 0.061566666666666665
0 0.1543026706231454 0.35333333333333333 0.04451038575667656 0.065
0 0.19732937685459942 0.3575 0.04154302670623145 0.06666666666666667
0 0.23887240356083086 0.36083333333333334 0.04747774480712166 0.07666666666666666
0 0.2952522255192878 0.3641666666666667 0.06528189910979229 0.08
0 0.3560830860534125 0.36583333333333334 0.06231454005934718 0.08333333333333333
0 0.5512462908011869 0.038233333333333334 0.07919881305637981 0.07646666666666667
0 0.4198813056379822 0.37333333333333335 0.06824925816023739 0.095
0 0.4970326409495549 0.37666666666666665 0.08605341246290801 0.1
0 0.5919881305637982 0.38666666666666666 0.09198813056379822 0.11166666666666666
0 0.6795252225519288 0.38916666666666666 0.0771513353115727 0.11166666666666666
0 0.7713649851632047 0.39553333333333335 0.11462908011869435 0.12676666666666672
0 0.07418397626112759 0.43421666666666664 0.060415430267062316 0.07330000000000003
0 0.16243323442136498 0.4512833333333333 0.04816023738872405 0.0724666666666667
0 0.20640949554896143 0.4521 0.04816023738872403 0.07904999999999997
0 0.2467359050445104 0.4648666666666667 0.055459940652818986 0.08316666666666662
0 0.4407418397626113 0.04766666666666667 0.1305044510385757 0.09533333333333334
0 0.3189910979228487 0.47333333333333333 0.09495548961424333 0.08833333333333333
0 0.3961424332344214 0.4891666666666667 0.05341246290801187 0.1
0 0.08735905044510385 0.49788333333333334 0.0445994065281899 0.055533333333333414
0 0.46735905044510384 0.5033333333333333 0.09198813056379822 0.105
0 0.5504451038575667 0.5216666666666666 0.08011869436201781 0.10833333333333334
0 0.1697626112759644 0.5262166666666667 0.0423145400593472 0.06258333333333325
0 0.21373887240356085 0.5266333333333334 0.04816023738872403 0.0634166666666666
0 0.6394658753709199 0.5325 0.10682492581602374 0.11666666666666667
0 0.25258160237388727 0.5447500000000001 0.05252225519287831 0.0749333333333334
0 0.7420178041543026 0.5483 0.09658753709198808 0.13058333333333338
0 0.2997032640949555 0.5541666666666667 0.04747774480712166 0.07333333333333333
0 0.8142433234421365 0.5647833333333333 0.05142433234421377 0.12805000000000008
0 0.35014836795252224 0.5733333333333334 0.05341246290801187 0.075
0 0.4020771513353116 0.5825 0.05637982195845697 0.085
0 0.4688427299703264 0.6008333333333333 0.06824925816023739 0.08833333333333333
0 0.543026706231454 0.62 0.0830860534124629 0.08833333333333333
0 0.629080118694362 0.6425 0.09495548961424333 0.10166666666666667
0 0.7318694362017804 0.6769666666666667 0.1078635014836796 0.12676666666666678
0 0.817626112759644 0.7010666666666666 0.07172106824925804 0.12423333333333328
0 0.35059347181008904 0.07498333333333333 0.05275964391691395 0.07845
0 0.5400593471810089 0.7425 0.0830860534124629 0.11166666666666666
0 0.6350148367952523 0.7783333333333333 0.09198813056379822 0.125
0 0.7388724035608308 0.8133333333333334 0.11572700296735905 0.135
0 0.8959643916913946 0.08491666666666667 0.11795252225519288 0.06853333333333333
0 0.543026706231454 0.8391666666666666 0.08011869436201781 0.10333333333333333
0 0.2931454005934718 0.0869 0.054540059347180994 0.08243333333333334
0 0.6320474777448071 0.8808333333333334 0.09792284866468842 0.10833333333333334
0 0.7373887240356083 0.9341666666666667 0.12462908011869436 0.11333333333333333
0 0.22780415430267062 0.09788333333333332 0.07207715133531155 0.08803333333333335
0 0.7678041543026706 0.09931666666666668 0.14097922848664685 0.07150000000000001
0 0.6475964391691394 0.10726666666666666 0.10213649851632052 0.09334999999999999
0 0.5565578635014837 0.12315 0.08979228486646881 0.08938333333333333
0 0.4725816023738872 0.13406666666666667 0.08097922848664695 0.07945000000000002
0 0.4071513353115727 0.1455 0.059792284866468814 0.07646666666666666
0 0.34881305637982196 0.15343333333333334 0.06335311572700295 0.06653333333333336
0 0.29578635014836796 0.16535 0.05275964391691395 0.06653333333333332