0 0.47181008902077154 0.17 0.04154302670623145 0.06
0 0.06528189910979229 0.17333333333333334 0.0712166172106825 0.06
0 0.22403560830860533 0.18 0.06824925816023739 0.06833333333333333
0 0.5118694362017804 0.18416666666666667 0.032640949554896145 0.055
0 0.2893175074183976 0.19166666666666668 0.05934718100890208 0.07
0 0.5445103857566765 0.1925 0.032640949554896145 0.04833333333333333
0 0.38427299703264095 0.2 0.04451038575667656 0.056666666666666664
0 0.5816023738872403 0.205 0.03560830860534125 0.043333333333333335
0 0.3427299703264095 0.20916666666666667 0.04154302670623145 0.06333333333333334
0 0.4317507418397626 0.21083333333333334 0.04451038575667656 0.056666666666666664
0 0.4762611275964392 0.22583333333333333 0.03857566765578635 0.051666666666666666
0 0.14985163204747776 0.235 0.0830860534124629 0.06833333333333333
0 0.5089020771513353 0.23583333333333334 0.02967359050445104 0.045
0 0.06973293768545995 0.23666666666666666 0.0771513353115727 0.06666666666666667
0 0.5445103857566765 0.24 0.03857566765578635 0.051666666666666666
0 0.228486646884273 0.24666666666666667 0.07418397626112759 0.06833333333333333
0 0.5830860534124629 0.25 0.03857566765578635 0.04833333333333333
0 0.3857566765578635 0.25583333333333336 0.04451038575667656 0.05333333333333334
0 0.29673590504451036 0.2608333333333333 0.05637982195845697 0.06666666666666667
0 0.43026706231454004 0.2658333333333333 0.04154302670623145 0.051666666666666666
0 0.35014836795252224 0.2733333333333333 0.04451038575667656 0.06333333333333334
0 0.47181008902077154 0.2775 0.032640949554896145 0.051666666666666666
0 0.5074183976261127 0.28583333333333333 0.03857566765578635 0.05333333333333334
0 0.543026706231454 0.2916666666666667 0.04154302670623145 0.05
0 0.5845697329376854 0.2975 0.04154302670623145 0.04666666666666667
0 0.14540059347181009 0.3016666666666667 0.08902077151335312 0.06666666666666667
0 0.06676557863501484 0.3075 0.06824925816023739 0.065
0 0.39020771513353114 0.3125 0.03857566765578635 0.056666666666666664
0 0.228486646884273 0.31333333333333335 0.06528189910979229 0.06166666666666667
0 0.43026706231454004 0.32166666666666666 0.03857566765578635 0.056666666666666664
0 0.29376854599406527 0.3258333333333333 0.05934718100890208 0.058333333333333334
0 0.4688427299703264 0.33166666666666667 0.03857566765578635 0.05333333333333334
0 0.3456973293768546 0.33666666666666667 0.04154302670623145 0.055
0 0.5059347181008902 0.3408333333333333 0.03857566765578635 0.05333333333333334
0 0.5474777448071216 0.3441666666666667 0.03857566765578635 0.05333333333333334
0 0.586053412462908 0.35083333333333333 0.03857566765578635 0.06166666666666667
0 0.43026706231454004 0.39166666666666666 0.04451038575667656 0.06
0 0.4762611275964392 0.3958333333333333 0.04451038575667656 0.05333333333333334
0 0.5192878338278932 0.40166666666666667 0.03560830860534125 0.05333333333333334
0 0.5534124629080118 0.4075 0.032640949554896145 0.051666666666666666
0 0.5919881305637982 0.4125 0.032640949554896145 0.05
0 0.4317507418397626 0.4483333333333333 0.050445103857566766 0.051666666666666666
0 0.47774480712166173 0.45 0.04451038575667656 0.05333333333333334
0 0.5237388724035609 0.45416666666666666 0.03857566765578635 0.05
0 0.5578635014836796 0.45666666666666667 0.03560830860534125 0.04666666666666667
0 0.5919881305637982 0.4633333333333333 0.032640949554896145 0.04833333333333333
0 0.4807121661721068 0.5041666666666667 0.03857566765578635 0.056666666666666664
0 0.5178041543026706 0.505 0.03560830860534125 0.05
0 0.4317507418397626 0.5058333333333334 0.06528189910979229 0.06166666666666667
0 0.5578635014836796 0.5075 0.03560830860534125 0.04833333333333333
0 0.5964391691394659 0.51 0.032640949554896145 0.045
0 0.5578635014836796 0.5575 0.032640949554896145 0.051666666666666666
0 0.5934718100890207 0.5575 0.03857566765578635 0.05333333333333334
0 0.5207715133531158 0.5583333333333333 0.04154302670623145 0.05333333333333334
0 0.4836795252225519 0.56 0.03857566765578635 0.05333333333333334
0 0.43026706231454004 0.5616666666666666 0.05637982195845697 0.05333333333333334
0 0.7202670623145401 0.6149 0.028397626112759623 0.043333333333333335
0 0.7483679525222552 0.6149 0.029347181008902035 0.04011666666666675
0 0.6922848664688428 0.6164666666666666 0.0310089020771513 0.041683333333333315
0 0.6584866468842729 0.61925 0.045875370919881246 0.045383333333333366
0 0.5934718100890207 0.6208333333333333 0.03857566765578635 0.04666666666666667
0 0.5534124629080118 0.6216666666666667 0.03857566765578635 0.04833333333333333
0 0.5133531157270029 0.625 0.04154302670623145 0.05
0 0.47032640949554894 0.6275 0.04747774480712166 0.05333333333333334
0 0.4287833827893175 0.6283333333333333 0.04451038575667656 0.05
0 0.7516913946587537 0.65475 0.02646884272997029 0.04600000000000004
0 0.724540059347181 0.6593 0.029347181008902035 0.04546666666666662
0 0.6980712166172107 0.6595500000000001 0.026083086053412523 0.050016666666666654
0 0.6609495548961425 0.6651 0.04091988130563804 0.05373333333333335
0 0.5519287833827893 0.6733333333333333 0.050445103857566766 0.05333333333333334
0 0.5979228486646885 0.6733333333333333 0.032640949554896145 0.04833333333333333
0 0.5133531157270029 0.6775 0.032640949554896145 0.05333333333333334
0 0.4762611275964392 0.6816666666666666 0.03560830860534125 0.05333333333333334
0 0.43471810089020774 0.6833333333333333 0.04451038575667656 0.056666666666666664
0 0.7559643916913946 0.69915 0.02362017804154305 0.04386666666666675
0 0.7259643916913947 0.7045 0.028397626112759623 0.04386666666666675
0 0.6974183976261128 0.7087833333333333 0.03029673590504445 0.04814999999999998
0 0.664272997032641 0.7114166666666667 0.037626112759643934 0.050016666666666654
0 0.5949554896142433 0.7241666666666666 0.04154302670623145 0.04833333333333333
0 0.5534124629080118 0.7258333333333333 0.04154302670623145 0.05
0 0.516320474777448 0.7291666666666666 0.04154302670623145 0.055
0 0.4762611275964392 0.7383333333333333 0.03560830860534125 0.06
0 0.43768545994065283 0.7425 0.04451038575667656 0.06
0 0.7559643916913946 0.7459666666666667 0.02931750741839761 0.04653333333333327
0 0.7293175074183976 0.7507666666666666 0.029347181008902035 0.04761666666666675
0 0.6988427299703264 0.7569333333333333 0.029347181008902035 0.049216666666666624
0 0.667566765578635 0.7633 0.034332344213649835 0.050016666666666654
0 0.599406528189911 0.7758333333333334 0.03560830860534125 0.051666666666666666
0 0.5578635014836796 0.7816666666666666 0.04747774480712166 0.06
0 0.5133531157270029 0.79 0.04747774480712166 0.065
0 0.47181008902077154 0.8016666666666666 0.04154302670623145 0.06
0 0.4362017804154303 0.8075 0.03560830860534125 0.065
0 0.14836795252225518 0.095 0.08011869436201781 0.06833333333333333
0 0.06824925816023739 0.11 0.0712166172106825 0.058333333333333334
0 0.22551928783382788 0.11416666666666667 0.07418397626112759 0.065
0 0.29080118694362017 0.13083333333333333 0.04747774480712166 0.058333333333333334
0 0.38427299703264095 0.13833333333333334 0.04451038575667656 0.06333333333333334
0 0.3367952522255193 0.15 0.050445103857566766 0.058333333333333334
0 0.4287833827893175 0.1525 0.03857566765578635 0.058333333333333334
0 0.14836795252225518 0.165 0.0830860534124629 0.06833333333333333