0 0.7744807121661721 0.2708333333333333 0.06824925816023739 0.05333333333333334
0 0.9395845697329377 0.27949999999999997 0.07581602373887227 0.06086666666666664
0 0.7047477744807121 0.2833333333333333 0.07418397626112759 0.05333333333333334
0 0.6379821958456974 0.29083333333333333 0.05637982195845697 0.056666666666666664
0 0.5801186943620178 0.30416666666666664 0.05934718100890208 0.05
0 0.5222551928783383 0.31166666666666665 0.05637982195845697 0.04833333333333333
0 0.4688427299703264 0.32 0.05637982195845697 0.05333333333333334
0 0.41097922848664686 0.3275 0.05934718100890208 0.05
0 0.7729970326409495 0.3308333333333333 0.06231454005934718 0.065
0 0.3590504451038576 0.335 0.04154302670623145 0.04666666666666667
0 0.7077151335311572 0.3383333333333333 0.07418397626112759 0.05333333333333334
0 0.9375667655786349 0.3426166666666667 0.07982195845697322 0.06086666666666664
0 0.6409495548961425 0.34833333333333333 0.06231454005934718 0.056666666666666664
0 0.5816023738872403 0.35833333333333334 0.05341246290801187 0.051666666666666666
0 0.5237388724035609 0.3641666666666667 0.05341246290801187 0.05333333333333334
0 0.46439169139465875 0.3725 0.05934718100890208 0.05
0 0.4050445103857567 0.37916666666666665 0.06231454005934718 0.051666666666666666
0 0.35756676557863504 0.385 0.04451038575667656 0.05333333333333334
0 0.9365578635014837 0.3995333333333333 0.0858456973293767 0.0574833333333333
0 0.1659940652818991 0.47126666666666667 0.03169139465875373 0.04240000000000009
0 0.13287833827893175 0.47573333333333334 0.03700296735905044 0.0438833333333334
0 0.7789317507418397 0.4775 0.05637982195845697 0.06
0 0.05673590504451039 0.47870000000000007 0.04364985163204748 0.04240000000000009
0 0.09777448071216618 0.4790833333333333 0.0356973293768546 0.041666666666666664
0 0.7091988130563798 0.4825 0.08011869436201781 0.056666666666666664
0 0.9673590504451038 0.48583333333333334 0.05934718100890208 0.055
0 0.5563798219584569 0.49083333333333334 0.06231454005934718 0.06166666666666667
0 0.629080118694362 0.49083333333333334 0.07418397626112759 0.058333333333333334
0 0.48813056379821956 0.49916666666666665 0.06231454005934718 0.056666666666666664
0 0.41839762611275966 0.5008333333333334 0.05934718100890208 0.058333333333333334
0 0.3545994065281899 0.5058333333333334 0.05637982195845697 0.05333333333333334
0 0.1640059347181009 0.51665 0.030356083086053424 0.0438833333333334
0 0.13089020771513352 0.5177666666666667 0.03833827893175075 0.040166666666666705
0 0.09382789317507417 0.5196166666666666 0.04097922848664688 0.03943333333333328
0 0.05608308605341246 0.52185 0.04762611275964391 0.03943333333333328
0 0.7789317507418397 0.5416666666666666 0.05637982195845697 0.065
0 0.7062314540059347 0.5458333333333333 0.08605341246290801 0.06166666666666667
0 0.9673590504451038 0.5458333333333333 0.05934718100890208 0.06833333333333333
0 0.6275964391691394 0.55 0.06824925816023739 0.058333333333333334
0 0.5519287833827893 0.5516666666666666 0.06824925816023739 0.056666666666666664
0 0.41097922848664686 0.5558333333333333 0.06231454005934718 0.05
0 0.4792284866468843 0.5558333333333333 0.06824925816023739 0.05333333333333334
0 0.16068249258160236 0.55905 0.029050445103857587 0.040916666666666594
0 0.13154302670623144 0.5597833333333333 0.0343620178041543 0.04240000000000009
0 0.3516320474777448 0.56 0.05934718100890208 0.051666666666666666
0 0.09183976261127597 0.5609000000000001 0.04231454005934718 0.04314999999999998
0 0.0514540059347181 0.5638833333333333 0.04364985163204748 0.04314999999999998
0 0.9648664688427301 0.61535 0.07023738872403548 0.06988333333333326
0 0.17062314540059348 0.6533333333333333 0.06528189910979229 0.05333333333333334
0 0.35014836795252224 0.6558333333333334 0.050445103857566766 0.051666666666666666
0 0.10089020771513353 0.6566666666666666 0.05637982195845697 0.04833333333333333
0 0.22255192878338279 0.6583333333333333 0.04747774480712166 0.05
0 0.4035608308605341 0.6608333333333334 0.05637982195845697 0.051666666666666666
0 0.04451038575667656 0.6616666666666666 0.03857566765578635 0.041666666666666664
0 0.7789317507418397 0.6616666666666666 0.05934718100890208 0.06166666666666667
0 0.7166172106824926 0.6633333333333333 0.06231454005934718 0.06666666666666667
0 0.5237388724035609 0.665 0.06528189910979229 0.065
0 0.4658753709198813 0.6666666666666666 0.05341246290801187 0.06166666666666667
0 0.5875370919881305 0.6666666666666666 0.05934718100890208 0.06833333333333333
0 0.6513353115727003 0.6666666666666666 0.06528189910979229 0.07
0 0.16172106824925817 0.7066666666666667 0.07418397626112759 0.05333333333333334
0 0.037091988130563795 0.7075 0.050445103857566766 0.045
0 0.09347181008902077 0.7075 0.05934718100890208 0.04833333333333333
0 0.22106824925816024 0.7075 0.050445103857566766 0.04833333333333333
0 0.34124629080118696 0.7125 0.05637982195845697 0.06
0 0.3991097922848665 0.7183333333333334 0.05341246290801187 0.06166666666666667
0 0.46142433234421365 0.7258333333333333 0.05637982195845697 0.06166666666666667
0 0.5222551928783383 0.7283333333333334 0.06231454005934718 0.065
0 0.7818991097922848 0.7283333333333334 0.05637982195845697 0.065
0 0.7136498516320475 0.7291666666666666 0.06824925816023739 0.065
0 0.5875370919881305 0.7308333333333333 0.06528189910979229 0.06
0 0.6513353115727003 0.7308333333333333 0.06231454005934718 0.06166666666666667
0 0.21810089020771514 0.7566666666666667 0.050445103857566766 0.055
0 0.03412462908011869 0.7575 0.04747774480712166 0.05333333333333334
0 0.08902077151335312 0.7591666666666667 0.05637982195845697 0.056666666666666664
0 0.15578635014836795 0.7616666666666667 0.06824925816023739 0.051666666666666666
0 0.33382789317507416 0.7741666666666667 0.05637982195845697 0.056666666666666664
0 0.39465875370919884 0.7783333333333333 0.05934718100890208 0.05333333333333334
0 0.45845697329376855 0.785 0.05934718100890208 0.055
0 0.5207715133531158 0.7883333333333333 0.06528189910979229 0.058333333333333334
0 0.586053412462908 0.7908333333333334 0.06528189910979229 0.06
0 0.7804154302670623 0.7933333333333333 0.06231454005934718 0.06333333333333334
0 0.6513353115727003 0.7941666666666667 0.06231454005934718 0.06833333333333333
0 0.712166172106825 0.7941666666666667 0.06231454005934718 0.06666666666666667