0 0.45416666666666666 0.3026706231454006 0.05 0.18100890207715134
0 0.8475833333333334 0.3146290801186944 0.024816666666666643 0.1513353115727003
0 0.8735166666666667 0.3273887240356083 0.024816666666666834 0.14178041543026706
0 0.5058333333333334 0.33086053412462907 0.043333333333333335 0.17210682492581603
0 0.8990166666666666 0.3385459940652819 0.02748333333333335 0.1258456973293769
0 0.5541666666666667 0.3427299703264095 0.043333333333333335 0.18397626112759644
0 0.17083333333333334 0.037922848664688424 0.06676666666666667 0.07584569732937685
0 0.5975 0.3694362017804154 0.041666666666666664 0.18397626112759644
0 0.6441666666666667 0.37537091988130566 0.04666666666666667 0.17507418397626112
0 0.6925 0.3827893175074184 0.043333333333333335 0.1543026706231454
0 0.034166666666666665 0.3857566765578635 0.065 0.2522255192878338
0 0.7616999999999999 0.40545994065281893 0.02843333333333324 0.0908011869436202
0 0.10416666666666667 0.41097922848664686 0.06833333333333333 0.23738872403560832
0 0.7970333333333334 0.4173887240356083 0.031099999999999947 0.11151335311572695
0 0.18333333333333332 0.4287833827893175 0.07 0.22551928783382788
0 0.8256666666666667 0.4317210682492582 0.025716666666666582 0.1338278931750742
0 0.2525 0.45103857566765576 0.058333333333333334 0.2166172106824926
0 0.8542833333333334 0.4556379821958457 0.0275 0.14020771513353117
0 0.31833333333333336 0.47032640949554894 0.065 0.21068249258160238
0 0.8829166666666667 0.47077151335311573 0.029283333333333227 0.14178041543026715
0 0.9093000000000001 0.47077151335311573 0.024800000000000183 0.1290504451038576
0 0.41333333333333333 0.4836795252225519 0.028333333333333332 0.19584569732937684
0 0.455 0.49258160237388726 0.055 0.18991097922848665
0 0.5075 0.5133531157270029 0.05 0.17507418397626112
0 0.5558333333333333 0.5252225519287834 0.041666666666666664 0.18100890207715134
0 0.605 0.5400593471810089 0.04833333333333333 0.1661721068249258
0 0.6533333333333333 0.5474777448071216 0.043333333333333335 0.16023738872403562
0 0.6975 0.5519287833827893 0.04 0.1632047477744807
0 0.24135 0.05658753709198813 0.07961666666666666 0.11314540059347183
0 0.8341666666666666 0.5830860534124629 0.030200000000000008 0.15293768545994071
0 0.8623333333333333 0.6037982195845697 0.02571666666666668 0.14655786350148364
0 0.8059833333333333 0.6093768545994066 0.02751666666666665 0.10356083086053405
0 0.8878333333333334 0.6093768545994066 0.02660000000000006 0.1449851632047478
0 0.9160166666666667 0.6117507418397626 0.029266666666666576 0.1433827893175074
0 0.3108166666666667 0.06578635014836796 0.06481666666666665 0.13157270029673593
0 0.03916666666666667 0.7240356083086054 0.06333333333333334 0.2403560830860534
0 0.11416666666666667 0.7418397626112759 0.07833333333333334 0.24925816023738873
0 0.18916666666666668 0.7477744807121661 0.07 0.23738872403560832
0 0.2575 0.7566765578635015 0.06333333333333334 0.2344213649851632
0 0.4675 0.7581602373887241 0.055 0.18397626112759644
0 0.3233333333333333 0.7626112759643917 0.06666666666666667 0.20474777448071216
0 0.5166666666666667 0.7626112759643917 0.045 0.18397626112759644
0 0.5616666666666666 0.771513353115727 0.041666666666666664 0.18991097922848665
0 0.6983333333333334 0.7789317507418397 0.03333333333333333 0.1632047477744807
0 0.7723166666666667 0.7797329376854599 0.04709999999999998 0.1751928783382789
0 0.6083333333333333 0.7804154302670623 0.043333333333333335 0.18100890207715134
0 0.6558333333333334 0.7804154302670623 0.045 0.18100890207715134
0 0.8057166666666666 0.7818991097922848 0.03129999999999995 0.1751928783382789
0 0.8397333333333332 0.7959347181008902 0.0337166666666666 0.16005934718100898
0 0.8913499999999999 0.802433234421365 0.04948333333333343 0.16439169139465867
0 0.52 0.9258160237388724 0.055 0.1394658753709199
0 0.4675 0.9272997032640949 0.04666666666666667 0.1394658753709199
0 0.5658333333333333 0.9287833827893175 0.04666666666666667 0.1394658753709199
0 0.7058333333333333 0.9287833827893175 0.04666666666666667 0.1394658753709199
0 0.6566666666666666 0.93026706231454 0.043333333333333335 0.12166172106824925
0 0.7796 0.9321958456973293 0.039799999999999995 0.1340949554896144
0 0.19416666666666665 0.93026706231454 0.07166666666666667 0.13353115727002968
0 0.6125 0.9332344213649851 0.04833333333333333 0.13056379821958458
0 0.2658333333333333 0.9332344213649851 0.065 0.12759643916913946
0 0.32666666666666666 0.9332344213649851 0.07333333333333333 0.12759643916913946
0 0.8160499999999999 0.9365281899109793 0.0325 0.1254599406528189
0 0.8992499999999999 0.937626112759644 0.05554999999999988 0.12329376854599393
0 0.8483333333333334 0.9362017804154302 0.04 0.12166172106824925
0 0.4075 0.09643916913946587 0.03333333333333333 0.17804154302670624
0 0.4525 0.10682492581602374 0.055 0.21068249258160238
0 0.034166666666666665 0.1394658753709199 0.058333333333333334 0.2166172106824926
0 0.5025 0.1394658753709199 0.05333333333333334 0.18397626112759644
0 0.55 0.15875370919881307 0.041666666666666664 0.17210682492581603
0 0.10333333333333333 0.16765578635014836 0.07666666666666666 0.24629080118694363
0 0.5941666666666666 0.18545994065281898 0.04666666666666667 0.17507418397626112
0 0.17916666666666667 0.18991097922848665 0.06166666666666667 0.2344213649851632
0 0.64 0.20474777448071216 0.043333333333333335 0.16023738872403562
0 0.245 0.22403560830860533 0.06666666666666667 0.2314540059347181
0 0.6833333333333333 0.22403560830860533 0.043333333333333335 0.16913946587537093
0 0.315 0.24629080118694363 0.065 0.22551928783382788
0 0.7563333333333333 0.26842729970326407 0.03201666666666673 0.16089020771513352
0 0.7912166666666667 0.28198813056379823 0.03021666666666666 0.15931750741839762
0 0.8185 0.2891394658753709 0.02930000000000007 0.1513353115727003
0 0.41083333333333333 0.2893175074183976 0.03666666666666667 0.18991097922848665