0 0.6908333333333333 0.29821958456973297 0.03333333333333333 0.08902077151335312
0 0.3908333333333333 0.3026706231454006 0.03833333333333333 0.09198813056379822
0 0.3541666666666667 0.3056379821958457 0.03666666666666667 0.09495548961424333
0 0.5025 0.3056379821958457 0.03333333333333333 0.08605341246290801
0 0.7175 0.3086053412462908 0.03166666666666667 0.08902077151335312
0 0.4801333333333333 0.3102967359050445 0.013616666666666598 0.08593471810089023
0 0.5358333333333334 0.3115727002967359 0.03166666666666667 0.08011869436201781
0 0.75 0.3115727002967359 0.028333333333333332 0.0771513353115727
0 0.83 0.3115727002967359 0.025 0.07418397626112759
0 0.45916666666666667 0.31305637982195844 0.03 0.08605341246290801
0 0.3125 0.31602373887240354 0.041666666666666664 0.08902077151335312
0 0.805 0.31602373887240354 0.025 0.06824925816023739
0 0.23416666666666666 0.31750741839762614 0.03833333333333333 0.09495548961424333
0 0.5708333333333333 0.31750741839762614 0.03166666666666667 0.08902077151335312
0 0.6008333333333333 0.31750741839762614 0.02666666666666667 0.0830860534124629
0 0.2733333333333333 0.32047477744807124 0.04 0.09495548961424333
0 0.7775 0.32047477744807124 0.02666666666666667 0.0712166172106825
0 0.665 0.3219584569732938 0.02666666666666667 0.08605341246290801
0 0.42583333333333334 0.32344213649851633 0.03333333333333333 0.0771513353115727
0 0.6333333333333333 0.3249258160237389 0.03333333333333333 0.0830860534124629
0 0.9575833333333332 0.35465875370919875 0.03916666666666667 0.0865875370919881
0 0.9070333333333334 0.3702373887240356 0.03754999999999995 0.08465875370919881
0 0.5033333333333333 0.39465875370919884 0.03666666666666667 0.09198813056379822
0 0.4658333333333333 0.3961424332344214 0.03666666666666667 0.0830860534124629
0 0.3908333333333333 0.3991097922848665 0.03833333333333333 0.10089020771513353
0 0.5375 0.3991097922848665 0.03166666666666667 0.08902077151335312
0 0.3525 0.40059347181008903 0.03666666666666667 0.09198813056379822
0 0.43 0.4050445103857567 0.03666666666666667 0.08902077151335312
0 0.57 0.4050445103857567 0.03 0.08902077151335312
0 0.6033333333333334 0.4050445103857567 0.028333333333333332 0.08902077151335312
0 0.6633333333333333 0.4050445103857567 0.028333333333333332 0.07418397626112759
0 0.6333333333333333 0.4065281899109792 0.03333333333333333 0.07418397626112759
0 0.2325 0.41097922848664686 0.03833333333333333 0.09198813056379822
0 0.31416666666666665 0.41097922848664686 0.03833333333333333 0.09792284866468842
0 0.8129833333333334 0.41373887240356083 0.02443333333333328 0.06272997032640945
0 0.2708333333333333 0.41543026706231456 0.041666666666666664 0.10089020771513353
0 0.7491666666666666 0.41839762611275966 0.03666666666666667 0.0830860534124629
0 0.7141666666666666 0.42136498516320475 0.028333333333333332 0.07418397626112759
0 0.7840666666666667 0.42142433234421367 0.033083333333333374 0.08050445103857565
0 0.96215 0.44433234421364987 0.042683333333333164 0.08338278931750749
0 0.9119499999999999 0.45875370919881303 0.03318333333333347 0.09047477744807124
0 0.8690666666666668 0.4722848664688427 0.025599999999999835 0.08439169139465874
0 0.4666666666666667 0.4821958456973294 0.03666666666666667 0.08605341246290801
0 0.5041666666666667 0.48516320474777447 0.035 0.09198813056379822
0 0.6341666666666667 0.48516320474777447 0.03 0.0830860534124629
0 0.665 0.48516320474777447 0.03 0.09495548961424333
0 0.5383333333333333 0.4896142433234421 0.03333333333333333 0.09198813056379822
0 0.5725 0.49258160237388726 0.03166666666666667 0.08605341246290801
0 0.39 0.4940652818991098 0.043333333333333335 0.10385756676557864
0 0.6033333333333334 0.4940652818991098 0.03333333333333333 0.08605341246290801
0 0.3541666666666667 0.4970326409495549 0.035 0.09495548961424333
0 0.43 0.4970326409495549 0.03833333333333333 0.09792284866468842
0 0.7491666666666666 0.49718100890207717 0.03508333333333326 0.07338278931750747
0 0.7189333333333333 0.4983679525222552 0.0251333333333334 0.07575667655786342
0 0.22916666666666666 0.5089020771513353 0.03833333333333333 0.10089020771513353
0 0.8488833333333334 0.5125816023738873 0.02175000000000002 0.07813056379821953
0 0.31416666666666665 0.5133531157270029 0.041666666666666664 0.09495548961424333
0 0.27166666666666667 0.516320474777448 0.045 0.10089020771513353
0 0.9681333333333333 0.5272106824925815 0.04440000000000017 0.08439169139465874
0 0.9179 0.5460237388724035 0.032999999999999925 0.0874480712166173
0 0.8725 0.5551632047477745 0.027866666666666713 0.07525222551928787
0 0.6041666666666666 0.5667655786350149 0.03 0.05934718100890208
0 0.4658333333333333 0.5771513353115727 0.03833333333333333 0.10385756676557864
0 0.5041666666666667 0.5801186943620178 0.035 0.09792284866468842
0 0.5391666666666667 0.5801186943620178 0.035 0.09198813056379822
0 0.8219666666666666 0.582433234421365 0.026416666666666703 0.0852225519287833
0 0.8465666666666667 0.583026706231454 0.021083333333333294 0.07456973293768544
0 0.5733333333333334 0.5830860534124629 0.03166666666666667 0.09198813056379822
0 0.7850666666666667 0.593679525222552 0.029750000000000037 0.0674777448071217
0 0.43083333333333335 0.5949554896142433 0.03833333333333333 0.10385756676557864
0 0.35333333333333333 0.5964391691394659 0.03666666666666667 0.10682492581602374
0 0.39 0.5979228486646885 0.03833333333333333 0.09495548961424333
0 0.23083333333333333 0.612759643916914 0.03833333333333333 0.10385756676557864
0 0.2725 0.615727002967359 0.043333333333333335 0.10385756676557864
0 0.31583333333333335 0.615727002967359 0.041666666666666664 0.09495548961424333
0 0.9738499999999999 0.6197329376854599 0.042116666666666636 0.09050445103857567
0 0.9213166666666666 0.6319287833827893 0.032999999999999925 0.08643916913946587
0 0.8762166666666666 0.6380415430267062 0.033016666666666576 0.08845697329376856
0 0.82595 0.6617507418397626 0.02109999999999995 0.07813056379821953
0 0.7854 0.6629376854599407 0.031749999999999924 0.0852225519287833
0 0.8498833333333332 0.6641246290801187 0.022416666666666647 0.07575667655786342
0 0.9722999999999999 0.6936498516320474 0.02761666666666656 0.05356083086053416
0 0.43 0.6958456973293768 0.03833333333333333 0.10089020771513353
0 0.39 0.7002967359050445 0.03833333333333333 0.10385756676557864
0 0.35333333333333333 0.701780415430267 0.03666666666666667 0.09792284866468842
0 0.31333333333333335 0.7151335311572701 0.041666666666666664 0.09792284866468842
0 0.2275 0.7181008902077152 0.03833333333333333 0.10979228486646884
0 0.9218833333333333 0.7183679525222552 0.036416666666666514 0.09252225519287836
0 0.2708333333333333 0.7210682492581603 0.04833333333333333 0.10089020771513353
0 0.8787833333333332 0.7341246290801188 0.02558333333333318 0.09353115727002971
0 0.85355 0.7392878338278931 0.021749999999999926 0.07931750741839769
0 0.7884 0.7440059347181007 0.031083333333333296 0.08640949554896135
0 0.8319333333333334 0.745192878338279 0.022433333333333395 0.07931750741839769
0 0.9271666666666666 0.7961127596439169 0.024616666666666637 0.06560830860534128
0 0.42916666666666664 0.7967359050445104 0.03833333333333333 0.09198813056379822
0 0.3516666666666667 0.7997032640949555 0.03833333333333333 0.10089020771513353
0 0.39166666666666666 0.8026706231454006 0.03833333333333333 0.09792284866468842
0 0.8562000000000001 0.8150445103857568 0.024416666666666722 0.07931750741839769
0 0.2683333333333333 0.8175074183976261 0.04 0.10089020771513353
0 0.31333333333333335 0.8175074183976261 0.045 0.09495548961424333
0 0.22666666666666666 0.8234421364985163 0.03666666666666667 0.10089020771513353
0 0.8342666666666667 0.8239169139465876 0.021766666666666577 0.08522255192878346
0 0.7884 0.8327893175074184 0.03640000000000005 0.07931750741839769
0 0.9448 0.08789317507418398 0.019266666666666574 0.04528189910979228
0 0.3927 0.8814243323442137 0.03625 0.05581602373887224
0 0.35686666666666667 0.884272997032641 0.028416666666666687 0.0631157270029673
0 0.2683333333333333 0.9169139465875371 0.04 0.08902077151335312
0 0.23083333333333333 0.9228486646884273 0.03333333333333333 0.09495548961424333
0 0.9205333333333334 0.11566765578635015 0.0227333333333335 0.07492581602373888
0 0.8980166666666666 0.13281899109792283 0.02171666666666662 0.05741839762611278
0 0.685 0.13501483679525222 0.03 0.0771513353115727
0 0.7158333333333333 0.142433234421365 0.025 0.08011869436201781
0 0.23666666666666666 0.14391691394658754 0.03166666666666667 0.0830860534124629
0 0.8753500000000001 0.14741839762611275 0.02445000000000012 0.061305637982195835
0 0.4508333333333333 0.14985163204747776 0.03333333333333333 0.07418397626112759
0 0.2725 0.15281899109792285 0.03833333333333333 0.0771513353115727
0 0.4841666666666667 0.15281899109792285 0.03333333333333333 0.0771513353115727
0 0.515 0.15281899109792285 0.028333333333333332 0.05934718100890208
0 0.7441666666666666 0.1543026706231454 0.03 0.08605341246290801
0 0.55 0.16023738872403562 0.03333333333333333 0.06231454005934718
0 0.7725 0.16023738872403562 0.02666666666666667 0.0771513353115727
0 0.3125 0.16172106824925817 0.03833333333333333 0.08902077151335312
0 0.3491666666666667 0.16172106824925817 0.03333333333333333 0.08011869436201781
0 0.6591666666666667 0.16172106824925817 0.023333333333333334 0.08011869436201781
0 0.7991666666666667 0.16468842729970326 0.02666666666666667 0.07418397626112759
0 0.385 0.16765578635014836 0.03333333333333333 0.0771513353115727
0 0.5816666666666667 0.16765578635014836 0.028333333333333332 0.05934718100890208
0 0.8275 0.16913946587537093 0.025 0.0712166172106825
0 0.6108333333333333 0.17062314540059348 0.02666666666666667 0.05341246290801187
0 0.42 0.17507418397626112 0.035 0.0771513353115727
0 0.6358333333333334 0.17507418397626112 0.018333333333333333 0.03857566765578635
0 0.8958333333333334 0.19314540059347182 0.02171666666666662 0.05741839762611274
0 0.6883333333333334 0.21513353115727002 0.02666666666666667 0.08902077151335312
0 0.5016666666666667 0.2195845697329377 0.03333333333333333 0.08605341246290801
0 0.8726166666666667 0.21991097922848665 0.02554999999999988 0.07979228486646886
0 0.7166666666666667 0.22403560830860533 0.028333333333333332 0.08902077151335312
0 0.5358333333333334 0.22551928783382788 0.035 0.08605341246290801
0 0.23416666666666666 0.228486646884273 0.035 0.08011869436201781
0 0.5675 0.228486646884273 0.03 0.08605341246290801
0 0.47715 0.23074183976261128 0.01601666666666669 0.07531157270029672
0 0.2708333333333333 0.2314540059347181 0.03666666666666667 0.0712166172106825
0 0.3825 0.2314540059347181 0.04 0.050445103857566766
0 0.45 0.2314540059347181 0.03833333333333333 0.0771513353115727
0 0.3458333333333333 0.2344213649851632 0.03333333333333333 0.050445103857566766
0 0.7466666666666667 0.23590504451038577 0.03 0.08605341246290801
0 0.7733333333333333 0.23590504451038577 0.03 0.08011869436201781
0 0.6 0.23738872403560832 0.03 0.0771513353115727
0 0.6333333333333333 0.23887240356083086 0.03333333333333333 0.08902077151335312
0 0.31 0.2403560830860534 0.03666666666666667 0.06824925816023739
0 0.6625 0.2403560830860534 0.02 0.07418397626112759
0 0.8033333333333333 0.24183976261127596 0.02666666666666667 0.0771513353115727
0 0.8308333333333333 0.24183976261127596 0.023333333333333334 0.0712166172106825
0 0.42083333333333334 0.24925816023738873 0.03166666666666667 0.06528189910979229
0 0.9532333333333334 0.26611275964391695 0.03483333333333349 0.092433234421365