0 0.3694362017804154 0.18166666666666667 0.05934718100890208 0.07666666666666666
0 0.486646884272997 0.18583333333333332 0.032640949554896145 0.06666666666666667
0 0.21513353115727002 0.19833333333333333 0.0712166172106825 0.09166666666666666
0 0.41839762611275966 0.20333333333333334 0.03560830860534125 0.07
0 0.5192878338278932 0.20666666666666667 0.032640949554896145 0.065
0 0.45103857566765576 0.22416666666666665 0.032640949554896145 0.056666666666666664
0 0.03857566765578635 0.23 0.0771513353115727 0.11166666666666666
0 0.2774480712166172 0.23333333333333334 0.05341246290801187 0.09
0 0.48813056379821956 0.24833333333333332 0.032640949554896145 0.055
0 0.3694362017804154 0.25083333333333335 0.05341246290801187 0.06166666666666667
0 0.12759643916913946 0.265 0.09792284866468842 0.1
0 0.5237388724035609 0.2675 0.03857566765578635 0.056666666666666664
0 0.41543026706231456 0.27166666666666667 0.04154302670623145 0.06666666666666667
0 0.4540059347181009 0.2875 0.02967359050445104 0.07
0 0.21364985163204747 0.29333333333333333 0.0771513353115727 0.1
0 0.4896142433234421 0.30333333333333334 0.03857566765578635 0.06166666666666667
0 0.37091988130563797 0.32 0.04747774480712166 0.07333333333333333
0 0.28041543026706234 0.32166666666666666 0.05637982195845697 0.08666666666666667
0 0.5281899109792285 0.3258333333333333 0.03560830860534125 0.058333333333333334
0 0.04154302670623145 0.03333333333333333 0.08011869436201781 0.06666666666666667
0 0.21216617210682492 0.03333333333333333 0.06824925816023739 0.06666666666666667
0 0.41839762611275966 0.3416666666666667 0.03857566765578635 0.07
0 0.456973293768546 0.3566666666666667 0.026706231454005934 0.07
0 0.4940652818991098 0.36916666666666664 0.03560830860534125 0.07166666666666667
0 0.5311572700296736 0.38416666666666666 0.02967359050445104 0.06333333333333334
0 0.42433234421364985 0.43666666666666665 0.050445103857566766 0.08
0 0.46439169139465875 0.4475 0.032640949554896145 0.07166666666666667
0 0.5014836795252225 0.4558333333333333 0.04451038575667656 0.06
0 0.5385756676557863 0.4675 0.032640949554896145 0.056666666666666664
0 0.3857566765578635 0.5075 0.03857566765578635 0.07166666666666667
0 0.4258160237388724 0.515 0.03857566765578635 0.07833333333333334
0 0.4688427299703264 0.52 0.04451038575667656 0.08
0 0.5103857566765578 0.525 0.03560830860534125 0.07
0 0.5489614243323442 0.5316666666666666 0.03857566765578635 0.06333333333333334
0 0.3916913946587537 0.5833333333333334 0.04154302670623145 0.07666666666666666
0 0.4332344213649852 0.5891666666666666 0.04154302670623145 0.07166666666666667
0 0.4762611275964392 0.5958333333333333 0.03857566765578635 0.06833333333333333
0 0.5192878338278932 0.5983333333333334 0.03857566765578635 0.07333333333333333
0 0.5548961424332344 0.6025 0.032640949554896145 0.07
0 0.13353115727002968 0.0625 0.09198813056379822 0.095
0 0.39465875370919884 0.6691666666666667 0.03857566765578635 0.08666666666666667
0 0.43471810089020774 0.6691666666666667 0.04747774480712166 0.08833333333333333
0 0.4792284866468843 0.67 0.04451038575667656 0.08
0 0.5563798219584569 0.67 0.03560830860534125 0.06666666666666667
0 0.5207715133531158 0.6733333333333333 0.04451038575667656 0.07333333333333333
0 0.26706231454005935 0.06916666666666667 0.04154302670623145 0.08
0 0.31750741839762614 0.07 0.050445103857566766 0.08166666666666667
0 0.5637982195845698 0.7666666666666667 0.04154302670623145 0.075
0 0.5178041543026706 0.7716666666666666 0.06231454005934718 0.07666666666666666
0 0.4317507418397626 0.7841666666666667 0.07418397626112759 0.08333333333333333
0 0.5652818991097923 0.84 0.050445103857566766 0.07666666666666666
0 0.5222551928783383 0.855 0.05934718100890208 0.085
0 0.4317507418397626 0.8741666666666666 0.06824925816023739 0.08666666666666667
0 0.5786350148367952 0.9183333333333333 0.04747774480712166 0.07666666666666666
0 0.5327596439169139 0.9347500000000001 0.05317507418397631 0.08283333333333341
0 0.4362017804154303 0.955 0.0771513353115727 0.08666666666666667
0 0.3649851632047478 0.10333333333333333 0.04451038575667656 0.07833333333333334
0 0.21216617210682492 0.11166666666666666 0.06824925816023739 0.09
0 0.04154302670623145 0.12083333333333333 0.0830860534124629 0.10666666666666667
0 0.4094955489614243 0.12833333333333333 0.04451038575667656 0.075
0 0.2744807121661721 0.14916666666666667 0.05341246290801187 0.08
0 0.44807121661721067 0.15833333333333333 0.03560830860534125 0.07333333333333333
0 0.13056379821958458 0.1625 0.09495548961424333 0.105