0 0.8266666666666667 0.2997032640949555 0.3 0.5964391691394659
0 0.03166666666666667 0.5326409495548962 0.06166666666666667 0.2997032640949555
0 0.10583333333333333 0.5593471810089021 0.085 0.32047477744807124
0 0.18666666666666668 0.5890207715133531 0.09666666666666666 0.3560830860534125
0 0.28583333333333333 0.6468842729970327 0.11666666666666667 0.4124629080118694
0 0.415 0.7077151335311572 0.14666666666666667 0.42433234421364985
0 0.57 0.7507418397626113 0.185 0.47477744807121663
0 0.8066666666666666 0.7729970326409495 0.275 0.44807121661721067
0 0.028333333333333332 0.870919881305638 0.04666666666666667 0.2522255192878338
0 0.1275 0.9169139465875371 0.145 0.16023738872403562
0 0.19333333333333333 0.21216617210682492 0.08333333333333333 0.39465875370919884
0 0.04 0.2166172106824926 0.08 0.3264094955489614
0 0.29 0.22106824925816024 0.11 0.4391691394658754
0 0.10916666666666666 0.23590504451038577 0.08166666666666667 0.34421364985163205
0 0.4191666666666667 0.24925816023738873 0.14833333333333334 0.4896142433234421
0 0.5841666666666666 0.2774480712166172 0.18333333333333332 0.5519287833827893