0 0.3433333333333333 0.3353115727002967 0.09 0.20474777448071216
0 0.7091666666666666 0.3367952522255193 0.09166666666666666 0.20474777448071216
0 0.43083333333333335 0.33827893175074186 0.085 0.21068249258160238
0 0.5216666666666666 0.34421364985163205 0.08166666666666667 0.21364985163204747
0 0.6175 0.34718100890207715 0.08333333333333333 0.20771513353115728
0 0.8125 0.3560830860534125 0.10166666666666667 0.228486646884273
0 0.33666666666666667 0.526706231454006 0.08833333333333333 0.21364985163204747
0 0.4275 0.5296735905044511 0.09 0.21364985163204747
0 0.5233333333333333 0.5370919881305638 0.08833333333333333 0.22255192878338279
0 0.6208333333333333 0.5385756676557863 0.08833333333333333 0.21364985163204747
0 0.7183333333333334 0.5400593471810089 0.1 0.21068249258160238
0 0.25833333333333336 0.5534124629080118 0.07166666666666667 0.20178041543026706
0 0.8225 0.5534124629080118 0.10166666666666667 0.21068249258160238
0 0.33 0.7329376854599406 0.095 0.21364985163204747
0 0.4033333333333333 0.7388724035608308 0.04666666666666667 0.21068249258160238
0 0.4701 0.7405044510385757 0.07851666666666669 0.20771513353115728
0 0.25 0.7433234421364985 0.07833333333333334 0.17804154302670624
0 0.5391666666666667 0.7462908011869436 0.06 0.22255192878338279
0 0.6266666666666667 0.7507418397626113 0.09166666666666666 0.21068249258160238
0 0.7275 0.7537091988130564 0.10166666666666667 0.2195845697329377
0 0.8391666666666666 0.7670623145400594 0.11 0.21364985163204747
0 0.3475 0.15281899109792285 0.08333333333333333 0.20474777448071216
0 0.43333333333333335 0.15281899109792285 0.08666666666666667 0.2166172106824926