0 0.29833333333333334 0.3056379821958457 0.20333333333333334 0.5964391691394659
0 0.5625 0.3115727002967359 0.1 0.41839762611275966
0 0.4625 0.31750741839762614 0.115 0.4896142433234421
0 0.7949166666666666 0.32210682492581605 0.041666666666666664 0.26409495548961426
0 0.8865333333333333 0.3259347181008902 0.040133333333333215 0.22430267062314538
0 0.11 0.36053412462908013 0.175 0.7151335311572701
0 0.8742333333333333 0.546706231454006 0.03718333333333324 0.2313056379821958
0 0.8291666666666667 0.5610979228486647 0.045 0.23738872403560832
0 0.7852166666666667 0.5968545994065282 0.05333333333333334 0.258160237388724
0 0.7175 0.6142433234421365 0.08833333333333333 0.3293768545994065
0 0.6383333333333333 0.6528189910979229 0.09666666666666666 0.37091988130563797
0 0.55 0.6988130563798219 0.09833333333333333 0.39762611275964393
0 0.455 0.7670623145400594 0.12166666666666667 0.456973293768546
0 0.30083333333333334 0.7789317507418397 0.2 0.4391691394658754
0 0.13 0.8264094955489614 0.13666666666666666 0.3353115727002967
0 0.735 0.28486646884273 0.09166666666666666 0.3590504451038576
0 0.6483333333333333 0.28635014836795253 0.10666666666666667 0.3887240356083086
0 0.8442333333333333 0.2922848664688427 0.056666666666666574 0.27299703264094954