0 0.20771513353115728 0.24416666666666667 0.10682492581602374 0.08
0 0.814540059347181 0.2783333333333333 0.08902077151335312 0.07666666666666666
0 0.3323442136498516 0.29 0.13649851632047477 0.10166666666666667
0 0.7365578635014836 0.29258333333333336 0.06712166172106818 0.06284999999999996
0 0.5593471810089021 0.29333333333333333 0.11869436201780416 0.10166666666666667
0 0.20919881305637983 0.31833333333333336 0.10979228486646884 0.075
0 0.9124629080118695 0.3225 0.09495548961424333 0.09166666666666666
0 0.8071216617210683 0.3491666666666667 0.0771513353115727 0.06
0 0.32344213649851633 0.38666666666666666 0.12759643916913946 0.09833333333333333
0 0.12940652818991097 0.38795 0.09587537091988131 0.08300000000000002
0 0.4421364985163205 0.3908333333333333 0.10979228486646884 0.09333333333333334
0 0.5548961424332344 0.3933333333333333 0.11572700296735905 0.09333333333333334
0 0.21364985163204747 0.395 0.09495548961424333 0.07666666666666666
0 0.6632047477744807 0.3958333333333333 0.10089020771513353 0.09666666666666666
0 0.9011572700296736 0.4075 0.10501483679525218 0.07666666666666666
0 0.8071216617210683 0.41583333333333333 0.08605341246290801 0.06666666666666667
0 0.6928783382789317 0.5141666666666667 0.08902077151335312 0.07
0 0.22403560830860533 0.535 0.13649851632047477 0.11166666666666666
0 0.9495548961424333 0.5408333333333334 0.0771513353115727 0.085
0 0.8545994065281899 0.5433333333333333 0.09198813056379822 0.08
0 0.4658753709198813 0.545 0.11572700296735905 0.1
0 0.5682492581602374 0.5458333333333333 0.09495548961424333 0.10166666666666667
0 0.35014836795252224 0.5475 0.11869436201780416 0.10166666666666667
0 0.10385756676557864 0.59 0.10385756676557864 0.10166666666666667
0 0.9376854599406528 0.6233333333333333 0.0771513353115727 0.07333333333333333
0 0.7462908011869436 0.625 0.08011869436201781 0.08833333333333333
0 0.8456973293768546 0.6266666666666667 0.10385756676557864 0.08333333333333333
0 0.6543026706231454 0.6316666666666667 0.09495548961424333 0.095
0 0.5593471810089021 0.6433333333333333 0.08902077151335312 0.095
0 0.4599406528189911 0.6441666666666667 0.11275964391691394 0.09666666666666666
0 0.2195845697329377 0.645 0.13353115727002968 0.11166666666666666
0 0.3427299703264095 0.6475 0.11572700296735905 0.1
0 0.09643916913946587 0.6833333333333333 0.10682492581602374 0.095
0 0.93026706231454 0.6983333333333334 0.0771513353115727 0.07333333333333333
0 0.8338278931750742 0.705 0.08902077151335312 0.07666666666666666
0 0.7418397626112759 0.7116666666666667 0.08902077151335312 0.08166666666666667
0 0.6513353115727003 0.7183333333333334 0.0830860534124629 0.08
0 0.5548961424332344 0.7291666666666666 0.08902077151335312 0.09
0 0.45548961424332346 0.7375 0.11275964391691394 0.095
0 0.3353115727002967 0.7425 0.12462908011869436 0.10333333333333333
0 0.20771513353115728 0.7491666666666666 0.13649851632047477 0.11
0 0.09198813056379822 0.77 0.09792284866468842 0.08333333333333333
0 0.31008902077151335 0.865 0.10979228486646884 0.08833333333333333
0 0.6186943620178041 0.93 0.10089020771513353 0.08666666666666667
0 0.5207715133531158 0.9391666666666667 0.09495548961424333 0.08333333333333333
0 0.41839762611275966 0.9466666666666667 0.09495548961424333 0.08
0 0.3189910979228487 0.9641666666666666 0.12759643916913946 0.06833333333333333