0 0.6275964391691394 0.20333333333333334 0.08902077151335312 0.06333333333333334
0 0.08456973293768547 0.2075 0.10385756676557864 0.07
0 0.42729970326409494 0.23833333333333334 0.12462908011869436 0.1
0 0.5252225519287834 0.24166666666666667 0.07418397626112759 0.09
0 0.9480712166172107 0.24416666666666667 0.06824925816023739 0.07
0 0.20029673590504452 0.24416666666666667 0.12462908011869436 0.09
0 0.8664688427299704 0.245 0.08605341246290801 0.07666666666666666
0 0.2938872403560831 0.24755 0.054243323442136504 0.07846666666666664
0 0.7299703264094956 0.24916666666666668 0.08902077151335312 0.075
0 0.6275964391691394 0.2725 0.0830860534124629 0.06333333333333334
0 0.09495548961424333 0.27666666666666667 0.09792284866468842 0.07166666666666667
0 0.9807121661721068 0.325 0.032640949554896145 0.08
0 0.844213649851632 0.3258333333333333 0.05341246290801187 0.08
0 0.913946587537092 0.3258333333333333 0.0830860534124629 0.08
0 0.7744807121661721 0.3283333333333333 0.0830860534124629 0.07166666666666667
0 0.709673590504451 0.32844999999999996 0.05207715133531161 0.0737833333333333
0 0.5445103857566765 0.33 0.10089020771513353 0.09
0 0.43768545994065283 0.33166666666666667 0.10385756676557864 0.08666666666666667
0 0.21068249258160238 0.33166666666666667 0.12166172106824925 0.09
0 0.327893175074184 0.3325 0.10385756676557864 0.085
0 0.6364985163204748 0.3383333333333333 0.0830860534124629 0.06333333333333334
0 0.10534124629080119 0.3433333333333333 0.08902077151335312 0.065
0 0.028189910979228485 0.3441666666666667 0.05637982195845697 0.07
0 0.6454005934718101 0.43416666666666665 0.08902077151335312 0.065
0 0.037091988130563795 0.44416666666666665 0.0712166172106825 0.056666666666666664
0 0.12759643916913946 0.4475 0.10682492581602374 0.07333333333333333
0 0.4169139465875371 0.4533333333333333 0.08902077151335312 0.08166666666666667
0 0.9629080118694362 0.455 0.0712166172106825 0.085
0 0.8664688427299704 0.4583333333333333 0.10979228486646884 0.09166666666666666
0 0.040059347181008904 0.51 0.0771513353115727 0.07
0 0.3293768545994065 0.525 0.08902077151335312 0.07666666666666666
0 0.956973293768546 0.525 0.08011869436201781 0.07333333333333333
0 0.13353115727002968 0.5308333333333334 0.10089020771513353 0.06833333333333333
0 0.23590504451038577 0.5308333333333334 0.10089020771513353 0.08166666666666667
0 0.8605341246290801 0.5325 0.10682492581602374 0.07333333333333333
0 0.6572700296735905 0.535 0.08902077151335312 0.085
0 0.7596439169139466 0.5358333333333334 0.09792284866468842 0.08833333333333333
0 0.4465875370919881 0.5366666666666666 0.08902077151335312 0.08166666666666667
0 0.5667655786350149 0.545 0.10682492581602374 0.09166666666666666
0 0.04451038575667656 0.5883333333333334 0.0830860534124629 0.07666666666666666
0 0.9554896142433235 0.5958333333333333 0.0830860534124629 0.075
0 0.8545994065281899 0.6058333333333333 0.10089020771513353 0.07166666666666667
0 0.44807121661721067 0.6108333333333333 0.08605341246290801 0.075
0 0.7566765578635015 0.6108333333333333 0.09792284866468842 0.07333333333333333
0 0.6617210682492581 0.6125 0.08902077151335312 0.075
0 0.5637982195845698 0.62 0.10385756676557864 0.07666666666666666
0 0.1394658753709199 0.625 0.09495548961424333 0.07333333333333333
0 0.36350148367952523 0.63 0.10682492581602374 0.08333333333333333
0 0.2551928783382789 0.6441666666666667 0.10682492581602374 0.085
0 0.04599406528189911 0.6583333333333333 0.08902077151335312 0.06
0 0.29080118694362017 0.7366666666666667 0.09198813056379822 0.07333333333333333
0 0.6468842729970327 0.7441666666666666 0.0771513353115727 0.06833333333333333
0 0.5756676557863502 0.7916666666666666 0.08902077151335312 0.08333333333333333
0 0.38724035608308605 0.7991666666666667 0.09198813056379822 0.07833333333333334
0 0.4836795252225519 0.8 0.08605341246290801 0.08
0 0.28041543026706234 0.8358333333333333 0.10385756676557864 0.09333333333333334
0 0.27299703264094954 0.9008333333333334 0.0771513353115727 0.03666666666666667