0 0.5558333333333333 0.31008902077151335 0.04 0.10385756676557864
0 0.495 0.3219584569732938 0.03 0.10682492581602374
0 0.46416666666666667 0.3353115727002967 0.03333333333333333 0.10385756676557864
0 0.42916666666666664 0.34718100890207715 0.03666666666666667 0.10682492581602374
0 0.3925 0.3516320474777448 0.03666666666666667 0.10385756676557864
0 0.8566666666666667 0.35756676557863504 0.04666666666666667 0.12759643916913946
0 0.35583333333333333 0.3620178041543027 0.04 0.09198813056379822
0 0.8033333333333333 0.3649851632047478 0.05333333333333334 0.11572700296735905
0 0.32 0.37091988130563797 0.03666666666666667 0.0830860534124629
0 0.2925 0.3798219584569733 0.02666666666666667 0.09198813056379822
0 0.7483333333333333 0.3798219584569733 0.051666666666666666 0.11869436201780416
0 0.695 0.3916913946587537 0.04833333333333333 0.11869436201780416
0 0.24833333333333332 0.39762611275964393 0.02666666666666667 0.08902077151335312
0 0.22416666666666665 0.3991097922848665 0.02 0.0830860534124629
0 0.6491666666666667 0.4020771513353116 0.04 0.11869436201780416
0 0.19833333333333333 0.4065281899109792 0.021666666666666667 0.0830860534124629
0 0.6033333333333334 0.4124629080118694 0.04833333333333333 0.10682492581602374
0 0.17333333333333334 0.41543026706231456 0.025 0.08605341246290801
0 0.14833333333333334 0.4198813056379822 0.025 0.08902077151335312
0 0.5566666666666666 0.4258160237388724 0.04 0.11869436201780416
0 0.12333333333333334 0.4287833827893175 0.025 0.0830860534124629
0 0.49833333333333335 0.4317507418397626 0.03 0.10089020771513353
0 0.09833333333333333 0.4317507418397626 0.025 0.0712166172106825
0 0.4658333333333333 0.4362017804154303 0.035 0.09198813056379822
0 0.43 0.44807121661721067 0.03666666666666667 0.09198813056379822
0 0.39416666666666667 0.45252225519287836 0.03166666666666667 0.09198813056379822
0 0.3591666666666667 0.45548961424332346 0.041666666666666664 0.09792284866468842
0 0.32166666666666666 0.4629080118694362 0.03166666666666667 0.09495548961424333
0 0.29 0.47181008902077154 0.02666666666666667 0.09495548961424333
0 0.86 0.48516320474777447 0.04666666666666667 0.13353115727002968
0 0.2225 0.4910979228486647 0.021666666666666667 0.08902077151335312
0 0.24916666666666668 0.4910979228486647 0.025 0.08902077151335312
0 0.1975 0.4940652818991098 0.02666666666666667 0.09198813056379822
0 0.8083333333333333 0.49851632047477745 0.055 0.13649851632047477
0 0.1725 0.5074183976261127 0.023333333333333334 0.08605341246290801
0 0.7516666666666667 0.5074183976261127 0.056666666666666664 0.12759643916913946
0 0.1475 0.5089020771513353 0.023333333333333334 0.0830860534124629
0 0.6975 0.5133531157270029 0.051666666666666666 0.12166172106824925
0 0.0975 0.5133531157270029 0.02666666666666667 0.08902077151335312
0 0.12333333333333334 0.5133531157270029 0.02666666666666667 0.07418397626112759
0 0.6516666666666666 0.5237388724035609 0.041666666666666664 0.11275964391691394
0 0.605 0.526706231454006 0.051666666666666666 0.11275964391691394
0 0.4658333333333333 0.5400593471810089 0.03166666666666667 0.10979228486646884
0 0.49666666666666665 0.5400593471810089 0.02666666666666667 0.11572700296735905
0 0.5575 0.5400593471810089 0.03666666666666667 0.10979228486646884
0 0.42833333333333334 0.5504451038575667 0.04 0.10979228486646884
0 0.39416666666666667 0.5548961424332344 0.03 0.11275964391691394
0 0.35833333333333334 0.5608308605341247 0.035 0.10385756676557864
0 0.32166666666666666 0.5637982195845698 0.035 0.10682492581602374
0 0.2916666666666667 0.56973293768546 0.023333333333333334 0.10385756676557864
0 0.24666666666666667 0.5816023738872403 0.02666666666666667 0.08902077151335312
0 0.19666666666666666 0.5845697329376854 0.025 0.0830860534124629
0 0.22166666666666668 0.5875370919881305 0.025 0.09198813056379822
0 0.17 0.5934718100890207 0.025 0.08605341246290801
0 0.11916666666666667 0.5979228486646885 0.025 0.08605341246290801
0 0.08916666666666667 0.6008902077151336 0.025 0.0830860534124629
0 0.14416666666666667 0.6008902077151336 0.023333333333333334 0.0830860534124629
0 0.6558333333333334 0.6765578635014837 0.045 0.12759643916913946
0 0.8675 0.6810089020771514 0.06 0.142433234421365
0 0.8083333333333333 0.6824925816023739 0.056666666666666664 0.142433234421365
0 0.605 0.6839762611275965 0.04833333333333333 0.12759643916913946
0 0.7641666666666667 0.685459940652819 0.028333333333333332 0.13353115727002968
0 0.7058333333333333 0.6899109792284867 0.05 0.13353115727002968
0 0.5708333333333333 0.6913946587537092 0.021666666666666667 0.11572700296735905
0 0.4658333333333333 0.6943620178041543 0.03666666666666667 0.10385756676557864
0 0.5 0.6973293768545994 0.028333333333333332 0.10385756676557864
0 0.42833333333333334 0.7002967359050445 0.04 0.10979228486646884
0 0.3925 0.701780415430267 0.035 0.11275964391691394
0 0.2966666666666667 0.7062314540059347 0.03166666666666667 0.10089020771513353
0 0.3616666666666667 0.7062314540059347 0.03166666666666667 0.11275964391691394
0 0.0925 0.7091988130563798 0.023333333333333334 0.0830860534124629
0 0.1175 0.7091988130563798 0.023333333333333334 0.08605341246290801
0 0.32916666666666666 0.7106824925816023 0.03333333333333333 0.10979228486646884
0 0.16666666666666666 0.712166172106825 0.025 0.09495548961424333
0 0.19333333333333333 0.712166172106825 0.02666666666666667 0.09495548961424333
0 0.24546666666666667 0.7123738872403561 0.013149999999999978 0.0932344213649852
0 0.22083333333333333 0.7136498516320475 0.03166666666666667 0.09792284866468842
0 0.1425 0.7136498516320475 0.023333333333333334 0.08902077151335312
0 0.11166666666666666 0.8011869436201781 0.023333333333333334 0.08902077151335312
0 0.09083333333333334 0.8026706231454006 0.023333333333333334 0.09495548961424333
0 0.4666666666666667 0.8041543026706232 0.03833333333333333 0.11869436201780416
0 0.13666666666666666 0.8041543026706232 0.025 0.09198813056379822
0 0.1625 0.8041543026706232 0.02666666666666667 0.09495548961424333
0 0.19 0.8056379821958457 0.028333333333333332 0.10089020771513353
0 0.49916666666666665 0.8056379821958457 0.025 0.10979228486646884
0 0.42916666666666664 0.8071216617210683 0.03833333333333333 0.10385756676557864
0 0.655 0.8086053412462908 0.04666666666666667 0.13353115727002968
0 0.3925 0.8100890207715133 0.03666666666666667 0.10385756676557864
0 0.21916666666666668 0.8115727002967359 0.03 0.10089020771513353
0 0.5716666666666667 0.8115727002967359 0.028333333333333332 0.10385756676557864
0 0.6083333333333333 0.8115727002967359 0.04666666666666667 0.12759643916913946
0 0.29583333333333334 0.8130563798219584 0.028333333333333332 0.10979228486646884
0 0.35833333333333334 0.8130563798219584 0.03 0.09792284866468842
0 0.24233333333333335 0.813946587537092 0.016533333333333358 0.10100890207715123
0 0.765 0.814540059347181 0.03166666666666667 0.11869436201780416
0 0.32666666666666666 0.8189910979228486 0.035 0.10682492581602374
0 0.7083333333333334 0.8204747774480712 0.05333333333333334 0.13649851632047477
0 0.8116666666666666 0.8234421364985163 0.058333333333333334 0.142433234421365
0 0.8725 0.8249258160237388 0.058333333333333334 0.142433234421365
0 0.0875 0.8931750741839762 0.02 0.08902077151335312
0 0.11 0.8931750741839762 0.021666666666666667 0.09198813056379822
0 0.135 0.8961424332344213 0.023333333333333334 0.10089020771513353
0 0.16083333333333333 0.9020771513353115 0.028333333333333332 0.10385756676557864
0 0.18833333333333332 0.9035608308605341 0.028333333333333332 0.10089020771513353
0 0.21916666666666668 0.9094955489614244 0.03166666666666667 0.09198813056379822
0 0.3566666666666667 0.913946587537092 0.03 0.10385756676557864
0 0.24233333333333335 0.9148367952522255 0.016533333333333358 0.08949554896142424
0 0.2941666666666667 0.9169139465875371 0.03 0.10682492581602374
0 0.43083333333333335 0.9183976261127597 0.03833333333333333 0.12462908011869436
0 0.3233333333333333 0.9198813056379822 0.03166666666666667 0.09495548961424333
0 0.3908333333333333 0.9198813056379822 0.03833333333333333 0.10682492581602374
0 0.4658333333333333 0.9258160237388724 0.03333333333333333 0.11572700296735905
0 0.5 0.9258160237388724 0.03 0.12759643916913946
0 0.5625 0.9287833827893175 0.04833333333333333 0.13353115727002968
0 0.6583333333333333 0.9347181008902077 0.041666666666666664 0.11869436201780416
0 0.6125 0.9362017804154302 0.05 0.12166172106824925
0 0.7083333333333334 0.9376854599406528 0.051666666666666666 0.12166172106824925
0 0.7616666666666667 0.9421364985163204 0.055 0.11275964391691394
0 0.82 0.9436201780415431 0.056666666666666664 0.10682492581602374
0 0.875 0.9451038575667656 0.06 0.10385756676557864
0 0.855 0.23293768545994065 0.051666666666666666 0.12166172106824925
0 0.7966666666666666 0.24183976261127596 0.06 0.12166172106824925
0 0.7433333333333333 0.26112759643916916 0.05 0.11869436201780416
0 0.6958333333333333 0.271513353115727 0.04833333333333333 0.11275964391691394
0 0.6458333333333334 0.28338278931750743 0.04 0.12166172106824925
0 0.6016666666666667 0.2952522255192878 0.04666666666666667 0.12462908011869436