0 0.77815 0.02284444444444444 0.056416666666666705 0.04566666666666667
0 0.695 0.2222222222222222 0.055 0.10222222222222223
0 0.64 0.23555555555555555 0.055 0.11333333333333333
0 0.5825 0.2411111111111111 0.056666666666666664 0.10888888888888888
0 0.7239833333333333 0.026022222222222224 0.05961666666666664 0.05204444444444445
0 0.5266666666666666 0.2477777777777778 0.05 0.11333333333333333
0 0.9908333333333333 0.25 0.015 0.04666666666666667
0 0.9337166666666668 0.253 0.035199999999999815 0.046311111111111115
0 0.9672000000000001 0.253 0.03394999999999982 0.049599999999999984
0 0.475 0.25333333333333335 0.05 0.10888888888888888
0 0.4225 0.25666666666666665 0.05333333333333334 0.10888888888888888
0 0.36916666666666664 0.2633333333333333 0.05 0.1111111111111111
0 0.3175 0.27 0.05333333333333334 0.1111111111111111
0 0.26666666666666666 0.27555555555555555 0.04833333333333333 0.10444444444444445
0 0.21916666666666668 0.2777777777777778 0.045 0.10444444444444445
0 0.6708333333333333 0.03 0.058333333333333334 0.06
0 0.9681333333333333 0.3009555555555556 0.03331666666666668 0.04795555555555552
0 0.9908333333333333 0.3022222222222222 0.015 0.044444444444444446
0 0.9355833333333333 0.30302222222222225 0.03146666666666685 0.04877777777777775
0 0.6975 0.32666666666666666 0.055 0.10222222222222223
0 0.6433333333333333 0.33555555555555555 0.056666666666666664 0.10888888888888888
0 0.5875 0.34444444444444444 0.05333333333333334 0.10666666666666667
0 0.5291666666666667 0.3488888888888889 0.055 0.10888888888888888
0 0.4775 0.35333333333333333 0.05 0.1111111111111111
0 0.6175 0.03666666666666667 0.058333333333333334 0.07333333333333333
0 0.5618500000000001 0.03611111111111111 0.055616666666666675 0.07222222222222222
0 0.425 0.35777777777777775 0.055 0.10888888888888888
0 0.9875 0.35888888888888887 0.021666666666666667 0.051111111111111114
0 0.9634166666666666 0.3608 0.034216666666666624 0.0450444444444444
0 0.9324000000000001 0.3641111111111111 0.03311666666666648 0.047266666666666624
0 0.3725 0.36444444444444446 0.051666666666666666 0.10222222222222223
0 0.9008333333333334 0.3670666666666667 0.030916666666666592 0.04875555555555555
0 0.8678833333333333 0.36817777777777777 0.03480000000000009 0.04800000000000005
0 0.3196333333333333 0.3698444444444445 0.05094999999999999 0.10028888888888887
0 0.8377 0.3729777777777778 0.033150000000000075 0.047266666666666624
0 0.22083333333333333 0.37444444444444447 0.05 0.10222222222222223
0 0.26916666666666667 0.37555555555555553 0.051666666666666666 0.10444444444444445
0 0.9911500000000001 0.4106444444444444 0.017683333333333166 0.053177777777777796
0 0.9670166666666667 0.41175555555555554 0.032549999999999954 0.049488888888888846
0 0.9349000000000001 0.41433333333333333 0.037000000000000074 0.05022222222222227
0 0.9025 0.4169333333333333 0.030916666666666592 0.05095555555555557
0 0.8709333333333332 0.41766666666666663 0.030916666666666592 0.05095555555555557
0 0.8399166666666668 0.42173333333333335 0.030933333333333337 0.05022222222222227
0 0.7583333333333333 0.42444444444444446 0.06666666666666667 0.11555555555555555
0 0.8105666666666667 0.43206666666666665 0.030950000000000085 0.05022222222222227
0 0.6966666666666667 0.44222222222222224 0.06 0.11555555555555555
0 0.6375 0.4477777777777778 0.058333333333333334 0.12
0 0.58 0.45 0.056666666666666664 0.10888888888888888
0 0.9916666666666667 0.4588888888888889 0.013333333333333334 0.05555555555555555
0 0.5241666666666667 0.46111111111111114 0.055 0.11777777777777777
0 0.465 0.4622222222222222 0.056666666666666664 0.10888888888888888
0 0.9681333333333333 0.4623555555555556 0.03586666666666664 0.04875555555555555
0 0.9365499999999999 0.46419999999999995 0.03144999999999982 0.052444444444444495
0 0.9058166666666667 0.46531111111111106 0.033133333333333514 0.05022222222222227
0 0.4091666666666667 0.4677777777777778 0.055 0.10888888888888888
0 0.87425 0.46824444444444446 0.028700000000000045 0.053177777777777796
0 0.8435166666666667 0.47084444444444445 0.030383333333333363 0.05391111111111109
0 0.3541666666666667 0.47555555555555556 0.056666666666666664 0.11333333333333333
0 0.30083333333333334 0.4766666666666667 0.051666666666666666 0.10888888888888888
0 0.8111166666666667 0.48006666666666664 0.029833333333333295 0.04875555555555555
0 0.245 0.4811111111111111 0.055 0.10666666666666667
0 0.4425 0.051111111111111114 0.058333333333333334 0.10222222222222223
0 0.03811666666666667 0.4959555555555556 0.047516666666666665 0.10848888888888887
0 0.07763333333333333 0.5052444444444445 0.03354999999999999 0.09919999999999997
0 0.995 0.5066666666666667 0.006666666666666667 0.044444444444444446
0 0.10669999999999999 0.5091111111111111 0.028900000000000006 0.0914444444444444
0 0.9736666666666668 0.5110888888888889 0.03365000000000009 0.047266666666666624
0 0.9393333333333334 0.5118222222222222 0.03144999999999982 0.03988888888888886
0 0.13458333333333333 0.5168666666666667 0.026566666666666662 0.0914444444444444
0 0.9072000000000001 0.517 0.03478333333333315 0.04580000000000003
0 0.8761833333333334 0.5192222222222223 0.029266666666666576 0.04284444444444451
0 0.8449 0.5229111111111111 0.03314999999999998 0.04875555555555555
0 0.8127833333333334 0.5251333333333333 0.03316666666666663 0.03988888888888886
0 0.76 0.5422222222222223 0.06166666666666667 0.1111111111111111
0 0.3889833333333333 0.055755555555555565 0.050833333333333335 0.09666666666666666
0 0.58 0.5555555555555556 0.056666666666666664 0.10888888888888888
0 0.6925 0.5622222222222222 0.06333333333333334 0.12222222222222222
0 0.63 0.57 0.06166666666666667 0.1111111111111111
0 0.45666666666666667 0.5711111111111111 0.03166666666666667 0.10222222222222223
0 0.41333333333333333 0.58 0.06166666666666667 0.10666666666666667
0 0.5083333333333333 0.5811111111111111 0.06333333333333334 0.11555555555555555
0 0.36946666666666667 0.5875555555555555 0.030683333333333375 0.12477777777777772
0 0.03928333333333334 0.5974666666666667 0.05448333333333333 0.10073333333333336
0 0.33958333333333335 0.060022222222222234 0.055633333333333326 0.09666666666666666
0 0.32916666666666666 0.6011111111111112 0.06 0.11555555555555555
0 0.07996666666666666 0.6028888888888889 0.03354999999999999 0.09919999999999997
0 0.27166666666666667 0.6044444444444445 0.056666666666666664 0.11555555555555555
0 0.10843333333333334 0.6052 0.025416666666666667 0.08833333333333333
0 0.13458333333333333 0.6067555555555556 0.03121666666666665 0.0914444444444444
0 0.215 0.6144444444444445 0.06333333333333334 0.12
0 0.1619 0.6168222222222222 0.03003333333333335 0.0774888888888889
0 0.9545666666666667 0.0632 0.05396666666666685 0.07966666666666666
0 0.8972166666666668 0.06586666666666667 0.05716666666666659 0.0764888888888889
0 0.7608333333333334 0.6655555555555556 0.07 0.12444444444444444
0 0.45916666666666667 0.6755555555555556 0.03333333333333333 0.09777777777777778
0 0.6991666666666667 0.6788888888888889 0.06166666666666667 0.12666666666666668
0 0.2838333333333333 0.07011111111111111 0.052466666666666696 0.09773333333333332
0 0.6325 0.6888888888888889 0.06166666666666667 0.11777777777777777
0 0.5725 0.6933333333333334 0.058333333333333334 0.12222222222222222
0 0.5108333333333334 0.6966666666666667 0.06 0.11777777777777777
0 0.3925 0.7077777777777777 0.06166666666666667 0.11555555555555555
0 0.8382333333333333 0.07275555555555556 0.06348333333333339 0.07542222222222222
0 0.3333333333333333 0.7122222222222222 0.056666666666666664 0.11777777777777777
0 0.27666666666666667 0.7155555555555555 0.056666666666666664 0.11555555555555555
0 0.215 0.72 0.06 0.10888888888888888
0 0.23445 0.0748888888888889 0.047700000000000006 0.09028888888888888
0 0.4685166666666667 0.7544444444444445 0.040049999999999954 0.06057777777777776
0 0.7565666666666666 0.7792222222222221 0.06686666666666667 0.06057777777777776
0 0.7816833333333333 0.08604444444444444 0.053933333333333354 0.07222222222222222
0 0.5583333333333333 0.8488888888888889 0.065 0.13333333333333333
0 0.4925 0.85 0.06333333333333334 0.12666666666666668
0 0.975 0.8522222222222222 0.04666666666666667 0.13555555555555557
0 0.43333333333333335 0.8533333333333334 0.065 0.13111111111111112
0 0.36833333333333335 0.8555555555555555 0.065 0.13111111111111112
0 0.9153500000000001 0.8584888888888889 0.07513333333333322 0.13522222222222227
0 0.305 0.8611111111111112 0.06333333333333334 0.12666666666666668
0 0.18583333333333332 0.8644444444444445 0.056666666666666664 0.12
0 0.84225 0.8647777777777778 0.06808333333333327 0.13522222222222227
0 0.24333333333333335 0.8666666666666667 0.06 0.12666666666666668
0 0.7633333333333333 0.8755555555555555 0.07166666666666667 0.13777777777777778
0 0.6891666666666667 0.88 0.07 0.13777777777777778
0 0.6208333333333333 0.8855555555555555 0.07166666666666667 0.13111111111111112
0 0.7283166666666667 0.08975555555555556 0.05076666666666673 0.07328888888888886
0 0.6725666666666666 0.09666666666666666 0.05556666666666672 0.07435555555555558
0 0.18416666666666667 0.96 0.058333333333333334 0.07555555555555556
0 0.8425 0.9666666666666667 0.06833333333333333 0.06222222222222222
0 0.7673833333333333 0.9716888888888888 0.06928333333333342 0.05660000000000006
0 0.6977166666666667 0.9742666666666667 0.06685000000000002 0.0514444444444444
0 0.5485333333333333 0.9763333333333334 0.07206666666666668 0.04731111111111103
0 0.6228666666666667 0.9763333333333334 0.06996666666666669 0.04731111111111103
0 0.4841666666666667 0.9755555555555555 0.06833333333333333 0.044444444444444446
0 0.6212000000000001 0.1040888888888889 0.048433333333333245 0.07222222222222222
0 0.56345 0.10675555555555555 0.046049999999999994 0.0732888888888889
0 0.8959833333333334 0.012777777777777779 0.06044999999999997 0.025555555555555557
0 0.44433333333333336 0.13384444444444443 0.05798333333333332 0.0722222222222222
0 0.39454999999999996 0.14393333333333333 0.052416666666666646 0.06904444444444444
0 0.34278333333333333 0.14657777777777775 0.049250000000000016 0.07648888888888887
0 0.28781666666666667 0.15562222222222222 0.052466666666666696 0.07542222222222222
0 0.23564999999999997 0.16040000000000001 0.050083333333333355 0.07222222222222222
0 0.835 0.01888888888888889 0.06 0.03777777777777778
0 0.9891666666666666 0.21 0.018333333333333333 0.03777777777777778
0 0.9309333333333333 0.21455555555555555 0.030866666666666636 0.03388888888888889
0 0.9631666666666666 0.21455555555555555 0.035816666666666684 0.03224444444444442