0 0.24333333333333335 0.24888888888888888 0.05 0.11333333333333333
0 0.28833333333333333 0.2811111111111111 0.045 0.09555555555555556
0 0.36916666666666664 0.28888888888888886 0.05 0.10666666666666667
0 0.04306666666666666 0.3008666666666666 0.07200000000000001 0.13424444444444442
0 0.4141666666666667 0.31222222222222223 0.03333333333333333 0.08444444444444445
0 0.19333333333333333 0.31777777777777777 0.05333333333333334 0.12666666666666668
0 0.12333333333333334 0.3288888888888889 0.08 0.14222222222222222
0 0.445 0.33666666666666667 0.02666666666666667 0.07777777777777778
0 0.24416666666666667 0.34 0.04666666666666667 0.09777777777777778
0 0.47333333333333333 0.36777777777777776 0.03333333333333333 0.09333333333333334
0 0.2866666666666667 0.37333333333333335 0.045 0.10222222222222223
0 0.5016666666666667 0.37777777777777777 0.02 0.07555555555555556
0 0.37083333333333335 0.3788888888888889 0.058333333333333334 0.10444444444444445
0 0.5241666666666667 0.3988888888888889 0.018333333333333333 0.06222222222222222
0 0.4175 0.4 0.035 0.09333333333333334
0 0.5425 0.40444444444444444 0.018333333333333333 0.07111111111111111
0 0.44916666666666666 0.41888888888888887 0.03166666666666667 0.08444444444444445
0 0.19166666666666668 0.42333333333333334 0.056666666666666664 0.12222222222222222
0 0.5675 0.43 0.025 0.07111111111111111
0 0.03956666666666666 0.431 0.07911666666666667 0.12331111111111114
0 0.2425 0.4444444444444444 0.04833333333333333 0.1111111111111111
0 0.4766666666666667 0.4533333333333333 0.03666666666666667 0.07777777777777778
0 0.5883333333333334 0.4533333333333333 0.02 0.06444444444444444
0 0.12083333333333333 0.45444444444444443 0.08666666666666667 0.13555555555555557
0 0.5058333333333334 0.45555555555555555 0.021666666666666667 0.07333333333333333
0 0.6091666666666666 0.46 0.018333333333333333 0.05555555555555555
0 0.2866666666666667 0.4677777777777778 0.05 0.1
0 0.53 0.47333333333333333 0.025 0.08222222222222222
0 0.37333333333333335 0.47444444444444445 0.056666666666666664 0.10666666666666667
0 0.5533333333333333 0.48 0.015 0.07111111111111111
0 0.0172 0.048911111111111114 0.0344 0.09782222222222223
0 0.41833333333333333 0.49444444444444446 0.03666666666666667 0.09555555555555556
0 0.575 0.49777777777777776 0.028333333333333332 0.07333333333333333
0 0.45 0.5088888888888888 0.025 0.09333333333333334
0 0.18916666666666668 0.5133333333333333 0.05 0.06
0 0.5983333333333334 0.5166666666666667 0.016666666666666666 0.06
0 0.615 0.5188888888888888 0.018333333333333333 0.05555555555555555
0 0.48 0.5333333333333333 0.03666666666666667 0.08444444444444445
0 0.24166666666666667 0.5355555555555556 0.04666666666666667 0.06888888888888889
0 0.5108333333333334 0.5355555555555556 0.025 0.08222222222222222
0 0.28833333333333333 0.5477777777777778 0.05 0.06444444444444444
0 0.5358333333333334 0.5522222222222222 0.025 0.07777777777777778
0 0.5558333333333333 0.5555555555555556 0.023333333333333334 0.08444444444444445
0 0.3344666666666667 0.5629555555555555 0.03026666666666671 0.06793333333333332
0 0.3725 0.5677777777777778 0.06 0.09555555555555556
0 0.5833333333333334 0.5711111111111111 0.025 0.06888888888888889
0 0.6033333333333334 0.5777777777777777 0.015 0.06
0 0.6208333333333333 0.5855555555555556 0.021666666666666667 0.07111111111111111
0 0.42333333333333334 0.5877777777777777 0.043333333333333335 0.09333333333333334
0 0.4558333333333333 0.6 0.023333333333333334 0.08666666666666667
0 0.48833333333333334 0.6166666666666667 0.03833333333333333 0.08
0 0.515 0.6222222222222222 0.025 0.08222222222222222
0 0.5416666666666666 0.6322222222222222 0.02666666666666667 0.08
0 0.5616666666666666 0.6333333333333333 0.018333333333333333 0.07777777777777778
0 0.5841666666666666 0.6433333333333333 0.023333333333333334 0.07111111111111111
0 0.6066666666666667 0.6433333333333333 0.018333333333333333 0.06666666666666667
0 0.6275 0.6511111111111111 0.018333333333333333 0.05555555555555555
0 0.06125 0.07795555555555556 0.06786666666666666 0.1148
0 0.13666666666666666 0.09222222222222222 0.07 0.12222222222222222
0 0.010833333333333334 0.16444444444444445 0.021666666666666667 0.12444444444444444
0 0.05393333333333333 0.1882888888888889 0.07123333333333334 0.12528888888888887
0 0.13166666666666665 0.2111111111111111 0.07166666666666667 0.13555555555555557
0 0.1975 0.21333333333333335 0.04833333333333333 0.10444444444444445