0 0.16166666666666665 0.314540059347181 0.11833333333333333 0.31750741839762614
0 0.25 0.3427299703264095 0.10666666666666667 0.26409495548961426
0 0.3475 0.3724035608308605 0.10333333333333333 0.2344213649851632
0 0.525 0.42729970326409494 0.08666666666666667 0.228486646884273
0 0.595 0.443620178041543 0.065 0.20474777448071216
0 0.6533333333333333 0.4599406528189911 0.06333333333333334 0.19584569732937684
0 0.7241666666666666 0.4910979228486647 0.04833333333333333 0.18100890207715134
0 0.78 0.4970326409495549 0.03666666666666667 0.142433234421365
0 0.8691666666666666 0.5474777448071216 0.06666666666666667 0.1513353115727003
0 0.9315 0.576112759643917 0.030416666666666668 0.11673590504451031
0 0.9624666666666667 0.5926112759643917 0.025933333333333242 0.13151335311572698
0 0.125 0.6008902077151336 0.12833333333333333 0.2878338278931751
0 0.23416666666666666 0.6142433234421365 0.105 0.26112759643916916
0 0.335 0.6231454005934718 0.10666666666666667 0.24925816023738873
0 0.4325 0.6320474777448071 0.08333333333333333 0.24925816023738873
0 0.5175 0.6454005934718101 0.08333333333333333 0.2166172106824926
0 0.5825 0.6513353115727003 0.07666666666666666 0.2166172106824926
0 0.6383333333333333 0.6572700296735905 0.06333333333333334 0.20474777448071216
0 0.7766666666666666 0.6691394658753709 0.04 0.17210682492581603
0 0.715 0.6750741839762612 0.055 0.17210682492581603
0 0.8641666666666666 0.6899109792284867 0.065 0.1572700296735905
0 0.9257666666666667 0.7000296735905044 0.02658333333333341 0.12816023738872404
0 0.9559166666666666 0.7116913946587538 0.025616666666666486 0.11510385756676564
0 0.8275 0.8961424332344213 0.041666666666666664 0.1513353115727003
0 0.7922 0.9234421364985163 0.03140000000000005 0.15216617210682484
0 0.5558333333333333 0.9243323442136498 0.06166666666666667 0.14540059347181009
0 0.5054166666666666 0.9272106824925817 0.04214999999999994 0.1286053412462909
0 0.7105 0.9301186943620178 0.03234999999999995 0.1372997032640949
0 0.6671 0.9302967359050445 0.04853333333333334 0.1393768545994066
0 0.6133333333333333 0.9287833827893175 0.056666666666666664 0.13649851632047477
0 0.185 0.9436201780415431 0.12 0.10682492581602374