0 0.6375 0.29673590504451036 0.045 0.11572700296735905
0 0.7283333333333334 0.29673590504451036 0.04666666666666667 0.10682492581602374
0 0.7725 0.29673590504451036 0.043333333333333335 0.10682492581602374
0 0.68 0.31008902077151335 0.03833333333333333 0.10682492581602374
0 0.8258333333333333 0.314540059347181 0.021666666666666667 0.09495548961424333
0 0.16583333333333333 0.3486646884272997 0.04833333333333333 0.11275964391691394
0 0.21583333333333332 0.3516320474777448 0.05 0.11275964391691394
0 0.32666666666666666 0.3649851632047478 0.043333333333333335 0.10682492581602374
0 0.37333333333333335 0.3694362017804154 0.03833333333333333 0.10979228486646884
0 0.4166666666666667 0.3724035608308605 0.04 0.10682492581602374
0 0.2683333333333333 0.37537091988130566 0.04666666666666667 0.10979228486646884
0 0.46 0.37537091988130566 0.041666666666666664 0.10682492581602374
0 0.505 0.38130563798219586 0.043333333333333335 0.10385756676557864
0 0.55 0.38427299703264095 0.041666666666666664 0.10682492581602374
0 0.6366666666666667 0.38427299703264095 0.04 0.10979228486646884
0 0.5933333333333334 0.3857566765578635 0.04 0.10385756676557864
0 0.7758333333333334 0.39465875370919884 0.045 0.10979228486646884
0 0.8633333333333333 0.39465875370919884 0.041666666666666664 0.10089020771513353
0 0.73 0.39762611275964393 0.04666666666666667 0.11275964391691394
0 0.81 0.40801186943620177 0.02666666666666667 0.09792284866468842
0 0.8333333333333334 0.4094955489614243 0.018333333333333333 0.09198813056379822
0 0.68 0.41097922848664686 0.041666666666666664 0.09792284866468842
0 0.0132 0.42712166172106825 0.0264 0.12661721068249263
0 0.16083333333333333 0.45103857566765576 0.04666666666666667 0.10682492581602374
0 0.21166666666666667 0.45548961424332346 0.051666666666666666 0.10979228486646884
0 0.2775 0.4629080118694362 0.041666666666666664 0.10682492581602374
0 0.325 0.4658753709198813 0.043333333333333335 0.10385756676557864
0 0.37166666666666665 0.47032640949554894 0.041666666666666664 0.10385756676557864
0 0.185 0.04747774480712166 0.05 0.09495548961424333
0 0.415 0.47477744807121663 0.03833333333333333 0.10682492581602374
0 0.5041666666666667 0.4762611275964392 0.03833333333333333 0.10385756676557864
0 0.45916666666666667 0.47774480712166173 0.043333333333333335 0.10089020771513353
0 0.5491666666666667 0.4807121661721068 0.03833333333333333 0.10979228486646884
0 0.5916666666666667 0.4821958456973294 0.04 0.10682492581602374
0 0.6366666666666667 0.48516320474777447 0.045 0.10682492581602374
0 0.8641666666666666 0.49258160237388726 0.04833333333333333 0.10385756676557864
0 0.7325 0.4940652818991098 0.04666666666666667 0.10089020771513353
0 0.7783333333333333 0.49554896142433236 0.043333333333333335 0.10682492581602374
0 0.8116666666666666 0.49851632047477745 0.021666666666666667 0.09495548961424333
0 0.8308333333333333 0.49851632047477745 0.021666666666666667 0.09495548961424333
0 0.6797166666666666 0.502106824925816 0.04143333333333336 0.0808902077151335
0 0.33916666666666667 0.057863501483679525 0.043333333333333335 0.10979228486646884
0 0.3825 0.06083086053412463 0.04 0.10979228486646884
0 0.022716666666666666 0.0633234421364985 0.04543333333333333 0.1266172106824926
0 0.42333333333333334 0.06676557863501484 0.045 0.10385756676557864
0 0.15406666666666666 0.700919881305638 0.04626666666666665 0.13142433234421372
0 0.20375 0.7026112759643917 0.04931666666666665 0.11456973293768542
0 0.25531666666666664 0.7085163204747775 0.048116666666666676 0.12299703264094952
0 0.4708333333333333 0.0712166172106825 0.03833333333333333 0.10682492581602374
0 0.315 0.7373887240356083 0.041666666666666664 0.10979228486646884
0 0.3098 0.07427299703264095 0.01594999999999999 0.08599406528189912
0 0.23583333333333334 0.07566765578635015 0.03666666666666667 0.10682492581602374
0 0.49166666666666664 0.7433234421364985 0.04 0.10979228486646884
0 0.4475 0.7462908011869436 0.045 0.12166172106824925
0 0.5825 0.755192878338279 0.041666666666666664 0.11572700296735905
0 0.6441666666666667 0.7685459940652819 0.043333333333333335 0.10979228486646884
0 0.6933333333333334 0.7685459940652819 0.04833333333333333 0.12166172106824925
0 0.2775 0.0771513353115727 0.041666666666666664 0.10682492581602374
0 0.07601666666666666 0.8070623145400594 0.04913333333333334 0.12804154302670617
0 0.19855 0.8239169139465876 0.04836666666666666 0.12468842729970321
0 0.14603333333333335 0.8247774480712166 0.045333333333333316 0.12973293768546001
0 0.25105 0.8331750741839762 0.054750000000000035 0.12299703264094969
0 0.30833333333333335 0.8501483679525222 0.045 0.12166172106824925
0 0.355 0.8531157270029673 0.04666666666666667 0.11572700296735905
0 0.3983333333333333 0.8560830860534124 0.041666666666666664 0.12166172106824925
0 0.7666666666666667 0.08605341246290801 0.03666666666666667 0.10682492581602374
0 0.445 0.8635014836795252 0.045 0.11572700296735905
0 0.4925 0.8649851632047477 0.043333333333333335 0.11869436201780416
0 0.7241666666666666 0.09050445103857567 0.045 0.10682492581602374
0 0.049166666666666664 0.9317507418397626 0.058333333333333334 0.13056379821958458
0 0.1025 0.9405934718100891 0.05858333333333334 0.11878338278931742
0 0.14698333333333333 0.9443916913946587 0.03396666666666666 0.10614243323442131
0 0.1957 0.9460830860534124 0.05003333333333335 0.10614243323442131
0 0.24631666666666666 0.9515430267062315 0.054750000000000035 0.09688427299703258
0 0.30666666666666664 0.9525222551928784 0.043333333333333335 0.08902077151335312
0 0.3958333333333333 0.9525222551928784 0.041666666666666664 0.08902077151335312
0 0.3525 0.9540059347181009 0.045 0.08605341246290801
0 0.44333333333333336 0.9584569732937686 0.05 0.0771513353115727
0 0.49 0.9599406528189911 0.043333333333333335 0.07418397626112759
0 0.85 0.10385756676557864 0.03833333333333333 0.09792284866468842
0 0.6366666666666667 0.1142433234421365 0.041666666666666664 0.10089020771513353
0 0.82 0.129080118694362 0.018333333333333333 0.0830860534124629
0 0.17916666666666667 0.13798219584569732 0.04666666666666667 0.10682492581602374
0 0.22583333333333333 0.14094955489614244 0.04833333333333333 0.11275964391691394
0 0.3375 0.16023738872403562 0.04 0.10979228486646884
0 0.30883333333333335 0.17074183976261129 0.016683333333333317 0.0847181008902077
0 0.37916666666666665 0.17210682492581603 0.043333333333333335 0.11572700296735905
0 0.275 0.17359050445103857 0.043333333333333335 0.10682492581602374
0 0.4225 0.17359050445103857 0.04 0.11275964391691394
0 0.4666666666666667 0.17359050445103857 0.04 0.10979228486646884
0 0.0137 0.18189910979228485 0.0274 0.10700296735905045
0 0.7283333333333334 0.1913946587537092 0.045 0.10979228486646884
0 0.77 0.19584569732937684 0.041666666666666664 0.10682492581602374
0 0.6358333333333334 0.20178041543026706 0.041666666666666664 0.08011869436201781
0 0.855 0.20178041543026706 0.041666666666666664 0.09495548961424333
0 0.8266666666666667 0.22106824925816024 0.021666666666666667 0.09495548961424333
0 0.17166666666666666 0.24480712166172106 0.04666666666666667 0.10682492581602374
0 0.22166666666666668 0.24777448071216618 0.05 0.10979228486646884
0 0.3325 0.26112759643916916 0.04 0.11275964391691394
0 0.3054 0.26388724035608313 0.01596666666666664 0.08210682492581607
0 0.37583333333333335 0.26409495548961426 0.045 0.10385756676557864
0 0.41833333333333333 0.26706231454005935 0.04 0.10979228486646884
0 0.4625 0.27299703264094954 0.041666666666666664 0.10979228486646884
0 0.2725 0.27596439169139464 0.045 0.10385756676557864
0 0.5066666666666667 0.2774480712166172 0.03833333333333333 0.11275964391691394
0 0.5508333333333333 0.28041543026706234 0.043333333333333335 0.10979228486646884
0 0.014199999999999999 0.2871216617210683 0.028399999999999998 0.0891691394658754
0 0.595 0.29080118694362017 0.041666666666666664 0.11869436201780416
0 0.8591666666666666 0.29376854599406527 0.03833333333333333 0.10089020771513353