0 0.021833333333333333 0.31646884272997033 0.043666666666666666 0.3075964391691395
0 0.105 0.3189910979228487 0.12833333333333333 0.3086053412462908
0 0.7511833333333333 0.03367952522255193 0.05056666666666672 0.06735905044510386
0 0.22166666666666668 0.33827893175074186 0.115 0.2878338278931751
0 0.32416666666666666 0.35756676557863504 0.10333333333333333 0.27002967359050445
0 0.485 0.3694362017804154 0.08166666666666667 0.2344213649851632
0 0.41 0.37388724035608306 0.09166666666666666 0.2433234421364985
0 0.7980333333333334 0.039792284866468845 0.053133333333333324 0.07958456973293769
0 0.5541666666666667 0.3961424332344214 0.06833333333333333 0.21364985163204747
0 0.605 0.4065281899109792 0.03833333333333333 0.17804154302670624
0 0.7141666666666666 0.43471810089020774 0.04 0.1632047477744807
0 0.7658333333333334 0.43768545994065283 0.05333333333333334 0.17804154302670624
0 0.8125 0.44807121661721067 0.055 0.17507418397626112
0 0.8841666666666667 0.46735905044510384 0.051666666666666666 0.1661721068249258
0 0.9191666666666667 0.47181008902077154 0.03833333333333333 0.1572700296735905
0 0.84315 0.054332344213649846 0.040216666666666755 0.10866468842729969
0 0.4597666666666667 0.059703264094955494 0.05061666666666667 0.11937685459940652
0 0.4775 0.599406528189911 0.08333333333333333 0.2344213649851632
0 0.5991666666666666 0.6053412462908012 0.06166666666666667 0.20178041543026706
0 0.3975 0.6068249258160238 0.09166666666666666 0.24629080118694363
0 0.30916666666666665 0.6083086053412463 0.105 0.2551928783382789
0 0.09333333333333334 0.6083086053412463 0.13333333333333333 0.29673590504451036
0 0.5416666666666666 0.6097922848664689 0.07333333333333333 0.21068249258160238
0 0.20833333333333334 0.612759643916914 0.12 0.26409495548961426
0 0.84 0.612759643916914 0.041666666666666664 0.16023738872403562
0 0.795 0.6142433234421365 0.04833333333333333 0.1632047477744807
0 0.7516666666666667 0.6186943620178041 0.041666666666666664 0.1661721068249258
0 0.012616666666666667 0.6191394658753709 0.025216666666666672 0.26765578635014836
0 0.8775 0.6201780415430267 0.04 0.14540059347181009
0 0.91 0.6201780415430267 0.035 0.142433234421365
0 0.8758166666666667 0.06658753709198813 0.03333333333333333 0.13317507418397626
0 0.9176666666666667 0.08041543026706231 0.053666666666666744 0.13821958456973293
0 0.5216500000000001 0.08572700296735905 0.043716666666666695 0.1071513353115727
0 0.7660666666666667 0.8406231454005936 0.038216666666666586 0.1081305637982194
0 0.89295 0.8514243323442137 0.06181666666666653 0.14798219584569736
0 0.5693666666666667 0.08724035608308604 0.049716666666666735 0.14694362017804152
0 0.2225 0.8700296735905044 0.05765000000000003 0.09189910979228495
0 0.6462166666666667 0.8747477744807123 0.023566666666666646 0.12635014836795264
0 0.8411833333333334 0.8889910979228486 0.036266666666666746 0.143412462908012
0 0.8034666666666667 0.8924035608308606 0.041400000000000055 0.14798219584569736
0 0.67435 0.8958160237388724 0.045283333333333266 0.1092878338278933
0 0.44995000000000007 0.9105341246290802 0.057566666666666655 0.16356083086053413
0 0.7210000000000001 0.9219881305637981 0.04270000000000001 0.14798219584569736
0 0.5766666666666667 0.93026706231454 0.06333333333333334 0.13353115727002968
0 0.515 0.9406528189910979 0.06 0.11275964391691394
0 0.7583333333333333 0.9495548961424333 0.04 0.09495548961424333
0 0.37916666666666665 0.9540059347181009 0.07833333333333334 0.08605341246290801
0 0.29469999999999996 0.9673293768545994 0.09705000000000003 0.06531157270029671
0 0.6721 0.9729376854599406 0.03953333333333338 0.0540949554896143
0 0.19101666666666664 0.973560830860534 0.10665 0.05284866468842714
0 0.9588666666666668 0.10086053412462909 0.037816666666666755 0.13682492581602373
0 0.61835 0.10178041543026706 0.053133333333333324 0.14845697329376856
0 0.9832666666666667 0.12397626112759644 0.026433333333333166 0.13163204747774482
0 0.7460333333333333 0.13943620178041544 0.044916666666666744 0.17083086053412466
0 0.7070833333333333 0.1474480712166172 0.03754999999999995 0.13724035608308605
0 0.7923666666666667 0.1649851632047478 0.04408333333333341 0.17813056379821962
0 0.8354 0.18543026706231455 0.04160000000000006 0.16353115727002968
0 0.8713333333333333 0.2038278931750742 0.030716666666666774 0.1452818991097923
0 0.9073666666666665 0.21724035608308603 0.045750000000000075 0.15234421364985165
0 0.9475666666666666 0.24014836795252228 0.039400000000000164 0.1452818991097923