0 0.7517985611510791 0.4576612903225806 0.26618705035971224 0.25
0 0.29856115107913667 0.5141129032258065 0.2805755395683453 0.20967741935483872
0 0.5179856115107914 0.5362903225806451 0.2733812949640288 0.22983870967741934
0 0.8154676258992806 0.6775 0.23928057553956827 0.20254032258064522
0 0.3776978417266187 0.7116935483870968 0.20863309352517986 0.16129032258064516
0 0.5899280575539568 0.7419354838709677 0.2446043165467626 0.1814516129032258
0 0.8404316546762589 0.8530241935483871 0.21431654676258996 0.1554032258064517
0 0.44244604316546765 0.8689516129032258 0.18705035971223022 0.14112903225806453
0 0.6551079136690647 0.9245967741935485 0.1863309352517986 0.134475806451613
0 0.9460431654676259 0.20766129032258066 0.09352517985611511 0.3911290322580645
0 0.2302158273381295 0.26814516129032256 0.3597122302158273 0.23790322580645162