0 0.7926829268292683 0.7682926829268293 0.11585365853658537 0.18902439024390244
0 0.6676829268292683 0.774390243902439 0.12804878048780488 0.18902439024390244
0 0.524390243902439 0.774390243902439 0.12804878048780488 0.20121951219512196
0 0.38414634146341464 0.7835365853658537 0.13414634146341464 0.20121951219512196
0 0.23780487804878048 0.7896341463414634 0.13414634146341464 0.20121951219512196
0 0.09146341463414634 0.7957317073170732 0.1402439024390244 0.2073170731707317
0 0.649390243902439 0.9542682926829268 0.12804878048780488 0.07926829268292683
0 0.10060975609756098 0.11585365853658537 0.1402439024390244 0.1951219512195122
0 0.25609756097560976 0.13414634146341464 0.1402439024390244 0.1951219512195122
0 0.39939024390243905 0.1402439024390244 0.13414634146341464 0.18902439024390244
0 0.5426829268292683 0.14634146341463414 0.12804878048780488 0.18292682926829268
0 0.6707317073170732 0.1524390243902439 0.12804878048780488 0.18292682926829268
0 0.8109756097560976 0.1676829268292683 0.12195121951219512 0.17073170731707318
0 0.6805487804878049 0.03414634146341463 0.12475609756097567 0.06378048780487805
0 0.0975609756097561 0.3902439024390244 0.1402439024390244 0.21951219512195122
0 0.24390243902439024 0.3902439024390244 0.1402439024390244 0.20121951219512196
0 0.3871951219512195 0.39634146341463417 0.1402439024390244 0.20121951219512196
0 0.7896341463414634 0.4024390243902439 0.12804878048780488 0.18902439024390244
0 0.8149390243902439 0.043292682926829265 0.10195121951219503 0.08658536585365853
0 0.7926829268292683 0.5853658536585366 0.11585365853658537 0.18292682926829268
0 0.524390243902439 0.5884146341463414 0.13414634146341464 0.20121951219512196
0 0.6646341463414634 0.5914634146341463 0.13414634146341464 0.20121951219512196
0 0.24085365853658536 0.5945121951219512 0.13414634146341464 0.2073170731707317
0 0.38109756097560976 0.5945121951219512 0.13414634146341464 0.20121951219512196
0 0.09146341463414634 0.5975609756097561 0.14634146341463414 0.21341463414634146