0 0.04573170731707317 0.676829268292683 0.09146341463414634 0.1402439024390244
0 0.7042682926829268 0.7073170731707317 0.10365853658536585 0.14634146341463414
0 0.5975609756097561 0.7073170731707317 0.10365853658536585 0.1402439024390244
0 0.036585365853658534 0.8170731707317073 0.07317073170731707 0.13414634146341464
0 0.17378048780487804 0.8353658536585366 0.10975609756097561 0.16463414634146342
0 0.3902439024390244 0.8384146341463414 0.0975609756097561 0.1524390243902439
0 0.49085365853658536 0.8414634146341463 0.10365853658536585 0.15853658536585366
0 0.7073170731707317 0.850609756097561 0.0975609756097561 0.1524390243902439
0 0.5975609756097561 0.8567073170731707 0.10365853658536585 0.1402439024390244
0 0.036585365853658534 0.9451219512195121 0.07317073170731707 0.0975609756097561
0 0.2652439024390244 0.9512195121951219 0.0975609756097561 0.09146341463414634
0 0.38109756097560976 0.9573170731707317 0.10975609756097561 0.07926829268292683
0 0.15853658536585366 0.9603658536585366 0.10365853658536585 0.07317073170731707
0 0.49390243902439024 0.9603658536585366 0.10365853658536585 0.07317073170731707
0 0.7134146341463414 0.9603658536585366 0.0975609756097561 0.06707317073170732
0 0.6036585365853658 0.9634146341463414 0.10975609756097561 0.06707317073170732
0 0.042682926829268296 0.11890243902439024 0.08536585365853659 0.0975609756097561
0 0.1402439024390244 0.125 0.09146341463414634 0.0975609756097561
0 0.2347560975609756 0.13414634146341464 0.09146341463414634 0.0975609756097561
0 0.3323170731707317 0.13414634146341464 0.07926829268292683 0.0975609756097561
0 0.4268292682926829 0.1402439024390244 0.07926829268292683 0.10975609756097561
0 0.5182926829268293 0.14634146341463414 0.07926829268292683 0.0975609756097561
0 0.6158536585365854 0.14939024390243902 0.07926829268292683 0.0975609756097561
0 0.7134146341463414 0.1524390243902439 0.09146341463414634 0.08536585365853659
0 0.051829268292682924 0.03353658536585366 0.09146341463414634 0.06097560975609756
0 0.020975609756097562 0.35750000000000004 0.041951219512195125 0.1540853658536585
0 0.14939024390243902 0.039634146341463415 0.09146341463414634 0.07926829268292683
0 0.3353658536585366 0.039634146341463415 0.07926829268292683 0.07926829268292683
0 0.21036585365853658 0.375 0.0975609756097561 0.15853658536585366
0 0.31097560975609756 0.38414634146341464 0.0975609756097561 0.1524390243902439
0 0.4146341463414634 0.3871951219512195 0.09146341463414634 0.1524390243902439
0 0.5121951219512195 0.3932926829268293 0.0975609756097561 0.1524390243902439
0 0.6097560975609756 0.39634146341463417 0.0975609756097561 0.1524390243902439
0 0.7103658536585366 0.4024390243902439 0.10365853658536585 0.14634146341463414
0 0.24390243902439024 0.042682926829268296 0.07926829268292683 0.07926829268292683
0 0.4298780487804878 0.04573170731707317 0.07926829268292683 0.07926829268292683
0 0.524390243902439 0.04878048780487805 0.09146341463414634 0.09146341463414634
0 0.6128048780487805 0.051829268292682924 0.07926829268292683 0.09146341463414634
0 0.10060975609756098 0.5030487804878049 0.04878048780487805 0.10975609756097561
0 0.20121951219512196 0.5060975609756098 0.0975609756097561 0.12804878048780488
0 0.3018292682926829 0.5091463414634146 0.09146341463414634 0.13414634146341464
0 0.4054878048780488 0.5182926829268293 0.0975609756097561 0.13414634146341464
0 0.5091463414634146 0.5213414634146342 0.09146341463414634 0.13414634146341464
0 0.6067073170731707 0.5213414634146342 0.09146341463414634 0.13414634146341464
0 0.7103658536585366 0.524390243902439 0.09146341463414634 0.12804878048780488
0 0.7134146341463414 0.054878048780487805 0.0975609756097561 0.10365853658536585