0 0.936733870967742 0.1329496402877698 0.052822580645161384 0.11633093525179858
0 0.794274193548387 0.1420863309352518 0.05286290322580651 0.13129496402877697
0 0.564717741935484 0.16366906474820145 0.0483064516129033 0.11798561151079136
0 0.7422177419354838 0.41309352517985615 0.041733870967742025 0.11381294964028772
0 0.4838709677419355 0.42805755395683454 0.05241935483870968 0.1510791366906475
0 0.3709677419354839 0.42805755395683454 0.056451612903225805 0.1510791366906475
0 0.9354032258064515 0.4300719424460432 0.035000000000000024 0.07287769784172658
0 0.42943548387096775 0.4316546762589928 0.05241935483870968 0.1510791366906475
0 0.3185483870967742 0.4352517985611511 0.04838709677419355 0.1366906474820144
0 0.5625 0.43884892086330934 0.05241935483870968 0.14388489208633093
0 0.9375806451612904 0.506115107913669 0.03931451612903226 0.07920863309352512
0 0.9346774193548387 0.5719424460431655 0.03358870967741929 0.06266187050359719
0 0.31451612903225806 0.5719424460431655 0.056451612903225805 0.14388489208633093
0 0.42943548387096775 0.579136690647482 0.05241935483870968 0.14388489208633093
0 0.48185483870967744 0.579136690647482 0.04838709677419355 0.1366906474820144
0 0.3709677419354839 0.579136690647482 0.05241935483870968 0.1366906474820144
0 0.5640322580645161 0.5862589928057553 0.05185483870967748 0.13820143884892092
0 0.7130241935483872 0.5976258992805755 0.04907258064516135 0.12848920863309363
0 0.8128225806451613 0.601726618705036 0.048104838709677446 0.10410071942446042
0 0.7640725806451614 0.6057553956834533 0.04903225806451623 0.1024460431654677
0 0.875241935483871 0.6106474820143885 0.05810483870967752 0.12848920863309363
0 0.9475806451612904 0.6243884892086331 0.030725806451612922 0.07539568345323734