0 0.6834677419354839 0.8057553956834532 0.13306451612903225 0.34532374100719426
0 0.4173387096774194 0.8129496402877698 0.13306451612903225 0.3669064748201439
0 0.5524193548387096 0.8165467625899281 0.13709677419354838 0.34532374100719426
0 0.14112903225806453 0.8561151079136691 0.12096774193548387 0.2733812949640288
0 0.04233870967741935 0.8597122302158273 0.0846774193548387 0.26618705035971224
0 0.33076612903225805 0.8674820143884892 0.037016129032258094 0.24625899280575533
0 0.25633064516129034 0.8679856115107915 0.09592741935483874 0.26395683453237406
0 0.8564112903225806 0.10928057553956834 0.08641129032258067 0.21856115107913668
0 0.41330645161290325 0.15467625899280577 0.125 0.30935251798561153
0 0.8029435483870968 0.1784892086330935 0.04766129032258062 0.2130935251798561
0 0.6491935483870968 0.20503597122302158 0.125 0.2949640287769784
0 0.298991935483871 0.2116546762589928 0.08818548387096777 0.20755395683453237
0 0.9455645161290323 0.2302158273381295 0.10080645161290322 0.2014388489208633
0 0.06641129032258064 0.24208633093525178 0.11616935483870969 0.2905035971223022
0 0.18891129032258064 0.26151079136690647 0.1130241935483871 0.2794964028776979
0 0.874233870967742 0.30848920863309354 0.10036290322580639 0.17431654676258995
0 0.8068145161290323 0.3735251798561151 0.03370967741935489 0.16050359712230217
0 0.298991935483871 0.39841726618705037 0.10677419354838709 0.1715827338129497
0 0.4153225806451613 0.4676258992805755 0.13306451612903225 0.34532374100719426
0 0.5443548387096774 0.4784172661870504 0.12096774193548387 0.33093525179856115
0 0.6673387096774194 0.49280575539568344 0.11693548387096774 0.30935251798561153
0 0.9415322580645161 0.06474820143884892 0.10887096774193548 0.12949640287769784
0 0.04838709677419355 0.5827338129496403 0.0967741935483871 0.28776978417266186
0 0.15866935483870967 0.5852517985611511 0.12080645161290321 0.26287769784172654
0 0.26100806451612907 0.6017985611510792 0.1083467741935484 0.24625899280575533