0 0.15827338129496402 0.4939516129032258 0.2733812949640288 0.20967741935483872
0 0.41007194244604317 0.5 0.22302158273381295 0.2056451612903226
0 0.6474820143884892 0.5120967741935484 0.2014388489208633 0.18951612903225806
0 0.8669064748201439 0.5221774193548387 0.2014388489208633 0.18548387096774194
0 0.1366906474820144 0.6995967741935484 0.2733812949640288 0.22580645161290322
0 0.4028776978417266 0.7016129032258065 0.23741007194244604 0.22580645161290322
0 0.6366906474820144 0.7016129032258065 0.22302158273381295 0.21774193548387097
0 0.8812949640287769 0.7096774193548387 0.2158273381294964 0.1935483870967742
0 0.7805755395683454 0.9274193548387096 0.2517985611510791 0.13709677419354838
0 0.9568345323741008 0.9334677419354839 0.07194244604316546 0.125
0 0.5248920863309352 0.957983870967742 0.21834532374100715 0.0839919354838709
0 0.26877697841726617 0.9645967741935484 0.29258992805755396 0.07076612903225811
0 0.17266187050359713 0.29435483870967744 0.2589928057553957 0.2056451612903226
0 0.4244604316546763 0.31048387096774194 0.2446043165467626 0.18951612903225806
0 0.6402877697841727 0.3286290322580645 0.20863309352517986 0.18548387096774194
0 0.8633093525179856 0.34274193548387094 0.2158273381294964 0.17338709677419356