0 0.8689516129032258 0.302158273381295 0.08064516129032258 0.17985611510791366
0 0.7842741935483871 0.30935251798561153 0.08064516129032258 0.17266187050359713
0 0.7137096774193549 0.33093525179856115 0.06854838709677419 0.17266187050359713
0 0.6391129032258065 0.3345323741007194 0.07661290322580645 0.17266187050359713
0 0.5685483870967742 0.34172661870503596 0.06451612903225806 0.15827338129496402
0 0.5060483870967742 0.3597122302158273 0.056451612903225805 0.1366906474820144
0 0.44556451612903225 0.381294964028777 0.06048387096774194 0.1510791366906475
0 0.3911290322580645 0.381294964028777 0.05241935483870968 0.12949640287769784
0 0.33669354838709675 0.3920863309352518 0.04435483870967742 0.1223021582733813
0 0.28830645161290325 0.39928057553956836 0.04838709677419355 0.1079136690647482
0 0.23790322580645162 0.4064748201438849 0.04435483870967742 0.10071942446043165
0 0.19153225806451613 0.4136690647482014 0.04032258064516129 0.10071942446043165
0 0.15120967741935484 0.4244604316546763 0.036290322580645164 0.09352517985611511
0 0.11088709677419355 0.4316546762589928 0.036290322580645164 0.11510791366906475
0 0.06653225806451613 0.4352517985611511 0.04435483870967742 0.1223021582733813
0 0.020161290322580645 0.4352517985611511 0.036290322580645164 0.10071942446043165
0 0.8729838709677419 0.4856115107913669 0.08870967741935484 0.17985611510791366
0 0.7883064516129032 0.4892086330935252 0.07661290322580645 0.17985611510791366
0 0.7076612903225806 0.5 0.07661290322580645 0.16546762589928057
0 0.5625 0.5035971223021583 0.06048387096774194 0.16546762589928057
0 0.6290322580645161 0.5035971223021583 0.07661290322580645 0.17266187050359713
0 0.49798387096774194 0.5107913669064749 0.06451612903225806 0.1510791366906475
0 0.43548387096774194 0.5179856115107914 0.056451612903225805 0.1223021582733813
0 0.37701612903225806 0.5179856115107914 0.056451612903225805 0.14388489208633093
0 0.3225806451612903 0.5251798561151079 0.04838709677419355 0.1366906474820144
0 0.2701612903225806 0.5287769784172662 0.04838709677419355 0.1366906474820144
0 0.21975806451612903 0.5359712230215827 0.04032258064516129 0.1366906474820144
0 0.1774193548387097 0.539568345323741 0.05241935483870968 0.1223021582733813
0 0.12701612903225806 0.5503597122302158 0.04032258064516129 0.11510791366906475
0 0.016129032258064516 0.5503597122302158 0.03225806451612903 0.12949640287769784
0 0.05241935483870968 0.5539568345323741 0.036290322580645164 0.11510791366906475
0 0.08266129032258064 0.5575539568345323 0.03225806451612903 0.1079136690647482
0 0.3689516129032258 0.6654676258992805 0.05241935483870968 0.16546762589928057
0 0.31048387096774194 0.6690647482014388 0.06048387096774194 0.14388489208633093
0 0.4213709677419355 0.6726618705035972 0.05241935483870968 0.17266187050359713
0 0.5483870967741935 0.6726618705035972 0.06854838709677419 0.16546762589928057
0 0.02620967741935484 0.6726618705035972 0.04032258064516129 0.1079136690647482
0 0.25201612903225806 0.6726618705035972 0.05241935483870968 0.14388489208633093
0 0.48185483870967744 0.6762589928057554 0.06451612903225806 0.17266187050359713
0 0.7862903225806451 0.6762589928057554 0.09274193548387097 0.20863309352517986
0 0.10887096774193548 0.6762589928057554 0.04435483870967742 0.12949640287769784
0 0.15725806451612903 0.6762589928057554 0.06048387096774194 0.1366906474820144
0 0.6229838709677419 0.6798561151079137 0.0846774193548387 0.18705035971223022
0 0.06854838709677419 0.6798561151079137 0.05241935483870968 0.1223021582733813
0 0.7016129032258065 0.6798561151079137 0.07661290322580645 0.17985611510791366
0 0.875 0.6798561151079137 0.09274193548387097 0.2014388489208633
0 0.20362903225806453 0.6798561151079137 0.05241935483870968 0.1510791366906475