0 0.07621951219512195 0.4611872146118721 0.1524390243902439 0.1643835616438356
0 0.10060975609756098 0.860730593607306 0.1524390243902439 0.1689497716894977
0 0.2621951219512195 0.8493150684931506 0.14634146341463414 0.1552511415525114
0 0.4054878048780488 0.8356164383561644 0.12804878048780488 0.1643835616438356
0 0.5335365853658537 0.8059360730593608 0.12804878048780488 0.1324200913242009
0 0.5426829268292683 0.9360730593607306 0.12804878048780488 0.1187214611872146
0 0.6676829268292683 0.9292237442922374 0.12804878048780488 0.136986301369863
0 0.4115853658536585 0.958904109589041 0.12804878048780488 0.0776255707762557
0 0.2652439024390244 0.9611872146118722 0.1402439024390244 0.0639269406392694
0 0.11280487804878049 0.9703196347031964 0.16463414634146342 0.0547945205479452
0 0.07926829268292683 0.6210045662100456 0.14634146341463414 0.1552511415525114
0 0.23170731707317074 0.6118721461187214 0.14634146341463414 0.1415525114155251
0 0.22865853658536586 0.45662100456621 0.1402439024390244 0.1643835616438356
0 0.36890243902439024 0.4589041095890411 0.1402439024390244 0.1598173515981735
0 0.375 0.6073059360730594 0.1402439024390244 0.1324200913242009
0 0.5091463414634146 0.4474885844748858 0.13414634146341464 0.1461187214611872
0 0.6402439024390244 0.4474885844748858 0.10975609756097561 0.136986301369863
0 0.7713414634146342 0.4520547945205479 0.12195121951219512 0.136986301369863
0 0.5182926829268293 0.5958904109589042 0.12804878048780488 0.1461187214611872
0 0.6463414634146342 0.58675799086758 0.11585365853658537 0.1324200913242009
0 0.7682926829268293 0.58675799086758 0.11585365853658537 0.1324200913242009
0 0.6676829268292683 0.7922374429223744 0.11585365853658537 0.1324200913242009
0 0.7865853658536586 0.7876712328767124 0.11585365853658537 0.1324200913242009
0 0.7957317073170732 0.9178082191780822 0.13414634146341464 0.1324200913242009
0 0.051829268292682924 0.21689497716894976 0.0975609756097561 0.1552511415525114
0 0.04878048780487805 0.07077625570776255 0.08536585365853659 0.136986301369863
0 0.3475609756097561 0.07990867579908675 0.12195121951219512 0.1506849315068493
0 0.3567073170731707 0.23059360730593606 0.13414634146341464 0.136986301369863
0 0.5 0.2328767123287671 0.1402439024390244 0.1415525114155251
0 0.6371951219512195 0.23515981735159816 0.11585365853658537 0.136986301369863
0 0.7652439024390244 0.23515981735159816 0.12195121951219512 0.1415525114155251
0 0.4878048780487805 0.0821917808219178 0.14634146341463414 0.1461187214611872
0 0.6310975609756098 0.08447488584474885 0.11585365853658537 0.1598173515981735
0 0.7652439024390244 0.0867579908675799 0.11585365853658537 0.1461187214611872