0 0.8538812785388128 0.75 0.1461187214611872 0.25
0 0.7123287671232876 0.7560975609756098 0.1415525114155251 0.25
0 0.5821917808219178 0.7652439024390244 0.1278538812785388 0.24390243902439024
0 0.4611872146118721 0.7713414634146342 0.1141552511415525 0.23170731707317074
0 0.20319634703196346 0.774390243902439 0.1187214611872146 0.23170731707317074
0 0.07534246575342465 0.7804878048780488 0.1278538812785388 0.23780487804878048
0 0.821917808219178 0.5121951219512195 0.1415525114155251 0.21951219512195122
0 0.7009132420091324 0.524390243902439 0.1278538812785388 0.23170731707317074
0 0.5730593607305936 0.5487804878048781 0.1141552511415525 0.21341463414634146
0 0.4589041095890411 0.551829268292683 0.1141552511415525 0.21341463414634146
0 0.21232876712328766 0.5640243902439024 0.1095890410958904 0.21341463414634146
0 0.1004566210045662 0.573170731707317 0.1187214611872146 0.21341463414634146
0 0.02415525114155251 0.5751219512195122 0.0482648401826484 0.21896341463414631