0 0.2183166666666667 0.2375111111111111 0.09763333333333331 0.1527777777777778
0 0.12166666666666667 0.24333333333333335 0.08666666666666667 0.13555555555555557
0 0.035833333333333335 0.25 0.06833333333333333 0.14
0 0.9641666666666666 0.042222222222222223 0.06833333333333333 0.08444444444444445
0 0.48083333333333333 0.44333333333333336 0.055 0.06666666666666667
0 0.4166666666666667 0.4477777777777778 0.07333333333333333 0.14888888888888888
0 0.9733333333333334 0.4666666666666667 0.05 0.19333333333333333
0 0.8375 0.48 0.105 0.18666666666666668
0 0.725 0.48333333333333334 0.10333333333333333 0.18888888888888888
0 0.62 0.48444444444444446 0.09333333333333334 0.17333333333333334
0 0.24083333333333334 0.49777777777777776 0.10166666666666667 0.18666666666666668
0 0.335 0.5 0.08 0.18222222222222223
0 0.14333333333333334 0.5022222222222222 0.08666666666666667 0.17777777777777778
0 0.049166666666666664 0.5033333333333333 0.095 0.18444444444444444
0 0.8275666666666667 0.05139999999999999 0.1036499999999999 0.10277777777777777
0 0.7291666666666666 0.05333333333333334 0.095 0.10222222222222223
0 0.5025 0.5488888888888889 0.07166666666666667 0.14222222222222222
0 0.5266666666666666 0.057777777777777775 0.09333333333333334 0.1111111111111111
0 0.41583333333333333 0.5888888888888889 0.08166666666666667 0.13777777777777778
0 0.6283333333333333 0.06111111111111111 0.09666666666666666 0.11777777777777777
0 0.14166666666666666 0.64 0.08666666666666667 0.09333333333333334
0 0.065 0.6411111111111111 0.065 0.09333333333333334
0 0.4241666666666667 0.06444444444444444 0.09166666666666666 0.12444444444444444
0 0.9816666666666667 0.6611111111111111 0.03333333333333333 0.19333333333333333
0 0.5591666666666667 0.6633333333333333 0.03666666666666667 0.17555555555555555
0 0.8425 0.6644444444444444 0.11166666666666666 0.18666666666666668
0 0.62 0.6655555555555556 0.09 0.18
0 0.7266666666666667 0.6711111111111111 0.11 0.18666666666666668
0 0.23583333333333334 0.68 0.09833333333333333 0.18222222222222223
0 0.33416666666666667 0.68 0.095 0.17777777777777778
0 0.5058333333333334 0.6844444444444444 0.07833333333333334 0.13777777777777778
0 0.3225 0.06888888888888889 0.095 0.13333333333333333
0 0.42083333333333334 0.7344444444444445 0.07166666666666667 0.14444444444444443
0 0.2204 0.07777777777777778 0.09763333333333331 0.15555555555555556
0 0.9832833333333334 0.8479777777777777 0.03341666666666659 0.2010222222222223
0 0.5125 0.8511111111111112 0.095 0.19111111111111112
0 0.6258333333333334 0.8566666666666667 0.09833333333333333 0.19777777777777777
0 0.8441666666666666 0.8577777777777778 0.10833333333333334 0.19555555555555557
0 0.735 0.8588888888888889 0.10333333333333333 0.18888888888888888
0 0.3325 0.8622222222222222 0.08833333333333333 0.18666666666666668
0 0.23666666666666666 0.8666666666666667 0.09333333333333334 0.19111111111111112
0 0.4216666666666667 0.8822222222222222 0.07666666666666666 0.1511111111111111
0 0.12833333333333333 0.10777777777777778 0.08333333333333333 0.13555555555555557
0 0.0375 0.11333333333333333 0.07166666666666667 0.1288888888888889
0 0.9683333333333334 0.17777777777777778 0.06166666666666667 0.18888888888888888
0 0.8341666666666666 0.1922222222222222 0.105 0.17555555555555555
0 0.7275 0.19555555555555557 0.09833333333333333 0.17777777777777778
0 0.6258333333333334 0.20222222222222222 0.095 0.17777777777777778
0 0.5291666666666667 0.20555555555555555 0.09166666666666666 0.18
0 0.42583333333333334 0.21222222222222223 0.095 0.17555555555555555
0 0.32 0.21666666666666667 0.09333333333333334 0.18