0 0.84795 0.31026706231454004 0.022999999999999923 0.13848664688427303
0 0.8766666666666667 0.3456973293768546 0.016666666666666666 0.09792284866468842
0 0.45166666666666666 0.34718100890207715 0.11666666666666667 0.4035608308605341
0 0.8933333333333333 0.35756676557863504 0.016666666666666666 0.09495548961424333
0 0.5483333333333333 0.4035608308605341 0.07333333333333333 0.34421364985163205
0 0.6133333333333333 0.4317507418397626 0.056666666666666664 0.3115727002967359
0 0.6675 0.4658753709198813 0.04833333333333333 0.26112759643916916
0 0.7141666666666666 0.4896142433234421 0.04833333333333333 0.23738872403560832
0 0.755 0.5014836795252225 0.03666666666666667 0.2195845697329377
0 0.8116666666666666 0.5178041543026706 0.021666666666666667 0.19287833827893175
0 0.7866666666666666 0.5207715133531158 0.02666666666666667 0.20474777448071216
0 0.8366666666666667 0.5237388724035609 0.023333333333333334 0.17507418397626112
0 0.8583333333333333 0.5370919881305638 0.023333333333333334 0.1543026706231454
0 0.8783333333333333 0.5474777448071216 0.02 0.13353115727002968
0 0.8958333333333334 0.5563798219584569 0.015 0.12166172106824925
0 0.7258333333333333 0.06083086053412463 0.03166666666666667 0.11572700296735905
0 0.5616666666666666 0.06231454005934718 0.07 0.11869436201780416
0 0.7541666666666667 0.06379821958456973 0.025 0.12166172106824925
0 0.8891666666666667 0.6973293768545994 0.018333333333333333 0.1632047477744807
0 0.8691666666666666 0.7032640949554896 0.021666666666666667 0.17210682492581603
0 0.8475 0.7091988130563798 0.023333333333333334 0.18397626112759644
0 0.8225 0.7106824925816023 0.021666666666666667 0.19287833827893175
0 0.7975 0.7210682492581603 0.025 0.20771513353115728
0 0.7658333333333334 0.7299703264094956 0.041666666666666664 0.2314540059347181
0 0.7191666666666666 0.7314540059347181 0.055 0.2403560830860534
0 0.6708333333333333 0.7373887240356083 0.03833333333333333 0.27299703264094954
0 0.6175 0.744807121661721 0.06166666666666667 0.3086053412462908
0 0.14416666666666667 0.744807121661721 0.16833333333333333 0.5044510385756676
0 0.5466666666666666 0.7522255192878339 0.07 0.35311572700296734
0 0.3125 0.7611275964391692 0.16833333333333333 0.4658753709198813
0 0.455 0.7685459940652819 0.11666666666666667 0.42729970326409494
0 0.7833333333333333 0.08456973293768547 0.04 0.1632047477744807
0 0.9147166666666667 0.9323442136498516 0.03511666666666656 0.12614243323442134
0 0.6275 0.09643916913946587 0.06166666666666667 0.18694362017804153
0 0.8876 0.9540059347181009 0.025166666666666514 0.08673590504451044
0 0.8593666666666667 0.9641839762611276 0.026283333333333304 0.07160237388724035
0 0.8158333333333333 0.11572700296735905 0.028333333333333332 0.16023738872403562
0 0.6833333333333333 0.12759643916913946 0.06 0.22551928783382788
0 0.84 0.1572700296735905 0.015 0.12462908011869436
0 0.8525 0.18991097922848665 0.013333333333333334 0.09792284866468842
0 0.7291666666666666 0.1943620178041543 0.03833333333333333 0.14540059347181009
0 0.76 0.21364985163204747 0.023333333333333334 0.1661721068249258
0 0.8673833333333333 0.22370919881305637 0.02 0.11451038575667657
0 0.14833333333333334 0.24777448071216618 0.15666666666666668 0.4896142433234421
0 0.7933333333333333 0.2522255192878338 0.04 0.1661721068249258
0 0.3125 0.28486646884273 0.165 0.47477744807121663
0 0.8266666666666667 0.28635014836795253 0.02666666666666667 0.16913946587537093