0 0.11 0.22777777777777777 0.16333333333333333 0.31777777777777777
0 0.1 0.5311111111111111 0.15666666666666668 0.3111111111111111
0 0.09583333333333334 0.8433333333333334 0.16833333333333333 0.3088888888888889
0 0.26166666666666666 0.8422222222222222 0.17666666666666667 0.3111111111111111
0 0.265 0.5322222222222223 0.16666666666666666 0.3
0 0.2733333333333333 0.23222222222222222 0.15666666666666668 0.3088888888888889
0 0.4375 0.23333333333333334 0.15166666666666667 0.29777777777777775
0 0.43333333333333335 0.5355555555555556 0.15 0.29777777777777775
0 0.42916666666666664 0.8411111111111111 0.155 0.30444444444444446
0 0.5983333333333334 0.8366666666666667 0.15333333333333332 0.31777777777777777
0 0.5933333333333334 0.5344444444444445 0.14666666666666667 0.2866666666666667
0 0.5891666666666666 0.24 0.145 0.29777777777777775
0 0.7508333333333334 0.24333333333333335 0.15166666666666667 0.2866666666666667
0 0.7491666666666666 0.5388888888888889 0.155 0.2822222222222222
0 0.7608333333333334 0.83 0.155 0.3
0 0.905 0.24888888888888888 0.15666666666666668 0.28888888888888886
0 0.9083333333333333 0.5366666666666666 0.15333333333333332 0.2866666666666667
0 0.9175 0.8311111111111111 0.16166666666666665 0.28888888888888886