0 0.9008333333333334 0.30444444444444446 0.195 0.41333333333333333
0 0.7166666666666667 0.3377777777777778 0.19 0.3466666666666667
0 0.5491666666666667 0.36777777777777776 0.14166666666666666 0.31333333333333335
0 0.4066666666666667 0.39111111111111113 0.14 0.28888888888888886
0 0.28833333333333333 0.4077777777777778 0.11333333333333333 0.26
0 0.1875 0.4255555555555556 0.085 0.24222222222222223
0 0.10333333333333333 0.44 0.08333333333333333 0.2222222222222222
0 0.085 0.6655555555555556 0.07666666666666666 0.23333333333333334
0 0.38166666666666665 0.06666666666666667 0.12 0.1288888888888889
0 0.17583333333333334 0.6711111111111111 0.09833333333333333 0.2577777777777778
0 0.2825 0.6777777777777778 0.11833333333333333 0.27111111111111114
0 0.4083333333333333 0.68 0.13666666666666666 0.3022222222222222
0 0.5483333333333333 0.6922222222222222 0.14666666666666667 0.32222222222222224
0 0.7208333333333333 0.7088888888888889 0.195 0.38222222222222224
0 0.9008333333333334 0.7177777777777777 0.195 0.4222222222222222
0 0.2708333333333333 0.08333333333333333 0.09166666666666666 0.1622222222222222
0 0.17583333333333334 0.10666666666666667 0.085 0.18222222222222223
0 0.09416666666666666 0.12666666666666668 0.09 0.19111111111111112