0 0.37638333333333335 0.022577777777777776 0.0738166666666667 0.04515555555555555
0 0.2941666666666667 0.02666666666666667 0.08333333333333333 0.051111111111111114
0 0.21083333333333334 0.027777777777777776 0.08166666666666667 0.04888888888888889
0 0.1275 0.027777777777777776 0.07666666666666666 0.051111111111111114
0 0.9733333333333334 0.3333333333333333 0.05 0.18222222222222223
0 0.8258333333333333 0.34 0.10166666666666667 0.17777777777777778
0 0.7108333333333333 0.3511111111111111 0.10166666666666667 0.18222222222222223
0 0.6116666666666667 0.35888888888888887 0.09 0.17555555555555555
0 0.5016666666666667 0.36666666666666664 0.09333333333333334 0.17777777777777778
0 0.2952666666666667 0.3668666666666667 0.09130000000000005 0.1632666666666666
0 0.20661666666666667 0.3724888888888889 0.08006666666666667 0.16702222222222216
0 0.11585000000000001 0.37344444444444447 0.08151666666666667 0.1688888888888889
0 0.97 0.5266666666666666 0.056666666666666664 0.19111111111111112
0 0.7133333333333334 0.53 0.1 0.18
0 0.8316666666666667 0.5322222222222223 0.09666666666666666 0.19333333333333333
0 0.28331666666666666 0.5376444444444445 0.0899 0.17826666666666674
0 0.6066666666666667 0.5377777777777778 0.10333333333333333 0.18222222222222223
0 0.3883333333333333 0.5388888888888889 0.09 0.18444444444444444
0 0.19536666666666666 0.5414 0.08008333333333335 0.16326666666666673
0 0.49333333333333335 0.5422222222222223 0.09 0.17777777777777778
0 0.1039 0.5442 0.08011666666666666 0.1576222222222223
0 0.09615 0.7065333333333333 0.08433333333333333 0.17077777777777783
0 0.9625 0.07333333333333333 0.07166666666666667 0.14222222222222222
0 0.19113333333333335 0.7130888888888889 0.08290000000000002 0.16513333333333322
0 0.38083333333333336 0.7155555555555555 0.08833333333333333 0.16666666666666666
0 0.71 0.7155555555555555 0.1 0.18888888888888888
0 0.6025 0.7166666666666667 0.09166666666666666 0.18
0 0.2769833333333333 0.7177777777777777 0.09129999999999995 0.16326666666666673
0 0.4891666666666667 0.7177777777777777 0.09833333333333333 0.17333333333333334
0 0.9708333333333333 0.72 0.055 0.19555555555555557
0 0.8316666666666667 0.7211111111111111 0.09666666666666666 0.18444444444444444
0 0.8383333333333334 0.07555555555555556 0.10333333333333333 0.14666666666666667
0 0.7341666666666666 0.08 0.08833333333333333 0.14666666666666667
0 0.6375 0.08888888888888889 0.08833333333333333 0.16
0 0.25361666666666666 0.9473777777777778 0.11196666666666667 0.10522222222222227
0 0.36583333333333334 0.9466666666666667 0.10166666666666667 0.10222222222222223
0 0.495 0.97 0.08 0.05555555555555555
0 0.5725 0.9755555555555555 0.07833333333333334 0.044444444444444446
0 0.545 0.10333333333333333 0.08666666666666667 0.15333333333333332
0 0.4575 0.1111111111111111 0.08166666666666667 0.14222222222222222
0 0.37333333333333335 0.11777777777777777 0.07666666666666666 0.1511111111111111
0 0.28833333333333333 0.12555555555555556 0.08333333333333333 0.14444444444444443
0 0.205 0.13 0.08 0.14888888888888888
0 0.12 0.13333333333333333 0.08333333333333333 0.15555555555555556