0 0.9641666666666666 0.32222222222222224 0.06833333333333333 0.19111111111111112
0 0.8758333333333334 0.32666666666666666 0.11833333333333333 0.20444444444444446
0 0.7508333333333334 0.33666666666666667 0.115 0.19777777777777777
0 0.6366666666666667 0.3422222222222222 0.10666666666666667 0.19555555555555557
0 0.4775 0.34444444444444444 0.12166666666666667 0.18222222222222223
0 0.35083333333333333 0.3566666666666667 0.115 0.18888888888888888
0 0.23166666666666666 0.35888888888888887 0.11 0.19777777777777777
0 0.09833333333333333 0.36444444444444446 0.11 0.19555555555555557
0 0.9753666666666667 0.5277777777777778 0.049249999999999926 0.2111111111111111
0 0.8875 0.5288888888888889 0.13166666666666665 0.20444444444444446
0 0.7608333333333334 0.5322222222222223 0.12166666666666667 0.2111111111111111
0 0.47583333333333333 0.5411111111111111 0.115 0.20666666666666667
0 0.6433333333333333 0.5422222222222223 0.10666666666666667 0.20444444444444446
0 0.3383333333333333 0.5477777777777778 0.12333333333333334 0.19333333333333333
0 0.21416666666666667 0.5544444444444444 0.105 0.19333333333333333
0 0.085 0.56 0.12333333333333334 0.20444444444444446
0 0.9558333333333333 0.06555555555555556 0.085 0.12666666666666668
0 0.8541666666666666 0.06666666666666667 0.10833333333333334 0.1288888888888889
0 0.7441666666666666 0.06777777777777778 0.11166666666666666 0.13111111111111112
0 0.6358333333333334 0.07111111111111111 0.095 0.13777777777777778
0 0.4925 0.07222222222222222 0.09833333333333333 0.14
0 0.9 0.7422222222222222 0.14333333333333334 0.2222222222222222
0 0.7675 0.7455555555555555 0.135 0.22
0 0.6408333333333334 0.75 0.11833333333333333 0.2111111111111111
0 0.4725 0.7511111111111111 0.11833333333333333 0.20444444444444446
0 0.19916666666666666 0.7544444444444445 0.11833333333333333 0.19777777777777777
0 0.33166666666666667 0.7566666666666667 0.11333333333333333 0.20222222222222222
0 0.0625 0.7622222222222222 0.115 0.20444444444444446
0 0.385 0.07777777777777778 0.10333333333333333 0.14666666666666667
0 0.275 0.08222222222222222 0.09333333333333334 0.1511111111111111
0 0.17 0.09 0.09666666666666666 0.15333333333333332
0 0.07333333333333333 0.09222222222222222 0.09333333333333334 0.14888888888888888