0 0.16916666666666666 0.22700296735905046 0.12166666666666667 0.44807121661721067
0 0.16416666666666666 0.7270029673590505 0.125 0.5400593471810089
0 0.3275 0.7433234421364985 0.20166666666666666 0.5074183976261127
0 0.33416666666666667 0.24629080118694363 0.185 0.486646884272997
0 0.5016666666666667 0.28041543026706234 0.14666666666666667 0.4540059347181009
0 0.5025 0.7344213649851632 0.14833333333333334 0.4599406528189911
0 0.6275 0.32344213649851633 0.115 0.3857566765578635
0 0.6341666666666667 0.7166172106824926 0.115 0.40059347181008903
0 0.735 0.3620178041543027 0.09666666666666666 0.35014836795252224
0 0.7475 0.7106824925816023 0.115 0.3768545994065282
0 0.8333333333333334 0.7077151335311572 0.07 0.3353115727002967
0 0.8191666666666667 0.3887240356083086 0.06833333333333333 0.3086053412462908
0 0.8775 0.4198813056379822 0.04833333333333333 0.2818991097922849
0 0.8883333333333333 0.7062314540059347 0.043333333333333335 0.29080118694362017
0 0.9408333333333333 0.4495548961424332 0.07833333333333334 0.2344213649851632
0 0.9483333333333334 0.6899109792284867 0.08 0.2522255192878338
0 0.8675 0.06676557863501484 0.08166666666666667 0.12759643916913946
0 0.9333333333333333 0.09050445103857567 0.05333333333333334 0.17507418397626112
0 0.975 0.09940652818991098 0.02666666666666667 0.1572700296735905