0 0.5141 0.2611111111111111 0.08084999999999999 0.08333333333333333
0 0.8016666666666666 0.3188888888888889 0.11333333333333333 0.20222222222222222
0 0.9258333333333333 0.32 0.11833333333333333 0.20444444444444446
0 0.060833333333333336 0.41 0.11833333333333333 0.23777777777777778
0 0.17833333333333334 0.41555555555555557 0.12666666666666668 0.2311111111111111
0 0.41583333333333333 0.41888888888888887 0.115 0.24222222222222223
0 0.2941666666666667 0.42444444444444446 0.12166666666666667 0.22666666666666666
0 0.5358333333333334 0.4266666666666667 0.12166666666666667 0.24444444444444444
0 0.6691666666666667 0.4311111111111111 0.125 0.25333333333333335
0 0.9025 0.5177777777777778 0.10833333333333334 0.2
0 0.79 0.5188888888888888 0.11 0.19333333333333333
0 0.18833333333333332 0.6322222222222222 0.12 0.20666666666666667
0 0.07416666666666667 0.6344444444444445 0.11833333333333333 0.19777777777777777
0 0.30583333333333335 0.6422222222222222 0.125 0.20444444444444446
0 0.4166666666666667 0.6466666666666666 0.11666666666666667 0.21777777777777776
0 0.5316666666666666 0.6588888888888889 0.12333333333333334 0.21555555555555556
0 0.6616666666666666 0.6655555555555556 0.12666666666666668 0.22444444444444445
0 0.8908333333333334 0.6966666666666667 0.10833333333333334 0.18
0 0.7775 0.7033333333333334 0.10833333333333334 0.18888888888888888
0 0.7838333333333334 0.07777777777777778 0.12866666666666673 0.15555555555555556
0 0.2547666666666667 0.08055555555555556 0.09969999999999998 0.16111111111111112
0 0.9212 0.08055555555555556 0.15758333333333327 0.16111111111111112
0 0.6421833333333333 0.08195555555555555 0.14121666666666668 0.1638888888888889
0 0.12978333333333333 0.08333333333333333 0.14556666666666668 0.16666666666666666
0 0.03465 0.08611111111111111 0.06928333333333335 0.17222222222222222
0 0.3787 0.08611111111111111 0.1350666666666667 0.17222222222222222
0 0.5140833333333333 0.08611111111111111 0.13501666666666665 0.17222222222222222