0 0.12333333333333334 0.18416666666666667 0.24444444444444444 0.30333333333333334
0 0.37333333333333335 0.19916666666666666 0.2311111111111111 0.2966666666666667
0 0.6255555555555555 0.2025 0.2288888888888889 0.295
0 0.8533333333333334 0.20916666666666667 0.21555555555555556 0.27666666666666667
0 0.8388888888888889 0.4716666666666667 0.22444444444444445 0.25166666666666665
0 0.6088888888888889 0.4725 0.22 0.24666666666666667
0 0.1322222222222222 0.47333333333333333 0.25333333333333335 0.27166666666666667
0 0.37666666666666665 0.47833333333333333 0.22444444444444445 0.26
0 0.9711111111111111 0.7008333333333333 0.05333333333333334 0.205
0 0.8288888888888889 0.715 0.20444444444444446 0.23166666666666666
0 0.6122222222222222 0.7183333333333334 0.21777777777777776 0.24666666666666667
0 0.3788888888888889 0.7283333333333334 0.2311111111111111 0.23833333333333334
0 0.13555555555555557 0.7383333333333333 0.24444444444444444 0.24166666666666667
0 0.9633333333333334 0.9058333333333334 0.06888888888888889 0.185
0 0.8211111111111111 0.915 0.18888888888888888 0.165
0 0.6088888888888889 0.9208333333333333 0.20444444444444446 0.15
0 0.37666666666666665 0.9216666666666666 0.2111111111111111 0.15
0 0.14666666666666667 0.9291666666666667 0.22666666666666666 0.13166666666666665