0 0.7875 0.23444444444444446 0.13666666666666666 0.25555555555555554
0 0.8933333333333333 0.23666666666666666 0.07833333333333334 0.2288888888888889
0 0.6716666666666666 0.2722222222222222 0.09666666666666666 0.23333333333333334
0 0.585 0.30444444444444446 0.07166666666666667 0.21333333333333335
0 0.52 0.3333333333333333 0.06 0.18666666666666668
0 0.45666666666666667 0.35555555555555557 0.06166666666666667 0.17777777777777778
0 0.4041666666666667 0.37 0.045 0.15777777777777777
0 0.3641666666666667 0.3811111111111111 0.03833333333333333 0.15333333333333332
0 0.325 0.3988888888888889 0.04 0.14444444444444443
0 0.2875 0.41 0.03 0.1288888888888889
0 0.2608333333333333 0.41888888888888887 0.023333333333333334 0.12666666666666668
0 0.23666666666666666 0.4266666666666667 0.03 0.11333333333333333
0 0.21083333333333334 0.43222222222222223 0.028333333333333332 0.10888888888888888
0 0.1875 0.44555555555555554 0.023333333333333334 0.10888888888888888
0 0.16666666666666666 0.45222222222222225 0.023333333333333334 0.10888888888888888
0 0.1475 0.4588888888888889 0.018333333333333333 0.10444444444444445
0 0.13166666666666665 0.46 0.013333333333333334 0.09777777777777778
0 0.11583333333333333 0.4688888888888889 0.018333333333333333 0.09333333333333334
0 0.09916666666666667 0.4722222222222222 0.018333333333333333 0.08666666666666667
0 0.9083333333333333 0.5922222222222222 0.07166666666666667 0.24
0 0.12833333333333333 0.6022222222222222 0.015 0.08444444444444445
0 0.14416666666666667 0.6033333333333334 0.013333333333333334 0.09333333333333334
0 0.20083333333333334 0.6044444444444445 0.021666666666666667 0.10222222222222223
0 0.2758333333333333 0.6044444444444445 0.041666666666666664 0.1288888888888889
0 0.3441666666666667 0.6044444444444445 0.03833333333333333 0.13777777777777778
0 0.18083333333333335 0.6066666666666667 0.018333333333333333 0.10222222222222223
0 0.22416666666666665 0.6066666666666667 0.023333333333333334 0.1111111111111111
0 0.16 0.6066666666666667 0.016666666666666666 0.10222222222222223
0 0.31083333333333335 0.6077777777777778 0.03333333333333333 0.13111111111111112
0 0.24666666666666667 0.61 0.021666666666666667 0.11777777777777777
0 0.38166666666666665 0.6111111111111112 0.041666666666666664 0.14444444444444443
0 0.4266666666666667 0.6122222222222222 0.04833333333333333 0.15777777777777777
0 0.47833333333333333 0.6122222222222222 0.055 0.16
0 0.5316666666666666 0.6144444444444445 0.056666666666666664 0.18444444444444444
0 0.6891666666666667 0.6166666666666667 0.095 0.22444444444444445
0 0.6 0.6211111111111111 0.08166666666666667 0.20222222222222222
0 0.8083333333333333 0.6266666666666667 0.14 0.25333333333333335
0 0.12416666666666666 0.6855555555555556 0.011666666666666667 0.07111111111111111
0 0.13916666666666666 0.6888888888888889 0.013333333333333334 0.07333333333333333
0 0.17333333333333334 0.6988888888888889 0.02 0.08222222222222222
0 0.15416666666666667 0.7 0.016666666666666666 0.08
0 0.1925 0.7055555555555556 0.021666666666666667 0.08666666666666667
0 0.2125 0.71 0.016666666666666666 0.1
0 0.23166666666666666 0.7155555555555555 0.021666666666666667 0.10222222222222223
0 0.25666666666666665 0.7244444444444444 0.02666666666666667 0.1111111111111111
0 0.2866666666666667 0.7266666666666667 0.035 0.11555555555555555
0 0.32 0.7333333333333333 0.03166666666666667 0.12444444444444444
0 0.3525 0.7477777777777778 0.03666666666666667 0.13555555555555557
0 0.39166666666666666 0.7566666666666667 0.041666666666666664 0.14
0 0.43666666666666665 0.7733333333333333 0.05 0.15333333333333332
0 0.4866666666666667 0.7855555555555556 0.056666666666666664 0.1711111111111111
0 0.135 0.7977777777777778 0.016666666666666666 0.07111111111111111
0 0.11633333333333333 0.7983555555555555 0.023150000000000014 0.07315555555555546
0 0.545 0.8033333333333333 0.06166666666666667 0.18666666666666668
0 0.1525 0.81 0.015 0.07777777777777778
0 0.16833333333333333 0.8166666666666667 0.013333333333333334 0.07555555555555556
0 0.62 0.8233333333333334 0.08333333333333333 0.20666666666666667
0 0.18666666666666668 0.8266666666666667 0.02 0.07777777777777778
0 0.93 0.8333333333333334 0.08166666666666667 0.23555555555555555
0 0.20583333333333334 0.84 0.018333333333333333 0.09111111111111111
0 0.22333333333333333 0.8477777777777777 0.016666666666666666 0.09555555555555556
0 0.7091666666666666 0.8488888888888889 0.09666666666666666 0.22666666666666666
0 0.24666666666666667 0.8644444444444445 0.025 0.1111111111111111
0 0.12093333333333334 0.8730888888888888 0.02175000000000002 0.07177777777777768
0 0.8233333333333334 0.8755555555555555 0.12833333333333333 0.24444444444444444
0 0.14416666666666667 0.88 0.021666666666666667 0.08
0 0.275 0.8844444444444445 0.03 0.11555555555555555
0 0.16333333333333333 0.8966666666666666 0.013333333333333334 0.08222222222222222
0 0.30916666666666665 0.9011111111111111 0.03833333333333333 0.12666666666666668
0 0.17916666666666667 0.9055555555555556 0.018333333333333333 0.07777777777777778
0 0.3416666666666667 0.9211111111111111 0.03166666666666667 0.12666666666666668
0 0.19583333333333333 0.9233333333333333 0.015 0.07777777777777778
0 0.21833333333333332 0.9333333333333333 0.023333333333333334 0.09777777777777778
0 0.37333333333333335 0.9344444444444444 0.03333333333333333 0.12666666666666668
0 0.41583333333333333 0.9466666666666667 0.051666666666666666 0.10222222222222223
0 0.23583333333333334 0.9566666666666667 0.015 0.07777777777777778
0 0.25666666666666665 0.9577777777777777 0.02666666666666667 0.08
0 0.4675 0.9577777777777777 0.058333333333333334 0.08
0 0.5179666666666666 0.9668222222222222 0.05146666666666666 0.06633333333333338