0 0.056666666666666664 0.44916666666666666 0.10444444444444445 0.18333333333333332
0 0.05444444444444444 0.6325 0.10444444444444445 0.18333333333333332
0 0.04777777777777778 0.8158333333333333 0.09555555555555556 0.18333333333333332
0 0.18888888888888888 0.6458333333333334 0.16 0.18166666666666667
0 0.17888888888888888 0.825 0.16444444444444445 0.17833333333333334
0 0.34444444444444444 0.8316666666666667 0.15555555555555556 0.18333333333333332
0 0.34444444444444444 0.6591666666666667 0.15333333333333332 0.15666666666666668
0 0.34444444444444444 0.49833333333333335 0.16 0.165
0 0.4988888888888889 0.665 0.14444444444444443 0.17333333333333334
0 0.5011111111111111 0.8408333333333333 0.15555555555555556 0.17166666666666666
0 0.6555555555555556 0.8475 0.13777777777777778 0.17833333333333334
0 0.7611111111111111 0.5441666666666667 0.1511111111111111 0.14833333333333334
0 0.7622222222222222 0.6991666666666667 0.16666666666666666 0.155
0 0.7911111111111111 0.8575 0.13777777777777778 0.16166666666666665
0 0.9088888888888889 0.7041666666666667 0.12222222222222222 0.145
0 0.9166666666666666 0.8591666666666666 0.12222222222222222 0.16666666666666666
0 0.49777777777777776 0.495 0.14222222222222222 0.16166666666666665