0 0.058888888888888886 0.2925 0.10888888888888888 0.12
0 0.057777777777777775 0.4125 0.10666666666666667 0.12166666666666667
0 0.16777777777777778 0.535 0.12222222222222222 0.13166666666666665
0 0.04888888888888889 0.5333333333333333 0.09555555555555556 0.12833333333333333
0 0.16555555555555557 0.6708333333333333 0.1288888888888889 0.13333333333333333
0 0.04888888888888889 0.6683333333333333 0.09777777777777778 0.14166666666666666
0 0.15666666666666668 0.8125 0.13333333333333333 0.14166666666666666
0 0.044444444444444446 0.8125 0.08222222222222222 0.14833333333333334
0 0.3022222222222222 0.32 0.12 0.115
0 0.29888888888888887 0.43416666666666665 0.11555555555555555 0.11166666666666666
0 0.3022222222222222 0.5558333333333333 0.12 0.12333333333333334
0 0.29777777777777775 0.6816666666666666 0.13111111111111112 0.13166666666666665
0 0.29555555555555557 0.82 0.13777777777777778 0.14333333333333334
0 0.44222222222222224 0.9166666666666666 0.1511111111111111 0.11666666666666667
0 0.44 0.78 0.14888888888888888 0.15
0 0.43666666666666665 0.66 0.13777777777777778 0.09
0 0.43555555555555553 0.5508333333333333 0.13111111111111112 0.12333333333333334
0 0.43222222222222223 0.4325 0.12 0.11333333333333333
0 0.43222222222222223 0.32083333333333336 0.12 0.10666666666666667
0 0.5544444444444444 0.31666666666666665 0.11777777777777777 0.10833333333333334
0 0.5566666666666666 0.43166666666666664 0.12 0.12
0 0.59 0.59 0.15333333333333332 0.145
0 0.5988888888888889 0.7408333333333333 0.15555555555555556 0.145
0 0.6077777777777778 0.8966666666666666 0.16444444444444445 0.15833333333333333
0 0.6777777777777778 0.3175 0.12444444444444444 0.1
0 0.8 0.32 0.1111111111111111 0.10666666666666667
0 0.8088888888888889 0.43333333333333335 0.12 0.115
0 0.6844444444444444 0.42916666666666664 0.12666666666666668 0.12
0 0.7433333333333333 0.5908333333333333 0.14444444444444443 0.14166666666666666
0 0.8955555555555555 0.5891666666666666 0.15333333333333332 0.14166666666666666
0 0.9066666666666666 0.7383333333333333 0.16666666666666666 0.15
0 0.9222222222222223 0.8966666666666666 0.1511111111111111 0.15833333333333333
0 0.7522222222222222 0.7383333333333333 0.14444444444444443 0.15
0 0.7644444444444445 0.8966666666666666 0.15333333333333332 0.16166666666666665
0 0.92 0.31916666666666665 0.12 0.10666666666666667
0 0.9333333333333333 0.4066666666666667 0.13111111111111112 0.06833333333333333
0 0.9533333333333334 0.5008333333333334 0.08888888888888889 0.12166666666666667
0 0.03888888888888889 0.935 0.07333333333333333 0.09333333333333334
0 0.14555555555555555 0.9316666666666666 0.14222222222222222 0.095
0 0.29333333333333333 0.9358333333333333 0.14444444444444443 0.085