0 0.6058333333333333 0.3353115727002967 0.02666666666666667 0.19584569732937684
0 0.44044999999999995 0.36234421364985164 0.02705000000000003 0.0900890207715133
0 0.485 0.4421364985163205 0.07333333333333333 0.22551928783382788
0 0.5408333333333334 0.46439169139465875 0.03166666666666667 0.20474777448071216
0 0.5691666666666667 0.4970326409495549 0.023333333333333334 0.18100890207715134
0 0.26666666666666666 0.5 0.07333333333333333 0.37091988130563797
0 0.59 0.5074183976261127 0.023333333333333334 0.18397626112759644
0 0.6116666666666667 0.5237388724035609 0.013333333333333334 0.18694362017804153
0 0.34833333333333333 0.5385756676557863 0.09166666666666666 0.3353115727002967
0 0.6291666666666667 0.5519287833827893 0.018333333333333333 0.13056379821958458
0 0.4325 0.6083086053412463 0.08333333333333333 0.2789317507418398
0 0.4925 0.6706231454005934 0.041666666666666664 0.21364985163204747
0 0.5258333333333334 0.6780415430267063 0.021666666666666667 0.2166172106824926
0 0.5541666666666667 0.6869436201780416 0.025 0.18991097922848665
0 0.5791666666666667 0.6958456973293768 0.021666666666666667 0.18100890207715134
0 0.6 0.7077151335311572 0.015 0.16913946587537093
0 0.615 0.7106824925816023 0.016666666666666666 0.17507418397626112
0 0.30666666666666664 0.8531157270029673 0.13 0.2878338278931751
0 0.415 0.8724035608308606 0.09 0.2433234421364985
0 0.5825 0.8857566765578635 0.021666666666666667 0.18694362017804153
0 0.605 0.8857566765578635 0.023333333333333334 0.17507418397626112
0 0.4866666666666667 0.8916913946587537 0.051666666666666666 0.20474777448071216
0 0.5308333333333334 0.8931750741839762 0.035 0.20771513353115728
0 0.5608333333333333 0.8961424332344213 0.028333333333333332 0.20178041543026706
0 0.2975 0.1543026706231454 0.06833333333333333 0.3026706231454006
0 0.37583333333333335 0.1943620178041543 0.09 0.36795252225519287
0 0.49916666666666665 0.22551928783382788 0.075 0.2195845697329377
0 0.5525 0.24925816023738873 0.028333333333333332 0.21364985163204747
0 0.4457333333333333 0.2749554896142433 0.02555000000000007 0.07931750741839759
0 0.58 0.29080118694362017 0.03 0.20178041543026706