0 0.17333333333333334 0.2922848664688427 0.1 0.22255192878338279
0 0.18916666666666668 0.49554896142433236 0.08166666666666667 0.18100890207715134
0 0.19666666666666666 0.6691394658753709 0.07333333333333333 0.1572700296735905
0 0.20333333333333334 0.8427299703264095 0.08 0.18397626112759644
0 0.24166666666666667 0.24629080118694363 0.03333333333333333 0.19584569732937684
0 0.24333333333333335 0.43768545994065283 0.03 0.17804154302670624
0 0.25083333333333335 0.6097922848664689 0.028333333333333332 0.16913946587537093
0 0.2825 0.22700296735905046 0.04666666666666667 0.18694362017804153
0 0.2808333333333333 0.4065281899109792 0.045 0.17804154302670624
0 0.2841666666666667 0.5578635014836796 0.045 0.142433234421365
0 0.3416666666666667 0.39020771513353114 0.06666666666666667 0.19287833827893175
0 0.3416666666666667 0.543026706231454 0.06666666666666667 0.10682492581602374
0 0.4116666666666667 0.24183976261127596 0.07 0.19881305637982197
0 0.4116666666666667 0.42136498516320475 0.07333333333333333 0.1661721068249258
0 0.4116666666666667 0.5504451038575667 0.06333333333333334 0.09792284866468842
0 0.4816666666666667 0.2507418397626113 0.06666666666666667 0.19287833827893175
0 0.48083333333333333 0.42729970326409494 0.065 0.17804154302670624
0 0.4766666666666667 0.5578635014836796 0.06666666666666667 0.0830860534124629
0 0.545 0.586053412462908 0.06333333333333334 0.1632047477744807
0 0.6266666666666667 0.26706231454005935 0.07 0.18991097922848665
0 0.6166666666666667 0.44510385756676557 0.07 0.17804154302670624
0 0.6125 0.6142433234421365 0.06833333333333333 0.16023738872403562
0 0.7033333333333334 0.271513353115727 0.07666666666666666 0.18100890207715134
0 0.6908333333333333 0.45252225519287836 0.07166666666666667 0.18100890207715134
0 0.6808333333333333 0.6186943620178041 0.075 0.14540059347181009
0 0.6858333333333333 0.744807121661721 0.045 0.10089020771513353
0 0.78 0.3189910979228487 0.07333333333333333 0.17507418397626112
0 0.7641666666666667 0.48813056379821956 0.07 0.1572700296735905
0 0.7516666666666667 0.6335311572700296 0.07333333333333333 0.1394658753709199
0 0.7408333333333333 0.7581602373887241 0.06166666666666667 0.11572700296735905
0 0.8558333333333333 0.3219584569732938 0.075 0.18100890207715134