0 0.6261666666666666 0.3314836795252225 0.015066666666666607 0.051275964391691395
0 0.6673333333333333 0.34002967359050446 0.02161666666666671 0.050385756676557834
0 0.6915833333333333 0.3422848664688427 0.0236166666666666 0.04228486646884273
0 0.7140666666666666 0.34590504451038573 0.019066666666666756 0.03507418397626111
0 0.2825 0.34718100890207715 0.025 0.05341246290801187
0 0.30666666666666664 0.34718100890207715 0.023333333333333334 0.05341246290801187
0 0.33166666666666667 0.35014836795252224 0.023333333333333334 0.05341246290801187
0 0.3575 0.3545994065281899 0.021666666666666667 0.05637982195845697
0 0.3825 0.3560830860534125 0.025 0.05341246290801187
0 0.4091666666666667 0.3590504451038576 0.025 0.05341246290801187
0 0.4325 0.3620178041543027 0.021666666666666667 0.05341246290801187
0 0.46416666666666667 0.3649851632047478 0.021666666666666667 0.05341246290801187
0 0.48833333333333334 0.3664688427299703 0.02 0.05637982195845697
0 0.5116666666666667 0.3694362017804154 0.02 0.050445103857566766
0 0.5333333333333333 0.3724035608308605 0.02 0.050445103857566766
0 0.5566666666666666 0.37388724035608306 0.02 0.05341246290801187
0 0.5783333333333334 0.3768545994065282 0.02 0.04747774480712166
0 0.6478833333333334 0.38053412462908015 0.02009999999999991 0.05216617210682488
0 0.6008333333333333 0.38130563798219586 0.018333333333333333 0.050445103857566766
0 0.6289333333333333 0.38142433234421363 0.018599999999999946 0.050385756676557876
0 0.2791666666666667 0.4317507418397626 0.025 0.06231454005934718
0 0.305 0.4332344213649852 0.023333333333333334 0.06528189910979229
0 0.32916666666666666 0.43471810089020774 0.025 0.05637982195845697
0 0.35333333333333333 0.4362017804154303 0.023333333333333334 0.05934718100890208
0 0.4575 0.4406528189910979 0.021666666666666667 0.05637982195845697
0 0.48083333333333333 0.4406528189910979 0.021666666666666667 0.05637982195845697
0 0.505 0.443620178041543 0.023333333333333334 0.05637982195845697
0 0.5275 0.443620178041543 0.025 0.05637982195845697
0 0.42916666666666664 0.4465875370919881 0.025 0.05637982195845697
0 0.5508333333333333 0.44807121661721067 0.021666666666666667 0.05341246290801187
0 0.5733333333333334 0.44807121661721067 0.023333333333333334 0.05341246290801187
0 0.3775 0.4495548961424332 0.021666666666666667 0.03857566765578635
0 0.5983333333333334 0.45103857566765576 0.02666666666666667 0.05341246290801187
0 0.6289333333333333 0.4646290801186944 0.018599999999999946 0.05486646884273
0 0.2775 0.49258160237388726 0.025 0.05934718100890208
0 0.30083333333333334 0.4940652818991098 0.025 0.05637982195845697
0 0.32666666666666666 0.49554896142433236 0.02666666666666667 0.05934718100890208
0 0.3525 0.4970326409495549 0.025 0.05637982195845697
0 0.37666666666666665 0.4970326409495549 0.023333333333333334 0.06231454005934718
0 0.4583333333333333 0.5 0.023333333333333334 0.06231454005934718
0 0.48 0.5 0.02 0.06231454005934718
0 0.4266666666666667 0.5029673590504451 0.03 0.050445103857566766
0 0.5025 0.5029673590504451 0.025 0.06231454005934718
0 0.5283333333333333 0.5044510385756676 0.023333333333333334 0.06528189910979229
0 0.5491666666666667 0.5044510385756676 0.021666666666666667 0.06528189910979229
0 0.5725 0.5059347181008902 0.025 0.06231454005934718
0 0.5983333333333334 0.5089020771513353 0.02666666666666667 0.06231454005934718
0 0.2708333333333333 0.5741839762611276 0.021666666666666667 0.05637982195845697
0 0.29583333333333334 0.5786350148367952 0.025 0.05934718100890208
0 0.37083333333333335 0.5816023738872403 0.025 0.05934718100890208
0 0.3466666666666667 0.5830860534124629 0.023333333333333334 0.05637982195845697
0 0.31916666666666665 0.586053412462908 0.021666666666666667 0.04451038575667656
0 0.4225 0.5875370919881305 0.021666666666666667 0.06528189910979229
0 0.5066666666666667 0.5890207715133531 0.023333333333333334 0.05637982195845697
0 0.4583333333333333 0.5905044510385756 0.023333333333333334 0.05934718100890208
0 0.4816666666666667 0.5905044510385756 0.023333333333333334 0.05341246290801187
0 0.53 0.5905044510385756 0.023333333333333334 0.05341246290801187
0 0.5541666666666667 0.5919881305637982 0.021666666666666667 0.050445103857566766
0 0.3925 0.5949554896142433 0.015 0.05637982195845697
0 0.58 0.5949554896142433 0.023333333333333334 0.05637982195845697
0 0.2683333333333333 0.6350148367952523 0.02 0.06528189910979229
0 0.29333333333333333 0.6379821958456974 0.02666666666666667 0.05934718100890208
0 0.32 0.6409495548961425 0.02666666666666667 0.05934718100890208
0 0.37083333333333335 0.642433234421365 0.025 0.06231454005934718
0 0.345 0.6439169139465876 0.023333333333333334 0.05934718100890208
0 0.4241666666666667 0.6483679525222552 0.028333333333333332 0.05637982195845697
0 0.5058333333333334 0.6483679525222552 0.025 0.06231454005934718
0 0.3925 0.6498516320474778 0.015 0.05341246290801187
0 0.4575 0.6498516320474778 0.025 0.05934718100890208
0 0.4816666666666667 0.6498516320474778 0.023333333333333334 0.05934718100890208
0 0.5308333333333334 0.6513353115727003 0.025 0.06231454005934718
0 0.5541666666666667 0.6513353115727003 0.021666666666666667 0.06231454005934718
0 0.26666666666666666 0.7314540059347181 0.023333333333333334 0.06824925816023739
0 0.32 0.7329376854599406 0.02666666666666667 0.06528189910979229
0 0.2925 0.7344213649851632 0.028333333333333332 0.06231454005934718
0 0.3458333333333333 0.7344213649851632 0.025 0.06824925816023739
0 0.37 0.7344213649851632 0.023333333333333334 0.06824925816023739
0 0.4225 0.7359050445103857 0.025 0.05934718100890208
0 0.39666666666666667 0.7373887240356083 0.02666666666666667 0.06231454005934718
0 0.5183333333333333 0.7373887240356083 0.02 0.06231454005934718
0 0.4508333333333333 0.7388724035608308 0.015 0.05934718100890208
0 0.4708333333333333 0.7388724035608308 0.021666666666666667 0.05934718100890208
0 0.495 0.7388724035608308 0.023333333333333334 0.05934718100890208
0 0.5183333333333333 0.7967359050445104 0.023333333333333334 0.06231454005934718
0 0.29083333333333333 0.798219584569733 0.028333333333333332 0.06528189910979229
0 0.3175 0.798219584569733 0.025 0.06528189910979229
0 0.3441666666666667 0.798219584569733 0.025 0.06528189910979229
0 0.36916666666666664 0.798219584569733 0.025 0.06528189910979229
0 0.4216666666666667 0.798219584569733 0.02666666666666667 0.06528189910979229
0 0.495 0.798219584569733 0.023333333333333334 0.05934718100890208
0 0.26416666666666666 0.7997032640949555 0.025 0.06231454005934718
0 0.395 0.7997032640949555 0.02666666666666667 0.06231454005934718
0 0.4508333333333333 0.7997032640949555 0.015 0.06231454005934718
0 0.4708333333333333 0.7997032640949555 0.025 0.06231454005934718