0 0.37083333333333335 0.3056379821958457 0.028333333333333332 0.0712166172106825
0 0.4008333333333333 0.314540059347181 0.028333333333333332 0.0712166172106825
0 0.4325 0.3219584569732938 0.03166666666666667 0.07418397626112759
0 0.4708333333333333 0.3323442136498516 0.025 0.0712166172106825
0 0.4975 0.33827893175074186 0.025 0.0712166172106825
0 0.6758666666666666 0.3392878338278932 0.023283333333333378 0.054747774480712136
0 0.52215 0.3486350148367952 0.02384999999999991 0.06985163204747773
0 0.6969166666666666 0.34881305637982196 0.01726666666666669 0.054747774480712136
0 0.7163166666666667 0.35596439169139465 0.021266666666666652 0.05474777448071218
0 0.5464666666666667 0.35637982195845697 0.023933333333333355 0.059614243323442104
0 0.24333333333333335 0.38427299703264095 0.02666666666666667 0.08605341246290801
0 0.2758333333333333 0.3916913946587537 0.03166666666666667 0.0830860534124629
0 0.6798666666666667 0.39881305637982195 0.020616666666666675 0.052373887240356055
0 0.30833333333333335 0.4020771513353116 0.03333333333333333 0.08011869436201781
0 0.7002666666666667 0.40477744807121663 0.018599999999999946 0.050000000000000024
0 0.3425 0.4050445103857567 0.03166666666666667 0.08011869436201781
0 0.71965 0.4101186943620178 0.01725000000000004 0.05118694362017804
0 0.42916666666666664 0.43026706231454004 0.035 0.0771513353115727
0 0.47 0.43026706231454004 0.02 0.0712166172106825
0 0.49333333333333335 0.43768545994065283 0.023333333333333334 0.06824925816023739
0 0.52 0.4391691394658754 0.02666666666666667 0.0712166172106825
0 0.5458333333333333 0.443620178041543 0.021666666666666667 0.06824925816023739
0 0.56735 0.4474777448071217 0.019849999999999948 0.07103857566765578
0 0.5896166666666667 0.4539762611275965 0.02183333333333337 0.05801186943620181
0 0.6155499999999999 0.4616913946587537 0.025816666666666682 0.06391691394658759
0 0.2425 0.47032640949554894 0.028333333333333332 0.08011869436201781
0 0.2733333333333333 0.47477744807121663 0.03333333333333333 0.0830860534124629
0 0.30666666666666664 0.4807121661721068 0.03333333333333333 0.0771513353115727
0 0.3408333333333333 0.486646884272997 0.03166666666666667 0.0771513353115727
0 0.6474 0.4897032640949555 0.020649999999999977 0.06379821958456973
0 0.37416666666666665 0.4910979228486647 0.03166666666666667 0.08011869436201781
0 0.6672 0.49192878338278934 0.025033333333333303 0.054836795252225574
0 0.6901333333333333 0.49192878338278934 0.018116666666666673 0.05709198813056383
0 0.7092999999999999 0.49584569732937683 0.02125 0.0626706231454006
0 0.7306833333333334 0.503679525222552 0.021233333333333347 0.06044510385756678
0 0.43 0.5059347181008902 0.03333333333333333 0.06824925816023739
0 0.7514166666666667 0.5070326409495549 0.018716666666666697 0.05373887240356087
0 0.4708333333333333 0.5089020771513353 0.021666666666666667 0.08011869436201781
0 0.7715333333333334 0.5098516320474777 0.0199666666666667 0.052611275964391746
0 0.495 0.5148367952522255 0.023333333333333334 0.08011869436201781
0 0.5225 0.5178041543026706 0.028333333333333332 0.08011869436201781
0 0.5491666666666667 0.5222551928783383 0.025 0.0830860534124629
0 0.7976166666666666 0.5255192878338278 0.026866666666666674 0.059317507418397655
0 0.59 0.5326409495548962 0.02666666666666667 0.07418397626112759
0 0.6175 0.5341246290801187 0.03166666666666667 0.0771513353115727
0 0.6722166666666667 0.5506824925816024 0.02 0.05373887240356087
0 0.6511666666666667 0.5529376854599407 0.019383333333333325 0.0626706231454006
0 0.6939 0.5529376854599407 0.023133333333333325 0.0559643916913947
0 0.7143333333333334 0.5624629080118695 0.02125 0.059317507418397655
0 0.73445 0.5652522255192879 0.01998333333333335 0.05818991097922853
0 0.75645 0.5680415430267063 0.022483333333333348 0.054836795252225574
0 0.77625 0.5719584569732937 0.01681666666666672 0.0559643916913947
0 0.8042166666666666 0.5797922848664688 0.022466666666666697 0.05373887240356087
0 0.8450666666666666 0.5797922848664688 0.0237166666666666 0.0559643916913947
0 0.8253499999999999 0.5800890207715134 0.018233333333333424 0.05281899109792288
0 0.23583333333333334 0.5979228486646885 0.021666666666666667 0.08605341246290801
0 0.2675 0.6038575667655787 0.035 0.08605341246290801
0 0.3025 0.6068249258160238 0.03166666666666667 0.08605341246290801
0 0.33666666666666667 0.612759643916914 0.03333333333333333 0.08605341246290801
0 0.37 0.615727002967359 0.03333333333333333 0.08605341246290801
0 0.43 0.6186943620178041 0.03 0.08011869436201781
0 0.47583333333333333 0.6231454005934718 0.025 0.0771513353115727
0 0.5275 0.6275964391691394 0.028333333333333332 0.07418397626112759
0 0.5 0.629080118694362 0.023333333333333334 0.0712166172106825
0 0.5541666666666667 0.6350148367952523 0.025 0.0712166172106825
0 0.5791666666666667 0.6364985163204748 0.025 0.06824925816023739
0 0.6041666666666666 0.6379821958456974 0.021666666666666667 0.0712166172106825
0 0.6283333333333333 0.642433234421365 0.023333333333333334 0.06824925816023739
0 0.6945333333333333 0.6586943620178041 0.024399999999999977 0.07050445103857564
0 0.6725333333333333 0.6598219584569733 0.023149999999999976 0.06827893175074182
0 0.7171666666666667 0.661513353115727 0.020616666666666675 0.06044510385756678
0 0.7376 0.6637388724035609 0.01998333333333335 0.06492581602373886
0 0.75865 0.668219584569733 0.026899999999999976 0.05818991097922853
0 0.8184833333333333 0.6693768545994065 0.019599999999999985 0.05655786350148369
0 0.7800166666666667 0.6710089020771514 0.02060000000000002 0.054836795252225574
0 0.8364833333333334 0.6712759643916913 0.016066666666666642 0.0578338278931751
0 0.87285 0.6725222551928783 0.019583333333333335 0.0578338278931751
0 0.8544833333333334 0.6744213649851633 0.013933333333333261 0.05655786350148369
0 0.235 0.6899109792284867 0.023333333333333334 0.09198813056379822
0 0.26666666666666666 0.6943620178041543 0.03666666666666667 0.08902077151335312
0 0.3016666666666667 0.6958456973293768 0.03333333333333333 0.08605341246290801
0 0.3358333333333333 0.6988130563798219 0.03166666666666667 0.08011869436201781
0 0.37 0.6988130563798219 0.03333333333333333 0.08011869436201781
0 0.43166666666666664 0.701780415430267 0.03333333333333333 0.08011869436201781
0 0.4766666666666667 0.7032640949554896 0.023333333333333334 0.0830860534124629
0 0.5008333333333334 0.7047477744807121 0.025 0.08011869436201781
0 0.5283333333333333 0.7077151335311572 0.03333333333333333 0.08011869436201781
0 0.5575 0.7106824925816023 0.025 0.07418397626112759
0 0.6066666666666667 0.7106824925816023 0.023333333333333334 0.07418397626112759
0 0.5833333333333334 0.712166172106825 0.02666666666666667 0.0771513353115727
0 0.63 0.7151335311572701 0.02666666666666667 0.0712166172106825
0 0.6756833333333334 0.7241839762611276 0.02189999999999998 0.06044510385756678
0 0.764 0.7253115727002968 0.02626666666666665 0.05148367952522262
0 0.6954833333333333 0.7258753709198813 0.02 0.052611275964391746
0 0.7174833333333334 0.7275370919881305 0.0225 0.05818991097922853
0 0.8417833333333333 0.7278338278931751 0.01535000000000006 0.0578338278931751
0 0.7413666666666666 0.7281008902077152 0.0225 0.059317507418397655
0 0.8227166666666667 0.728486646884273 0.019599999999999985 0.05908011869436209
0 0.7866166666666667 0.7292284866468842 0.018716666666666697 0.059317507418397655
0 0.27166666666666667 0.8249258160237388 0.03666666666666667 0.08902077151335312
0 0.44 0.8249258160237388 0.03333333333333333 0.0830860534124629
0 0.5775 0.8249258160237388 0.025 0.0771513353115727
0 0.6025 0.8249258160237388 0.025 0.0771513353115727
0 0.30833333333333335 0.8264094955489614 0.03333333333333333 0.09198813056379822
0 0.3408333333333333 0.8264094955489614 0.03166666666666667 0.08605341246290801
0 0.37416666666666665 0.8264094955489614 0.035 0.08605341246290801
0 0.4083333333333333 0.8264094955489614 0.03 0.08605341246290801
0 0.4725 0.8264094955489614 0.011666666666666667 0.08011869436201781
0 0.49333333333333335 0.8264094955489614 0.02666666666666667 0.08011869436201781
0 0.5508333333333333 0.8264094955489614 0.028333333333333332 0.07418397626112759
0 0.6308333333333334 0.8264094955489614 0.028333333333333332 0.08011869436201781
0 0.2375 0.827893175074184 0.03166666666666667 0.09495548961424333
0 0.5216666666666666 0.827893175074184 0.03 0.0771513353115727
0 0.04873333333333332 0.8359347181008902 0.04744999999999999 0.12210682492581595
0 0.013333333333333334 0.841246290801187 0.02666666666666667 0.11572700296735905
0 0.5808333333333333 0.9020771513353115 0.025 0.0771513353115727
0 0.6058333333333333 0.9035608308605341 0.025 0.07418397626112759
0 0.6308333333333334 0.9035608308605341 0.028333333333333332 0.07418397626112759
0 0.555 0.9065281899109793 0.03 0.08011869436201781
0 0.5241666666666667 0.9080118694362018 0.03166666666666667 0.0830860534124629
0 0.49333333333333335 0.9094955489614244 0.02666666666666667 0.08605341246290801
0 0.4741666666666667 0.9124629080118695 0.011666666666666667 0.08605341246290801
0 0.4075 0.9154302670623146 0.03166666666666667 0.08605341246290801
0 0.44166666666666665 0.9154302670623146 0.03333333333333333 0.09198813056379822
0 0.3416666666666667 0.9198813056379822 0.03333333333333333 0.09495548961424333
0 0.375 0.9198813056379822 0.03333333333333333 0.09495548961424333
0 0.3075 0.9228486646884273 0.035 0.09495548961424333
0 0.2708333333333333 0.9243323442136498 0.035 0.09792284866468842
0 0.2375 0.9258160237388724 0.03166666666666667 0.10089020771513353
0 0.046 0.9501186943620178 0.05293333333333334 0.09973293768545999
0 0.24583333333333332 0.26706231454005935 0.028333333333333332 0.0771513353115727
0 0.275 0.2744807121661721 0.03 0.07418397626112759
0 0.3075 0.28338278931750743 0.028333333333333332 0.07418397626112759
0 0.33916666666666667 0.29376854599406527 0.03166666666666667 0.0712166172106825