0 0.7416666666666667 0.29821958456973297 0.03666666666666667 0.1394658753709199
0 0.7716666666666666 0.314540059347181 0.023333333333333334 0.13056379821958458
0 0.7941666666666667 0.327893175074184 0.025 0.12166172106824925
0 0.8133333333333334 0.3353115727002967 0.016666666666666666 0.12462908011869436
0 0.45916666666666667 0.3456973293768546 0.06166666666666667 0.21068249258160238
0 0.5116666666666667 0.3486646884272997 0.05 0.21068249258160238
0 0.8354 0.3487833827893175 0.02535000000000006 0.09771513353115725
0 0.5558333333333333 0.35311572700296734 0.045 0.19584569732937684
0 0.8588 0.3562017804154303 0.016283333333333302 0.11053412462908016
0 0.5983333333333334 0.37091988130563797 0.04666666666666667 0.17804154302670624
0 0.8756333333333334 0.3794955489614243 0.018533333333333152 0.1038575667655786
0 0.6383333333333333 0.38427299703264095 0.03333333333333333 0.1632047477744807
0 0.67 0.40059347181008903 0.03 0.16023738872403562
0 0.6966666666666667 0.413946587537092 0.03 0.1513353115727003
0 0.7216666666666667 0.4228486646884273 0.023333333333333334 0.14540059347181009
0 0.7475 0.43768545994065283 0.028333333333333332 0.1394658753709199
0 0.7716666666666666 0.44807121661721067 0.02 0.13056379821958458
0 0.7925 0.45252225519287836 0.021666666666666667 0.12166172106824925
0 0.11166666666666666 0.4540059347181009 0.11333333333333333 0.33827893175074186
0 0.8116666666666666 0.45845697329376855 0.02 0.12166172106824925
0 0.8940166666666666 0.46270029673590507 0.018033333333333228 0.058100890207715084
0 0.8291666666666667 0.4629080118694362 0.015 0.11869436201780416
0 0.8429666666666666 0.4667062314540059 0.010200000000000008 0.11121661721068254
0 0.8603 0.46940652818991097 0.016283333333333302 0.11584569732937691
0 0.21583333333333332 0.4792284866468843 0.115 0.2997032640949555
0 0.3125 0.4807121661721068 0.085 0.28486646884273
0 0.87375 0.4860237388724035 0.014783333333333152 0.10121661721068254
0 0.3883333333333333 0.49554896142433236 0.07666666666666666 0.26112759643916916
0 0.8932666666666668 0.5302373887240356 0.018033333333333228 0.0770029673590504
0 0.5516666666666666 0.5489614243323442 0.043333333333333335 0.19584569732937684
0 0.5075 0.5519287833827893 0.04833333333333333 0.20771513353115728
0 0.45416666666666666 0.5534124629080118 0.058333333333333334 0.21068249258160238
0 0.5958333333333333 0.5548961424332344 0.045 0.18397626112759644
0 0.635 0.5563798219584569 0.03333333333333333 0.17507418397626112
0 0.6658333333333334 0.5593471810089021 0.03166666666666667 0.16913946587537093
0 0.695 0.5652818991097923 0.03 0.1572700296735905
0 0.7216666666666667 0.56973293768546 0.02666666666666667 0.14836795252225518
0 0.7483333333333333 0.5801186943620178 0.02666666666666667 0.1394658753709199
0 0.7716666666666666 0.5801186943620178 0.02 0.13353115727002968
0 0.7933333333333333 0.5801186943620178 0.023333333333333334 0.12759643916913946
0 0.8283333333333334 0.5801186943620178 0.016666666666666666 0.11572700296735905
0 0.8125 0.5830860534124629 0.021666666666666667 0.12166172106824925
0 0.8433333333333334 0.5830860534124629 0.016666666666666666 0.11572700296735905
0 0.8606666666666666 0.5832344213649852 0.014050000000000106 0.11718100890207718
0 0.8963 0.6092878338278932 0.014983333333333348 0.07836795252225527
0 0.8966833333333333 0.6822255192878338 0.015750000000000076 0.07836795252225527
0 0.8599166666666668 0.691780415430267 0.012549999999999955 0.1051928783382789
0 0.8441666666666666 0.6958456973293768 0.018333333333333333 0.10385756676557864
0 0.8291666666666667 0.7002967359050445 0.015 0.11275964391691394
0 0.8133333333333334 0.7062314540059347 0.02 0.11869436201780416
0 0.7916666666666666 0.7077151335311572 0.023333333333333334 0.12759643916913946
0 0.7733333333333333 0.7151335311572701 0.02 0.13056379821958458
0 0.7483333333333333 0.7166172106824926 0.03 0.13353115727002968
0 0.7216666666666667 0.7195845697329377 0.02666666666666667 0.14540059347181009
0 0.6958333333333333 0.7225519287833828 0.028333333333333332 0.1572700296735905
0 0.6641666666666667 0.7270029673590505 0.035 0.1661721068249258
0 0.6316666666666667 0.7344213649851632 0.03 0.17507418397626112
0 0.5933333333333334 0.7418397626112759 0.043333333333333335 0.18397626112759644
0 0.55 0.7492581602373887 0.043333333333333335 0.19287833827893175
0 0.3825 0.7596439169139466 0.08166666666666667 0.26706231454005935
0 0.5033333333333333 0.7596439169139466 0.04666666666666667 0.20178041543026706
0 0.45 0.7670623145400594 0.06333333333333334 0.21068249258160238
0 0.30333333333333334 0.7685459940652819 0.08333333333333333 0.29080118694362017
0 0.39916666666666667 0.0771513353115727 0.075 0.14836795252225518
0 0.21083333333333334 0.7833827893175074 0.115 0.3086053412462908
0 0.10583333333333333 0.798219584569733 0.10166666666666667 0.34421364985163205
0 0.7559 0.9081602373887241 0.03669999999999997 0.10783382789317517
0 0.7223166666666666 0.934272997032641 0.024416666666666628 0.10952522255192869
0 0.6933333333333334 0.9599406528189911 0.03333333333333333 0.07418397626112759
0 0.4625 0.1394658753709199 0.06166666666666667 0.21364985163204747
0 0.515 0.14391691394658754 0.04666666666666667 0.2166172106824926
0 0.12416666666666666 0.15578635014836795 0.11166666666666666 0.3056379821958457
0 0.5591666666666667 0.16468842729970326 0.045 0.20474777448071216
0 0.6008333333333333 0.1884272997032641 0.041666666666666664 0.18694362017804153
0 0.2275 0.19584569732937684 0.11166666666666666 0.32047477744807124
0 0.32083333333333336 0.20919881305637983 0.085 0.29376854599406527
0 0.6383333333333333 0.2166172106824926 0.03333333333333333 0.17210682492581603
0 0.67 0.24183976261127596 0.03333333333333333 0.1572700296735905
0 0.395 0.2433234421364985 0.07666666666666666 0.23738872403560832
0 0.7008333333333333 0.26112759643916916 0.028333333333333332 0.1543026706231454