0 0.57 0.2997032640949555 0.03333333333333333 0.09495548961424333
0 0.17136666666666667 0.30798219584569736 0.03271666666666666 0.08504451038575667
0 0.535 0.3115727002967359 0.03666666666666667 0.08902077151335312
0 0.2006666666666667 0.3221661721068249 0.03199999999999998 0.08504451038575667
0 0.03333333333333333 0.03412462908011869 0.04666666666666667 0.06824925816023739
0 0.5008333333333334 0.3264094955489614 0.03166666666666667 0.09495548961424333
0 0.7766666666666666 0.33382789317507416 0.04666666666666667 0.10979228486646884
0 0.4691666666666667 0.33827893175074186 0.028333333333333332 0.08902077151335312
0 0.10261666666666666 0.34213649851632044 0.04136666666666668 0.06830860534124632
0 0.7283333333333334 0.3456973293768546 0.043333333333333335 0.10385756676557864
0 0.43666666666666665 0.35014836795252224 0.03 0.08902077151335312
0 0.4091666666666667 0.3545994065281899 0.028333333333333332 0.08605341246290801
0 0.6858333333333333 0.36350148367952523 0.041666666666666664 0.10385756676557864
0 0.38 0.3664688427299703 0.02666666666666667 0.08011869436201781
0 0.13338333333333333 0.3679228486646884 0.03775000000000001 0.07089020771513357
0 0.3525 0.37091988130563797 0.03166666666666667 0.0830860534124629
0 0.6425 0.37091988130563797 0.03833333333333333 0.10089020771513353
0 0.018949999999999998 0.3749851632047478 0.037899999999999996 0.08762611275964388
0 0.325 0.3798219584569733 0.023333333333333334 0.0712166172106825
0 0.30083333333333334 0.38427299703264095 0.025 0.06824925816023739
0 0.6041666666666666 0.38427299703264095 0.03833333333333333 0.09198813056379822
0 0.2758333333333333 0.38724035608308605 0.021666666666666667 0.06231454005934718
0 0.16558333333333333 0.3898219584569733 0.03848333333333334 0.06572700296735902
0 0.25 0.39020771513353114 0.03 0.05637982195845697
0 0.05595 0.3943323442136498 0.04351666666666667 0.09020771513353114
0 0.5666666666666667 0.3961424332344214 0.03666666666666667 0.08605341246290801
0 0.5308333333333334 0.4065281899109792 0.035 0.09495548961424333
0 0.1916 0.4129080118694362 0.03553333333333332 0.06807121661721068
0 0.4975 0.4198813056379822 0.035 0.08605341246290801
0 0.09176666666666668 0.42008902077151333 0.04689999999999999 0.08504451038575671
0 0.465 0.4287833827893175 0.03333333333333333 0.08605341246290801
0 0.12361666666666667 0.4387833827893175 0.03991666666666666 0.07602373887240357
0 0.4325 0.4391691394658754 0.03166666666666667 0.0830860534124629
0 0.4041666666666667 0.4421364985163205 0.028333333333333332 0.08902077151335312
0 0.7766666666666666 0.443620178041543 0.05 0.10979228486646884
0 0.375 0.4495548961424332 0.03 0.08011869436201781
0 0.24416666666666667 0.45252225519287836 0.03166666666666667 0.07418397626112759
0 0.3466666666666667 0.45252225519287836 0.03 0.08011869436201781
0 0.2725 0.4540059347181009 0.025 0.06528189910979229
0 0.7291666666666666 0.4540059347181009 0.045 0.10682492581602374
0 0.2966666666666667 0.456973293768546 0.023333333333333334 0.0771513353115727
0 0.32083333333333336 0.456973293768546 0.025 0.0771513353115727
0 0.15545 0.4626112759643917 0.03848333333333334 0.07216617210682491
0 0.015333333333333332 0.46777448071216615 0.030666666666666665 0.0953709198813056
0 0.6841666666666667 0.47032640949554894 0.045 0.09792284866468842
0 0.20099999999999998 0.050059347181008906 0.03196666666666668 0.05783382789317508
0 0.6408333333333334 0.47477744807121663 0.03833333333333333 0.10089020771513353
0 0.18331666666666666 0.4832344213649851 0.04066666666666668 0.06442136498516314
0 0.6025 0.4836795252225519 0.03833333333333333 0.10089020771513353
0 0.04328333333333333 0.4890504451038576 0.044233333333333326 0.08635014836795259
0 0.5641666666666667 0.49258160237388726 0.03833333333333333 0.10089020771513353
0 0.5275 0.5029673590504451 0.035 0.09198813056379822
0 0.13948333333333332 0.05115727002967359 0.032566666666666653 0.06451038575667656
0 0.49333333333333335 0.5103857566765578 0.03333333333333333 0.08902077151335312
0 0.08128333333333333 0.5109495548961425 0.04063333333333333 0.08118694362017809
0 0.11493333333333332 0.5186943620178042 0.03558333333333332 0.08890207715133525
0 0.45916666666666667 0.5192878338278932 0.035 0.08902077151335312
0 0.4275 0.526706231454006 0.028333333333333332 0.08605341246290801
0 0.2608333333333333 0.5281899109792285 0.025 0.07418397626112759
0 0.315 0.5311572700296736 0.02666666666666667 0.06528189910979229
0 0.3983333333333333 0.5311572700296736 0.03 0.08902077151335312
0 0.23333333333333334 0.5326409495548962 0.02666666666666667 0.08605341246290801
0 0.28833333333333333 0.5326409495548962 0.02666666666666667 0.06824925816023739
0 0.37083333333333335 0.5341246290801187 0.028333333333333332 0.0830860534124629
0 0.3416666666666667 0.5385756676557863 0.03 0.08011869436201781
0 0.1446 0.5431750741839763 0.03558333333333332 0.07344213649851632
0 0.7783333333333333 0.5578635014836796 0.05333333333333334 0.11275964391691394
0 0.1739 0.5637982195845698 0.03488333333333334 0.06830860534124623
0 0.73 0.5667655786350149 0.04666666666666667 0.11275964391691394
0 0.6833333333333333 0.5756676557863502 0.04666666666666667 0.10682492581602374
0 0.6391666666666667 0.5801186943620178 0.041666666666666664 0.10979228486646884
0 0.6 0.5890207715133531 0.03666666666666667 0.09792284866468842
0 0.5625 0.5934718100890207 0.035 0.10089020771513353
0 0.5258333333333334 0.5979228486646885 0.03833333333333333 0.09792284866468842
0 0.48833333333333334 0.6038575667655787 0.03333333333333333 0.09792284866468842
0 0.30666666666666664 0.6068249258160238 0.03666666666666667 0.09198813056379822
0 0.2725 0.6083086053412463 0.025 0.08011869436201781
0 0.455 0.612759643916914 0.03333333333333333 0.09198813056379822
0 0.25083333333333335 0.615727002967359 0.02 0.08605341246290801
0 0.42333333333333334 0.615727002967359 0.03 0.08605341246290801
0 0.3358333333333333 0.6172106824925816 0.028333333333333332 0.0771513353115727
0 0.3641666666666667 0.6172106824925816 0.028333333333333332 0.0830860534124629
0 0.22666666666666666 0.6201780415430267 0.02666666666666667 0.0830860534124629
0 0.3933333333333333 0.6201780415430267 0.03333333333333333 0.08902077151335312
0 0.06731666666666666 0.06442136498516321 0.04011666666666666 0.07130563798219584
0 0.09368333333333334 0.6527893175074184 0.03751666666666668 0.07201780415430262
0 0.05973333333333334 0.6561721068249258 0.03521666666666666 0.07608308605341242
0 0.78 0.658753709198813 0.05333333333333334 0.0830860534124629
0 0.7316666666666667 0.6646884272997032 0.04666666666666667 0.0830860534124629
0 0.11708333333333333 0.6675074183976261 0.028349999999999997 0.06958456973293765
0 0.14175 0.6697626112759644 0.028083333333333325 0.07878338278931754
0 0.6825 0.6706231454005934 0.04833333333333333 0.0771513353115727
0 0.024933333333333335 0.6718100890207716 0.04986666666666667 0.11818991097922844
0 0.6391666666666667 0.6750741839762612 0.041666666666666664 0.07418397626112759
0 0.5975 0.6780415430267063 0.041666666666666664 0.07418397626112759
0 0.5591666666666667 0.6810089020771514 0.03833333333333333 0.06824925816023739
0 0.22911666666666666 0.06952522255192878 0.036966666666666675 0.06115727002967359
0 0.5216666666666666 0.685459940652819 0.03666666666666667 0.0712166172106825
0 0.48833333333333334 0.6884272997032641 0.03333333333333333 0.0712166172106825
0 0.3 0.6958456973293768 0.043333333333333335 0.08605341246290801
0 0.35833333333333334 0.6958456973293768 0.03 0.07418397626112759
0 0.41833333333333333 0.6958456973293768 0.03333333333333333 0.06824925816023739
0 0.45166666666666666 0.6958456973293768 0.03666666666666667 0.06824925816023739
0 0.2658333333333333 0.6973293768545994 0.025 0.09495548961424333
0 0.3325 0.6973293768545994 0.025 0.0830860534124629
0 0.3875 0.7002967359050445 0.03166666666666667 0.0712166172106825
0 0.24416666666666667 0.701780415430267 0.021666666666666667 0.08011869436201781
0 0.21833333333333332 0.7047477744807121 0.02666666666666667 0.08011869436201781
0 0.05248333333333333 0.7240949554896142 0.03139999999999999 0.06792284866468838
0 0.08148333333333334 0.7302077151335312 0.03293333333333334 0.07471810089020774
0 0.10436666666666666 0.7397329376854599 0.03141666666666668 0.07471810089020774
0 0.13298333333333334 0.7526409495548961 0.03676666666666667 0.06792284866468838
0 0.0175 0.7789317507418397 0.035 0.09792284866468842
0 0.1704 0.08231454005934717 0.036949999999999976 0.0667359050445104
0 0.0727 0.8015430267062315 0.030633333333333325 0.07335311572700305
0 0.09673333333333334 0.809020771513353 0.026833333333333348 0.07471810089020757
0 0.45298333333333335 0.8104451038575667 0.02931666666666672 0.06483679525222559
0 0.36625 0.8136795252225518 0.018566666666666645 0.060178041543026625
0 0.3907 0.8136795252225518 0.027199999999999988 0.060178041543026625
0 0.34251666666666664 0.8156083086053413 0.025766666666666632 0.06145400593471821
0 0.5090833333333333 0.8156973293768546 0.02536666666666671 0.061335311572700175
0 0.4839833333333333 0.8165875370919882 0.030283333333333266 0.07008902077151337
0 0.12573333333333334 0.823293768545994 0.03446666666666668 0.0570623145400594
0 0.17455 0.8503264094955489 0.020683333333333328 0.06949554896142421
0 0.6513 0.852492581602374 0.044049999999999916 0.1174183976261129
0 0.24595 0.8534421364985164 0.03623333333333335 0.08804154302670611
0 0.1992833333333333 0.8549554896142434 0.027183333333333337 0.09035608308605354
0 0.60455 0.8551335311572701 0.04898333333333331 0.12267062314540068
0 0.28348333333333336 0.858219584569733 0.033850000000000005 0.09124629080118694
0 0.7546166666666666 0.8673887240356083 0.06173333333333327 0.13317507418397626
0 0.33785000000000004 0.8732344213649851 0.025049999999999954 0.07169139465875361
0 0.38745 0.8815430267062314 0.02646666666666666 0.07299703264094962
0 0.3648 0.8828189910979228 0.021450000000000007 0.07299703264094962
0 0.44955 0.884925816023739 0.028333333333333332 0.07359050445103844
0 0.47808333333333336 0.8857863501483679 0.02831666666666668 0.07534124629080115
0 0.10035 0.09071216617210683 0.04435 0.08130563798219582
0 0.5085833333333333 0.8919287833827892 0.030283333333333266 0.08412462908011877
0 0.65375 0.9453709198813056 0.0450333333333333 0.05433234421364969
0 0.6058 0.9468249258160237 0.04310000000000002 0.05091988130563789
0 0.23916666666666667 0.9510385756676558 0.035 0.09198813056379822
0 0.3325 0.9525222551928784 0.028333333333333332 0.08902077151335312
0 0.26916666666666667 0.9540059347181009 0.035 0.08605341246290801
0 0.3565333333333333 0.9570919881305638 0.023616666666666692 0.07299703264094962
0 0.445 0.9584569732937686 0.03 0.0771513353115727
0 0.38315 0.9615727002967359 0.027916666666666666 0.07169139465875361
0 0.7506833333333334 0.9634718100890207 0.0538500000000001 0.07302670623145405
0 0.47333333333333333 0.9614243323442137 0.03 0.0712166172106825
0 0.5066666666666667 0.9614243323442137 0.03333333333333333 0.0712166172106825
0 0.8091666666666667 0.9614243323442137 0.06166666666666667 0.0712166172106825
0 0.19476666666666667 0.11287833827893175 0.03446666666666668 0.06338278931750742
0 0.13090000000000002 0.12887240356083085 0.03803333333333332 0.067566765578635
0 0.22005 0.13958456973293767 0.033850000000000005 0.06115727002967359
0 0.15864999999999999 0.15136498516320473 0.040150000000000005 0.06504451038575668
0 0.18675 0.17139465875370918 0.03315000000000003 0.06255192878338278
0 0.016050000000000002 0.18427299703264097 0.032100000000000004 0.07216617210682495
0 0.21415 0.20578635014836794 0.03314999999999998 0.06379821958456973
0 0.08416666666666667 0.2081305637982196 0.044966666666666676 0.0786053412462908
0 0.046900000000000004 0.20875370919881303 0.044233333333333326 0.07216617210682491
0 0.7766666666666666 0.22255192878338279 0.043333333333333335 0.10682492581602374
0 0.17583333333333334 0.025222551928783383 0.035 0.050445103857566766
0 0.1095 0.025578635014836794 0.04005 0.05115727002967359
0 0.73 0.2403560830860534 0.04666666666666667 0.10682492581602374
0 0.11311666666666667 0.2570919881305638 0.039200000000000006 0.09406528189910976
0 0.6858333333333333 0.258160237388724 0.041666666666666664 0.10089020771513353
0 0.6441666666666667 0.27299703264094954 0.041666666666666664 0.10089020771513353
0 0.010116666666666668 0.27777448071216615 0.020233333333333336 0.08097922848664686
0 0.14568333333333333 0.28415430267062314 0.03631666666666666 0.09148367952522259
0 0.6066666666666667 0.28635014836795253 0.03666666666666667 0.09792284866468842
0 0.03278333333333334 0.28928783382789314 0.0435 0.08376854599406525
0 0.07621666666666665 0.28994065281899106 0.046416666666666676 0.07732937685459941