0 0.975 0.36795252225519287 0.04666666666666667 0.2789317507418398
0 0.9071499999999999 0.3897922848664689 0.11924999999999993 0.2400890207715133
0 0.7541666666666667 0.3961424332344214 0.09833333333333333 0.2818991097922849
0 0.6533333333333333 0.40801186943620177 0.1 0.29376854599406527
0 0.5483333333333333 0.41097922848664686 0.11333333333333333 0.3115727002967359
0 0.42583333333333334 0.413946587537092 0.125 0.32344213649851633
0 0.2941666666666667 0.42136498516320475 0.135 0.36795252225519287
0 0.15 0.456973293768546 0.15333333333333332 0.37388724035608306
0 0.0375 0.49554896142433236 0.07166666666666667 0.39762611275964393
0 0.965 0.06083086053412463 0.06666666666666667 0.12166172106824925
0 0.8927499999999999 0.06204747774480712 0.08441666666666672 0.12409495548961424
0 0.74 0.6572700296735905 0.09 0.23738872403560832
0 0.8391666666666666 0.6632047477744807 0.11 0.2818991097922849
0 0.64 0.6780415430267063 0.11 0.258160237388724
0 0.5325 0.701780415430267 0.105 0.27596439169139464
0 0.4191666666666667 0.7240356083086054 0.115 0.29080118694362017
0 0.2975 0.7566765578635015 0.12833333333333333 0.29673590504451036
0 0.1625 0.7952522255192879 0.13666666666666666 0.3086053412462908
0 0.04666666666666667 0.841246290801187 0.09 0.3115727002967359
0 0.7025 0.9451038575667656 0.08166666666666667 0.10385756676557864