0 0.5125 0.31008902077151335 0.056666666666666664 0.18694362017804153
0 0.4625 0.33382789317507416 0.05 0.17210682492581603
0 0.4166666666666667 0.33827893175074186 0.041666666666666664 0.1661721068249258
0 0.375 0.35311572700296734 0.04666666666666667 0.14836795252225518
0 0.3325 0.3694362017804154 0.03166666666666667 0.13353115727002968
0 0.3 0.37388724035608306 0.03 0.13649851632047477
0 0.26416666666666666 0.3798219584569733 0.03333333333333333 0.13649851632047477
0 0.235 0.3857566765578635 0.02666666666666667 0.12462908011869436
0 0.2075 0.39465875370919884 0.02666666666666667 0.12166172106824925
0 0.18166666666666667 0.4035608308605341 0.025 0.11869436201780416
0 0.15333333333333332 0.4050445103857567 0.03 0.10089020771513353
0 0.05 0.4287833827893175 0.03 0.09198813056379822
0 0.07156666666666667 0.4331157270029674 0.0412 0.0749554896142433
0 0.011666666666666667 0.4332344213649852 0.016666666666666666 0.0771513353115727
0 0.02666666666666667 0.43471810089020774 0.013333333333333334 0.08011869436201781
0 0.7866666666666666 0.45845697329376855 0.08 0.2344213649851632
0 0.7091666666666666 0.4658753709198813 0.08166666666666667 0.21364985163204747
0 0.6291666666666667 0.4821958456973294 0.08166666666666667 0.18991097922848665
0 0.5566666666666666 0.486646884272997 0.06666666666666667 0.18100890207715134
0 0.49166666666666664 0.48813056379821956 0.058333333333333334 0.17210682492581603
0 0.43916666666666665 0.4970326409495549 0.04666666666666667 0.1632047477744807
0 0.39 0.49851632047477745 0.05 0.1543026706231454
0 0.28 0.5133531157270029 0.03166666666666667 0.12462908011869436
0 0.15333333333333332 0.5133531157270029 0.028333333333333332 0.10682492581602374
0 0.24333333333333335 0.5148367952522255 0.03833333333333333 0.11869436201780416
0 0.21 0.5178041543026706 0.028333333333333332 0.11572700296735905
0 0.18166666666666667 0.5207715133531158 0.028333333333333332 0.10089020771513353
0 0.03916666666666667 0.5222551928783383 0.018333333333333333 0.09495548961424333
0 0.0675 0.5222551928783383 0.03666666666666667 0.09495548961424333
0 0.014166666666666666 0.5252225519287834 0.021666666666666667 0.08605341246290801
0 0.9441666666666667 0.05637982195845697 0.10833333333333334 0.11275964391691394
0 0.1769 0.07578635014836795 0.03558333333333332 0.06765578635014836
0 0.17083333333333334 0.8590504451038575 0.03166666666666667 0.1394658753709199
0 0.20333333333333334 0.8768545994065282 0.03333333333333333 0.14540059347181009
0 0.23416666666666666 0.8783382789317508 0.03166666666666667 0.12759643916913946
0 0.07 0.8813056379821959 0.04666666666666667 0.11275964391691394
0 0.365 0.9554896142433235 0.08 0.0830860534124629
0 0.15166666666666667 0.9643916913946587 0.07 0.06528189910979229
0 0.05416666666666667 0.9658753709198813 0.051666666666666666 0.06231454005934718
0 0.11085 0.10548961424332344 0.035 0.05676557863501482
0 0.0886 0.1242433234421365 0.024166666666666666 0.07068249258160239
0 0.059 0.14626112759643917 0.0359 0.060326409495548954
0 0.027466666666666667 0.15967359050445104 0.02758333333333334 0.07094955489614242
0 0.194 0.1657566765578635 0.00015000000000000568 0.0013649851632047292
0 0.07296666666666667 0.19172106824925816 0.02055 0.07712166172106825
0 0.8016666666666666 0.2166172106824926 0.07333333333333333 0.2403560830860534
0 0.04365 0.21741839762611276 0.028216666666666668 0.06373887240356083
0 0.016483333333333336 0.22195845697329375 0.027399999999999997 0.06602373887240356
0 0.7275 0.2507418397626113 0.07333333333333333 0.228486646884273
0 0.9233333333333333 0.25370919881305637 0.15 0.2818991097922849
0 0.6491666666666667 0.27596439169139464 0.085 0.20771513353115728
0 0.5733333333333334 0.2952522255192878 0.06333333333333334 0.19287833827893175