0 0.19732937685459942 0.2791666666666667 0.11572700296735905 0.09333333333333334
0 0.642433234421365 0.29 0.10089020771513353 0.08166666666666667
0 0.857566765578635 0.29 0.10979228486646884 0.08
0 0.2032640949554896 0.36583333333333334 0.10682492581602374 0.085
0 0.8605341246290801 0.36833333333333335 0.10682492581602374 0.08
0 0.755192878338279 0.36916666666666664 0.10385756676557864 0.07833333333333334
0 0.6439169139465876 0.37 0.10089020771513353 0.08
0 0.6483679525222552 0.4475 0.10682492581602374 0.075
0 0.7566765578635015 0.4475 0.10089020771513353 0.07833333333333334
0 0.8620178041543026 0.4475 0.10385756676557864 0.07833333333333334
0 0.08456973293768547 0.4483333333333333 0.12166172106824925 0.09166666666666666
0 0.20178041543026706 0.45166666666666666 0.10682492581602374 0.08333333333333333
0 0.8545994065281899 0.5558333333333333 0.11275964391691394 0.08166666666666667
0 0.36795252225519287 0.5575 0.11572700296735905 0.08333333333333333
0 0.2433234421364985 0.5575 0.12462908011869436 0.08333333333333333
0 0.6364985163204748 0.5591666666666667 0.10385756676557864 0.085
0 0.11869436201780416 0.5591666666666667 0.11572700296735905 0.08333333333333333
0 0.3486646884272997 0.6375 0.08011869436201781 0.08333333333333333
0 0.8531157270029673 0.64 0.11572700296735905 0.09333333333333334
0 0.7462908011869436 0.6408333333333334 0.10385756676557864 0.085
0 0.24629080118694363 0.6416666666666667 0.11572700296735905 0.08
0 0.6350148367952523 0.6433333333333333 0.10682492581602374 0.08
0 0.09347181008902077 0.6483333333333333 0.12166172106824925 0.09333333333333334
0 0.16765578635014836 0.6491666666666667 0.02967359050445104 0.09333333333333334
0 0.443620178041543 0.65 0.10682492581602374 0.08833333333333333
0 0.3560830860534125 0.7241666666666666 0.0771513353115727 0.08666666666666667
0 0.6676557863501483 0.7258333333333333 0.04451038575667656 0.08333333333333333
0 0.7492581602373887 0.7283333333333334 0.10682492581602374 0.08666666666666667
0 0.8545994065281899 0.7283333333333334 0.11275964391691394 0.09333333333333334
0 0.4495548961424332 0.74 0.10682492581602374 0.08666666666666667
0 0.5968545994065282 0.7416333333333334 0.098160237388724 0.07778333333333326
0 0.10237388724035608 0.7441666666666666 0.13649851632047477 0.095
0 0.24629080118694363 0.7441666666666666 0.13056379821958458 0.09