0 0.5683333333333334 0.3115727002967359 0.05 0.12462908011869436
0 0.7208333333333333 0.3115727002967359 0.04833333333333333 0.13056379821958458
0 0.67 0.31305637982195844 0.05 0.12759643916913946
0 0.6183333333333333 0.314540059347181 0.05 0.12462908011869436
0 0.7716666666666666 0.314540059347181 0.056666666666666664 0.12462908011869436
0 0.20583333333333334 0.31602373887240354 0.051666666666666666 0.12759643916913946
0 0.25833333333333336 0.31602373887240354 0.05333333333333334 0.12759643916913946
0 0.4166666666666667 0.31750741839762614 0.05 0.12462908011869436
0 0.5158333333333334 0.31750741839762614 0.051666666666666666 0.11869436201780416
0 0.31166666666666665 0.3189910979228487 0.05333333333333334 0.12759643916913946
0 0.36333333333333334 0.3189910979228487 0.05333333333333334 0.12759643916913946
0 0.15333333333333332 0.3189910979228487 0.05333333333333334 0.12759643916913946
0 0.4658333333333333 0.32047477744807124 0.051666666666666666 0.12462908011869436
0 0.9465666666666668 0.3521364985163205 0.0527333333333335 0.1246884272997033
0 0.9884833333333334 0.3521364985163205 0.023016666666666574 0.1246884272997033
0 0.5683333333333334 0.4391691394658754 0.05 0.13056379821958458
0 0.6175 0.4391691394658754 0.04833333333333333 0.12462908011869436
0 0.6691666666666667 0.4391691394658754 0.051666666666666666 0.11869436201780416
0 0.7208333333333333 0.4406528189910979 0.051666666666666666 0.12166172106824925
0 0.31083333333333335 0.4421364985163205 0.055 0.12462908011869436
0 0.36333333333333334 0.4421364985163205 0.05 0.12462908011869436
0 0.415 0.4421364985163205 0.05 0.11869436201780416
0 0.4658333333333333 0.4421364985163205 0.051666666666666666 0.12462908011869436
0 0.5166666666666667 0.4421364985163205 0.05 0.12462908011869436
0 0.7725 0.4421364985163205 0.051666666666666666 0.11869436201780416
0 0.9866666666666667 0.4421364985163205 0.023333333333333334 0.0712166172106825
0 0.20583333333333334 0.443620178041543 0.055 0.12166172106824925
0 0.25833333333333336 0.4465875370919881 0.05333333333333334 0.12759643916913946
0 0.15333333333333332 0.4465875370919881 0.05333333333333334 0.12166172106824925
0 0.9446833333333332 0.4490207715133531 0.056516666666666805 0.08255192878338277
0 0.6675 0.6097922848664689 0.051666666666666666 0.1394658753709199
0 0.6175 0.6112759643916914 0.04833333333333333 0.13649851632047477
0 0.5666666666666667 0.612759643916914 0.05 0.1394658753709199
0 0.7183333333333334 0.6172106824925816 0.04666666666666667 0.13056379821958458
0 0.41333333333333333 0.6246290801186943 0.05 0.12759643916913946
0 0.5141666666666667 0.6261127596439169 0.051666666666666666 0.13056379821958458
0 0.4633333333333333 0.6275964391691394 0.05 0.12759643916913946
0 0.31083333333333335 0.629080118694362 0.051666666666666666 0.13649851632047477
0 0.3616666666666667 0.629080118694362 0.05 0.12462908011869436
0 0.2575 0.6483679525222552 0.04833333333333333 0.12166172106824925
0 0.2125 0.6572700296735905 0.035 0.12166172106824925
0 0.615 0.744807121661721 0.05333333333333334 0.13056379821958458
0 0.7175 0.744807121661721 0.055 0.12462908011869436
0 0.565 0.7462908011869436 0.05 0.12759643916913946
0 0.6658333333333334 0.7462908011869436 0.04833333333333333 0.12759643916913946
0 0.3616666666666667 0.7566765578635015 0.05 0.13056379821958458
0 0.4125 0.7566765578635015 0.051666666666666666 0.13056379821958458
0 0.4625 0.7581602373887241 0.051666666666666666 0.12759643916913946
0 0.515 0.7596439169139466 0.05333333333333334 0.13056379821958458
0 0.31083333333333335 0.7611275964391692 0.051666666666666666 0.12759643916913946
0 0.25666666666666665 0.7685459940652819 0.05333333333333334 0.11275964391691394
0 0.2125 0.7759643916913946 0.035 0.10385756676557864
0 0.5666666666666667 0.8694362017804155 0.05 0.11869436201780416
0 0.6675 0.8694362017804155 0.04833333333333333 0.12462908011869436
0 0.7175 0.8694362017804155 0.055 0.12462908011869436
0 0.515 0.8753709198813057 0.05 0.10089020771513353
0 0.6158333333333333 0.8753709198813057 0.051666666666666666 0.12462908011869436
0 0.25916666666666666 0.887240356083086 0.051666666666666666 0.12462908011869436
0 0.31083333333333335 0.887240356083086 0.055 0.12462908011869436
0 0.3616666666666667 0.887240356083086 0.04666666666666667 0.12462908011869436
0 0.21583333333333332 0.8931750741839762 0.028333333333333332 0.11869436201780416
0 0.7225 0.18100890207715134 0.04833333333333333 0.13056379821958458
0 0.6716666666666666 0.18397626112759644 0.05 0.12462908011869436
0 0.7758333333333334 0.18397626112759644 0.051666666666666666 0.13649851632047477
0 0.15083333333333335 0.18397626112759644 0.051666666666666666 0.13649851632047477
0 0.20666666666666667 0.18545994065281898 0.05333333333333334 0.12759643916913946
0 0.5683333333333334 0.18545994065281898 0.04666666666666667 0.12759643916913946
0 0.2575 0.18694362017804153 0.051666666666666666 0.13056379821958458
0 0.36333333333333334 0.18694362017804153 0.05333333333333334 0.13056379821958458
0 0.5158333333333334 0.18694362017804153 0.04833333333333333 0.13056379821958458
0 0.31166666666666665 0.1884272997032641 0.056666666666666664 0.13353115727002968
0 0.415 0.1884272997032641 0.05 0.13353115727002968
0 0.4658333333333333 0.1884272997032641 0.051666666666666666 0.13353115727002968
0 0.62 0.1884272997032641 0.05 0.13353115727002968