0 0.9108333333333334 0.29673590504451036 0.035 0.10089020771513353
0 0.5058333333333334 0.3086053412462908 0.06166666666666667 0.12462908011869436
0 0.5625 0.3189910979228487 0.055 0.13353115727002968
0 0.6108333333333333 0.3264094955489614 0.041666666666666664 0.13056379821958458
0 0.6775 0.34124629080118696 0.041666666666666664 0.13056379821958458
0 0.7183333333333334 0.35311572700296734 0.04666666666666667 0.12462908011869436
0 0.8525 0.03560830860534125 0.051666666666666666 0.06528189910979229
0 0.76 0.3649851632047478 0.04 0.11275964391691394
0 0.8025 0.3724035608308605 0.03833333333333333 0.10385756676557864
0 0.8425 0.38130563798219586 0.04833333333333333 0.11572700296735905
0 0.8941666666666667 0.03857566765578635 0.035 0.0712166172106825
0 0.8816666666666667 0.3961424332344214 0.03666666666666667 0.10979228486646884
0 0.9191666666666667 0.3991097922848665 0.035 0.10979228486646884
0 0.1575 0.41543026706231456 0.06166666666666667 0.17210682492581603
0 0.23416666666666666 0.4258160237388724 0.07833333333333334 0.17507418397626112
0 0.31 0.4421364985163205 0.07 0.1661721068249258
0 0.375 0.45103857566765576 0.06333333333333334 0.1543026706231454
0 0.44166666666666665 0.4599406528189911 0.05333333333333334 0.14836795252225518
0 0.5041666666666667 0.4688427299703264 0.055 0.142433234421365
0 0.5583333333333333 0.47774480712166173 0.06333333333333334 0.142433234421365
0 0.615 0.5 0.04666666666666667 0.09792284866468842
0 0.7108333333333333 0.5014836795252225 0.055 0.12462908011869436
0 0.7641666666666667 0.5044510385756676 0.045 0.12462908011869436
0 0.805 0.5103857566765578 0.03666666666666667 0.11275964391691394
0 0.8433333333333334 0.5133531157270029 0.04 0.11275964391691394
0 0.88 0.5207715133531158 0.043333333333333335 0.10979228486646884
0 0.9191666666666667 0.526706231454006 0.035 0.10385756676557864
0 0.955 0.5445103857566765 0.043333333333333335 0.07418397626112759
0 0.23083333333333333 0.5786350148367952 0.08166666666666667 0.14836795252225518
0 0.15166666666666667 0.5845697329376854 0.06333333333333334 0.17210682492581603
0 0.30916666666666665 0.586053412462908 0.07166666666666667 0.1394658753709199
0 0.37833333333333335 0.5919881305637982 0.06333333333333334 0.13353115727002968
0 0.44583333333333336 0.5934718100890207 0.051666666666666666 0.13056379821958458
0 0.5058333333333334 0.6008902077151336 0.058333333333333334 0.12166172106824925
0 0.5625 0.6068249258160238 0.06166666666666667 0.12759643916913946
0 0.6175 0.6097922848664689 0.051666666666666666 0.10979228486646884
0 0.6883333333333334 0.6142433234421365 0.02 0.11275964391691394
0 0.7216666666666667 0.615727002967359 0.05333333333333334 0.10979228486646884
0 0.77 0.6216617210682492 0.04666666666666667 0.10385756676557864
0 0.8125 0.6216617210682492 0.04833333333333333 0.10385756676557864
0 0.8541666666666666 0.6231454005934718 0.045 0.10682492581602374
0 0.9258333333333333 0.6320474777448071 0.03833333333333333 0.09495548961424333
0 0.89 0.6335311572700296 0.03333333333333333 0.09792284866468842
0 0.9666666666666667 0.6350148367952523 0.043333333333333335 0.10089020771513353
0 0.17083333333333334 0.07566765578635015 0.065 0.14540059347181009
0 0.9483333333333334 0.7997032640949555 0.04 0.10682492581602374
0 0.9133333333333333 0.8041543026706232 0.03166666666666667 0.11275964391691394
0 0.8358333333333333 0.8056379821958457 0.041666666666666664 0.12166172106824925
0 0.8883333333333333 0.8056379821958457 0.018333333333333333 0.11572700296735905
0 0.8666666666666667 0.8071216617210683 0.023333333333333334 0.12462908011869436
0 0.6341 0.8071810089020771 0.03629999999999996 0.12813056379821952
0 0.785 0.8100890207715133 0.056666666666666664 0.13056379821958458
0 0.695 0.8115727002967359 0.04 0.13353115727002968
0 0.7358333333333333 0.8115727002967359 0.04833333333333333 0.12759643916913946
0 0.57 0.8204747774480712 0.06 0.1394658753709199
0 0.5125 0.8234421364985163 0.06166666666666667 0.13353115727002968
0 0.4475 0.8264094955489614 0.065 0.14540059347181009
0 0.3775 0.8308605341246291 0.075 0.142433234421365
0 0.30333333333333334 0.8338278931750742 0.07666666666666666 0.14836795252225518
0 0.22333333333333333 0.8353115727002968 0.07666666666666666 0.1572700296735905
0 0.1475 0.8397626112759644 0.06833333333333333 0.1661721068249258
0 0.2475 0.09198813056379822 0.065 0.142433234421365
0 0.9591666666666666 0.9258160237388724 0.035 0.142433234421365
0 0.9883333333333333 0.9272997032640949 0.021666666666666667 0.142433234421365
0 0.925 0.9287833827893175 0.03333333333333333 0.13649851632047477
0 0.8475 0.9317507418397626 0.041666666666666664 0.13056379821958458
0 0.8783333333333333 0.93026706231454 0.03 0.13353115727002968
0 0.9 0.93026706231454 0.016666666666666666 0.13353115727002968
0 0.7441666666666666 0.9362017804154302 0.055 0.12166172106824925
0 0.7941666666666667 0.9362017804154302 0.04833333333333333 0.12166172106824925
0 0.6375 0.9391691394658753 0.055 0.11572700296735905
0 0.7041666666666667 0.9406528189910979 0.041666666666666664 0.11275964391691394
0 0.515 0.9451038575667656 0.06333333333333334 0.10385756676557864
0 0.5791666666666667 0.9436201780415431 0.06166666666666667 0.10682492581602374
0 0.44916666666666666 0.9495548961424333 0.06833333333333333 0.09495548961424333
0 0.38166666666666665 0.9510385756676558 0.07333333333333333 0.09198813056379822
0 0.30333333333333334 0.9540059347181009 0.08 0.08605341246290801
0 0.2225 0.956973293768546 0.07833333333333334 0.08011869436201781
0 0.14833333333333334 0.9599406528189911 0.07333333333333333 0.07418397626112759
0 0.31833333333333336 0.1172106824925816 0.06333333333333334 0.1394658753709199
0 0.86 0.12166172106824925 0.05333333333333334 0.10089020771513353
0 0.9025 0.13056379821958458 0.03166666666666667 0.11275964391691394
0 0.38333333333333336 0.13501483679525222 0.056666666666666664 0.1394658753709199
0 0.9316666666666666 0.13649851632047477 0.03333333333333333 0.11275964391691394
0 0.44416666666666665 0.16172106824925817 0.058333333333333334 0.14540059347181009
0 0.5033333333333333 0.17804154302670624 0.056666666666666664 0.142433234421365
0 0.5583333333333333 0.1943620178041543 0.05333333333333334 0.12759643916913946
0 0.67 0.21513353115727002 0.03333333333333333 0.11572700296735905
0 0.17083333333333334 0.22551928783382788 0.07833333333333334 0.16023738872403562
0 0.7091666666666666 0.2344213649851632 0.045 0.11275964391691394
0 0.24583333333333332 0.23887240356083086 0.075 0.1513353115727003
0 0.7541666666666667 0.2522255192878338 0.045 0.11275964391691394
0 0.31916666666666665 0.26112759643916916 0.06833333333333333 0.14836795252225518
0 0.7958333333333333 0.26706231454005935 0.045 0.11275964391691394
0 0.8366666666666667 0.2744807121661721 0.043333333333333335 0.09792284866468842
0 0.3858333333333333 0.27596439169139464 0.06166666666666667 0.142433234421365
0 0.875 0.29080118694362017 0.04 0.10089020771513353
0 0.4483333333333333 0.2922848664688427 0.06 0.13353115727002968