0 0.4716666666666667 0.30118694362017806 0.058333333333333334 0.14540059347181009
0 0.41333333333333333 0.30712166172106825 0.056666666666666664 0.14836795252225518
0 0.3525 0.31008902077151335 0.056666666666666664 0.14540059347181009
0 0.29333333333333333 0.31602373887240354 0.05333333333333334 0.14836795252225518
0 0.2325 0.3219584569732938 0.058333333333333334 0.14836795252225518
0 0.1775 0.3293768545994065 0.051666666666666666 0.1394658753709199
0 0.11583333333333333 0.33086053412462907 0.058333333333333334 0.1513353115727003
0 0.056666666666666664 0.34124629080118696 0.056666666666666664 0.14836795252225518
0 0.014166666666666666 0.3516320474777448 0.028333333333333332 0.18100890207715134
0 0.9835999999999999 0.4086943620178041 0.032783333333333456 0.15916913946587533
0 0.8683333333333333 0.4124629080118694 0.06666666666666667 0.16023738872403562
0 0.8008333333333333 0.41839762611275966 0.065 0.1632047477744807
0 0.73 0.42433234421364985 0.06333333333333334 0.14836795252225518
0 0.6641666666666667 0.4317507418397626 0.06166666666666667 0.1513353115727003
0 0.5975 0.4391691394658754 0.058333333333333334 0.1572700296735905
0 0.5366666666666666 0.443620178041543 0.056666666666666664 0.1572700296735905
0 0.4775 0.45103857566765576 0.056666666666666664 0.14540059347181009
0 0.35583333333333333 0.4599406528189911 0.055 0.1543026706231454
0 0.41583333333333333 0.4599406528189911 0.051666666666666666 0.1543026706231454
0 0.2941666666666667 0.4629080118694362 0.055 0.14836795252225518
0 0.23333333333333334 0.4688427299703264 0.058333333333333334 0.142433234421365
0 0.17666666666666667 0.47477744807121663 0.051666666666666666 0.14540059347181009
0 0.11416666666666667 0.4792284866468843 0.06 0.1394658753709199
0 0.055 0.486646884272997 0.055 0.142433234421365
0 0.011850000000000001 0.5014243323442136 0.023700000000000002 0.1550741839762611
0 0.985 0.5563798219584569 0.02666666666666667 0.14540059347181009
0 0.8766666666666667 0.5727002967359051 0.06666666666666667 0.1513353115727003
0 0.7375 0.5786350148367952 0.06333333333333334 0.1572700296735905
0 0.8075 0.5801186943620178 0.065 0.16023738872403562
0 0.6775 0.586053412462908 0.07 0.1513353115727003
0 0.6016666666666667 0.5934718100890207 0.056666666666666664 0.14836795252225518
0 0.5391666666666667 0.5979228486646885 0.06166666666666667 0.1394658753709199
0 0.4791666666666667 0.6008902077151336 0.06 0.14836795252225518
0 0.29583333333333334 0.6112759643916914 0.058333333333333334 0.1513353115727003
0 0.4175 0.6112759643916914 0.055 0.142433234421365
0 0.3566666666666667 0.6142433234421365 0.06166666666666667 0.1513353115727003
0 0.2325 0.6186943620178041 0.058333333333333334 0.14836795252225518
0 0.1725 0.6231454005934718 0.055 0.14836795252225518
0 0.1125 0.6246290801186943 0.065 0.1543026706231454
0 0.050833333333333335 0.642433234421365 0.058333333333333334 0.16913946587537093
0 0.012816666666666667 0.6513353115727003 0.025633333333333334 0.17231454005934715
0 0.5390333333333334 0.71486646884273 0.05576666666666673 0.09172106824925823
0 0.48 0.7388724035608308 0.06333333333333334 0.12462908011869436
0 0.42 0.7433234421364985 0.05333333333333334 0.11572700296735905
0 0.3591666666666667 0.7477744807121661 0.06666666666666667 0.10979228486646884
0 0.29333333333333333 0.7507418397626113 0.055 0.11869436201780416
0 0.23166666666666666 0.7537091988130564 0.06333333333333334 0.11869436201780416
0 0.17166666666666666 0.7596439169139466 0.051666666666666666 0.11572700296735905
0 0.6108333333333333 0.9540059347181009 0.055 0.08605341246290801
0 0.7458333333333333 0.9540059347181009 0.051666666666666666 0.08605341246290801
0 0.35800000000000004 0.9639762611275965 0.060383333333333365 0.07201780415430262
0 0.48146666666666665 0.9639762611275965 0.052749999999999964 0.07201780415430262
0 0.5408333333333334 0.9629080118694362 0.055 0.06824925816023739
0 0.8658333333333333 0.2551928783382789 0.06333333333333334 0.14836795252225518
0 0.7975 0.26112759643916916 0.065 0.1543026706231454
0 0.7241666666666666 0.26706231454005935 0.065 0.1572700296735905
0 0.6591666666666667 0.27596439169139464 0.06 0.1513353115727003
0 0.5933333333333334 0.28486646884273 0.058333333333333334 0.14836795252225518
0 0.5308333333333334 0.29080118694362017 0.05333333333333334 0.1513353115727003