0 0.8233333333333334 0.45548961424332346 0.04666666666666667 0.11572700296735905
0 0.7675 0.456973293768546 0.045 0.11869436201780416
0 0.7158333333333333 0.4599406528189911 0.04833333333333333 0.11869436201780416
0 0.6641666666666667 0.4629080118694362 0.045 0.11275964391691394
0 0.14416666666666667 0.46735905044510384 0.045 0.11572700296735905
0 0.57 0.4688427299703264 0.043333333333333335 0.11275964391691394
0 0.6166666666666667 0.4688427299703264 0.043333333333333335 0.11275964391691394
0 0.5233333333333333 0.47181008902077154 0.043333333333333335 0.11275964391691394
0 0.475 0.4732937685459941 0.043333333333333335 0.10979228486646884
0 0.42583333333333334 0.47774480712166173 0.041666666666666664 0.11275964391691394
0 0.37916666666666665 0.4792284866468843 0.041666666666666664 0.10979228486646884
0 0.2833333333333333 0.4836795252225519 0.043333333333333335 0.11275964391691394
0 0.19166666666666668 0.48516320474777447 0.043333333333333335 0.10385756676557864
0 0.33166666666666667 0.48516320474777447 0.04 0.11572700296735905
0 0.23916666666666667 0.486646884272997 0.045 0.10682492581602374
0 0.8266666666666667 0.5712166172106825 0.05 0.11572700296735905
0 0.7716666666666666 0.5741839762611276 0.04666666666666667 0.10979228486646884
0 0.9247833333333333 0.5745697329376854 0.056500000000000154 0.12804154302670617
0 0.9741666666666666 0.5741839762611276 0.04833333333333333 0.12759643916913946
0 0.7225 0.5756676557863502 0.051666666666666666 0.11275964391691394
0 0.6666666666666666 0.5786350148367952 0.04666666666666667 0.11275964391691394
0 0.62 0.5830860534124629 0.04666666666666667 0.10979228486646884
0 0.5733333333333334 0.5845697329376854 0.04666666666666667 0.11275964391691394
0 0.4775 0.5875370919881305 0.045 0.10682492581602374
0 0.525 0.5875370919881305 0.04666666666666667 0.11275964391691394
0 0.425 0.5890207715133531 0.043333333333333335 0.10979228486646884
0 0.14 0.5905044510385756 0.04666666666666667 0.11869436201780416
0 0.235 0.5949554896142433 0.04666666666666667 0.10979228486646884
0 0.38 0.5949554896142433 0.04666666666666667 0.10979228486646884
0 0.18666666666666668 0.5964391691394659 0.04666666666666667 0.11275964391691394
0 0.2825 0.5964391691394659 0.04833333333333333 0.11275964391691394
0 0.3308333333333333 0.5979228486646885 0.045 0.10979228486646884
0 0.7783333333333333 0.6884272997032641 0.05 0.11275964391691394
0 0.9347166666666668 0.6916617210682493 0.05743333333333339 0.11961424332344214
0 0.9758333333333333 0.6913946587537092 0.045 0.12462908011869436
0 0.8308333333333333 0.6928783382789317 0.055 0.11572700296735905
0 0.6225 0.6943620178041543 0.04833333333333333 0.11275964391691394
0 0.7266666666666667 0.6943620178041543 0.05 0.11869436201780416
0 0.6708333333333333 0.6973293768545994 0.04833333333333333 0.11869436201780416
0 0.5741666666666667 0.6988130563798219 0.04833333333333333 0.10979228486646884
0 0.47583333333333333 0.7002967359050445 0.04833333333333333 0.11275964391691394
0 0.5258333333333334 0.701780415430267 0.04833333333333333 0.10979228486646884
0 0.4241666666666667 0.7032640949554896 0.045 0.11275964391691394
0 0.37583333333333335 0.7062314540059347 0.04833333333333333 0.11275964391691394
0 0.13583333333333333 0.7077151335311572 0.04833333333333333 0.11572700296735905
0 0.23333333333333334 0.7091988130563798 0.04666666666666667 0.11275964391691394
0 0.2825 0.7091988130563798 0.04833333333333333 0.11275964391691394
0 0.3283333333333333 0.7106824925816023 0.04666666666666667 0.10979228486646884
0 0.185 0.712166172106825 0.05 0.11275964391691394
0 0.0248 0.7697032640949555 0.0465 0.10127596439169138
0 0.18118333333333334 0.8002373887240356 0.04615 0.07700296735905059
0 0.6258 0.8028486646884273 0.052816666666666755 0.08593471810089032
0 0.5283333333333333 0.8056379821958457 0.04833333333333333 0.09495548961424333
0 0.5766666666666667 0.8056379821958457 0.051666666666666666 0.09792284866468842
0 0.9399333333333334 0.8062314540059347 0.05459999999999998 0.09940652818991098
0 0.4216666666666667 0.8071216617210683 0.041666666666666664 0.09792284866468842
0 0.37583333333333335 0.8100890207715133 0.045 0.10089020771513353
0 0.47583333333333333 0.8130563798219584 0.04666666666666667 0.10682492581602374
0 0.2791666666666667 0.814540059347181 0.041666666666666664 0.09198813056379822
0 0.23083333333333333 0.8160237388724035 0.045 0.08902077151335312
0 0.3275 0.8175074183976261 0.045 0.09198813056379822
0 0.0248 0.8669139465875371 0.04423333333333333 0.10127596439169138
0 0.49166666666666664 0.93026706231454 0.07666666666666666 0.13353115727002968
0 0.8992499999999999 0.9427299703264095 0.09530000000000001 0.11451038575667666
0 0.22333333333333333 0.9421364985163204 0.09333333333333334 0.10979228486646884
0 0.6606666666666666 0.9468545994065282 0.08149999999999996 0.10626112759643934
0 0.4033333333333333 0.9465875370919882 0.08333333333333333 0.10089020771513353
0 0.5788166666666666 0.950979228486647 0.08461666666666663 0.0980118694362017
0 0.07166666666666667 0.9554896142433235 0.08333333333333333 0.0830860534124629