0 0.6024666666666667 0.4364391691394659 0.02751666666666665 0.057863501483679525
0 0.5793166666666666 0.4395252225519288 0.019916666666666742 0.05172106824925818
0 0.5288333333333334 0.46845697329376856 0.028233333333333423 0.05293768545994058
0 0.5081 0.4789317507418398 0.01718333333333324 0.05418397626112757
0 0.49219999999999997 0.47952522255192875 0.01580000000000003 0.06032640949554891
0 0.4743166666666666 0.48308605341246297 0.020333333333333408 0.05623145400593468
0 0.6258333333333334 0.4836795252225519 0.025 0.05934718100890208
0 0.46145 0.48700296735905046 0.017916666666666668 0.060563798219584644
0 0.5803499999999999 0.4924629080118695 0.021983333333333424 0.059109792284866514
0 0.60385 0.4973887240356083 0.023366666666666636 0.06400593471810087
0 0.41796666666666665 0.5025519287833828 0.018416666666666685 0.05709198813056383
0 0.5647833333333333 0.5121661721068249 0.018533333333333343 0.06400593471810087
0 0.5285000000000001 0.5238575667655786 0.020633333333333326 0.06525222551928786
0 0.49254999999999993 0.5355489614243323 0.013733333333333349 0.05418397626112757
0 0.5119 0.5355489614243323 0.01648333333333331 0.05172106824925818
0 0.6725 0.5370919881305638 0.03166666666666667 0.0712166172106825
0 0.4779666666666666 0.5389020771513353 0.01693333333333328 0.05362017804154301
0 0.4633833333333333 0.5440652818991097 0.017916666666666668 0.05017804154302678
0 0.6266666666666667 0.5519287833827893 0.02666666666666667 0.05934718100890208
0 0.43425 0.5531750741839763 0.020833333333333332 0.05103857566765575
0 0.4155333333333333 0.5574777448071216 0.017450000000000045 0.047566765578634936
0 0.5831166666666667 0.5577151335311572 0.01785000000000006 0.0713946587537092
0 0.6028166666666667 0.5595548961424333 0.025433333333333318 0.06525222551928786
0 0.5647833333333333 0.5700296735905044 0.019916666666666742 0.05418397626112757
0 0.5447333333333333 0.5730860534124629 0.018549999999999994 0.06771513353115725
0 0.5264166666666668 0.5841839762611276 0.015099999999999909 0.05293768545994058
0 0.5108666666666667 0.5872700296735905 0.013033333333333418 0.05418397626112757
0 0.4949666666666667 0.5878635014836796 0.01718333333333324 0.05540059347181014
0 0.4794166666666666 0.5929376854599406 0.02081666666666668 0.054480712166172146
0 0.4633833333333333 0.5942433234421365 0.015 0.05362017804154301
0 0.44615 0.5994362017804155 0.01646666666666666 0.055370919881305714
0 0.41651666666666665 0.6016023738872404 0.018416666666666685 0.05103857566765575
0 0.4318166666666666 0.6020178041543026 0.014033333333333313 0.05017804154302678