0 0.3725 0.49777777777777776 0.225 0.44
0 0.13083333333333333 0.5033333333333333 0.245 0.43333333333333335
0 0.6175 0.5066666666666667 0.225 0.43555555555555553
0 0.8483333333333334 0.5233333333333333 0.23333333333333334 0.4288888888888889
0 0.36916666666666664 0.8444444444444444 0.24833333333333332 0.30666666666666664
0 0.12416666666666666 0.8466666666666667 0.245 0.3022222222222222
0 0.6191666666666666 0.8522222222222222 0.245 0.2911111111111111
0 0.8641666666666666 0.8555555555555555 0.24833333333333332 0.28444444444444444
0 0.024233333333333332 0.15555555555555556 0.048466666666666665 0.3111111111111111
0 0.6133333333333333 0.1622222222222222 0.21333333333333335 0.31555555555555553
0 0.15333333333333332 0.16333333333333333 0.23333333333333334 0.32222222222222224
0 0.37916666666666665 0.16444444444444445 0.21833333333333332 0.3244444444444444
0 0.9732833333333334 0.16944444444444445 0.05341666666666659 0.3388888888888889
0 0.8308333333333333 0.17 0.22166666666666668 0.33555555555555555