0 0.7151335311572701 0.1775 0.06824925816023739 0.045
0 0.6454005934718101 0.18083333333333335 0.06824925816023739 0.043333333333333335
0 0.9866172106824926 0.18171666666666667 0.026735905044510358 0.03405000000000001
0 0.5786350148367952 0.18333333333333332 0.06231454005934718 0.045
0 0.860326409495549 0.18568333333333334 0.08427299703264088 0.04038333333333332
0 0.933620178041543 0.18568333333333334 0.07860534124629083 0.04038333333333332
0 0.5089020771513353 0.1875 0.06824925816023739 0.045
0 0.7870326409495549 0.19161666666666666 0.06456973293768543 0.04276666666666666
0 0.4421364985163205 0.19166666666666668 0.06528189910979229 0.045
0 0.37388724035608306 0.19333333333333333 0.06528189910979229 0.04666666666666667
0 0.3086053412462908 0.19833333333333333 0.06528189910979229 0.04666666666666667
0 0.18100890207715134 0.20083333333333334 0.06231454005934718 0.041666666666666664
0 0.24480712166172106 0.20083333333333334 0.05637982195845697 0.04
0 0.11275964391691394 0.20666666666666667 0.06231454005934718 0.05
0 0.7166172106824926 0.2225 0.0712166172106825 0.04666666666666667
0 0.9866468842729971 0.22416666666666665 0.020771513353115726 0.03833333333333333
0 0.6454005934718101 0.22416666666666665 0.06528189910979229 0.045
0 0.9399703264094955 0.22566666666666668 0.06875370919881293 0.04593333333333334
0 0.864540059347181 0.22606666666666664 0.064540059347181 0.04196666666666668
0 0.5786350148367952 0.2275 0.06528189910979229 0.043333333333333335
0 0.7905341246290802 0.23199999999999998 0.07160237388724035 0.04276666666666668
0 0.5074183976261127 0.2325 0.0712166172106825 0.045
0 0.4391691394658754 0.2375 0.06528189910979229 0.045
0 0.37388724035608306 0.23833333333333334 0.06528189910979229 0.045
0 0.3026706231454006 0.24 0.06528189910979229 0.043333333333333335
0 0.2344213649851632 0.24333333333333335 0.06231454005934718 0.043333333333333335
0 0.16913946587537093 0.245 0.05934718100890208 0.043333333333333335
0 0.10385756676557864 0.25083333333333335 0.05934718100890208 0.043333333333333335
0 0.8659643916913946 0.26725 0.07863501483679525 0.04354999999999999
0 0.7195845697329377 0.26916666666666667 0.0712166172106825 0.045
0 0.793353115727003 0.2716 0.07442136498516325 0.03958333333333333
0 0.6468842729970327 0.27166666666666667 0.06824925816023739 0.04666666666666667
0 0.9477151335311572 0.27396666666666664 0.06732937685459957 0.04276666666666671
0 0.5771513353115727 0.27416666666666667 0.06824925816023739 0.04833333333333333
0 0.5074183976261127 0.27666666666666667 0.06528189910979229 0.05
0 0.4362017804154303 0.2825 0.06528189910979229 0.045
0 0.36795252225519287 0.2833333333333333 0.06528189910979229 0.04666666666666667
0 0.30118694362017806 0.285 0.06231454005934718 0.04666666666666667
0 0.23293768545994065 0.2866666666666667 0.06528189910979229 0.04666666666666667
0 0.1661721068249258 0.2875 0.06528189910979229 0.043333333333333335
0 0.09643916913946587 0.29 0.0712166172106825 0.04666666666666667
0 0.8744213649851632 0.31198333333333333 0.07581602373887227 0.05068333333333337
0 0.7983086053412463 0.31593333333333334 0.07302670623145405 0.04751666666666665
0 0.7195845697329377 0.31666666666666665 0.07418397626112759 0.05
0 0.9533531157270029 0.31871666666666665 0.06451038575667659 0.04196666666666668
0 0.6468842729970327 0.32 0.06824925816023739 0.05
0 0.5741839762611276 0.3233333333333333 0.06824925816023739 0.05
0 0.5044510385756676 0.32666666666666666 0.06824925816023739 0.051666666666666666
0 0.4317507418397626 0.3275 0.06231454005934718 0.04666666666666667
0 0.3664688427299703 0.33 0.06231454005934718 0.045
0 0.29673590504451036 0.3325 0.06824925816023739 0.045
0 0.22255192878338279 0.3333333333333333 0.06824925816023739 0.05
0 0.15578635014836795 0.3358333333333333 0.06528189910979229 0.05333333333333334
0 0.08456973293768547 0.3375 0.06824925816023739 0.05333333333333334
0 0.9747774480712166 0.3775 0.04451038575667656 0.03833333333333333
0 0.9216320474777447 0.3804666666666667 0.06029673590504466 0.0324666666666667
0 0.7270029673590505 0.3825 0.06824925816023739 0.05333333333333334
0 0.6483679525222552 0.385 0.08011869436201781 0.055
0 0.8596142433234422 0.3872 0.060326409495549085 0.03800000000000002
0 0.5741839762611276 0.3875 0.07418397626112759 0.051666666666666666
0 0.43026706231454004 0.3933333333333333 0.0830860534124629 0.05
0 0.2789317507418398 0.39416666666666667 0.06528189910979229 0.04833333333333333
0 0.2032640949554896 0.3975 0.06528189910979229 0.051666666666666666
0 0.12759643916913946 0.39916666666666667 0.07418397626112759 0.05
0 0.35311572700296734 0.4025 0.06824925816023739 0.051666666666666666
0 0.057863501483679525 0.4025 0.06824925816023739 0.051666666666666666
0 0.9286943620178042 0.41531666666666667 0.0631157270029673 0.03721666666666669
0 0.9807121661721068 0.4166666666666667 0.032640949554896145 0.043333333333333335
0 0.8652522255192877 0.4224333333333334 0.060326409495549085 0.03563333333333337
0 0.8032344213649851 0.426 0.057507418397626096 0.04276666666666671
0 0.728486646884273 0.43583333333333335 0.0771513353115727 0.051666666666666666
0 0.6483679525222552 0.43916666666666665 0.0771513353115727 0.055
0 0.56973293768546 0.44083333333333335 0.0771513353115727 0.05333333333333334
0 0.4228486646884273 0.44333333333333336 0.07418397626112759 0.05333333333333334
0 0.49554896142433236 0.44416666666666665 0.06528189910979229 0.05333333333333334
0 0.26706231454005935 0.44583333333333336 0.0771513353115727 0.05333333333333334
0 0.34421364985163205 0.44916666666666666 0.0771513353115727 0.04833333333333333
0 0.1172106824925816 0.4508333333333333 0.06824925816023739 0.051666666666666666
0 0.1943620178041543 0.4508333333333333 0.0771513353115727 0.055
0 0.04896142433234421 0.4525 0.0712166172106825 0.051666666666666666
0 0.9866172106824926 0.4537166666666667 0.026735905044510358 0.04276666666666661
0 0.9343323442136499 0.4572833333333333 0.06593471810089029 0.04196666666666658
0 0.8659643916913946 0.45926666666666666 0.064540059347181 0.03799999999999992
0 0.8046587537091988 0.4663833333333333 0.06596439169139472 0.04118333333333339
0 0.728486646884273 0.49083333333333334 0.0830860534124629 0.06
0 0.5727002967359051 0.495 0.07418397626112759 0.05333333333333334
0 0.6513353115727003 0.495 0.0771513353115727 0.056666666666666664
0 0.41543026706231456 0.4975 0.0712166172106825 0.055
0 0.49258160237388726 0.4975 0.07418397626112759 0.05333333333333334
0 0.3397626112759644 0.49833333333333335 0.08011869436201781 0.056666666666666664
0 0.8758160237388724 0.49885 0.067359050445104 0.03799999999999992
0 0.9434718100890207 0.49885 0.07014836795252222 0.03958333333333333
0 0.8081602373887241 0.5000333333333333 0.06738872403560842 0.03721666666666674
0 0.26112759643916916 0.5025 0.07418397626112759 0.056666666666666664
0 0.11275964391691394 0.505 0.0712166172106825 0.058333333333333334
0 0.1884272997032641 0.505 0.07418397626112759 0.05
0 0.03857566765578635 0.5058333333333334 0.07418397626112759 0.06166666666666667