0 0.47833333333333333 0.40059347181008903 0.056666666666666664 0.14836795252225518
0 0.3641666666666667 0.4020771513353116 0.055 0.1513353115727003
0 0.5506666666666666 0.40281899109792285 0.05504999999999995 0.14554896142433238
0 0.4216666666666667 0.4198813056379822 0.056666666666666664 0.12759643916913946
0 0.72575 0.42353115727002966 0.0549666666666667 0.13439169139465879
0 0.6691666666666667 0.42433234421364985 0.055 0.14836795252225518
0 0.19668333333333338 0.4284272997032641 0.05865000000000002 0.14350148367952525
0 0.9652833333333333 0.4552522255192878 0.05233333333333348 0.13738872403560834
0 0.847 0.45750741839762615 0.051533333333333264 0.1298516320474777
0 0.9072000000000001 0.45902077151335313 0.05828333333333338 0.12682492581602375
0 0.7872333333333333 0.4658160237388724 0.06258333333333325 0.12833827893175073
0 0.6083333333333333 0.5385756676557863 0.06 0.1513353115727003
0 0.4816666666666667 0.543026706231454 0.06333333333333334 0.14836795252225518
0 0.5506666666666666 0.5493768545994064 0.052749999999999964 0.14350148367952525
0 0.36583333333333334 0.5504451038575667 0.055 0.1394658753709199
0 0.4225 0.5534124629080118 0.058333333333333334 0.1394658753709199
0 0.7283333333333334 0.5563798219584569 0.06 0.13353115727002968
0 0.31295 0.5586053412462908 0.05169999999999997 0.15373887240356085
0 0.6691666666666667 0.5652818991097923 0.058333333333333334 0.1394658753709199
0 0.25655 0.5678338278931752 0.054016666666666616 0.14350148367952525
0 0.20071666666666668 0.5739762611275965 0.055183333333333355 0.13940652818991103
0 0.14431666666666668 0.5750148367952522 0.05521666666666666 0.1332344213649851
0 0.8452999999999999 0.5820771513353116 0.05491666666666665 0.1343916913946588
0 0.9631666666666666 0.5881008902077152 0.05488333333333344 0.12231454005934726
0 0.9021166666666667 0.5926409495548961 0.06168333333333332 0.1253115727002968
0 0.7855333333333333 0.5934124629080119 0.05410000000000006 0.12080118694362012
0 0.5516666666666666 0.6869436201780416 0.07 0.1394658753709199
0 0.6141666666666666 0.6869436201780416 0.055 0.1394658753709199
0 0.4841666666666667 0.6884272997032641 0.06166666666666667 0.142433234421365
0 0.36833333333333335 0.6899109792284867 0.05333333333333334 0.1394658753709199
0 0.7275 0.6913946587537092 0.058333333333333334 0.13649851632047477
0 0.31583333333333335 0.6939169139465875 0.05515000000000005 0.12504451038575665
0 0.42333333333333334 0.6943620178041543 0.056666666666666664 0.13649851632047477
0 0.6683333333333333 0.6988130563798219 0.05333333333333334 0.12759643916913946
0 0.26 0.7041543026706232 0.05171666666666662 0.13735905044510383
0 0.2059 0.7092878338278932 0.054033333333333315 0.131186943620178
0 0.14948333333333333 0.7102967359050445 0.054050000000000015 0.13735905044510383
0 0.9580833333333334 0.711186943620178 0.0514833333333335 0.11777448071216616
0 0.7846833333333333 0.7126706231454005 0.05410000000000006 0.11777448071216616
0 0.84065 0.7126706231454004 0.05576666666666673 0.12382789317507416
0 0.9004166666666666 0.7126706231454005 0.05828333333333338 0.11474777448071222
0 0.6122666666666667 0.8240949554896143 0.05158333333333341 0.14350148367952525
0 0.425 0.827893175074184 0.056666666666666664 0.13649851632047477
0 0.6683333333333333 0.827893175074184 0.05333333333333334 0.13649851632047477
0 0.7258333333333333 0.827893175074184 0.058333333333333334 0.13649851632047477
0 0.32158333333333333 0.8291988130563798 0.052833333333333315 0.12913946587537087
0 0.37 0.8293768545994066 0.05333333333333334 0.13353115727002968
0 0.48583333333333334 0.8308605341246291 0.06166666666666667 0.142433234421365
0 0.5508333333333333 0.8308605341246291 0.06833333333333333 0.142433234421365
0 0.8978833333333334 0.8334718100890207 0.05490000000000009 0.12382789317507424
0 0.26344999999999996 0.8343323442136499 0.0563166666666667 0.13118694362017816
0 0.7808666666666666 0.837240356083086 0.058333333333333334 0.12833827893175073
0 0.9563833333333334 0.837240356083086 0.0514833333333335 0.1192878338278933
0 0.83895 0.8387537091988131 0.05576666666666673 0.12231454005934726
0 0.20876666666666666 0.8425222551928784 0.057483333333333324 0.1353115727002968
0 0.15295 0.843560830860534 0.05866666666666669 0.12913946587537087