0 0.03128333333333333 0.3601186943620178 0.06255000000000001 0.2292878338278932
0 0.6033333333333334 0.3887240356083086 0.07666666666666666 0.20771513353115728
0 0.9383333333333334 0.3887240356083086 0.09666666666666666 0.19584569732937684
0 0.435 0.3916913946587537 0.07666666666666666 0.20178041543026706
0 0.5183333333333333 0.3916913946587537 0.07666666666666666 0.20178041543026706
0 0.7508333333333334 0.3961424332344214 0.065 0.16913946587537093
0 0.35833333333333334 0.40059347181008903 0.07333333333333333 0.19584569732937684
0 0.6783333333333333 0.4421364985163205 0.06333333333333334 0.16023738872403562
0 0.0225 0.56973293768546 0.045 0.23738872403560832
0 0.6041666666666666 0.5934718100890207 0.07833333333333334 0.20178041543026706
0 0.7608333333333334 0.5949554896142433 0.085 0.22255192878338279
0 0.855 0.5949554896142433 0.09 0.22255192878338279
0 0.9516666666666667 0.5964391691394659 0.09333333333333334 0.22551928783382788
0 0.3541666666666667 0.5964391691394659 0.075 0.19584569732937684
0 0.5166666666666667 0.5964391691394659 0.08 0.20178041543026706
0 0.4325 0.5979228486646885 0.07833333333333334 0.20474777448071216
0 0.6808333333333333 0.6112759643916914 0.06833333333333333 0.17210682492581603
0 0.11789999999999999 0.6204451038575668 0.06501666666666665 0.1564688427299704
0 0.024466666666666668 0.9052522255192879 0.048933333333333336 0.14777448071216603
0 0.4666666666666667 0.9287833827893175 0.09 0.13649851632047477
0 0.3133166666666667 0.9316023738872403 0.08614999999999999 0.13676557863501493
0 0.23833333333333334 0.93026706231454 0.07 0.13353115727002968
0 0.9283333333333333 0.17804154302670624 0.09333333333333334 0.21364985163204747
0 0.6791666666666667 0.271513353115727 0.065 0.17507418397626112