0 0.5783333333333334 0.29673590504451036 0.05333333333333334 0.10682492581602374
0 0.8366666666666667 0.31602373887240354 0.07666666666666666 0.14540059347181009
0 0.5275 0.327893175074184 0.051666666666666666 0.10979228486646884
0 0.7666666666666667 0.34124629080118696 0.06666666666666667 0.13649851632047477
0 0.48083333333333333 0.35756676557863504 0.045 0.10385756676557864
0 0.6925 0.3664688427299703 0.065 0.14540059347181009
0 0.43166666666666664 0.37833827893175076 0.04666666666666667 0.10385756676557864
0 0.6283333333333333 0.3887240356083086 0.056666666666666664 0.11869436201780416
0 0.385 0.3961424332344214 0.043333333333333335 0.10385756676557864
0 0.5708333333333333 0.40801186943620177 0.055 0.11572700296735905
0 0.345 0.4094955489614243 0.05 0.09495548961424333
0 0.9291666666666667 0.41543026706231456 0.095 0.1661721068249258
0 0.985 0.4317507418397626 0.02666666666666667 0.17507418397626112
0 0.3025 0.4317507418397626 0.045 0.09198813056379822
0 0.5166666666666667 0.4362017804154303 0.05333333333333334 0.11275964391691394
0 0.8458333333333333 0.44807121661721067 0.07833333333333334 0.16023738872403562
0 0.4675 0.4599406528189911 0.055 0.11275964391691394
0 0.18703333333333333 0.46813056379821955 0.058783333333333326 0.09189910979228495
0 0.14766666666666667 0.46813056379821955 0.03601666666666669 0.07632047477744815
0 0.765 0.47181008902077154 0.07 0.1543026706231454
0 0.4166666666666667 0.4807121661721068 0.05 0.10682492581602374
0 0.11635000000000001 0.48486646884273 0.03574999999999999 0.07222551928783376
0 0.6883333333333334 0.4896142433234421 0.06666666666666667 0.14836795252225518
0 0.37083333333333335 0.5 0.04833333333333333 0.10385756676557864
0 0.32166666666666666 0.5133531157270029 0.05333333333333334 0.10089020771513353
0 0.6216666666666667 0.516320474777448 0.06333333333333334 0.13056379821958458
0 0.2816666666666667 0.5311572700296736 0.05 0.10089020771513353
0 0.5616666666666666 0.5311572700296736 0.056666666666666664 0.13056379821958458
0 0.12493333333333333 0.5467952522255193 0.04301666666666667 0.07789317507418397
0 0.16473333333333334 0.547566765578635 0.06314999999999998 0.08878338278931755
0 0.09576666666666667 0.5510682492581602 0.03636666666666668 0.07551928783382786
0 0.5058333333333334 0.5563798219584569 0.051666666666666666 0.12759643916913946
0 0.01795 0.55973293768546 0.03571666666666667 0.05709198813056383
0 0.9475 0.5712166172106825 0.09833333333333333 0.18694362017804153
0 0.45166666666666666 0.5756676557863502 0.05333333333333334 0.11869436201780416
0 0.06546666666666667 0.5797032640949555 0.03038333333333334 0.07498516320474773
0 0.4 0.5964391691394659 0.05333333333333334 0.11869436201780416
0 0.041716666666666666 0.5984569732937686 0.04008333333333333 0.08172106824925822
0 0.8525 0.6068249258160238 0.085 0.17507418397626112
0 0.01585 0.6087537091988131 0.02735 0.07323442136498519
0 0.35 0.6112759643916914 0.05 0.11275964391691394
0 0.30333333333333334 0.6216617210682492 0.05333333333333334 0.10979228486646884
0 0.7666666666666667 0.629080118694362 0.08 0.17804154302670624
0 0.09956666666666668 0.630919881305638 0.03776666666666667 0.09035608308605338
0 0.07303333333333334 0.6326112759643917 0.0425 0.09192878338278937
0 0.14505 0.6332344213649852 0.06226666666666669 0.10436201780415436
0 0.2608333333333333 0.6379821958456974 0.051666666666666666 0.10682492581602374
0 0.6858333333333333 0.6439169139465876 0.07166666666666667 0.1661721068249258
0 0.04468333333333333 0.655192878338279 0.02766666666666667 0.0797922848664688
0 0.6141666666666666 0.658753709198813 0.06166666666666667 0.1543026706231454
0 0.5508333333333333 0.6706231454005934 0.065 0.13649851632047477
0 0.019166666666666665 0.6795252225519288 0.03833333333333333 0.0830860534124629
0 0.48833333333333334 0.6884272997032641 0.056666666666666664 0.13649851632047477
0 0.43666666666666665 0.7077151335311572 0.056666666666666664 0.13353115727002968
0 0.046283333333333336 0.7212759643916914 0.040650000000000006 0.09412462908011877
0 0.38 0.7240356083086054 0.05333333333333334 0.13056379821958458
0 0.07681666666666667 0.7243620178041543 0.043 0.09658753709198808
0 0.11925 0.7313946587537091 0.05613333333333335 0.11370919881305636
0 0.33166666666666667 0.7359050445103857 0.05333333333333334 0.12462908011869436
0 0.02173333333333333 0.7421958456973294 0.02603333333333333 0.08652818991097921
0 0.2816666666666667 0.7462908011869436 0.06 0.12759643916913946
0 0.9525 0.7537091988130564 0.09166666666666666 0.18991097922848665
0 0.2325 0.7566765578635015 0.058333333333333334 0.13056379821958458
0 0.8608333333333333 0.7655786350148368 0.08833333333333333 0.17210682492581603
0 0.7666666666666667 0.7818991097922848 0.08333333333333333 0.1632047477744807
0 0.68 0.7937685459940653 0.07666666666666666 0.1572700296735905
0 0.08643333333333333 0.8100593471810089 0.04300000000000001 0.09970326409495556
0 0.6058333333333333 0.8100890207715133 0.065 0.1543026706231454
0 0.5391666666666667 0.8175074183976261 0.065 0.14540059347181009
0 0.021933333333333332 0.8224925816023739 0.043866666666666665 0.10397626112759634
0 0.05013333333333333 0.8225222551928784 0.04911666666666666 0.10281899109792278
0 0.4775 0.8338278931750742 0.055 0.142433234421365
0 0.4216666666666667 0.8456973293768546 0.056666666666666664 0.13056379821958458
0 0.3675 0.857566765578635 0.051666666666666666 0.13056379821958458
0 0.11705 0.8669139465875371 0.05349999999999999 0.08566765578635016
0 0.31083333333333335 0.8679525222551929 0.055 0.12759643916913946
0 0.25833333333333336 0.8783382789317508 0.06 0.11869436201780416
0 0.21083333333333334 0.884272997032641 0.058333333333333334 0.11869436201780416
0 0.022566666666666665 0.9206528189910979 0.03948333333333333 0.1121661721068248
0 0.055383333333333326 0.9253412462908012 0.04036666666666666 0.12151335311572714
0 0.09518333333333333 0.9424629080118695 0.05 0.0810089020771512
0 0.9075 0.14688427299703263 0.07833333333333334 0.1513353115727003
0 0.9733333333333334 0.15875370919881307 0.05 0.1572700296735905
0 0.835 0.1913946587537092 0.07 0.13353115727002968
0 0.7641666666666667 0.22255192878338279 0.06166666666666667 0.12462908011869436
0 0.6941666666666667 0.24183976261127596 0.06166666666666667 0.12759643916913946
0 0.6358333333333334 0.271513353115727 0.055 0.10979228486646884
0 0.9166666666666666 0.271513353115727 0.09 0.1513353115727003
0 0.9808333333333333 0.28486646884273 0.035 0.1661721068249258