0 0.655 0.28555555555555556 0.07 0.13111111111111112
0 0.4475 0.39222222222222225 0.07166666666666667 0.13111111111111112
0 0.9658333333333333 0.3977777777777778 0.065 0.13333333333333333
0 0.5175 0.40444444444444444 0.065 0.12444444444444444
0 0.8908333333333334 0.40555555555555556 0.065 0.10444444444444445
0 0.31083333333333335 0.4066666666666667 0.06833333333333333 0.1288888888888889
0 0.3825 0.4066666666666667 0.065 0.1288888888888889
0 0.6575 0.4066666666666667 0.07166666666666667 0.12
0 0.7325 0.4066666666666667 0.075 0.1288888888888889
0 0.805 0.4066666666666667 0.07666666666666666 0.12444444444444444
0 0.5866666666666667 0.4077777777777778 0.07 0.12666666666666668
0 0.905 0.5255555555555556 0.10333333333333333 0.14
0 0.9725 0.5322222222222223 0.051666666666666666 0.13555555555555557
0 0.36916666666666664 0.5344444444444445 0.07166666666666667 0.12222222222222222
0 0.515 0.5344444444444445 0.07333333333333333 0.13555555555555557
0 0.6625 0.5344444444444445 0.075 0.13111111111111112
0 0.30083333333333334 0.5355555555555556 0.06833333333333333 0.1288888888888889
0 0.5875 0.5366666666666666 0.075 0.13555555555555557
0 0.7391666666666666 0.5366666666666666 0.075 0.13111111111111112
0 0.8158333333333333 0.5366666666666666 0.07166666666666667 0.13111111111111112
0 0.21439999999999998 0.6072444444444445 0.05570000000000003 0.11451111111111105
0 0.3625 0.6611111111111111 0.07166666666666667 0.13111111111111112
0 0.5133333333333333 0.6633333333333333 0.08 0.12666666666666668
0 0.59 0.6633333333333333 0.07666666666666666 0.13111111111111112
0 0.43666666666666665 0.6644444444444444 0.07333333333333333 0.1288888888888889
0 0.9108333333333334 0.6711111111111111 0.10166666666666667 0.1511111111111111
0 0.6683333333333333 0.6722222222222223 0.08 0.14
0 0.98 0.6733333333333333 0.03666666666666667 0.15555555555555556
0 0.7483333333333333 0.6733333333333333 0.08 0.14222222222222222
0 0.8258333333333333 0.6755555555555556 0.075 0.14222222222222222
0 0.044616666666666666 0.7130888888888889 0.051866666666666665 0.1214444444444444
0 0.20203333333333334 0.7226222222222223 0.054399999999999976 0.10584444444444444
0 0.20138333333333333 0.8301999999999999 0.05569999999999998 0.10235555555555569
0 0.07416666666666667 0.9577777777777777 0.045 0.08