0 0.7291666666666666 0.5477777777777778 0.055 0.09111111111111111
0 0.6808333333333333 0.5544444444444444 0.051666666666666666 0.08666666666666667
0 0.63 0.5588888888888889 0.043333333333333335 0.08666666666666667
0 0.5841666666666666 0.5611111111111111 0.045 0.08666666666666667
0 0.5358333333333334 0.5666666666666667 0.041666666666666664 0.08444444444444445
0 0.49166666666666664 0.5677777777777778 0.043333333333333335 0.08666666666666667
0 0.4141666666666667 0.5755555555555556 0.045 0.08
0 0.3275 0.5777777777777777 0.041666666666666664 0.08
0 0.37 0.5777777777777777 0.04 0.08
0 0.285 0.5844444444444444 0.04 0.08
0 0.24166666666666667 0.5866666666666667 0.04 0.08
0 0.20083333333333334 0.59 0.041666666666666664 0.07777777777777778
0 0.7366666666666667 0.6344444444444445 0.056666666666666664 0.09111111111111111
0 0.6833333333333333 0.6411111111111111 0.05333333333333334 0.08666666666666667
0 0.6316666666666667 0.6466666666666666 0.04666666666666667 0.08
0 0.5833333333333334 0.6477777777777778 0.05 0.08222222222222222
0 0.5366666666666666 0.6488888888888888 0.043333333333333335 0.07555555555555556
0 0.4891666666666667 0.6533333333333333 0.045 0.08
0 0.41083333333333333 0.6566666666666666 0.045 0.08222222222222222
0 0.3225 0.6577777777777778 0.045 0.08
0 0.36833333333333335 0.6588888888888889 0.043333333333333335 0.08222222222222222
0 0.2783333333333333 0.6633333333333333 0.043333333333333335 0.07777777777777778
0 0.23416666666666666 0.6677777777777778 0.041666666666666664 0.07333333333333333
0 0.19166666666666668 0.6688888888888889 0.043333333333333335 0.07555555555555556
0 0.9808333333333333 0.7233333333333334 0.035 0.08222222222222222
0 0.74 0.7288888888888889 0.056666666666666664 0.09777777777777778
0 0.8877499999999999 0.7294666666666666 0.05321666666666677 0.07953333333333325
0 0.9422333333333334 0.7301555555555556 0.055266666666666804 0.08364444444444441
0 0.585 0.7344444444444445 0.05 0.09111111111111111
0 0.5358333333333334 0.7355555555555555 0.045 0.09333333333333334
0 0.6866666666666666 0.7355555555555555 0.05 0.09333333333333334
0 0.8435333333333334 0.7363333333333334 0.04501666666666665 0.08775555555555557
0 0.6341666666666667 0.7366666666666667 0.051666666666666666 0.09111111111111111
0 0.4891666666666667 0.7411111111111112 0.04833333333333333 0.09111111111111111
0 0.31666666666666665 0.7433333333333333 0.043333333333333335 0.08666666666666667
0 0.3616666666666667 0.7455555555555555 0.04666666666666667 0.08666666666666667
0 0.4066666666666667 0.7455555555555555 0.04666666666666667 0.08666666666666667
0 0.1825 0.7466666666666667 0.045 0.08444444444444445
0 0.22666666666666666 0.7477777777777778 0.043333333333333335 0.08222222222222222
0 0.27166666666666667 0.7488888888888889 0.043333333333333335 0.08888888888888889
0 0.9858333333333333 0.8066666666666666 0.025 0.08444444444444445
0 0.9530333333333334 0.8110666666666667 0.0562833333333333 0.08364444444444441
0 0.9000833333333332 0.8165333333333333 0.05321666666666677 0.08364444444444441
0 0.8522666666666667 0.8179111111111111 0.039866666666666696 0.08637777777777779
0 0.6375 0.83 0.04833333333333333 0.1
0 0.7458333333333333 0.83 0.058333333333333334 0.10444444444444445
0 0.6925 0.8322222222222222 0.051666666666666666 0.1
0 0.48833333333333334 0.8333333333333334 0.05 0.08888888888888889
0 0.5383333333333333 0.8333333333333334 0.04666666666666667 0.09777777777777778
0 0.31 0.8344444444444444 0.043333333333333335 0.09555555555555556
0 0.4041666666666667 0.8344444444444444 0.04833333333333333 0.09111111111111111
0 0.2225 0.8355555555555556 0.041666666666666664 0.08888888888888889
0 0.3566666666666667 0.8355555555555556 0.04666666666666667 0.09333333333333334
0 0.17583333333333334 0.8366666666666667 0.04833333333333333 0.08666666666666667
0 0.2658333333333333 0.8366666666666667 0.045 0.08666666666666667
0 0.9612666666666666 0.8988222222222223 0.0562833333333333 0.09462222222222232
0 0.9088166666666666 0.9001777777777777 0.05218333333333324 0.08913333333333337
0 0.8620333333333334 0.9070444444444444 0.04294999999999997 0.09186666666666674
0 0.9691666666666666 0.9688888888888889 0.058333333333333334 0.057777777777777775
0 0.9133333333333333 0.9711111111111111 0.056666666666666664 0.05333333333333334
0 0.8691666666666666 0.9744444444444444 0.041666666666666664 0.04666666666666667