0 0.050249999999999996 0.2916666666666667 0.10049999999999999 0.23333333333333334
0 0.9358333333333333 0.3 0.125 0.39555555555555555
0 0.14645 0.32222222222222224 0.09140000000000001 0.2
0 0.7741666666666667 0.3277777777777778 0.18166666666666667 0.34
0 0.615 0.3477777777777778 0.14333333333333334 0.30444444444444446
0 0.4816666666666667 0.36333333333333334 0.11666666666666667 0.2733333333333333
0 0.37166666666666665 0.37444444444444447 0.10333333333333333 0.2511111111111111
0 0.2633333333333333 0.38 0.10666666666666667 0.24
0 0.49326666666666663 0.04862222222222221 0.12251666666666665 0.09722222222222222
0 0.051300000000000005 0.5180666666666667 0.10258333333333333 0.21944444444444444
0 0.14020000000000002 0.5180666666666667 0.1039 0.18611111111111112
0 0.38598333333333334 0.06111111111111111 0.08715000000000003 0.12222222222222222
0 0.26 0.62 0.11 0.2311111111111111
0 0.3675 0.6288888888888889 0.10166666666666667 0.2577777777777778
0 0.4816666666666667 0.6411111111111111 0.12333333333333334 0.2777777777777778
0 0.615 0.6566666666666666 0.14333333333333334 0.3088888888888889
0 0.7775 0.6744444444444444 0.185 0.34444444444444444
0 0.9366666666666666 0.6944444444444444 0.12333333333333334 0.3933333333333333
0 0.28704999999999997 0.07362222222222221 0.10176666666666667 0.14722222222222223
0 0.14436666666666667 0.7722222222222223 0.09554999999999998 0.2777777777777778
0 0.05583333333333333 0.7847333333333333 0.07683333333333332 0.275
0 0.051300000000000005 0.1 0.10258333333333333 0.2
0 0.15166666666666667 0.125 0.10181666666666667 0.2