0 0.6183333333333333 0.3086053412462908 0.043333333333333335 0.10682492581602374
0 0.6666666666666666 0.3086053412462908 0.043333333333333335 0.10682492581602374
0 0.575 0.31008902077151335 0.043333333333333335 0.10385756676557864
0 0.5283333333333333 0.31305637982195844 0.04 0.10385756676557864
0 0.4866666666666667 0.31602373887240354 0.04 0.10385756676557864
0 0.44333333333333336 0.3189910979228487 0.04 0.10385756676557864
0 0.35833333333333334 0.3219584569732938 0.04 0.10385756676557864
0 0.3983333333333333 0.3219584569732938 0.04 0.10385756676557864
0 0.315 0.3249258160237389 0.04 0.10385756676557864
0 0.27416666666666667 0.3264094955489614 0.03833333333333333 0.10089020771513353
0 0.18833333333333332 0.327893175074184 0.03666666666666667 0.10385756676557864
0 0.23083333333333333 0.33086053412462907 0.03833333333333333 0.10385756676557864
0 0.7158333333333333 0.3456973293768546 0.045 0.10979228486646884
0 0.5733333333333334 0.41543026706231456 0.043333333333333335 0.10682492581602374
0 0.62 0.41543026706231456 0.043333333333333335 0.10682492581602374
0 0.6666666666666666 0.41839762611275966 0.043333333333333335 0.10682492581602374
0 0.53 0.42136498516320475 0.043333333333333335 0.10089020771513353
0 0.44166666666666665 0.4228486646884273 0.04 0.10385756676557864
0 0.485 0.4228486646884273 0.04 0.10385756676557864
0 0.315 0.42729970326409494 0.043333333333333335 0.10089020771513353
0 0.7158333333333333 0.42729970326409494 0.045 0.0771513353115727
0 0.1875 0.4287833827893175 0.03833333333333333 0.09792284866468842
0 0.2725 0.4287833827893175 0.041666666666666664 0.09792284866468842
0 0.4 0.4287833827893175 0.04 0.10385756676557864
0 0.14416666666666667 0.4287833827893175 0.03833333333333333 0.10682492581602374
0 0.3566666666666667 0.4317507418397626 0.043333333333333335 0.10979228486646884
0 0.985 0.46735905044510384 0.02666666666666667 0.10979228486646884
0 0.9506999999999999 0.47293768545994064 0.04956666666666668 0.10385756676557864
0 0.9013166666666667 0.47362017804154305 0.04724999999999985 0.09970326409495556
0 0.7141666666666666 0.5207715133531158 0.045 0.10979228486646884
0 0.575 0.5222551928783383 0.043333333333333335 0.10682492581602374
0 0.53 0.5252225519287834 0.043333333333333335 0.10089020771513353
0 0.62 0.5252225519287834 0.043333333333333335 0.10682492581602374
0 0.6666666666666666 0.5281899109792285 0.043333333333333335 0.10682492581602374
0 0.44 0.5296735905044511 0.04 0.10385756676557864
0 0.485 0.5296735905044511 0.04 0.10385756676557864
0 0.1825 0.5311572700296736 0.041666666666666664 0.10682492581602374
0 0.22666666666666666 0.5311572700296736 0.043333333333333335 0.10089020771513353
0 0.27 0.5311572700296736 0.043333333333333335 0.10682492581602374
0 0.3983333333333333 0.5326409495548962 0.04 0.10385756676557864
0 0.3125 0.5341246290801187 0.03833333333333333 0.10089020771513353
0 0.35333333333333333 0.5341246290801187 0.043333333333333335 0.10682492581602374
0 0.13833333333333334 0.5341246290801187 0.041666666666666664 0.10089020771513353
0 0.9897833333333333 0.5719584569732937 0.020416666666666666 0.09970326409495556
0 0.9048166666666666 0.573353115727003 0.0464833333333335 0.10249258160237394
0 0.9549666666666667 0.5754302670623145 0.05035000000000006 0.10940652818991099
0 0.9592499999999999 0.6778931750741839 0.04956666666666668 0.10940652818991099
0 0.9094666666666665 0.6792878338278932 0.05113333333333344 0.11216617210682496
0 0.9909500000000001 0.6799703264094956 0.01808333333333318 0.09970326409495556
0 0.2775 0.6958456973293768 0.041666666666666664 0.10979228486646884
0 0.2325 0.6973293768545994 0.041666666666666664 0.10682492581602374
0 0.32083333333333336 0.6973293768545994 0.041666666666666664 0.10682492581602374
0 0.365 0.6973293768545994 0.043333333333333335 0.10682492581602374
0 0.19083333333333333 0.6988130563798219 0.041666666666666664 0.10979228486646884
0 0.45416666666666666 0.6988130563798219 0.041666666666666664 0.11572700296735905
0 0.5425 0.6988130563798219 0.045 0.10979228486646884
0 0.5883333333333334 0.6988130563798219 0.043333333333333335 0.10979228486646884
0 0.6333333333333333 0.6988130563798219 0.043333333333333335 0.11572700296735905
0 0.68 0.6988130563798219 0.05 0.11572700296735905
0 0.7241666666666666 0.6988130563798219 0.04833333333333333 0.11572700296735905
0 0.41 0.7002967359050445 0.043333333333333335 0.11275964391691394
0 0.4975 0.7002967359050445 0.041666666666666664 0.11275964391691394
0 0.14583333333333334 0.7002967359050445 0.045 0.11275964391691394
0 0.7951499999999999 0.7928486646884273 0.015383333333333363 0.06231454005934718
0 0.185 0.8071216617210683 0.04 0.10682492581602374
0 0.27416666666666667 0.8071216617210683 0.045 0.11275964391691394
0 0.14166666666666666 0.8086053412462908 0.043333333333333335 0.10385756676557864
0 0.23 0.8100890207715133 0.043333333333333335 0.10682492581602374
0 0.3175 0.8100890207715133 0.041666666666666664 0.11275964391691394
0 0.3616666666666667 0.8100890207715133 0.043333333333333335 0.11275964391691394
0 0.4533333333333333 0.8115727002967359 0.043333333333333335 0.10979228486646884
0 0.4075 0.8130563798219584 0.045 0.10682492581602374
0 0.4975 0.8130563798219584 0.045 0.11275964391691394
0 0.5441666666666667 0.8130563798219584 0.045 0.11275964391691394
0 0.5875 0.8130563798219584 0.045 0.11869436201780416
0 0.6341666666666667 0.814540059347181 0.04833333333333333 0.11572700296735905
0 0.6833333333333333 0.8160237388724035 0.05 0.11869436201780416
0 0.7308333333333333 0.8175074183976261 0.04833333333333333 0.11572700296735905
0 0.9261833333333334 0.819139465875371 0.06900000000000016 0.13709198813056384
0 0.9783333333333334 0.8293768545994066 0.04 0.12166172106824925
0 0.8215833333333333 0.857240356083086 0.03248333333333335 0.06925816023738882
0 0.7970833333333334 0.8586350148367953 0.016166666666666742 0.06646884272997026
0 0.13916666666666666 0.9183976261127597 0.041666666666666664 0.10979228486646884
0 0.8184666666666667 0.9188724035608309 0.0387166666666667 0.04569732937685453
0 0.18166666666666667 0.9198813056379822 0.043333333333333335 0.11275964391691394
0 0.22666666666666666 0.9228486646884273 0.04 0.11275964391691394
0 0.27 0.9228486646884273 0.043333333333333335 0.11869436201780416
0 0.315 0.9228486646884273 0.043333333333333335 0.11869436201780416
0 0.36 0.9228486646884273 0.043333333333333335 0.11275964391691394
0 0.4075 0.9243323442136498 0.045 0.11572700296735905
0 0.4533333333333333 0.9258160237388724 0.043333333333333335 0.11275964391691394
0 0.49833333333333335 0.9287833827893175 0.043333333333333335 0.11275964391691394
0 0.5416666666666666 0.93026706231454 0.043333333333333335 0.11572700296735905
0 0.59 0.9317507418397626 0.04666666666666667 0.11869436201780416
0 0.6375 0.9347181008902077 0.04833333333333333 0.11869436201780416
0 0.6858333333333333 0.9347181008902077 0.04833333333333333 0.11869436201780416
0 0.8694166666666666 0.9382492581602374 0.06434999999999992 0.12326409495548951
0 0.7341666666666666 0.9391691394658753 0.051666666666666666 0.11572700296735905
0 0.9325 0.9406528189910979 0.058333333333333334 0.11275964391691394
0 0.9808333333333333 0.9436201780415431 0.035 0.10682492581602374