0 0.7275 0.29673590504451036 0.03833333333333333 0.10682492581602374
0 0.8016666666666666 0.29673590504451036 0.03333333333333333 0.10089020771513353
0 0.7575 0.42729970326409494 0.035 0.10682492581602374
0 0.7941666666666667 0.42729970326409494 0.035 0.10682492581602374
0 0.7191666666666666 0.43026706231454004 0.03833333333333333 0.10682492581602374
0 0.5575 0.4317507418397626 0.041666666666666664 0.11572700296735905
0 0.5991666666666666 0.4317507418397626 0.03833333333333333 0.11572700296735905
0 0.6391666666666667 0.4317507418397626 0.03833333333333333 0.11572700296735905
0 0.6808333333333333 0.4317507418397626 0.041666666666666664 0.10979228486646884
0 0.4666666666666667 0.4332344213649852 0.043333333333333335 0.11869436201780416
0 0.5133333333333333 0.4332344213649852 0.04666666666666667 0.11869436201780416
0 0.37 0.4362017804154303 0.05 0.12462908011869436
0 0.41833333333333333 0.4362017804154303 0.04666666666666667 0.12462908011869436
0 0.31666666666666665 0.4391691394658754 0.05333333333333334 0.13056379821958458
0 0.26416666666666666 0.4421364985163205 0.04833333333333333 0.13649851632047477
0 0.7566666666666667 0.5341246290801187 0.04 0.10682492581602374
0 0.7941666666666667 0.5341246290801187 0.035 0.10089020771513353
0 0.7191666666666666 0.5385756676557863 0.03833333333333333 0.10385756676557864
0 0.68 0.5400593471810089 0.04 0.10089020771513353
0 0.6008333333333333 0.5445103857566765 0.03833333333333333 0.10979228486646884
0 0.6391666666666667 0.5459940652818991 0.03833333333333333 0.11275964391691394
0 0.5591666666666667 0.5489614243323442 0.041666666666666664 0.11869436201780416
0 0.5125 0.5504451038575667 0.04833333333333333 0.12166172106824925
0 0.4675 0.5563798219584569 0.04833333333333333 0.12759643916913946
0 0.4191666666666667 0.5637982195845698 0.04833333333333333 0.12462908011869436
0 0.37 0.5652818991097923 0.05 0.12759643916913946
0 0.31916666666666665 0.5682492581602374 0.051666666666666666 0.12759643916913946
0 0.26666666666666666 0.5741839762611276 0.05 0.12759643916913946
0 0.92375 0.6511572700296736 0.04446666666666677 0.09035608308605338
0 0.8752 0.6566172106824926 0.02261666666666656 0.09501483679525217
0 0.7991666666666667 0.6617210682492581 0.03833333333333333 0.10682492581602374
0 0.76 0.6676557863501483 0.04 0.10682492581602374
0 0.7225 0.672106824925816 0.035 0.10979228486646884
0 0.685 0.6810089020771514 0.03666666666666667 0.10979228486646884
0 0.645 0.6839762611275965 0.04 0.10979228486646884
0 0.605 0.6884272997032641 0.04 0.11869436201780416
0 0.5641666666666667 0.6943620178041543 0.041666666666666664 0.11869436201780416
0 0.5191666666666667 0.7002967359050445 0.045 0.11869436201780416
0 0.4708333333333333 0.7077151335311572 0.04833333333333333 0.12759643916913946
0 0.425 0.7106824925816023 0.043333333333333335 0.12166172106824925
0 0.375 0.7225519287833828 0.05 0.12166172106824925
0 0.9618166666666668 0.7313946587537091 0.029583333333333333 0.08255192878338277
0 0.3233333333333333 0.7329376854599406 0.05 0.13649851632047477
0 0.27 0.7359050445103857 0.05333333333333334 0.13056379821958458
0 0.9312 0.7407418397626112 0.026083333333333486 0.08566765578635016
0 0.9018833333333334 0.746172106824926 0.032216666666666546 0.09347181008902086
0 0.8747666666666667 0.7516320474777448 0.026983333333333425 0.09501483679525217
0 0.7991666666666667 0.7655786350148368 0.03833333333333333 0.10089020771513353
0 0.7625 0.7729970326409495 0.03833333333333333 0.10385756676557864
0 0.7233333333333334 0.7789317507418397 0.03333333333333333 0.10385756676557864
0 0.6875 0.787833827893175 0.035 0.10385756676557864
0 0.6466666666666666 0.7937685459940653 0.04 0.10979228486646884
0 0.6083333333333333 0.8041543026706232 0.04 0.11275964391691394
0 0.5641666666666667 0.8100890207715133 0.045 0.11275964391691394
0 0.52 0.8189910979228486 0.043333333333333335 0.11869436201780416
0 0.4725 0.8293768545994066 0.04833333333333333 0.10979228486646884
0 0.4266666666666667 0.8367952522255193 0.04666666666666667 0.12462908011869436
0 0.3775 0.8501483679525222 0.04833333333333333 0.12166172106824925
0 0.32416666666666666 0.8620178041543026 0.055 0.12166172106824925
0 0.27 0.8694362017804155 0.05333333333333334 0.13056379821958458
0 0.25666666666666665 0.13501483679525222 0.05 0.13353115727002968
0 0.3175 0.14540059347181009 0.051666666666666666 0.13649851632047477
0 0.3725 0.14836795252225518 0.04833333333333333 0.13056379821958458
0 0.425 0.15281899109792285 0.04666666666666667 0.13353115727002968
0 0.4725 0.16023738872403562 0.045 0.12462908011869436
0 0.5183333333333333 0.16172106824925817 0.043333333333333335 0.12166172106824925
0 0.5633333333333334 0.1661721068249258 0.043333333333333335 0.11869436201780416
0 0.6075 0.17210682492581603 0.03833333333333333 0.11869436201780416
0 0.6475 0.17507418397626112 0.03833333333333333 0.11275964391691394
0 0.6883333333333334 0.1824925816023739 0.03666666666666667 0.10979228486646884
0 0.7275 0.18397626112759644 0.03833333333333333 0.11275964391691394
0 0.7641666666666667 0.18397626112759644 0.03833333333333333 0.11275964391691394
0 0.7991666666666667 0.1913946587537092 0.03166666666666667 0.10979228486646884
0 0.265 0.2744807121661721 0.05333333333333334 0.13353115727002968
0 0.37416666666666665 0.2789317507418398 0.055 0.13056379821958458
0 0.31916666666666665 0.28041543026706234 0.051666666666666666 0.12759643916913946
0 0.4241666666666667 0.2818991097922849 0.04833333333333333 0.13056379821958458
0 0.5175 0.28338278931750743 0.045 0.12166172106824925
0 0.4725 0.28486646884273 0.04833333333333333 0.12462908011869436
0 0.5633333333333334 0.2878338278931751 0.04666666666666667 0.11869436201780416
0 0.6058333333333333 0.2893175074183976 0.03833333333333333 0.12166172106824925
0 0.6475 0.2893175074183976 0.041666666666666664 0.11572700296735905
0 0.6891666666666667 0.2922848664688427 0.03833333333333333 0.10979228486646884
0 0.7641666666666667 0.2952522255192878 0.035 0.10385756676557864