0 0.555 0.29673590504451036 0.043333333333333335 0.10089020771513353
0 0.5125 0.3056379821958457 0.041666666666666664 0.09495548961424333
0 0.4725 0.31602373887240354 0.03833333333333333 0.09792284866468842
0 0.43166666666666664 0.327893175074184 0.03333333333333333 0.09792284866468842
0 0.3933333333333333 0.3353115727002967 0.03666666666666667 0.09495548961424333
0 0.355 0.34124629080118696 0.03666666666666667 0.09495548961424333
0 0.9604499999999999 0.3435014836795252 0.06008333333333326 0.11059347181008905
0 0.9049 0.3512759643916914 0.05923333333333327 0.11370919881305636
0 0.3175 0.3516320474777448 0.035 0.09198813056379822
0 0.8484666666666666 0.35516320474777446 0.061883333333333325 0.09658753709198817
0 0.795 0.35756676557863504 0.05 0.10979228486646884
0 0.2816666666666667 0.3590504451038576 0.03666666666666667 0.0830860534124629
0 0.7441666666666666 0.36350148367952523 0.04833333333333333 0.10385756676557864
0 0.2465333333333333 0.37080118694362013 0.04218333333333334 0.0912462908011869
0 0.21303333333333332 0.3783976261127596 0.04086666666666666 0.09005934718100889
0 0.6441666666666667 0.38427299703264095 0.04833333333333333 0.10385756676557864
0 0.17953333333333332 0.3871513353115727 0.03560000000000002 0.08890207715133529
0 0.14603333333333335 0.391839762611276 0.03953333333333333 0.08421364985163203
0 0.5983333333333334 0.39317507418397624 0.043333333333333335 0.10385756676557864
0 0.5541666666666667 0.40059347181008903 0.045 0.10089020771513353
0 0.11668333333333335 0.40293768545994063 0.04155000000000001 0.08632047477744804
0 0.08223333333333334 0.40762611275964394 0.0357 0.08943620178041539
0 0.5108333333333334 0.40801186943620177 0.041666666666666664 0.10385756676557864
0 0.054200000000000005 0.40970326409495544 0.03568333333333333 0.0790207715133531
0 0.02325 0.4138575667655786 0.03335 0.0790207715133531
0 0.4683333333333333 0.41543026706231456 0.04 0.09495548961424333
0 0.006933333333333334 0.41637982195845696 0.013866666666666668 0.07270029673590504
0 0.42833333333333334 0.4228486646884273 0.03666666666666667 0.09198813056379822
0 0.3883333333333333 0.4287833827893175 0.04 0.09198813056379822
0 0.35 0.43026706231454004 0.04 0.09495548961424333
0 0.9691666666666666 0.4332344213649852 0.058333333333333334 0.08902077151335312
0 0.3125 0.443620178041543 0.035 0.09198813056379822
0 0.7975 0.44510385756676557 0.055 0.06528189910979229
0 0.9118833333333334 0.4470919881305638 0.06448333333333342 0.08724035608308599
0 0.8537166666666667 0.44943620178041543 0.054883333333333346 0.10124629080118695
0 0.7441666666666666 0.45103857566765576 0.051666666666666666 0.0712166172106825
0 0.6941666666666667 0.4629080118694362 0.04833333333333333 0.06528189910979229
0 0.23865 0.46376854599406525 0.036933333333333374 0.09474777448071219
0 0.6433333333333333 0.46735905044510384 0.04666666666666667 0.06231454005934718
0 0.17361666666666667 0.46905044510385757 0.03821666666666668 0.09824925816023743
0 0.2058 0.47080118694362016 0.046116666666666646 0.09005934718100897
0 0.6 0.47477744807121663 0.043333333333333335 0.05934718100890208
0 0.1365 0.47839762611275966 0.038866666666666654 0.08890207715133525
0 0.5525 0.4821958456973294 0.041666666666666664 0.05637982195845697
0 0.5083333333333333 0.48516320474777447 0.043333333333333335 0.05637982195845697
0 0.1053 0.4876854599406528 0.0398 0.08943620178041539
0 0.4658333333333333 0.4896142433234421 0.041666666666666664 0.05341246290801187
0 0.044283333333333334 0.491839762611276 0.03685 0.09359050445103864
0 0.07376666666666666 0.491839762611276 0.03861666666666667 0.09359050445103864
0 0.015583333333333333 0.4954896142433234 0.031166666666666665 0.08421364985163203
0 0.4247166666666667 0.49605341246290796 0.03963333333333338 0.05712166172106825
0 0.385 0.5029673590504451 0.04 0.050445103857566766
0 0.3075 0.5237388724035609 0.035 0.06231454005934718
0 0.9748166666666667 0.5304154302670623 0.05035000000000006 0.11370919881305636
0 0.3441666666666667 0.5311572700296736 0.03166666666666667 0.10089020771513353
0 0.8 0.5326409495548962 0.056666666666666664 0.10979228486646884
0 0.27 0.5356083086053413 0.03666666666666667 0.05637982195845697
0 0.23503333333333334 0.5386350148367953 0.03626666666666665 0.06433234421364988
0 0.9215166666666667 0.5397626112759644 0.06796666666666662 0.09813056379821956
0 0.7425 0.5415430267062314 0.055 0.10979228486646884
0 0.19923333333333335 0.5427299703264095 0.04086666666666668 0.06783382789317512
0 0.16474999999999998 0.5462314540059348 0.038883333333333304 0.07952522255192881
0 0.8585333333333334 0.5467952522255193 0.06099999999999994 0.10593471810089017
0 0.6883333333333334 0.5548961424332344 0.05 0.11869436201780416
0 0.585 0.5578635014836796 0.04666666666666667 0.10089020771513353
0 0.12698333333333334 0.5585163204747774 0.03558333333333332 0.07367952522255188
0 0.6358333333333334 0.5593471810089021 0.04833333333333333 0.12166172106824925
0 0.09566666666666665 0.5599406528189911 0.03453333333333332 0.06344213649851631
0 0.44083333333333335 0.5637982195845698 0.055 0.09495548961424333
0 0.49083333333333334 0.5637982195845698 0.041666666666666664 0.09495548961424333
0 0.5383333333333333 0.5637982195845698 0.04666666666666667 0.10089020771513353
0 0.06296666666666667 0.5667062314540059 0.0357 0.06029673590504449
0 0.032016666666666665 0.5708605341246291 0.03451666666666667 0.07071216617210678
0 0.008016666666666665 0.5726112759643917 0.016016666666666665 0.07397626112759646
0 0.38416666666666666 0.5741839762611276 0.051666666666666666 0.09198813056379822
0 0.32 0.5816023738872403 0.05333333333333334 0.09495548961424333
0 0.275 0.599406528189911 0.03666666666666667 0.0830860534124629
0 0.23666666666666666 0.6023738872403561 0.04 0.0712166172106825
0 0.19628333333333334 0.6158456973293769 0.04151666666666666 0.07367952522255188
0 0.11931666666666667 0.6244213649851632 0.038633333333333346 0.07382789317507417
0 0.15588333333333335 0.6245994065281899 0.040849999999999984 0.07721068249258155
0 0.08428333333333334 0.6306528189910979 0.03745 0.0696735905044511
0 0.0507 0.6374183976261127 0.03568333333333333 0.07694362017804156
0 0.0177 0.6446884272997032 0.032749999999999994 0.08109792284866464
0 0.8183333333333334 0.658753709198813 0.06 0.142433234421365
0 0.9538833333333334 0.6589614243323442 0.06796666666666662 0.13086053412462914
0 0.7566666666666667 0.6632047477744807 0.06 0.14540059347181009
0 0.8852166666666667 0.6643916913946588 0.0741166666666667 0.14486646884272994
0 0.6983333333333334 0.6676557863501483 0.056666666666666664 0.142433234421365
0 0.5875 0.6765578635014837 0.051666666666666666 0.13649851632047477
0 0.4675 0.6780415430267063 0.058333333333333334 0.13353115727002968
0 0.5258333333333334 0.6795252225519288 0.055 0.13056379821958458
0 0.4066666666666667 0.6810089020771514 0.056666666666666664 0.13353115727002968
0 0.35583333333333333 0.6884272997032641 0.045 0.12462908011869436
0 0.305 0.6928783382789317 0.05333333333333334 0.12759643916913946
0 0.2575 0.7002967359050445 0.03833333333333333 0.11869436201780416
0 0.21083333333333334 0.701780415430267 0.051666666666666666 0.12166172106824925
0 0.16666666666666666 0.712166172106825 0.04 0.11275964391691394
0 0.12596666666666667 0.7216913946587539 0.042550000000000004 0.10759643916913952
0 0.08886666666666665 0.7222848664688427 0.04478333333333333 0.1111275964391691
0 0.0511 0.7240356083086054 0.04806666666666666 0.10759643916913944
0 0.019166666666666665 0.7298813056379821 0.03833333333333333 0.10528189910979226
0 0.07046666666666666 0.8491988130563799 0.031400000000000004 0.05379821958456972
0 0.03696666666666667 0.8527002967359051 0.03798333333333334 0.04679525222551923
0 0.6590666666666667 0.8669139465875371 0.057566666666666606 0.13551928783382777
0 0.4482333333333333 0.8700296735905044 0.05063333333333333 0.13240356083086055
0 0.54885 0.8700296735905044 0.05060000000000002 0.13863501483679533
0 0.6035166666666667 0.8700296735905044 0.05669999999999997 0.14798219584569736
0 0.49855 0.871572700296736 0.04975000000000004 0.13240356083086055
0 0.7815333333333334 0.8731454005934718 0.06276666666666661 0.1448664688427301
0 0.7189833333333333 0.8739169139465875 0.0601666666666667 0.14643916913946595
0 0.35638333333333333 0.8746884272997032 0.05066666666666663 0.12305637982195854
0 0.84365 0.8762611275964391 0.06448333333333324 0.15421364985163213
0 0.22343333333333334 0.8778041543026706 0.04550000000000002 0.12305637982195854
0 0.30521666666666664 0.8786053412462907 0.032316666666666646 0.12151335311572714
0 0.2641 0.8793768545994066 0.0410833333333333 0.12617210682492577
0 0.10888333333333333 0.8825222551928784 0.04516666666666666 0.10643916913946588
0 0.033016666666666666 0.9041543026706231 0.03535 0.0584866468842731
0 0.06915 0.9064985163204748 0.035333333333333335 0.06783382789317512
0 0.0275 0.9643916913946587 0.041666666666666664 0.06528189910979229
0 0.29583333333333334 0.9658753709198813 0.035 0.06231454005934718
0 0.5491666666666667 0.9658753709198813 0.058333333333333334 0.06231454005934718
0 0.06166666666666667 0.9658753709198813 0.04 0.06231454005934718
0 0.34833333333333333 0.9673590504451038 0.043333333333333335 0.05934718100890208
0 0.495 0.9673590504451038 0.05 0.05934718100890208
0 0.14083333333333334 0.9673590504451038 0.04833333333333333 0.05934718100890208
0 0.2606 0.9704451038575668 0.044583333333333336 0.05908011869436192
0 0.21833333333333332 0.9688427299703264 0.04 0.05637982195845697
0 0.3958333333333333 0.9688427299703264 0.04833333333333333 0.05637982195845697
0 0.445 0.9688427299703264 0.04666666666666667 0.05637982195845697
0 0.0975 0.9703264094955489 0.03833333333333333 0.05341246290801187
0 0.6041666666666666 0.9703264094955489 0.058333333333333334 0.05341246290801187
0 0.6625 0.9718100890207715 0.058333333333333334 0.050445103857566766
0 0.7225 0.9718100890207715 0.07166666666666667 0.050445103857566766
0 0.7837333333333334 0.9766765578635015 0.061883333333333325 0.04661721068249269
0 0.8497666666666667 0.9766765578635015 0.05923333333333327 0.04661721068249269
0 0.99 0.2344213649851632 0.016666666666666666 0.10682492581602374
0 0.9517 0.23833827893175072 0.06008333333333326 0.09970326409495547
0 0.79 0.24480712166172106 0.05333333333333334 0.10979228486646884
0 0.8948333333333333 0.2453412462908012 0.058366666666666636 0.10124629080118695
0 0.7416666666666667 0.2522255192878338 0.04666666666666667 0.10682492581602374
0 0.8445333333333334 0.2593768545994065 0.054000000000000055 0.10436201780415436
0 0.6916666666666667 0.27002967359050445 0.04666666666666667 0.10682492581602374
0 0.645 0.2789317507418398 0.04666666666666667 0.10682492581602374
0 0.6008333333333333 0.29080118694362017 0.041666666666666664 0.10682492581602374