0 0.26416666666666666 0.3887240356083086 0.035 0.08902077151335312
0 0.2608333333333333 0.47774480712166173 0.03833333333333333 0.0830860534124629
0 0.30416666666666664 0.3916913946587537 0.03833333333333333 0.0830860534124629
0 0.3 0.4792284866468843 0.03666666666666667 0.08605341246290801
0 0.3441666666666667 0.31305637982195844 0.03166666666666667 0.08011869436201781
0 0.3408333333333333 0.39465875370919884 0.035 0.0830860534124629
0 0.3375 0.4807121661721068 0.035 0.08902077151335312
0 0.37916666666666665 0.3115727002967359 0.035 0.08902077151335312
0 0.37666666666666665 0.39762611275964393 0.03333333333333333 0.0830860534124629
0 0.375 0.486646884272997 0.03666666666666667 0.08902077151335312
0 0.4175 0.3115727002967359 0.035 0.08902077151335312
0 0.4125 0.40059347181008903 0.035 0.0830860534124629
0 0.41083333333333333 0.48813056379821956 0.035 0.08605341246290801
0 0.44583333333333336 0.4896142433234421 0.03833333333333333 0.08902077151335312
0 0.45 0.40059347181008903 0.03666666666666667 0.0830860534124629
0 0.49083333333333334 0.32344213649851633 0.035 0.0830860534124629
0 0.4866666666666667 0.4065281899109792 0.03666666666666667 0.0830860534124629
0 0.48583333333333334 0.49258160237388726 0.035 0.08902077151335312
0 0.5225 0.4970326409495549 0.035 0.08605341246290801
0 0.5225 0.4094955489614243 0.03833333333333333 0.08902077151335312
0 0.5266666666666666 0.3219584569732938 0.03333333333333333 0.08011869436201781
0 0.56 0.49851632047477745 0.03666666666666667 0.08902077151335312
0 0.5608333333333333 0.41097922848664686 0.03833333333333333 0.08605341246290801
0 0.5633333333333334 0.3249258160237389 0.03666666666666667 0.08605341246290801
0 0.5983333333333334 0.5 0.03666666666666667 0.08605341246290801
0 0.6366666666666667 0.5059347181008902 0.03666666666666667 0.08605341246290801
0 0.6741666666666667 0.5074183976261127 0.03833333333333333 0.08902077151335312
0 0.6 0.413946587537092 0.03666666666666667 0.09198813056379822
0 0.6375 0.4169139465875371 0.03833333333333333 0.08605341246290801
0 0.675 0.41543026706231456 0.03666666666666667 0.08902077151335312
0 0.6008333333333333 0.3249258160237389 0.03166666666666667 0.08605341246290801
0 0.6391666666666667 0.3264094955489614 0.035 0.08902077151335312
0 0.6758333333333333 0.3293768545994065 0.035 0.0830860534124629