0 0.08083333333333333 0.3293768545994065 0.045 0.11869436201780416
0 0.03 0.3323442136498516 0.05 0.11869436201780416
0 0.225 0.33827893175074186 0.04666666666666667 0.11869436201780416
0 0.32 0.33827893175074186 0.043333333333333335 0.11869436201780416
0 0.17583333333333334 0.3397626112759644 0.045 0.11572700296735905
0 0.41 0.34124629080118696 0.04666666666666667 0.11869436201780416
0 0.2725 0.3427299703264095 0.045 0.11572700296735905
0 0.45416666666666666 0.3545994065281899 0.041666666666666664 0.10385756676557864
0 0.1275 0.35756676557863504 0.04833333333333333 0.10385756676557864
0 0.5025 0.36053412462908013 0.045 0.11572700296735905
0 0.5483333333333333 0.3620178041543027 0.043333333333333335 0.11275964391691394
0 0.5916666666666667 0.3664688427299703 0.043333333333333335 0.10979228486646884
0 0.6833333333333333 0.37537091988130566 0.043333333333333335 0.11572700296735905
0 0.7733333333333333 0.37833827893175076 0.043333333333333335 0.10979228486646884
0 0.7283333333333334 0.3798219584569733 0.04 0.10682492581602374
0 0.8175 0.38427299703264095 0.041666666666666664 0.10979228486646884
0 0.86 0.39020771513353114 0.04 0.10385756676557864
0 0.9025 0.3961424332344214 0.041666666666666664 0.10385756676557864
0 0.9483333333333334 0.3961424332344214 0.043333333333333335 0.10385756676557864
0 0.985 0.40059347181008903 0.02666666666666667 0.10682492581602374
0 0.025 0.4465875370919881 0.04666666666666667 0.10979228486646884
0 0.07416666666666667 0.4465875370919881 0.045 0.10979228486646884
0 0.17083333333333334 0.4540059347181009 0.04833333333333333 0.11275964391691394
0 0.22083333333333333 0.45548961424332346 0.04833333333333333 0.11572700296735905
0 0.26916666666666667 0.456973293768546 0.04833333333333333 0.11275964391691394
0 0.31583333333333335 0.456973293768546 0.045 0.11869436201780416
0 0.3625 0.4599406528189911 0.045 0.12462908011869436
0 0.12166666666666667 0.4599406528189911 0.04666666666666667 0.10682492581602374
0 0.4083333333333333 0.46142433234421365 0.04666666666666667 0.12759643916913946
0 0.455 0.4658753709198813 0.04666666666666667 0.11869436201780416
0 0.5 0.4732937685459941 0.04666666666666667 0.10979228486646884
0 0.5458333333333333 0.4762611275964392 0.045 0.11572700296735905
0 0.59 0.4807121661721068 0.043333333333333335 0.10682492581602374
0 0.6808333333333333 0.48813056379821956 0.045 0.10979228486646884
0 0.7275 0.4910979228486647 0.045 0.10979228486646884
0 0.7741666666666667 0.4940652818991098 0.045 0.10979228486646884
0 0.8183333333333334 0.49554896142433236 0.043333333333333335 0.10682492581602374
0 0.8616666666666667 0.5 0.04 0.10979228486646884
0 0.9033333333333333 0.5029673590504451 0.043333333333333335 0.10979228486646884
0 0.9483333333333334 0.5044510385756676 0.04666666666666667 0.11275964391691394
0 0.9858333333333333 0.5074183976261127 0.025 0.11869436201780416
0 0.07010000000000001 0.5446884272997032 0.056383333333333334 0.07827893175074183
0 0.31166666666666665 0.5489614243323442 0.05 0.05934718100890208
0 0.4058333333333333 0.5563798219584569 0.04833333333333333 0.05637982195845697
0 0.36 0.5578635014836796 0.04666666666666667 0.06528189910979229
0 0.4533333333333333 0.5608308605341247 0.04666666666666667 0.05934718100890208
0 0.16833333333333333 0.5667655786350149 0.04666666666666667 0.10682492581602374
0 0.21583333333333332 0.5682492581602374 0.04833333333333333 0.10979228486646884
0 0.26416666666666666 0.56973293768546 0.045 0.11275964391691394
0 0.5 0.5816023738872403 0.043333333333333335 0.10089020771513353
0 0.545 0.586053412462908 0.043333333333333335 0.10385756676557864
0 0.5891666666666666 0.5875370919881305 0.041666666666666664 0.10682492581602374
0 0.6341666666666667 0.5919881305637982 0.041666666666666664 0.11572700296735905
0 0.68 0.5949554896142433 0.043333333333333335 0.10385756676557864
0 0.7275 0.5979228486646885 0.045 0.10385756676557864
0 0.7741666666666667 0.6023738872403561 0.045 0.10682492581602374
0 0.8183333333333334 0.6053412462908012 0.043333333333333335 0.10682492581602374
0 0.8608333333333333 0.6097922848664689 0.03833333333333333 0.10385756676557864
0 0.9016666666666666 0.6097922848664689 0.043333333333333335 0.10385756676557864
0 0.9475 0.6112759643916914 0.04833333333333333 0.10682492581602374
0 0.9866666666666667 0.6172106824925816 0.023333333333333334 0.10682492581602374
0 0.8025 0.7270029673590505 0.035 0.09495548961424333
0 0.9515 0.7647774480712167 0.04668333333333332 0.1065875370919881
0 0.8391666666666666 0.7670623145400594 0.035 0.09198813056379822
0 0.9859166666666666 0.7676557863501483 0.028150000000000168 0.10083086053412468
0 0.8758833333333332 0.7806231454005934 0.036200000000000045 0.07201780415430262
0 0.1025 0.7833827893175074 0.045 0.13056379821958458
0 0.15 0.7848664688427299 0.04666666666666667 0.12759643916913946
0 0.05333333333333334 0.7863501483679525 0.05 0.13056379821958458
0 0.013333333333333334 0.7863501483679525 0.023333333333333334 0.13056379821958458
0 0.9143000000000001 0.787833827893175 0.030516666666666577 0.0777744807121662
0 0.20166666666666666 0.7893175074183977 0.04666666666666667 0.11869436201780416
0 0.25 0.7893175074183977 0.04666666666666667 0.11869436201780416
0 0.6191666666666666 0.7937685459940653 0.03166666666666667 0.09792284866468842
0 0.29583333333333334 0.798219584569733 0.045 0.12462908011869436
0 0.3433333333333333 0.798219584569733 0.04666666666666667 0.12462908011869436
0 0.3908333333333333 0.798219584569733 0.04833333333333333 0.11869436201780416
0 0.44083333333333335 0.798219584569733 0.045 0.11869436201780416
0 0.48583333333333334 0.798219584569733 0.045 0.11869436201780416
0 0.6566666666666666 0.8071216617210683 0.03666666666666667 0.08902077151335312
0 0.6941666666666667 0.814540059347181 0.035 0.08011869436201781
0 0.73 0.8175074183976261 0.03333333333333333 0.08605341246290801
0 0.8033333333333333 0.8204747774480712 0.03666666666666667 0.09198813056379822
0 0.5791666666666667 0.8501483679525222 0.03833333333333333 0.10385756676557864
0 0.84 0.8590504451038575 0.03666666666666667 0.09198813056379822
0 0.985 0.8605341246290801 0.02666666666666667 0.09495548961424333
0 0.8775 0.8627299703264095 0.04266666666666651 0.09216617210682476
0 0.9551333333333334 0.8648961424332345 0.04424999999999992 0.09649851632047472
0 0.9134833333333334 0.866320474777448 0.032133333333333285 0.09362017804154289
0 0.6191666666666666 0.887240356083086 0.035 0.08902077151335312
0 0.655 0.8961424332344213 0.04 0.08902077151335312
0 0.6941666666666667 0.9020771513353115 0.035 0.09495548961424333
0 0.7291666666666666 0.9065281899109793 0.035 0.09198813056379822
0 0.765 0.9065281899109793 0.03333333333333333 0.09198813056379822
0 0.8033333333333333 0.9094955489614244 0.03666666666666667 0.09198813056379822
0 0.09916666666666667 0.9094955489614244 0.051666666666666666 0.12166172106824925
0 0.1975 0.9109792284866469 0.04833333333333333 0.11869436201780416
0 0.24666666666666667 0.9109792284866469 0.04666666666666667 0.11869436201780416
0 0.0125 0.9109792284866469 0.021666666666666667 0.11275964391691394
0 0.04833333333333333 0.9124629080118695 0.05 0.11572700296735905
0 0.15083333333333335 0.9124629080118695 0.04833333333333333 0.11572700296735905
0 0.34 0.913946587537092 0.04666666666666667 0.11869436201780416
0 0.295 0.9154302670623146 0.04666666666666667 0.12166172106824925
0 0.5283333333333333 0.9183976261127597 0.043333333333333335 0.12166172106824925
0 0.3883333333333333 0.9198813056379822 0.04666666666666667 0.12462908011869436
0 0.4816666666666667 0.9198813056379822 0.043333333333333335 0.11869436201780416
0 0.43666666666666665 0.9213649851632048 0.04666666666666667 0.11572700296735905
0 0.9492166666666666 0.9393768545994066 0.04198333333333342 0.05418397626112757
0 0.9858333333333333 0.9391691394658753 0.025 0.05637982195845697
0 0.5783333333333334 0.9451038575667656 0.04 0.09198813056379822
0 0.8383333333333334 0.9510385756676558 0.03333333333333333 0.09198813056379822
0 0.8807333333333335 0.9623145400593472 0.05236666666666679 0.07534124629080115
0 0.62 0.9643916913946587 0.04 0.06528189910979229
0 0.6558333333333334 0.9718100890207715 0.035 0.050445103857566766
0 0.6933333333333334 0.973293768545994 0.03666666666666667 0.04747774480712166
0 0.7308333333333333 0.9747774480712166 0.03833333333333333 0.04451038575667656
0 0.7675 0.9747774480712166 0.03833333333333333 0.04451038575667656
0 0.8041666666666667 0.9762611275964391 0.03833333333333333 0.04154302670623145