0 0.525 0.29821958456973297 0.05 0.19881305637982197
0 0.47583333333333333 0.31602373887240354 0.05 0.19287833827893175
0 0.43083333333333335 0.31750741839762614 0.03833333333333333 0.17210682492581603
0 0.3933333333333333 0.3249258160237389 0.03833333333333333 0.1632047477744807
0 0.35833333333333334 0.3323442136498516 0.03333333333333333 0.1543026706231454
0 0.3283333333333333 0.3367952522255193 0.03 0.1394658753709199
0 0.30416666666666664 0.3456973293768546 0.025 0.1394658753709199
0 0.2791666666666667 0.35014836795252224 0.025 0.12462908011869436
0 0.25416666666666665 0.3545994065281899 0.018333333333333333 0.12759643916913946
0 0.23416666666666666 0.3590504451038576 0.021666666666666667 0.11869436201780416
0 0.1975 0.3649851632047478 0.015 0.10682492581602374
0 0.21666666666666667 0.3664688427299703 0.02 0.10979228486646884
0 0.17916666666666667 0.36795252225519287 0.016666666666666666 0.11275964391691394
0 0.16 0.3724035608308605 0.02 0.10385756676557864
0 0.1375 0.3798219584569733 0.02 0.0830860534124629
0 0.21916666666666668 0.5014836795252225 0.018333333333333333 0.10089020771513353
0 0.23916666666666667 0.5029673590504451 0.021666666666666667 0.10385756676557864
0 0.2625 0.5133531157270029 0.025 0.12462908011869436
0 0.2916666666666667 0.5148367952522255 0.03 0.13353115727002968
0 0.32 0.5148367952522255 0.028333333333333332 0.1394658753709199
0 0.35333333333333333 0.5148367952522255 0.04 0.1394658753709199
0 0.3875 0.5192878338278932 0.03 0.142433234421365
0 0.41833333333333333 0.5296735905044511 0.03 0.1632047477744807
0 0.21178333333333332 0.5326409495548962 0.019350000000000023 0.10267062314540067
0 0.4533333333333333 0.5415430267062314 0.043333333333333335 0.1513353115727003
0 0.5008333333333334 0.543026706231454 0.055 0.17210682492581603
0 0.5558333333333333 0.5489614243323442 0.06166666666666667 0.18397626112759644
0 0.6175 0.5548961424332344 0.065 0.18991097922848665
0 0.6866666666666666 0.5712166172106825 0.07166666666666667 0.20474777448071216
0 0.7641666666666667 0.5771513353115727 0.08166666666666667 0.2166172106824926
0 0.8441666666666666 0.5919881305637982 0.07833333333333334 0.2403560830860534
0 0.2325 0.6231454005934718 0.028333333333333332 0.11869436201780416
0 0.2197166666666667 0.6289020771513353 0.017900000000000017 0.10525222551928791
0 0.255 0.6305637982195845 0.023333333333333334 0.11572700296735905
0 0.2758333333333333 0.642433234421365 0.025 0.13353115727002968
0 0.2991666666666667 0.6468842729970327 0.028333333333333332 0.13056379821958458
0 0.33 0.6602373887240356 0.03333333333333333 0.1394658753709199
0 0.3616666666666667 0.6661721068249258 0.03333333333333333 0.1394658753709199
0 0.3933333333333333 0.6735905044510386 0.03333333333333333 0.14836795252225518
0 0.4266666666666667 0.6899109792284867 0.03 0.1632047477744807
0 0.4625 0.7136498516320475 0.03833333333333333 0.17507418397626112
0 0.5108333333333334 0.728486646884273 0.055 0.19287833827893175
0 0.22728333333333334 0.7341543026706231 0.0200666666666667 0.10011869436201774
0 0.5675 0.7359050445103857 0.056666666666666664 0.18694362017804153
0 0.24333333333333335 0.7403560830860534 0.023333333333333334 0.11572700296735905
0 0.2658333333333333 0.7462908011869436 0.021666666666666667 0.10979228486646884
0 0.6325 0.7596439169139466 0.07166666666666667 0.22255192878338279
0 0.2866666666666667 0.7626112759643917 0.018333333333333333 0.10682492581602374
0 0.31083333333333335 0.7833827893175074 0.03166666666666667 0.10682492581602374
0 0.7075 0.787833827893175 0.07166666666666667 0.2344213649851632
0 0.3416666666666667 0.7967359050445104 0.03666666666666667 0.12166172106824925
0 0.3775 0.8115727002967359 0.03333333333333333 0.13353115727002968
0 0.7791666666666667 0.8204747774480712 0.07 0.26409495548961426
0 0.4083333333333333 0.827893175074184 0.03 0.13649851632047477
0 0.44083333333333335 0.8486646884272997 0.035 0.1543026706231454
0 0.8508333333333333 0.8516320474777448 0.07833333333333334 0.29080118694362017
0 0.4791666666666667 0.8887240356083086 0.041666666666666664 0.16913946587537093
0 0.5691666666666667 0.09050445103857567 0.06166666666666667 0.17507418397626112
0 0.5258333333333334 0.9094955489614244 0.051666666666666666 0.17507418397626112
0 0.2515 0.9172403560830861 0.021299999999999954 0.12163204747774484
0 0.5808333333333333 0.9183976261127597 0.058333333333333334 0.1572700296735905
0 0.27021666666666666 0.9280712166172107 0.019416666666666627 0.10664688427299719
0 0.64 0.9347181008902077 0.07 0.12462908011869436
0 0.6408333333333334 0.9362017804154302 0.065 0.12166172106824925
0 0.2941666666666667 0.9391691394658753 0.028333333333333332 0.11572700296735905
0 0.7108333333333333 0.9495548961424333 0.075 0.09495548961424333
0 0.31653333333333333 0.9573590504451038 0.02221666666666664 0.08525222551928789
0 0.34646666666666665 0.9673590504451038 0.03530000000000001 0.06525222551928786
0 0.5108333333333334 0.10089020771513353 0.051666666666666666 0.19584569732937684
0 0.45916666666666667 0.11572700296735905 0.05333333333333334 0.20178041543026706
0 0.415 0.13204747774480713 0.035 0.18100890207715134
0 0.37916666666666665 0.1513353115727003 0.03333333333333333 0.17210682492581603
0 0.345 0.17062314540059348 0.028333333333333332 0.1632047477744807
0 0.315 0.18100890207715134 0.03166666666666667 0.14836795252225518
0 0.28833333333333333 0.19732937685459942 0.021666666666666667 0.1394658753709199
0 0.265 0.21513353115727002 0.023333333333333334 0.12759643916913946
0 0.24416666666666667 0.22403560830860533 0.021666666666666667 0.12166172106824925
0 0.2225 0.2344213649851632 0.021666666666666667 0.13056379821958458
0 0.205 0.24925816023738873 0.02 0.11275964391691394
0 0.185 0.2522255192878338 0.018333333333333333 0.10089020771513353
0 0.16666666666666666 0.2626112759643917 0.018333333333333333 0.10089020771513353
0 0.1475 0.27299703264094954 0.021666666666666667 0.10089020771513353
0 0.12583333333333332 0.2774480712166172 0.023333333333333334 0.09495548961424333
0 0.5808333333333333 0.28486646884273 0.065 0.21364985163204747