0 0.75 0.32047477744807124 0.015 0.0771513353115727
0 0.7658333333333334 0.32344213649851633 0.013333333333333334 0.08011869436201781
0 0.3753166666666667 0.033442136498516316 0.06586666666666664 0.06688427299703263
0 0.43748333333333334 0.034599406528189915 0.05029999999999996 0.06916913946587536
0 0.7366666666666667 0.3293768545994065 0.015 0.08605341246290801
0 0.7216666666666667 0.3353115727002967 0.011666666666666667 0.0771513353115727
0 0.7091666666666666 0.3486646884272997 0.015 0.08605341246290801
0 0.4841 0.03804154302670623 0.052883333333333366 0.07608308605341246
0 0.6925 0.35756676557863504 0.018333333333333333 0.08605341246290801
0 0.6733333333333333 0.3664688427299703 0.016666666666666666 0.09792284866468842
0 0.6533333333333333 0.37388724035608306 0.023333333333333334 0.10089020771513353
0 0.6283333333333333 0.38427299703264095 0.02666666666666667 0.10979228486646884
0 0.6041666666666666 0.3961424332344214 0.023333333333333334 0.11572700296735905
0 0.16683333333333333 0.40584569732937686 0.03486666666666669 0.13836795252225517
0 0.5733333333333334 0.4065281899109792 0.03666666666666667 0.12462908011869436
0 0.5358333333333334 0.04302670623145401 0.04833333333333333 0.08011869436201781
0 0.755 0.41839762611275966 0.015 0.09198813056379822
0 0.7366666666666667 0.4228486646884273 0.016666666666666666 0.08605341246290801
0 0.5266666666666666 0.4258160237388724 0.05333333333333334 0.1394658753709199
0 0.03281666666666667 0.4323738872403561 0.05951666666666667 0.12682492581602375
0 0.72 0.4332344213649852 0.02 0.08902077151335312
0 0.7033333333333334 0.4421364985163205 0.016666666666666666 0.10089020771513353
0 0.5766666666666667 0.04451038575667656 0.03333333333333333 0.0830860534124629
0 0.6133333333333333 0.04599406528189911 0.04 0.08605341246290801
0 0.6408333333333334 0.04599406528189911 0.021666666666666667 0.08605341246290801
0 0.7125 0.04599406528189911 0.018333333333333333 0.08605341246290801
0 0.47583333333333333 0.4540059347181009 0.03166666666666667 0.142433234421365
0 0.69 0.4540059347181009 0.013333333333333334 0.10089020771513353
0 0.6758333333333333 0.46735905044510384 0.018333333333333333 0.10385756676557864
0 0.6658333333333334 0.04747774480712166 0.028333333333333332 0.08902077151335312
0 0.69 0.04747774480712166 0.02666666666666667 0.08902077151335312
0 0.7291666666666666 0.04747774480712166 0.015 0.08902077151335312
0 0.6558333333333334 0.47477744807121663 0.025 0.10682492581602374
0 0.43666666666666665 0.4762611275964392 0.04666666666666667 0.1632047477744807
0 0.6316666666666667 0.486646884272997 0.025 0.10089020771513353
0 0.38083333333333336 0.49554896142433236 0.06833333333333333 0.17210682492581603
0 0.6125 0.5 0.015 0.09792284866468842
0 0.7458333333333333 0.050445103857566766 0.018333333333333333 0.09495548961424333
0 0.7616666666666667 0.050445103857566766 0.02 0.09495548961424333
0 0.5908333333333333 0.5178041543026706 0.028333333333333332 0.10385756676557864
0 0.31666666666666665 0.5207715133531158 0.06666666666666667 0.18694362017804153
0 0.7691666666666667 0.5326409495548962 0.013333333333333334 0.06824925816023739
0 0.7758333333333334 0.05489614243323442 0.015 0.09198813056379822
0 0.5608333333333333 0.5400593471810089 0.028333333333333332 0.12462908011869436
0 0.7575 0.543026706231454 0.011666666666666667 0.0830860534124629
0 0.24333333333333335 0.5445103857566765 0.09 0.19881305637982197
0 0.5333333333333333 0.5504451038575667 0.025 0.10979228486646884
0 0.7433333333333333 0.5548961424332344 0.013333333333333334 0.07418397626112759
0 0.7925 0.05637982195845697 0.021666666666666667 0.09495548961424333
0 0.1882 0.5683976261127597 0.03873333333333335 0.13142433234421372
0 0.7266666666666667 0.5712166172106825 0.016666666666666666 0.09198813056379822
0 0.49916666666666665 0.5816023738872403 0.035 0.12462908011869436
0 0.7091666666666666 0.5905044510385756 0.018333333333333333 0.10089020771513353
0 0.46416666666666667 0.6023738872403561 0.03833333333333333 0.142433234421365
0 0.6916666666666667 0.6038575667655787 0.016666666666666666 0.09792284866468842
0 0.76 0.6231454005934718 0.016666666666666666 0.0830860534124629
0 0.07833333333333334 0.6261127596439169 0.10333333333333333 0.2314540059347181
0 0.6708333333333333 0.6275964391691394 0.025 0.10385756676557864
0 0.425 0.6335311572700296 0.05 0.14540059347181009
0 0.745 0.6409495548961425 0.013333333333333334 0.0830860534124629
0 0.6491666666666667 0.6454005934718101 0.025 0.10979228486646884
0 0.73 0.6468842729970327 0.013333333333333334 0.0830860534124629
0 0.36833333333333335 0.6617210682492581 0.06666666666666667 0.16023738872403562
0 0.625 0.6646884272997032 0.02666666666666667 0.11869436201780416
0 0.7166666666666667 0.672106824925816 0.016666666666666666 0.08605341246290801
0 0.6983333333333334 0.6899109792284867 0.02 0.08605341246290801
0 0.5933333333333334 0.6958456973293768 0.03333333333333333 0.12166172106824925
0 0.30583333333333335 0.7032640949554896 0.065 0.17804154302670624
0 0.6791666666666667 0.7091988130563798 0.018333333333333333 0.09495548961424333
0 0.56 0.7314540059347181 0.03333333333333333 0.12759643916913946
0 0.6633333333333333 0.7314540059347181 0.02 0.09198813056379822
0 0.24416666666666667 0.7388724035608308 0.07166666666666667 0.18991097922848665
0 0.6425 0.7566765578635015 0.021666666666666667 0.10089020771513353
0 0.5283333333333333 0.7640949554896143 0.03333333333333333 0.14540059347181009
0 0.6158333333333333 0.7759643916913946 0.035 0.10979228486646884
0 0.16916666666666666 0.7908011869436202 0.07833333333333334 0.19881305637982197
0 0.49 0.8041543026706232 0.043333333333333335 0.142433234421365
0 0.585 0.814540059347181 0.03333333333333333 0.11572700296735905
0 0.07833333333333334 0.8501483679525222 0.10333333333333333 0.22255192878338279
0 0.44166666666666665 0.8531157270029673 0.05333333333333334 0.1572700296735905
0 0.55 0.8560830860534124 0.04 0.13353115727002968
0 0.5141666666666667 0.8916913946587537 0.03166666666666667 0.11572700296735905
0 0.3858333333333333 0.9050445103857567 0.058333333333333334 0.1661721068249258
0 0.32416666666666666 0.9362017804154302 0.065 0.12166172106824925
0 0.48 0.9362017804154302 0.043333333333333335 0.12166172106824925
0 0.8081666666666666 0.09629080118694362 0.02588333333333329 0.06839762611275964
0 0.8327 0.09786350148367952 0.027650000000000053 0.07157270029673592
0 0.43583333333333335 0.9658753709198813 0.051666666666666666 0.06231454005934718
0 0.0425 0.14836795252225518 0.08166666666666667 0.28486646884273
0 0.12833333333333333 0.14836795252225518 0.08666666666666667 0.26112759643916916
0 0.21666666666666667 0.15281899109792285 0.08666666666666667 0.2344213649851632
0 0.425 0.15281899109792285 0.05 0.18694362017804153
0 0.5258333333333334 0.15281899109792285 0.051666666666666666 0.1513353115727003
0 0.5683333333333334 0.15281899109792285 0.03666666666666667 0.1394658753709199
0 0.37083333333333335 0.1543026706231454 0.06833333333333333 0.18991097922848665
0 0.47833333333333333 0.1543026706231454 0.05333333333333334 0.16023738872403562
0 0.6291666666666667 0.1543026706231454 0.028333333333333332 0.13649851632047477
0 0.7358333333333333 0.1543026706231454 0.018333333333333333 0.10682492581602374
0 0.7816666666666666 0.1543026706231454 0.02 0.09495548961424333
0 0.2975 0.15578635014836795 0.075 0.2166172106824926
0 0.6775 0.1572700296735905 0.025 0.11869436201780416
0 0.7516666666666667 0.1572700296735905 0.016666666666666666 0.10089020771513353
0 0.7658333333333334 0.1572700296735905 0.015 0.10089020771513353
0 0.5991666666666666 0.15875370919881307 0.03166666666666667 0.1394658753709199
0 0.6533333333333333 0.15875370919881307 0.02666666666666667 0.12166172106824925
0 0.7191666666666666 0.15875370919881307 0.021666666666666667 0.10385756676557864
0 0.7 0.16023738872403562 0.023333333333333334 0.11275964391691394
0 0.7990166666666667 0.1667952522255193 0.02648333333333331 0.0747181008902077
0 0.8265 0.1752225519287834 0.030600000000000023 0.0810385756676558
0 0.8566333333333334 0.17943620178041542 0.03059999999999993 0.07682492581602372
0 0.8911500000000001 0.1842433234421365 0.025016666666666652 0.07489614243323443
0 0.7555166666666667 0.24059347181008903 0.02740000000000009 0.060148367952522284
0 0.7872 0.24100890207715134 0.02884999999999991 0.06735905044510382
0 0.8185166666666667 0.24940652818991096 0.03238333333333325 0.07367952522255197
0 0.8492500000000001 0.25468842729970326 0.0323666666666666 0.07157270029673592
0 0.8839833333333333 0.2621364985163205 0.024183333333333317 0.07789317507418397