0 0.9169139465875371 0.22416666666666665 0.10385756676557864 0.08666666666666667
0 0.8115727002967359 0.225 0.10682492581602374 0.08666666666666667
0 0.6899109792284867 0.23833333333333334 0.10385756676557864 0.085
0 0.5905044510385756 0.24583333333333332 0.09495548961424333 0.085
0 0.49554896142433236 0.25 0.10385756676557864 0.07833333333333334
0 0.4094955489614243 0.25666666666666665 0.0771513353115727 0.07833333333333334
0 0.327893175074184 0.2633333333333333 0.0771513353115727 0.07666666666666666
0 0.24925816023738873 0.2683333333333333 0.0771513353115727 0.075
0 0.10682492581602374 0.2708333333333333 0.10682492581602374 0.075
0 0.9020771513353115 0.31166666666666665 0.0712166172106825 0.08666666666666667
0 0.8011869436201781 0.31416666666666665 0.12166172106824925 0.09
0 0.6899109792284867 0.32166666666666666 0.10385756676557864 0.08166666666666667
0 0.5949554896142433 0.32416666666666666 0.09495548961424333 0.08
0 0.49851632047477745 0.3275 0.09792284866468842 0.08
0 0.4124629080118694 0.3333333333333333 0.0830860534124629 0.075
0 0.3249258160237389 0.3383333333333333 0.08605341246290801 0.07166666666666667
0 0.2403560830860534 0.3408333333333333 0.0771513353115727 0.075
0 0.09347181008902077 0.3441666666666667 0.0771513353115727 0.07166666666666667
0 0.1661721068249258 0.3441666666666667 0.07418397626112759 0.07333333333333333
0 0.900593471810089 0.3975 0.06231454005934718 0.08333333333333333
0 0.8041543026706232 0.4 0.12759643916913946 0.085
0 0.6958456973293768 0.4033333333333333 0.09495548961424333 0.08
0 0.5949554896142433 0.405 0.09792284866468842 0.08
0 0.49851632047477745 0.4058333333333333 0.09495548961424333 0.075
0 0.4094955489614243 0.4091666666666667 0.07418397626112759 0.075
0 0.3293768545994065 0.41083333333333333 0.08902077151335312 0.075
0 0.24925816023738873 0.4125 0.08011869436201781 0.07166666666666667
0 0.09050445103857567 0.41333333333333333 0.08011869436201781 0.07166666666666667
0 0.16913946587537093 0.41333333333333333 0.0771513353115727 0.06833333333333333
0 0.09792284866468842 0.51 0.09198813056379822 0.075
0 0.20029673590504452 0.5108333333333334 0.11275964391691394 0.07666666666666666
0 0.35756676557863504 0.52 0.08605341246290801 0.06666666666666667
0 0.47477744807121663 0.52 0.0830860534124629 0.07333333333333333
0 0.5637982195845698 0.5208333333333334 0.08605341246290801 0.075
0 0.8120771513353117 0.5235000000000001 0.1030563798219585 0.06913333333333337
0 0.7077448071216617 0.5245 0.09418397626112762 0.06311666666666667
0 0.701513353115727 0.5806166666666667 0.09955489614243326 0.0611166666666666
0 0.18545994065281898 0.5825 0.08605341246290801 0.07333333333333333
0 0.09643916913946587 0.585 0.08902077151335312 0.07
0 0.8120771513353117 0.5856166666666667 0.10664688427299694 0.06311666666666667
0 0.26409495548961426 0.5883333333333334 0.07418397626112759 0.075
0 0.3456973293768546 0.5925 0.0830860534124629 0.07666666666666666
0 0.4317507418397626 0.595 0.08605341246290801 0.08333333333333333
0 0.5148367952522255 0.5966666666666667 0.0830860534124629 0.08333333333333333
0 0.6083086053412463 0.6008333333333333 0.08902077151335312 0.08333333333333333
0 0.69973293768546 0.6437333333333334 0.0888427299703264 0.057116666666666635
0 0.8049554896142432 0.65025 0.10664688427299711 0.06411666666666671
0 0.09643916913946587 0.6558333333333334 0.09495548961424333 0.075
0 0.18397626112759644 0.6566666666666666 0.08011869436201781 0.07666666666666666
0 0.2626112759643917 0.6616666666666666 0.07418397626112759 0.07333333333333333
0 0.34421364985163205 0.6675 0.0830860534124629 0.07166666666666667
0 0.43026706231454004 0.675 0.0830860534124629 0.07166666666666667
0 0.5178041543026706 0.6775 0.0830860534124629 0.08
0 0.6068249258160238 0.6816666666666666 0.08902077151335312 0.08666666666666667
0 0.701513353115727 0.7053499999999999 0.10311572700296735 0.05811666666666668
0 0.7996142433234422 0.7118666666666666 0.09949554896142425 0.0611166666666666
0 0.09308605341246291 0.7702166666666667 0.0804747774480712 0.06296666666666662
0 0.3036498516320475 0.7767999999999999 0.06887240356083088 0.050866666666666636
0 0.17602373887240355 0.7777833333333334 0.08192878338278932 0.06631666666666661
0 0.3759643916913947 0.7807333333333333 0.07540059347181008 0.05453333333333338
0 0.5316617210682493 0.8038 0.09074183976261123 0.07471666666666674
0 0.6250741839762611 0.80925 0.0952225519287833 0.07220000000000008
0 0.7184569732937686 0.8172333333333333 0.0906824925816023 0.06463333333333329
0 0.30178041543026707 0.8274 0.061424332344213614 0.05558333333333337
0 0.09086053412462908 0.8336 0.07002967359050445 0.07051666666666677
0 0.3717804154302671 0.8355333333333335 0.07074183976261128 0.050866666666666734
0 0.4459643916913946 0.8410333333333333 0.07537091988130556 0.05768333333333326
0 0.16554896142433234 0.8441 0.06997032640949555 0.0713500000000001
0 0.2365281899109792 0.8503833333333334 0.06845697329376853 0.0822666666666666
0 0.29851632047477744 0.8808833333333332 0.0679525222551929 0.053483333333333195
0 0.7191988130563798 0.8810333333333333 0.08919881305637975 0.057916666666666665
0 0.5331750741839762 0.8822833333333333 0.08777448071216612 0.07723333333333329
0 0.37130563798219585 0.8874333333333334 0.06792284866468838 0.049816666666666835
0 0.6243323442136499 0.8894333333333333 0.09970326409495556 0.08143333333333326
0 0.44783382789317505 0.8974000000000001 0.07537091988130556 0.05714999999999994
0 0.08934718100890207 0.9016000000000001 0.06703264094955491 0.06044999999999997
0 0.16706231454005935 0.9083166666666667 0.07596439169139464 0.06211666666666664
0 0.2335608308605341 0.91965 0.06845697329376853 0.07134999999999991
0 0.29632047477744805 0.9360166666666667 0.0684272997032641 0.05540000000000001
0 0.3687833827893175 0.9431499999999999 0.06991097922848666 0.059599999999999986
0 0.4494955489614243 0.9536500000000001 0.07284866468842734 0.06044999999999997
0 0.5331750741839762 0.9570000000000001 0.09077151335311565 0.0772333333333332
0 0.6243323442136499 0.9620333333333334 0.0877448071216617 0.07051666666666657