0 0.8456973293768546 0.16916666666666666 0.06231454005934718 0.08
0 0.9065281899109793 0.17833333333333334 0.050445103857566766 0.07666666666666666
0 0.36795252225519287 0.22666666666666666 0.13056379821958458 0.11333333333333333
0 0.9642729970326409 0.23036666666666666 0.0714243323442138 0.13163333333333335
0 0.4694362017804154 0.024683333333333335 0.1217210682492581 0.04936666666666667
0 0.49554896142433236 0.23583333333333334 0.12166172106824925 0.11
0 0.5875370919881305 0.23666666666666666 0.05341246290801187 0.11333333333333333
0 0.6899109792284867 0.24666666666666667 0.08902077151335312 0.105
0 0.7685459940652819 0.2525 0.07418397626112759 0.10166666666666667
0 0.841246290801187 0.25916666666666666 0.06231454005934718 0.10166666666666667
0 0.9020771513353115 0.2658333333333333 0.04747774480712166 0.09333333333333334
0 0.5714243323442136 0.029299999999999996 0.08999999999999996 0.05859999999999999
0 0.46142433234421365 0.3616666666666667 0.13056379821958458 0.10666666666666667
0 0.56973293768546 0.3625 0.0771513353115727 0.09833333333333333
0 0.6750741839762612 0.36833333333333335 0.05934718100890208 0.09833333333333333
0 0.7507418397626113 0.37 0.08902077151335312 0.08666666666666667
0 0.8308605341246291 0.37166666666666665 0.06231454005934718 0.08666666666666667
0 0.8931750741839762 0.37333333333333335 0.05934718100890208 0.08
0 0.9584569732937686 0.3775 0.0771513353115727 0.13833333333333334
0 0.8264094955489614 0.455 0.06824925816023739 0.08
0 0.7462908011869436 0.4558333333333333 0.08605341246290801 0.085
0 0.672106824925816 0.45916666666666667 0.06231454005934718 0.08833333333333333
0 0.5637982195845698 0.4625 0.0830860534124629 0.09833333333333333
0 0.36350148367952523 0.465 0.12166172106824925 0.105
0 0.27596439169139464 0.465 0.04451038575667656 0.12
0 0.47032640949554894 0.4666666666666667 0.09495548961424333 0.09666666666666666
0 0.7550148367952522 0.0569 0.09721068249258158 0.08365
0 0.8264094955489614 0.5741666666666667 0.06231454005934718 0.08666666666666667
0 0.755192878338279 0.5808333333333333 0.07418397626112759 0.08666666666666667
0 0.6795252225519288 0.5858333333333333 0.0830860534124629 0.08
0 0.5637982195845698 0.5958333333333333 0.0712166172106825 0.09
0 0.4896142433234421 0.6033333333333334 0.07418397626112759 0.09
0 0.4065281899109792 0.6141666666666666 0.09792284866468842 0.09833333333333333
0 0.3056379821958457 0.6333333333333333 0.10682492581602374 0.11333333333333333
0 0.8234421364985163 0.655 0.05934718100890208 0.07333333333333333
0 0.7566765578635015 0.6625 0.06528189910979229 0.07166666666666667
0 0.6765578635014837 0.6716666666666666 0.08605341246290801 0.08166666666666667
0 0.5637982195845698 0.685 0.07418397626112759 0.09333333333333334
0 0.4896142433234421 0.6958333333333333 0.06231454005934718 0.09
0 0.4035608308605341 0.7133333333333334 0.10089020771513353 0.10333333333333333
0 0.30415430267062316 0.7408333333333333 0.10089020771513353 0.095
0 0.7893175074183977 0.745 0.09495548961424333 0.075
0 0.7047477744807121 0.76 0.0712166172106825 0.075
0 0.5118694362017804 0.805 0.10682492581602374 0.08833333333333333
0 0.7922848664688428 0.8216666666666667 0.09792284866468842 0.08
0 0.4094955489614243 0.8308333333333333 0.09792284866468842 0.09666666666666666
0 0.7032640949554896 0.8416666666666667 0.0830860534124629 0.08666666666666667
0 0.31008902077151335 0.8575 0.08902077151335312 0.095
0 0.9658753709198813 0.08833333333333333 0.06231454005934718 0.14666666666666667
0 0.2924629080118694 0.08913333333333331 0.08029673590504452 0.13438333333333333
0 0.5118694362017804 0.8966666666666666 0.10979228486646884 0.10166666666666667
0 0.4020771513353116 0.9316666666666666 0.10089020771513353 0.105
0 0.8175074183976261 0.9341666666666667 0.08011869436201781 0.08666666666666667
0 0.30712166172106825 0.9508333333333333 0.0830860534124629 0.09
0 0.728486646884273 0.9616666666666667 0.10385756676557864 0.07333333333333333
0 0.3694362017804154 0.10833333333333334 0.12462908011869436 0.12
0 0.49851632047477745 0.12583333333333332 0.12759643916913946 0.11166666666666666
0 0.5905044510385756 0.13416666666666666 0.04747774480712166 0.09166666666666666
0 0.685459940652819 0.14666666666666667 0.0830860534124629 0.09333333333333334
0 0.7700296735905044 0.16 0.07418397626112759 0.08666666666666667