0 0.3075 0.2997032640949555 0.028333333333333332 0.08902077151335312
0 0.2816666666666667 0.3086053412462908 0.02666666666666667 0.08902077151335312
0 0.9791666666666666 0.3086053412462908 0.03833333333333333 0.11869436201780416
0 0.81 0.31305637982195844 0.04666666666666667 0.1394658753709199
0 0.25666666666666665 0.314540059347181 0.023333333333333334 0.08902077151335312
0 0.9314166666666667 0.31507418397626114 0.06216666666666659 0.10109792284866467
0 0.23166666666666666 0.3189910979228487 0.02666666666666667 0.08605341246290801
0 0.20833333333333334 0.32047477744807124 0.02666666666666667 0.0830860534124629
0 0.18416666666666667 0.32344213649851633 0.025 0.08902077151335312
0 0.7641666666666667 0.32344213649851633 0.04833333333333333 0.13056379821958458
0 0.43935 0.032729970326409494 0.03918333333333332 0.06543026706231454
0 0.16083333333333333 0.3323442136498516 0.025 0.08902077151335312
0 0.135 0.33382789317507416 0.03 0.08605341246290801
0 0.6675 0.3367952522255193 0.041666666666666664 0.12166172106824925
0 0.715 0.3367952522255193 0.05333333333333334 0.12759643916913946
0 0.6225 0.3486646884272997 0.04833333333333333 0.10979228486646884
0 0.5791666666666667 0.3545994065281899 0.045 0.10979228486646884
0 0.40513333333333335 0.037804154302670624 0.03286666666666662 0.07560830860534125
0 0.6760166666666667 0.037804154302670624 0.04865000000000009 0.06881305637982196
0 0.5383333333333333 0.3620178041543027 0.043333333333333335 0.10682492581602374
0 0.5016666666666667 0.3649851632047478 0.03333333333333333 0.10682492581602374
0 0.4666666666666667 0.3694362017804154 0.04 0.10385756676557864
0 0.4325 0.3798219584569733 0.035 0.10089020771513353
0 0.4 0.38130563798219586 0.03 0.09792284866468842
0 0.36833333333333335 0.3857566765578635 0.03 0.10089020771513353
0 0.33916666666666667 0.3887240356083086 0.035 0.10089020771513353
0 0.31166666666666665 0.3961424332344214 0.03333333333333333 0.09198813056379822
0 0.2841666666666667 0.39762611275964393 0.025 0.08902077151335312
0 0.26 0.4035608308605341 0.023333333333333334 0.08902077151335312
0 0.235 0.4065281899109792 0.02666666666666667 0.08902077151335312
0 0.20916666666666667 0.40801186943620177 0.028333333333333332 0.09198813056379822
0 0.1825 0.4124629080118694 0.025 0.08902077151335312
0 0.3728166666666667 0.04231454005934718 0.03413333333333336 0.08462908011869436
0 0.6326166666666666 0.04287833827893175 0.04421666666666662 0.0857566765578635
0 0.16083333333333333 0.41543026706231456 0.028333333333333332 0.0771513353115727
0 0.1375 0.41839762611275966 0.025 0.0830860534124629
0 0.28575 0.047596439169139464 0.028583333333333294 0.06379821958456973
0 0.7716666666666666 0.4762611275964392 0.043333333333333335 0.0830860534124629
0 0.8158333333333333 0.4762611275964392 0.043333333333333335 0.09198813056379822
0 0.7283333333333334 0.4792284866468843 0.03833333333333333 0.0830860534124629
0 0.3484166666666667 0.0513353115727003 0.023383333333333287 0.08688427299703265
0 0.9766666666666667 0.516320474777448 0.043333333333333335 0.16023738872403562
0 0.9262166666666667 0.5172700296735905 0.06123333333333335 0.14827893175074192
0 0.6466666666666666 0.5311572700296736 0.04666666666666667 0.12462908011869436
0 0.32075 0.053976261127596445 0.025816666666666682 0.056943620178041554
0 0.6016666666666667 0.5341246290801187 0.041666666666666664 0.11275964391691394
0 0.5233333333333333 0.5356083086053413 0.03666666666666667 0.10979228486646884
0 0.5625 0.5356083086053413 0.041666666666666664 0.11275964391691394
0 0.485 0.5370919881305638 0.043333333333333335 0.11275964391691394
0 0.45166666666666666 0.5385756676557863 0.03 0.10385756676557864
0 0.2783333333333333 0.5400593471810089 0.02666666666666667 0.08902077151335312
0 0.36333333333333334 0.5400593471810089 0.03 0.09495548961424333
0 0.39416666666666667 0.5400593471810089 0.03166666666666667 0.09495548961424333
0 0.4216666666666667 0.5400593471810089 0.03 0.10385756676557864
0 0.305 0.5415430267062314 0.02666666666666667 0.08605341246290801
0 0.3325 0.5415430267062314 0.03166666666666667 0.09198813056379822
0 0.13833333333333334 0.5415430267062314 0.02666666666666667 0.08011869436201781
0 0.16333333333333333 0.5415430267062314 0.02666666666666667 0.08605341246290801
0 0.18666666666666668 0.543026706231454 0.023333333333333334 0.0830860534124629
0 0.20916666666666667 0.543026706231454 0.025 0.0830860534124629
0 0.23333333333333334 0.5445103857566765 0.023333333333333334 0.08605341246290801
0 0.25416666666666665 0.5459940652818991 0.021666666666666667 0.08902077151335312
0 0.2634166666666667 0.056439169139465874 0.01921666666666662 0.06183976261127595
0 0.6908333333333333 0.5712166172106825 0.03833333333333333 0.09495548961424333
0 0.73 0.5712166172106825 0.041666666666666664 0.09792284866468842
0 0.7741666666666667 0.5712166172106825 0.045 0.09792284866468842
0 0.8183333333333334 0.5712166172106825 0.045 0.10385756676557864
0 0.5895333333333334 0.059792284866468835 0.04296666666666662 0.08575667655786348
0 0.24236666666666665 0.0645994065281899 0.021583333333333315 0.05706231454005934
0 0.14083333333333334 0.6231454005934718 0.025 0.0712166172106825
0 0.16416666666666666 0.6246290801186943 0.021666666666666667 0.08011869436201781
0 0.18666666666666668 0.629080118694362 0.023333333333333334 0.0830860534124629
0 0.21 0.6320474777448071 0.02 0.0830860534124629
0 0.2325 0.6350148367952523 0.028333333333333332 0.08902077151335312
0 0.25833333333333336 0.6350148367952523 0.023333333333333334 0.09495548961424333
0 0.28 0.6350148367952523 0.023333333333333334 0.09495548961424333
0 0.30583333333333335 0.6364985163204748 0.028333333333333332 0.09198813056379822
0 0.335 0.6364985163204748 0.03 0.10385756676557864
0 0.36583333333333334 0.6379821958456974 0.03166666666666667 0.10089020771513353
0 0.39666666666666667 0.6394658753709199 0.03 0.09792284866468842
0 0.42583333333333334 0.6454005934718101 0.028333333333333332 0.11275964391691394
0 0.4558333333333333 0.6468842729970327 0.03166666666666667 0.11275964391691394
0 0.4891666666666667 0.6513353115727003 0.041666666666666664 0.11869436201780416
0 0.5291666666666667 0.6513353115727003 0.03833333333333333 0.12166172106824925
0 0.5531 0.06768545994065281 0.03601666666666669 0.09026706231454006
0 0.5666666666666667 0.6528189910979229 0.04 0.12166172106824925
0 0.6083333333333333 0.655786350148368 0.045 0.12462908011869436
0 0.6516666666666666 0.658753709198813 0.043333333333333335 0.12759643916913946
0 0.6933333333333334 0.6691394658753709 0.041666666666666664 0.10682492581602374
0 0.9775 0.672106824925816 0.041666666666666664 0.1632047477744807
0 0.9333166666666667 0.6739762611275965 0.056500000000000154 0.14827893175074192
0 0.735 0.6750741839762612 0.045 0.10979228486646884
0 0.7775 0.6765578635014837 0.043333333333333335 0.11275964391691394
0 0.8208333333333333 0.6810089020771514 0.043333333333333335 0.11275964391691394
0 0.22233333333333336 0.07258160237388725 0.022066666666666682 0.06629080118694362
0 0.205 0.7581602373887241 0.02666666666666667 0.08011869436201781
0 0.23 0.7596439169139466 0.02666666666666667 0.0830860534124629
0 0.255 0.7670623145400594 0.02666666666666667 0.08605341246290801
0 0.20278333333333334 0.07804154302670624 0.01878333333333335 0.06545994065281897
0 0.2808333333333333 0.7744807121661721 0.025 0.08902077151335312
0 0.30793333333333334 0.7791097922848664 0.0263166666666667 0.09545994065281896
0 0.3336 0.7838278931750741 0.02176666666666667 0.09949554896142425
0 0.36116666666666664 0.7918991097922848 0.028549999999999992 0.0967952522255193
0 0.3894666666666667 0.7932344213649851 0.03080000000000003 0.0967952522255193
0 0.4219333333333334 0.797952522255193 0.03230000000000004 0.10083086053412468
0 0.4547833333333333 0.8100296735905045 0.03456666666666668 0.10620178041543024
0 0.48761666666666664 0.8134124629080118 0.03228333333333334 0.11293768545994058
0 0.7315333333333334 0.8147477744807121 0.033783333333333304 0.07261127596439178
0 0.7688999999999999 0.8187833827893175 0.03754999999999995 0.08872403560830854
0 0.5234833333333333 0.8201186943620178 0.04056666666666672 0.11023738872403555
0 0.56275 0.8268545994065282 0.04358333333333329 0.11293768545994048
0 0.8145833333333333 0.8275074183976261 0.05338333333333329 0.08468842729970316
0 0.6054499999999999 0.8302077151335311 0.03988333333333325 0.12504451038575665
0 0.6473500000000001 0.8423145400593472 0.04515000000000005 0.12504451038575665
0 0.2075 0.844213649851632 0.03166666666666667 0.09198813056379822
0 0.23166666666666666 0.8501483679525222 0.023333333333333334 0.09198813056379822
0 0.69265 0.8530563798219585 0.05268333333333335 0.12504451038575665
0 0.255 0.8531157270029673 0.02666666666666667 0.08605341246290801
0 0.51255 0.08801186943620178 0.0398333333333333 0.09477744807121663
0 0.9758333333333333 0.08902077151335312 0.045 0.10682492581602374
0 0.2816666666666667 0.8605341246290801 0.02666666666666667 0.08902077151335312
0 0.30756666666666665 0.8765875370919882 0.028616666666666693 0.09949554896142425
0 0.33663333333333334 0.8779228486646885 0.029350000000000022 0.09949554896142425
0 0.9833333333333333 0.887240356083086 0.03 0.10682492581602374
0 0.3638166666666667 0.8900296735905044 0.029350000000000022 0.10216617210682477
0 0.95765 0.8961424332344213 0.031950000000000124 0.15454005934718112
0 0.7338 0.8987833827893175 0.03228333333333334 0.10353115727002964
0 0.39326666666666665 0.8994362017804155 0.030849999999999985 0.10756676557863501
0 0.7704166666666666 0.9095252225519288 0.04358333333333329 0.09816023738872416
0 0.42425 0.9115430267062314 0.03240000000000005 0.11023738872403555
0 0.8153333333333334 0.9155786350148368 0.039799999999999995 0.11023738872403555
0 0.45708333333333334 0.9162611275964391 0.03464999999999994 0.1116023738872404
0 0.4891666666666667 0.9256676557863501 0.0323666666666666 0.1116023738872404
0 0.5235333333333333 0.9337388724035609 0.04518333333333335 0.12234421364985168
0 0.5646666666666667 0.9397922848664688 0.04441666666666663 0.11563798219584578
0 0.6080833333333334 0.9463501483679526 0.0451666666666667 0.10727002967359044
0 0.47896666666666665 0.09646884272997032 0.03476666666666669 0.0913946587537092
0 0.17263333333333333 0.09774480712166171 0.02444999999999998 0.05789317507418399
0 0.65 0.9495548961424333 0.04666666666666667 0.09495548961424333
0 0.695 0.9554896142433235 0.04666666666666667 0.0830860534124629
0 0.7375 0.9747774480712166 0.035 0.04451038575667656
0 0.7725 0.9777448071216617 0.035 0.03857566765578635
0 0.9262166666666667 0.10445103857566766 0.05745000000000004 0.11121661721068246
0 0.15401666666666666 0.10489614243323443 0.016433333333333355 0.060415430267062316
0 0.3243333333333333 0.10798219584569733 0.025266666666666708 0.051038575667655794
0 0.13798333333333335 0.10991097922848664 0.018316666666666682 0.05706231454005936
0 0.2863 0.10994065281899108 0.025266666666666708 0.0687240356083086
0 0.4422 0.11169139465875372 0.03601666666666669 0.08575667655786351
0 0.3047666666666667 0.11338278931750742 0.014799999999999992 0.04810089020771512
0 0.12268333333333334 0.11578635014836797 0.016916666666666677 0.05537091988130563
0 0.2639666666666667 0.11682492581602373 0.01921666666666662 0.05694362017804153
0 0.40925 0.11789317507418397 0.03729999999999999 0.08913946587537093
0 0.24331666666666668 0.12418397626112761 0.01876666666666665 0.060415430267062316
0 0.3782 0.13032640949554897 0.03476666666666669 0.08688427299703265
0 0.22281666666666666 0.13635014836795253 0.021133333333333344 0.056231454005934725
0 0.20538333333333333 0.14139465875370918 0.018299999999999983 0.056231454005934725
0 0.35223333333333334 0.14329376854599407 0.030983333333333293 0.08350148367952523
0 0.18841666666666665 0.14640949554896143 0.020200000000000006 0.05789317507418399
0 0.17168333333333335 0.15228486646884273 0.01785000000000001 0.056231454005934725
0 0.32626666666666665 0.16148367952522255 0.02360000000000004 0.06379821958456973
0 0.15543333333333334 0.161513353115727 0.017383333333333344 0.05958456973293768
0 0.3078 0.1644213649851632 0.015349999999999966 0.052017804154302676
0 0.1394 0.1673887240356083 0.018316666666666682 0.061246290801186924
0 0.28713333333333335 0.1688427299703264 0.023616666666666692 0.06086053412462909
0 0.12196666666666668 0.172433234421365 0.018316666666666682 0.056231454005934704
0 0.8066666666666666 0.17359050445103857 0.043333333333333335 0.1394658753709199
0 0.26563333333333333 0.1756973293768546 0.021416666666666705 0.06086053412462909
0 0.5091666666666667 0.019287833827893175 0.045 0.03857566765578635
0 0.7766666666666666 0.020771513353115726 0.06666666666666667 0.04154302670623145
0 0.24636666666666665 0.18335311572700297 0.018283333333333377 0.05789317507418399
0 0.76 0.1913946587537092 0.04666666666666667 0.13353115727002968
0 0.9766666666666667 0.1943620178041543 0.043333333333333335 0.10979228486646884
0 0.2242333333333333 0.1946587537091988 0.021133333333333344 0.058724035608308585
0 0.2053833333333333 0.19759643916913947 0.02113333333333332 0.061246290801186924
0 0.18911666666666666 0.20388724035608308 0.01594999999999999 0.060415430267062295
0 0.9304666666666667 0.20554896142433232 0.06028333333333345 0.10109792284866467
0 0.7108333333333333 0.2062314540059347 0.051666666666666666 0.12759643916913946
0 0.13375 0.020979228486646885 0.01926666666666667 0.04195845697329377
0 0.115 0.02225519287833828 0.023333333333333334 0.04451038575667656
0 0.1719166666666667 0.20976261127596438 0.016433333333333355 0.06210682492581605
0 0.15613333333333335 0.21228486646884276 0.01785000000000001 0.058724035608308585
0 0.6658333333333334 0.2166172106824926 0.041666666666666664 0.11869436201780416
0 0.13963333333333333 0.22445103857566764 0.01785000000000001 0.05623145400593468
0 0.12315 0.22572700296735904 0.0188 0.05537091988130563
0 0.6216666666666667 0.22700296735905046 0.04666666666666667 0.12166172106824925
0 0.7248 0.02427299703264095 0.05241666666666674 0.048516320474777455
0 0.47451666666666664 0.025400593471810097 0.030933333333333243 0.05077151335311573
0 0.5775 0.23738872403560832 0.041666666666666664 0.11275964391691394
0 0.5341666666666667 0.24925816023738873 0.045 0.11275964391691394
0 0.49833333333333335 0.258160237388724 0.03666666666666667 0.11275964391691394
0 0.4625 0.2655786350148368 0.035 0.10385756676557864
0 0.42916666666666664 0.2744807121661721 0.028333333333333332 0.10979228486646884
0 0.39916666666666667 0.28041543026706234 0.028333333333333332 0.09792284866468842
0 0.36916666666666664 0.2878338278931751 0.03166666666666667 0.09495548961424333
0 0.3383333333333333 0.2922848664688427 0.03 0.09198813056379822