0 0.8041543026706232 0.335 0.13056379821958458 0.19833333333333333
0 0.4421364985163205 0.3408333333333333 0.2433234421364985 0.175
0 0.6439169139465876 0.35 0.2195845697329377 0.17
0 0.46735905044510384 0.5075 0.2195845697329377 0.15
0 0.6735905044510386 0.515 0.20771513353115728 0.15833333333333333
0 0.8130563798219584 0.5175 0.12462908011869436 0.16166666666666665
0 0.06379821958456973 0.6641666666666667 0.12759643916913946 0.115
0 0.9554896142433235 0.06916666666666667 0.0830860534124629 0.13833333333333334
0 0.2997032640949555 0.6941666666666667 0.19287833827893175 0.135
0 0.16913946587537093 0.6941666666666667 0.142433234421365 0.11166666666666666
0 0.4896142433234421 0.7091666666666666 0.2314540059347181 0.15
0 0.7314540059347181 0.7283333333333334 0.2314540059347181 0.16333333333333333
0 0.09439169139465875 0.7815833333333333 0.12130563798219585 0.10843333333333344
0 0.20178041543026706 0.8025 0.13353115727002968 0.10166666666666667
0 0.34124629080118696 0.83 0.17507418397626112 0.12333333333333334
0 0.526706231454006 0.8566666666666667 0.228486646884273 0.13833333333333334
0 0.7537091988130564 0.8966666666666666 0.2551928783382789 0.16833333333333333
0 0.18694362017804153 0.9658333333333333 0.11275964391691394 0.065
0 0.42729970326409494 0.16 0.22255192878338279 0.18
0 0.6364985163204748 0.16583333333333333 0.2344213649851632 0.20333333333333334