0 0.285 0.30118694362017806 0.043333333333333335 0.11572700296735905
0 0.33 0.3115727002967359 0.043333333333333335 0.11869436201780416
0 0.4191666666666667 0.31305637982195844 0.041666666666666664 0.12166172106824925
0 0.37666666666666665 0.31750741839762614 0.04 0.11275964391691394
0 0.10450000000000001 0.32777448071216614 0.045966666666666676 0.11522255192878342
0 0.4633333333333333 0.3293768545994065 0.04 0.10089020771513353
0 0.0531 0.3309792284866469 0.05101666666666667 0.12418397626112758
0 0.15125 0.33673590504451034 0.048833333333333354 0.12035608308605338
0 0.2001333333333333 0.3386646884272997 0.04593333333333331 0.11652818991097921
0 0.2386 0.34059347181008903 0.029383333333333327 0.12290801186943624
0 0.5075 0.34124629080118696 0.041666666666666664 0.11275964391691394
0 0.55 0.3456973293768546 0.04 0.10979228486646884
0 0.2783333333333333 0.41543026706231456 0.04666666666666667 0.11275964391691394
0 0.3283333333333333 0.4228486646884273 0.043333333333333335 0.10979228486646884
0 0.37333333333333335 0.4287833827893175 0.043333333333333335 0.10979228486646884
0 0.4166666666666667 0.4317507418397626 0.043333333333333335 0.10979228486646884
0 0.4625 0.43768545994065283 0.045 0.10979228486646884
0 0.5091666666666667 0.4495548961424332 0.041666666666666664 0.10979228486646884
0 0.5516666666666666 0.4540059347181009 0.043333333333333335 0.10682492581602374
0 0.07146666666666666 0.4820178041543027 0.05828333333333333 0.12210682492581595
0 0.021666666666666667 0.4836795252225519 0.043333333333333335 0.11869436201780416
0 0.12366666666666667 0.4956973293768546 0.05211666666666667 0.11664688427299703
0 0.1743333333333333 0.4993471810089021 0.04903333333333336 0.1239169139465875
0 0.22293333333333332 0.522106824925816 0.04593333333333334 0.11480712166172106
0 0.27666666666666667 0.526706231454006 0.05 0.11572700296735905
0 0.325 0.5326409495548962 0.043333333333333335 0.10979228486646884
0 0.37 0.5370919881305638 0.043333333333333335 0.10682492581602374
0 0.415 0.543026706231454 0.04666666666666667 0.11275964391691394
0 0.4608333333333333 0.5504451038575667 0.045 0.10979228486646884
0 0.5058333333333334 0.5578635014836796 0.045 0.10682492581602374
0 0.55 0.5637982195845698 0.043333333333333335 0.10682492581602374
0 0.6241666666666666 0.5786350148367952 0.03833333333333333 0.11275964391691394
0 0.018766666666666664 0.5950148367952522 0.0368 0.10750741839762616
0 0.06686666666666666 0.5977448071216617 0.05111666666666667 0.12026706231453999
0 0.11701666666666666 0.6068545994065282 0.04699999999999999 0.10569732937685461
0 0.17075 0.6150741839762611 0.05415000000000002 0.10023738872403569
0 0.22446666666666668 0.6287240356083086 0.04696666666666668 0.09112759643916908
0 0.2708333333333333 0.6320474777448071 0.045 0.09495548961424333
0 0.31916666666666665 0.6379821958456974 0.045 0.10089020771513353
0 0.36666666666666664 0.6409495548961425 0.04 0.09495548961424333
0 0.4125 0.6454005934718101 0.03833333333333333 0.09792284866468842
0 0.45916666666666667 0.6513353115727003 0.045 0.09198813056379822
0 0.505 0.6602373887240356 0.04 0.09198813056379822
0 0.5483333333333333 0.6676557863501483 0.043333333333333335 0.09495548961424333
0 0.03873333333333333 0.7608605341246292 0.05215 0.1257566765578635
0 0.09195 0.7654005934718101 0.048033333333333324 0.12756676557863506
0 0.19171666666666667 0.772700296735905 0.05106666666666664 0.11664688427299695
0 0.14413333333333334 0.7736201780415429 0.04596666666666669 0.1184569732937685
0 0.23573333333333332 0.7772403560830861 0.04286666666666671 0.10023738872403552
0 0.2925 0.7804154302670623 0.055 0.13056379821958458
0 0.6183333333333333 0.7848664688427299 0.043333333333333335 0.10979228486646884
0 0.35083333333333333 0.7863501483679525 0.04833333333333333 0.13056379821958458
0 0.4041666666666667 0.7893175074183977 0.055 0.11869436201780416
0 0.44583333333333336 0.8011869436201781 0.028333333333333332 0.10089020771513353
0 0.5266666666666666 0.8071216617210683 0.03666666666666667 0.10089020771513353
0 0.04231666666666667 0.8811275964391692 0.03885 0.1257566765578635
0 0.08785 0.8884272997032641 0.048033333333333345 0.11480712166172123
0 0.1861 0.8929673590504451 0.04390000000000001 0.12026706231453999
0 0.13799999999999998 0.8929673590504451 0.04801666666666667 0.10934718100890214
0 0.6183333333333333 0.8961424332344213 0.04 0.11869436201780416
0 0.23111666666666664 0.8984569732937685 0.04593333333333334 0.11299703264094968
0 0.29083333333333333 0.900593471810089 0.06166666666666667 0.10979228486646884
0 0.3466666666666667 0.9035608308605341 0.06 0.11572700296735905
0 0.44333333333333336 0.9035608308605341 0.02666666666666667 0.10385756676557864
0 0.4033333333333333 0.9050445103857567 0.05333333333333334 0.10089020771513353
0 0.5325 0.9154302670623146 0.04833333333333333 0.10385756676557864
0 0.05525 0.20614243323442136 0.0539 0.12548961424332342
0 0.10846666666666667 0.21317507418397627 0.048116666666666676 0.12418397626112758
0 0.15376666666666666 0.2195845697329377 0.04666666666666667 0.11908011869436201
0 0.20156666666666667 0.22919881305637982 0.05168333333333332 0.10756676557863501
0 0.24975 0.2304747774480712 0.04591666666666669 0.10756676557863501