0 0.46166666666666667 0.5833333333333334 0.03666666666666667 0.06
0 0.46166666666666667 0.6388888888888888 0.03333333333333333 0.051111111111111114
0 0.5333333333333333 0.59 0.023333333333333334 0.051111111111111114
0 0.385 0.5833333333333334 0.03333333333333333 0.06444444444444444
0 0.38333333333333336 0.64 0.03666666666666667 0.04888888888888889
0 0.4225 0.5833333333333334 0.03833333333333333 0.06
0 0.4225 0.64 0.03833333333333333 0.04888888888888889
0 0.3541666666666667 0.7155555555555555 0.03166666666666667 0.06666666666666667
0 0.35333333333333333 0.7766666666666666 0.03333333333333333 0.05555555555555555
0 0.6216666666666667 0.7233333333333334 0.02666666666666667 0.06
0 0.6233333333333333 0.7766666666666666 0.03 0.05555555555555555
0 0.5391666666666667 0.6433333333333333 0.03166666666666667 0.051111111111111114
0 0.39 0.7144444444444444 0.03333333333333333 0.06444444444444444
0 0.3875 0.7755555555555556 0.035 0.05333333333333334
0 0.4241666666666667 0.7744444444444445 0.035 0.05555555555555555
0 0.4558333333333333 0.7744444444444445 0.03166666666666667 0.051111111111111114
0 0.4875 0.7755555555555556 0.028333333333333332 0.05333333333333334
0 0.5483333333333333 0.7733333333333333 0.03 0.04888888888888889
0 0.42583333333333334 0.7155555555555555 0.03166666666666667 0.057777777777777775
0 0.4575 0.7177777777777777 0.035 0.06222222222222222
0 0.4875 0.7188888888888889 0.028333333333333332 0.06
0 0.625 0.8688888888888889 0.03 0.07111111111111111
0 0.625 0.9322222222222222 0.02666666666666667 0.05555555555555555
0 0.5183333333333333 0.72 0.03333333333333333 0.06222222222222222
0 0.5175 0.7766666666666666 0.035 0.051111111111111114
0 0.5508333333333333 0.7166666666666667 0.03166666666666667 0.06444444444444444
0 0.6016666666666667 0.8744444444444445 0.023333333333333334 0.07333333333333333
0 0.5983333333333334 0.9366666666666666 0.02 0.05555555555555555
0 0.4191666666666667 0.86 0.025 0.07111111111111111
0 0.415 0.9255555555555556 0.023333333333333334 0.051111111111111114
0 0.38666666666666666 0.8611111111111112 0.03 0.06888888888888889
0 0.385 0.9277777777777778 0.03 0.05555555555555555
0 0.6591666666666667 0.8688888888888889 0.028333333333333332 0.06222222222222222
0 0.6566666666666666 0.9322222222222222 0.03333333333333333 0.06
0 0.6891666666666667 0.8677777777777778 0.025 0.06444444444444444
0 0.6891666666666667 0.9266666666666666 0.025 0.057777777777777775
0 0.6525 0.7788888888888889 0.025 0.05555555555555555
0 0.6516666666666666 0.7233333333333334 0.03 0.051111111111111114
0 0.5916666666666667 0.7744444444444445 0.03 0.06
0 0.5966666666666667 0.6355555555555555 0.02666666666666667 0.05333333333333334
0 0.6275 0.6377777777777778 0.025 0.057777777777777775
0 0.7158333333333333 0.8677777777777778 0.028333333333333332 0.06444444444444444
0 0.7166666666666667 0.9277777777777778 0.02666666666666667 0.05555555555555555