0 0.4925 0.8077777777777778 0.035 0.10888888888888888
0 0.53 0.8077777777777778 0.03333333333333333 0.10444444444444445
0 0.565 0.8066666666666666 0.03666666666666667 0.10222222222222223
0 0.02 0.37777777777777777 0.03666666666666667 0.12444444444444444
0 0.018333333333333333 0.51 0.03333333333333333 0.12666666666666668
0 0.07166666666666667 0.3888888888888889 0.07 0.11555555555555555
0 0.14083333333333334 0.40555555555555556 0.065 0.11333333333333333
0 0.065 0.5155555555555555 0.07 0.13333333333333333
0 0.1325 0.5277777777777778 0.07166666666666667 0.12666666666666668
0 0.3616666666666667 0.8122222222222222 0.04 0.12222222222222222
0 0.405 0.8088888888888889 0.05 0.12
0 0.4525 0.81 0.041666666666666664 0.11777777777777777
0 0.365 0.7222222222222222 0.03666666666666667 0.05333333333333334
0 0.4041666666666667 0.7244444444444444 0.03833333333333333 0.04888888888888889
0 0.445 0.7244444444444444 0.04 0.05333333333333334
0 0.4841666666666667 0.7244444444444444 0.03833333333333333 0.04888888888888889
0 0.5208333333333334 0.73 0.035 0.051111111111111114
0 0.5516666666666666 0.7266666666666667 0.03 0.05333333333333334
0 0.5825 0.73 0.03166666666666667 0.051111111111111114
0 0.6066666666666667 0.73 0.02 0.04666666666666667
0 0.6208333333333333 0.7977777777777778 0.045 0.10222222222222223
0 0.6383333333333333 0.7311111111111112 0.03333333333333333 0.04888888888888889
0 0.6675 0.7311111111111112 0.028333333333333332 0.044444444444444446
0 0.6608333333333334 0.8 0.035 0.08888888888888889
0 0.3591666666666667 0.5988888888888889 0.021666666666666667 0.10888888888888888
0 0.39666666666666667 0.6044444444444445 0.05333333333333334 0.10666666666666667
0 0.44416666666666665 0.6122222222222222 0.041666666666666664 0.1
0 0.4816666666666667 0.6177777777777778 0.03666666666666667 0.09333333333333334
0 0.5175 0.62 0.03833333333333333 0.08888888888888889
0 0.5508333333333333 0.6244444444444445 0.03166666666666667 0.08888888888888889
0 0.5841666666666666 0.6244444444444445 0.03166666666666667 0.08444444444444445
0 0.6158333333333333 0.6322222222222222 0.028333333333333332 0.08222222222222222
0 0.6458333333333334 0.6366666666666667 0.028333333333333332 0.08222222222222222
0 0.6708333333333333 0.6377777777777778 0.025 0.08
0 0.6966666666666667 0.64 0.02666666666666667 0.07555555555555556
0 0.7216666666666667 0.6455555555555555 0.023333333333333334 0.06888888888888889
0 0.36 0.49444444444444446 0.023333333333333334 0.10444444444444445
0 0.39666666666666667 0.5022222222222222 0.05 0.09333333333333334
0 0.44083333333333335 0.5144444444444445 0.03833333333333333 0.09555555555555556
0 0.4816666666666667 0.5211111111111111 0.04 0.09555555555555556
0 0.5158333333333334 0.5288888888888889 0.035 0.09333333333333334
0 0.55 0.5377777777777778 0.03333333333333333 0.08888888888888889
0 0.5841666666666666 0.5411111111111111 0.03166666666666667 0.08222222222222222
0 0.6133333333333333 0.5466666666666666 0.03 0.08
0 0.6425 0.5566666666666666 0.021666666666666667 0.08666666666666667
0 0.6683333333333333 0.5633333333333334 0.02666666666666667 0.07777777777777778
0 0.6933333333333334 0.5644444444444444 0.023333333333333334 0.07555555555555556
0 0.7191666666666666 0.5677777777777778 0.025 0.06888888888888889
0 0.36083333333333334 0.3933333333333333 0.025 0.09777777777777778
0 0.3975 0.4033333333333333 0.045 0.10444444444444445
0 0.44083333333333335 0.41888888888888887 0.041666666666666664 0.09555555555555556
0 0.48 0.42777777777777776 0.03666666666666667 0.08666666666666667
0 0.5166666666666667 0.44 0.03333333333333333 0.08888888888888889
0 0.5491666666666667 0.4533333333333333 0.03166666666666667 0.08
0 0.5791666666666667 0.4622222222222222 0.03166666666666667 0.08
0 0.6125 0.4677777777777778 0.03166666666666667 0.07777777777777778
0 0.6391666666666667 0.4777777777777778 0.025 0.07555555555555556
0 0.6641666666666667 0.48444444444444446 0.025 0.07555555555555556
0 0.6883333333333334 0.4911111111111111 0.023333333333333334 0.07111111111111111
0 0.7125 0.49666666666666665 0.025 0.06888888888888889
0 0.2025 0.41333333333333333 0.058333333333333334 0.12444444444444444
0 0.19583333333333333 0.5333333333333333 0.06166666666666667 0.12444444444444444
0 0.25833333333333336 0.5422222222222223 0.05333333333333334 0.12444444444444444
0 0.25916666666666666 0.4266666666666667 0.06166666666666667 0.10666666666666667
0 0.03833333333333333 0.7011111111111111 0.07 0.14
0 0.034166666666666665 0.8388888888888889 0.065 0.13111111111111112
0 0.11 0.7011111111111111 0.07 0.12666666666666668
0 0.17583333333333334 0.7022222222222222 0.058333333333333334 0.12
0 0.23083333333333333 0.82 0.058333333333333334 0.12444444444444444
0 0.23333333333333334 0.9411111111111111 0.06 0.11333333333333333
0 0.10583333333333333 0.8311111111111111 0.07166666666666667 0.1288888888888889
0 0.1725 0.8266666666666667 0.065 0.12444444444444444
0 0.034166666666666665 0.95 0.065 0.09555555555555556
0 0.10083333333333333 0.9466666666666667 0.07166666666666667 0.10222222222222223
0 0.17083333333333334 0.9444444444444444 0.065 0.10666666666666667
0 0.35 0.16444444444444445 0.05 0.10222222222222223
0 0.3616666666666667 0.25666666666666665 0.02666666666666667 0.09111111111111111
0 0.395 0.2722222222222222 0.04666666666666667 0.08666666666666667
0 0.4375 0.2922222222222222 0.041666666666666664 0.07777777777777778
0 0.4741666666666667 0.3088888888888889 0.035 0.07555555555555556
0 0.5125 0.3233333333333333 0.035 0.06888888888888889
0 0.5491666666666667 0.3388888888888889 0.035 0.06444444444444444
0 0.5808333333333333 0.35 0.03166666666666667 0.06888888888888889
0 0.6116666666666667 0.3611111111111111 0.03 0.07333333333333333
0 0.6408333333333334 0.37444444444444447 0.028333333333333332 0.06444444444444444
0 0.6708333333333333 0.38333333333333336 0.028333333333333332 0.06444444444444444
0 0.7016666666666667 0.39555555555555555 0.03 0.06666666666666667
0 0.39666666666666667 0.18444444444444444 0.03666666666666667 0.09333333333333334
0 0.43583333333333335 0.2088888888888889 0.035 0.09333333333333334
0 0.475 0.2288888888888889 0.03666666666666667 0.08444444444444445
0 0.5116666666666667 0.2477777777777778 0.03333333333333333 0.08222222222222222
0 0.5433333333333333 0.2633333333333333 0.03333333333333333 0.08666666666666667
0 0.5766666666666667 0.27666666666666667 0.03 0.08222222222222222
0 0.6108333333333333 0.2911111111111111 0.028333333333333332 0.07555555555555556
0 0.64 0.30666666666666664 0.02666666666666667 0.07555555555555556
0 0.6691666666666667 0.3188888888888889 0.03166666666666667 0.07333333333333333
0 0.6966666666666667 0.32666666666666666 0.03 0.07111111111111111