0 0.16666666666666666 0.2477777777777778 0.07 0.11777777777777777
0 0.034166666666666665 0.25333333333333335 0.065 0.1288888888888889
0 0.09833333333333333 0.25333333333333335 0.07 0.12444444444444444
0 0.02735 0.029177777777777785 0.0547 0.058333333333333334
0 0.08396666666666668 0.03195555555555556 0.0706 0.06388888888888888
0 0.29333333333333333 0.04111111111111111 0.05 0.06
0 0.17666666666666667 0.41333333333333333 0.05333333333333334 0.11555555555555555
0 0.11083333333333334 0.42 0.07166666666666667 0.12
0 0.04083333333333333 0.4266666666666667 0.07166666666666667 0.12444444444444444
0 0.34833333333333333 0.051111111111111114 0.04666666666666667 0.05333333333333334
0 0.17916666666666667 0.5244444444444445 0.058333333333333334 0.10222222222222223
0 0.11833333333333333 0.5366666666666666 0.06333333333333334 0.10444444444444445
0 0.04583333333333333 0.5466666666666666 0.07166666666666667 0.1111111111111111
0 0.39666666666666667 0.05555555555555555 0.04666666666666667 0.05333333333333334
0 0.18 0.6277777777777778 0.06 0.09555555555555556
0 0.1175 0.6388888888888888 0.058333333333333334 0.1
0 0.44083333333333335 0.06555555555555556 0.041666666666666664 0.06
0 0.051666666666666666 0.6588888888888889 0.07 0.11777777777777777
0 0.48083333333333333 0.07111111111111111 0.041666666666666664 0.05333333333333334
0 0.5208333333333334 0.07444444444444444 0.03833333333333333 0.051111111111111114
0 0.17833333333333334 0.7666666666666667 0.056666666666666664 0.1111111111111111
0 0.11916666666666667 0.7844444444444445 0.065 0.10666666666666667
0 0.050833333333333335 0.8077777777777778 0.07166666666666667 0.10444444444444445
0 0.5883333333333334 0.08222222222222222 0.02666666666666667 0.05333333333333334
0 0.5583333333333333 0.08666666666666667 0.03333333333333333 0.06222222222222222
0 0.6225 0.08666666666666667 0.03833333333333333 0.04888888888888889
0 0.18166666666666667 0.8744444444444445 0.04666666666666667 0.1
0 0.12333333333333334 0.8922222222222222 0.06333333333333334 0.10444444444444445
0 0.058333333333333334 0.9144444444444444 0.06333333333333334 0.10888888888888888
0 0.018333333333333333 0.9322222222222222 0.03666666666666667 0.13111111111111112
0 0.6625 0.09555555555555556 0.045 0.044444444444444446
0 0.029166666666666667 0.12444444444444444 0.055 0.1288888888888889
0 0.15666666666666668 0.12444444444444444 0.06666666666666667 0.1288888888888889
0 0.0925 0.12666666666666668 0.075 0.1288888888888889
0 0.29083333333333333 0.13555555555555557 0.045 0.13333333333333333
0 0.3416666666666667 0.1411111111111111 0.05333333333333334 0.13111111111111112
0 0.39416666666666667 0.14444444444444443 0.045 0.12
0 0.4375 0.1511111111111111 0.03833333333333333 0.1111111111111111
0 0.4791666666666667 0.1511111111111111 0.035 0.10666666666666667
0 0.5208333333333334 0.15777777777777777 0.035 0.10222222222222223
0 0.5883333333333334 0.15777777777777777 0.043333333333333335 0.09777777777777778
0 0.6291666666666667 0.16111111111111112 0.03166666666666667 0.09555555555555556
0 0.6886166666666667 0.16544444444444445 0.024500000000000077 0.08746666666666665
0 0.6948 0.02028888888888889 0.029249999999999925 0.04057777777777778
0 0.7225 0.022222222222222223 0.028333333333333332 0.044444444444444446