0 0.035833333333333335 0.5445103857566765 0.06833333333333333 0.22255192878338279
0 0.03666666666666667 0.7626112759643917 0.06333333333333334 0.21364985163204747
0 0.11666666666666667 0.5593471810089021 0.07333333333333333 0.20474777448071216
0 0.11 0.7640949554896143 0.07666666666666666 0.21068249258160238
0 0.25083333333333335 0.4836795252225519 0.03166666666666667 0.17804154302670624
0 0.30333333333333334 0.4940652818991098 0.06333333333333334 0.16913946587537093
0 0.36666666666666664 0.5103857566765578 0.056666666666666664 0.1661721068249258
0 0.42333333333333334 0.5237388724035609 0.056666666666666664 0.1632047477744807
0 0.30666666666666664 0.6691394658753709 0.07 0.18100890207715134
0 0.30666666666666664 0.8560830860534124 0.07 0.18694362017804153
0 0.25333333333333335 0.6691394658753709 0.03666666666666667 0.18694362017804153
0 0.25333333333333335 0.8605341246290801 0.03333333333333333 0.18991097922848665
0 0.36583333333333334 0.6824925816023739 0.058333333333333334 0.1661721068249258
0 0.3725 0.857566765578635 0.06166666666666667 0.17804154302670624
0 0.425 0.6884272997032641 0.056666666666666664 0.1661721068249258
0 0.4275 0.857566765578635 0.055 0.17210682492581603
0 0.47333333333333333 0.5400593471810089 0.05 0.16023738872403562
0 0.47583333333333333 0.6973293768545994 0.055 0.1661721068249258
0 0.48 0.8620178041543026 0.05 0.1513353115727003
0 0.5208333333333334 0.5519287833827893 0.04833333333333333 0.1543026706231454
0 0.5258333333333334 0.701780415430267 0.051666666666666666 0.1572700296735905
0 0.53 0.8620178041543026 0.056666666666666664 0.1513353115727003
0 0.565 0.5578635014836796 0.04666666666666667 0.142433234421365
0 0.5725 0.7091988130563798 0.04833333333333333 0.14836795252225518
0 0.5775 0.8620178041543026 0.04833333333333333 0.1572700296735905
0 0.6091666666666666 0.56973293768546 0.041666666666666664 0.14836795252225518
0 0.615 0.712166172106825 0.03666666666666667 0.14836795252225518
0 0.6183333333333333 0.8620178041543026 0.043333333333333335 0.1513353115727003
0 0.6516666666666666 0.5786350148367952 0.04 0.142433234421365
0 0.6575 0.7195845697329377 0.045 0.1394658753709199
0 0.6633333333333333 0.8649851632047477 0.05 0.1513353115727003
0 0.6891666666666667 0.5801186943620178 0.035 0.1394658753709199
0 0.6975 0.7195845697329377 0.03833333333333333 0.14540059347181009
0 0.7041666666666667 0.8620178041543026 0.041666666666666664 0.14540059347181009
0 0.7241666666666666 0.5890207715133531 0.03833333333333333 0.12759643916913946
0 0.7325 0.7255192878338279 0.041666666666666664 0.1394658753709199
0 0.7383333333333333 0.8649851632047477 0.04 0.1394658753709199
0 0.76 0.5934718100890207 0.03666666666666667 0.11275964391691394
0 0.77 0.7270029673590505 0.043333333333333335 0.13649851632047477
0 0.7766666666666666 0.8635014836795252 0.043333333333333335 0.13649851632047477
0 0.23916666666666667 0.0830860534124629 0.06833333333333333 0.16023738872403562
0 0.255 0.23738872403560832 0.03666666666666667 0.16023738872403562
0 0.30333333333333334 0.2551928783382789 0.056666666666666664 0.14836795252225518
0 0.3641666666666667 0.28338278931750743 0.051666666666666666 0.1394658753709199
0 0.41833333333333333 0.3026706231454006 0.05 0.13056379821958458
0 0.4716666666666667 0.3189910979228487 0.05 0.12759643916913946
0 0.5208333333333334 0.33827893175074186 0.045 0.12462908011869436
0 0.5666666666666667 0.3560830860534125 0.04666666666666667 0.11869436201780416
0 0.6141666666666666 0.37091988130563797 0.045 0.12462908011869436
0 0.6541666666666667 0.3857566765578635 0.041666666666666664 0.10682492581602374
0 0.6966666666666667 0.4035608308605341 0.043333333333333335 0.11869436201780416
0 0.7408333333333333 0.413946587537092 0.041666666666666664 0.12166172106824925
0 0.30333333333333334 0.10237388724035608 0.05333333333333334 0.16913946587537093
0 0.3616666666666667 0.13056379821958458 0.05333333333333334 0.16023738872403562
0 0.415 0.15875370919881307 0.05333333333333334 0.1572700296735905
0 0.4675 0.18397626112759644 0.04833333333333333 0.142433234421365
0 0.5183333333333333 0.20474777448071216 0.04666666666666667 0.14836795252225518
0 0.5658333333333333 0.22700296735905046 0.045 0.14540059347181009
0 0.6083333333333333 0.2433234421364985 0.043333333333333335 0.13649851632047477
0 0.65 0.2655786350148368 0.04 0.1394658753709199
0 0.69 0.2789317507418398 0.043333333333333335 0.13056379821958458
0 0.7341666666666666 0.28635014836795253 0.035 0.12166172106824925