0 0.6456333333333333 0.3080118694362018 0.0323666666666666 0.11572700296735905
0 0.5324166666666666 0.3098813056379822 0.026116666666666597 0.13068249258160236
0 0.5932166666666667 0.3164094955489614 0.026099999999999946 0.11759643916913945
0 0.4737166666666667 0.3173293768545994 0.028233333333333423 0.1269436201780415
0 0.3852333333333333 0.3195548961424332 0.03600000000000004 0.1271810089020772
0 0.7941666666666667 0.03560830860534125 0.075 0.0712166172106825
0 0.34775 0.3297626112759644 0.03513333333333331 0.12249258160237385
0 0.30366666666666664 0.3321364985163205 0.0475 0.11462908011869435
0 0.17916666666666667 0.3397626112759644 0.03833333333333333 0.11572700296735905
0 0.2600166666666667 0.34077151335311573 0.037816666666666665 0.10679525222551932
0 0.14583333333333334 0.34421364985163205 0.028333333333333332 0.10682492581602374
0 0.21856666666666663 0.3462611275964392 0.04311666666666667 0.11148367952522253
0 0.11666666666666667 0.35014836795252224 0.02666666666666667 0.10089020771513353
0 0.6644333333333333 0.04293768545994065 0.06366666666666675 0.0858753709198813
0 0.6057333333333333 0.046676557863501486 0.06160000000000006 0.0933234421364985
0 0.7268 0.046676557863501486 0.06049999999999992 0.0933234421364985
0 0.29183333333333333 0.48451038575667654 0.04744999999999995 0.14181008902077158
0 0.78325 0.4861424332344214 0.06899999999999996 0.1648961424332344
0 0.9333166666666667 0.4861424332344214 0.07958333333333334 0.17246290801186945
0 0.7113999999999999 0.4870919881305638 0.07221666666666673 0.15919881305637976
0 0.6448333333333333 0.4880415430267062 0.06468333333333325 0.16109792284866475
0 0.5333333333333333 0.4896142433234421 0.05333333333333334 0.16023738872403562
0 0.8556166666666667 0.491839762611276 0.06896666666666676 0.1648961424332344
0 0.24513333333333334 0.4947477744807121 0.04313333333333333 0.11848664688427302
0 0.4791666666666667 0.5014836795252225 0.051666666666666666 0.14836795252225518
0 0.5466666666666666 0.05341246290801187 0.06 0.10682492581602374
0 0.42583333333333334 0.5044510385756676 0.055 0.142433234421365
0 0.5891666666666666 0.5074183976261127 0.058333333333333334 0.1543026706231454
0 0.37166666666666665 0.5133531157270029 0.05 0.13056379821958458
0 0.1618666666666667 0.5140652818991098 0.04418333333333332 0.11816023738872401
0 0.3294333333333333 0.5179821958456974 0.03636666666666666 0.09848664688427299
0 0.3975666666666667 0.05495548961424332 0.04658333333333332 0.10991097922848664
0 0.4941 0.05599406528189911 0.05848333333333339 0.11198813056379822
0 0.20335000000000003 0.5347477744807122 0.04085000000000001 0.08863501483679527
0 0.44534999999999997 0.057863501483679525 0.04906666666666671 0.11572700296735905
0 0.24206666666666668 0.6194362017804155 0.04304999999999997 0.12409495548961422
0 0.2863 0.6282789317507418 0.04744999999999995 0.13
0 0.15468333333333334 0.6292581602373888 0.03423333333333332 0.12801186943620174
0 0.3250166666666667 0.6302670623145401 0.038583333333333296 0.13
0 0.19395 0.6361721068249258 0.04858333333333332 0.11816023738872401
0 0.36833333333333335 0.6394658753709199 0.04666666666666667 0.12759643916913946
0 0.42 0.6439169139465876 0.05333333333333334 0.13649851632047477
0 0.475 0.6468842729970327 0.05333333333333334 0.142433234421365
0 0.5291666666666667 0.6468842729970327 0.055 0.1543026706231454
0 0.7092666666666667 0.647240356083086 0.06583333333333333 0.16109792284866475
0 0.5875 0.655786350148368 0.051666666666666666 0.142433234421365
0 0.6458833333333333 0.656706231454006 0.06043333333333332 0.16109792284866475
0 0.7811166666666667 0.656706231454006 0.07325000000000008 0.17246290801186945
0 0.8524166666666666 0.6643026706231454 0.07536666666666662 0.1800593471810089
0 0.9349166666666667 0.6681008902077151 0.07426666666666658 0.1762611275964391
0 0.31511666666666666 0.0714540059347181 0.05101666666666669 0.13032640949554897
0 0.23321666666666668 0.7513946587537091 0.0364166666666667 0.1359050445103858
0 0.19118333333333334 0.7641839762611276 0.049700000000000015 0.12999999999999992
0 0.27635 0.7700890207715133 0.05408333333333332 0.13786350148367954
0 0.32003333333333334 0.7740356083086054 0.03748333333333335 0.13391691394658753
0 0.36333333333333334 0.7789317507418397 0.04666666666666667 0.14540059347181009
0 0.41583333333333333 0.7833827893175074 0.055 0.13649851632047477
0 0.4716666666666667 0.7937685459940653 0.05 0.14540059347181009
0 0.5258333333333334 0.8041543026706232 0.058333333333333334 0.16023738872403562
0 0.5825 0.8130563798219584 0.058333333333333334 0.1661721068249258
0 0.6448333333333333 0.8206528189910979 0.06468333333333325 0.17816023738872402
0 0.7086833333333333 0.8235014836795251 0.060400000000000016 0.18762611275964397
0 0.7773333333333333 0.8367655786350149 0.06995000000000004 0.1762611275964391
0 0.8486499999999999 0.8547774480712166 0.07204999999999993 0.19332344213649844
0 0.93485 0.8595252225519289 0.07415000000000002 0.2027893175074185
0 0.26661666666666667 0.08949554896142432 0.04044999999999997 0.1256379821958457
0 0.2 0.9376854599406528 0.056666666666666664 0.11869436201780416
0 0.4085166666666667 0.9404747774480712 0.04851666666666669 0.09258160237388738
0 0.5312833333333333 0.9500296735905045 0.044033333333333265 0.09991097922848653
0 0.5766666666666667 0.9540059347181009 0.05333333333333334 0.08605341246290801
0 0.93705 0.11014836795252225 0.07208333333333333 0.16427299703264095
0 0.8642 0.11106824925816024 0.07106666666666674 0.18106824925816023
0 0.1625 0.1201780415430267 0.04833333333333333 0.11572700296735905
0 0.22208333333333333 0.12483679525222552 0.044883333333333345 0.08323442136498516
0 0.08416666666666667 0.13204747774480713 0.045 0.10979228486646884
0 0.12416666666666666 0.13353115727002968 0.028333333333333332 0.11275964391691394
0 0.7944166666666667 0.13813056379821959 0.06991666666666674 0.1418694362017804
0 0.6660166666666667 0.16240356083086052 0.06051666666666657 0.14934718100890207
0 0.7299500000000001 0.16240356083086052 0.06049999999999992 0.1306824925816024
0 0.6025833333333334 0.1633234421364985 0.059500000000000074 0.1437388724035608
0 0.54755 0.17454005934718103 0.05636666666666675 0.13252225519287836
0 0.49251666666666666 0.1773293768545994 0.05535000000000006 0.1306824925816024
0 0.3922833333333333 0.18373887240356085 0.044816666666666644 0.13504451038575666
0 0.4416833333333333 0.18385756676557863 0.05851666666666669 0.1325222551928783
0 0.34819999999999995 0.19629080118694364 0.03955000000000003 0.1475964391691395
0 0.30675 0.20492581602373888 0.04661666666666671 0.130326409495549
0 0.2644166666666667 0.2143620178041543 0.037816666666666665 0.12718100890207712
0 0.18416666666666667 0.22403560830860533 0.041666666666666664 0.11572700296735905
0 0.0825 0.22403560830860533 0.045 0.07418397626112759
0 0.22296666666666667 0.22768545994065284 0.037833333333333316 0.11620178041543025
0 0.14666666666666667 0.23887240356083086 0.02666666666666667 0.10385756676557864
0 0.1175 0.2433234421364985 0.028333333333333332 0.10089020771513353
0 0.9349666666666667 0.28465875370919885 0.036449999999999816 0.15121661721068252
0 0.7808666666666666 0.2893471810089021 0.04069999999999993 0.1530563798219585
0 0.8558166666666667 0.29026706231454 0.041716666666666624 0.1437388724035608