0 0.14083333333333334 0.7893175074183977 0.10166666666666667 0.3560830860534125
0 0.24333333333333335 0.7566765578635015 0.10333333333333333 0.314540059347181
0 0.3375 0.7270029673590505 0.09833333333333333 0.28486646884273
0 0.13416666666666666 0.4391691394658754 0.10166666666666667 0.3323442136498516
0 0.2325 0.44807121661721067 0.10833333333333334 0.29673590504451036
0 0.32916666666666666 0.45548961424332346 0.09166666666666666 0.27002967359050445
0 0.11916666666666667 0.142433234421365 0.11166666666666666 0.2789317507418398
0 0.22416666666666665 0.15281899109792285 0.10166666666666667 0.2997032640949555
0 0.31916666666666665 0.18100890207715134 0.095 0.27299703264094954
0 0.42 0.7091988130563798 0.07666666666666666 0.24925816023738873
0 0.41 0.456973293768546 0.08333333333333333 0.2433234421364985
0 0.39666666666666667 0.21068249258160238 0.07666666666666666 0.24925816023738873
0 0.5283333333333333 0.6884272997032641 0.04 0.22551928783382788
0 0.5666666666666667 0.6706231454005934 0.05333333333333334 0.20771513353115728
0 0.61 0.6617210682492581 0.056666666666666664 0.19584569732937684
0 0.6525 0.6513353115727003 0.045 0.18694362017804153
0 0.69 0.6454005934718101 0.043333333333333335 0.16913946587537093
0 0.5175 0.4629080118694362 0.03833333333333333 0.21364985163204747
0 0.5566666666666666 0.4629080118694362 0.05 0.20178041543026706
0 0.5975 0.46735905044510384 0.055 0.19287833827893175
0 0.6433333333333333 0.4688427299703264 0.04666666666666667 0.17804154302670624
0 0.68 0.4732937685459941 0.05 0.16913946587537093
0 0.505 0.24183976261127596 0.04 0.22255192878338279
0 0.5441666666666667 0.25667655786350146 0.04833333333333333 0.20474777448071216
0 0.59 0.2774480712166172 0.05 0.19287833827893175
0 0.6291666666666667 0.2878338278931751 0.045 0.17804154302670624
0 0.67 0.30118694362017806 0.043333333333333335 0.17507418397626112
0 0.7708333333333334 0.6216617210682492 0.035 0.1632047477744807
0 0.7591666666666667 0.4658753709198813 0.03833333333333333 0.1543026706231454
0 0.7508333333333334 0.32047477744807124 0.035 0.142433234421365
0 0.7058333333333333 0.8857566765578635 0.051666666666666666 0.18100890207715134
0 0.7983333333333333 0.615727002967359 0.03 0.1513353115727003
0 0.785 0.46735905044510384 0.03333333333333333 0.14540059347181009
0 0.7758333333333334 0.3249258160237389 0.03166666666666667 0.13353115727002968
0 0.8125 0.47032640949554894 0.03166666666666667 0.14540059347181009
0 0.8041666666666667 0.3353115727002967 0.025 0.12462908011869436
0 0.5658333333333333 0.9362017804154302 0.08166666666666667 0.12166172106824925
0 0.6225 0.9228486646884273 0.055 0.14836795252225518
0 0.6658333333333334 0.9109792284866469 0.04833333333333333 0.17210682492581603
0 0.7858333333333334 0.8427299703264095 0.03833333333333333 0.1543026706231454
0 0.8133333333333334 0.8264094955489614 0.03333333333333333 0.1572700296735905
0 0.7958333333333333 0.956973293768546 0.03166666666666667 0.08011869436201781
0 0.82 0.9495548961424333 0.03666666666666667 0.09495548961424333