0 0.17583333333333334 0.33086053412462907 0.04 0.10682492581602374
0 0.21833333333333332 0.33382789317507416 0.03833333333333333 0.09495548961424333
0 0.2608333333333333 0.3367952522255193 0.035 0.09198813056379822
0 0.3016666666666667 0.3367952522255193 0.03666666666666667 0.09198813056379822
0 0.38083333333333336 0.3367952522255193 0.03166666666666667 0.08605341246290801
0 0.3408333333333333 0.33827893175074186 0.03833333333333333 0.08902077151335312
0 0.45666666666666667 0.33827893175074186 0.035 0.0830860534124629
0 0.7016666666666667 0.33827893175074186 0.035 0.0712166172106825
0 0.49333333333333335 0.3397626112759644 0.035 0.08011869436201781
0 0.5291666666666667 0.3397626112759644 0.035 0.0830860534124629
0 0.4175 0.34124629080118696 0.03833333333333333 0.08605341246290801
0 0.5983333333333334 0.34124629080118696 0.035 0.08011869436201781
0 0.41833333333333333 0.3427299703264095 0.03666666666666667 0.08605341246290801
0 0.565 0.3427299703264095 0.03333333333333333 0.08011869436201781
0 0.635 0.3427299703264095 0.03333333333333333 0.0830860534124629
0 0.67 0.3427299703264095 0.035 0.0830860534124629
0 0.865 0.3658160237388724 0.037083333333333336 0.07489614243323445
0 0.9001833333333333 0.3658160237388724 0.037883333333333366 0.07489614243323445
0 0.705 0.4198813056379822 0.03666666666666667 0.08605341246290801
0 0.6025 0.42433234421364985 0.03833333333333333 0.09198813056379822
0 0.6758333333333333 0.42433234421364985 0.03833333333333333 0.0830860534124629
0 0.21833333333333332 0.4258160237388724 0.03666666666666667 0.09495548961424333
0 0.38 0.4258160237388724 0.041666666666666664 0.09198813056379822
0 0.4175 0.4258160237388724 0.03833333333333333 0.09198813056379822
0 0.6383333333333333 0.4258160237388724 0.041666666666666664 0.08902077151335312
0 0.3408333333333333 0.42729970326409494 0.035 0.08902077151335312
0 0.4583333333333333 0.42729970326409494 0.04 0.08902077151335312
0 0.495 0.42729970326409494 0.03833333333333333 0.09495548961424333
0 0.26 0.4287833827893175 0.04 0.08605341246290801
0 0.30333333333333334 0.4287833827893175 0.03666666666666667 0.08605341246290801
0 0.5308333333333334 0.4287833827893175 0.03666666666666667 0.08902077151335312
0 0.5666666666666667 0.4287833827893175 0.03666666666666667 0.08902077151335312
0 0.9919833333333334 0.4342433234421365 0.0160166666666665 0.0590504451038575
0 0.17666666666666667 0.43471810089020774 0.043333333333333335 0.09198813056379822
0 0.9701333333333334 0.4378338278931751 0.02894999999999982 0.07777448071216611
0 0.9381833333333333 0.4421661721068249 0.03625 0.07489614243323445
0 0.87025 0.44504451038575665 0.03626666666666665 0.0835311572700296
0 0.9013833333333334 0.44504451038575665 0.03383333333333326 0.07777448071216611
0 0.71 0.5089020771513353 0.03833333333333333 0.08605341246290801
0 0.9758 0.5098516320474777 0.033799999999999955 0.0835311572700296
0 0.6775 0.5103857566765578 0.03666666666666667 0.08902077151335312
0 0.6425 0.5133531157270029 0.03833333333333333 0.08605341246290801
0 0.9414166666666667 0.5148961424332344 0.03623333333333335 0.08210682492581607
0 0.9082666666666668 0.5156083086053412 0.03625 0.0835311572700296
0 0.49666666666666665 0.516320474777448 0.041666666666666664 0.08605341246290801
0 0.26166666666666666 0.5178041543026706 0.04 0.09792284866468842
0 0.57 0.5178041543026706 0.03666666666666667 0.0830860534124629
0 0.6066666666666667 0.5178041543026706 0.03666666666666667 0.08605341246290801
0 0.8771166666666667 0.5192284866468843 0.037066666666666685 0.08786350148367957
0 0.37916666666666665 0.5192878338278932 0.041666666666666664 0.10089020771513353
0 0.45916666666666667 0.5192878338278932 0.03833333333333333 0.08902077151335312
0 0.5358333333333334 0.5192878338278932 0.03833333333333333 0.08605341246290801
0 0.3025 0.5207715133531158 0.03666666666666667 0.09495548961424333
0 0.42 0.5207715133531158 0.04 0.09198813056379822
0 0.3408333333333333 0.5222551928783383 0.03833333333333333 0.09495548961424333
0 0.21833333333333332 0.5237388724035609 0.041666666666666664 0.09792284866468842
0 0.1725 0.5252225519287834 0.041666666666666664 0.09495548961424333
0 0.9483 0.5948367952522255 0.038666666666666745 0.0835311572700296
0 0.9814666666666667 0.5955489614243323 0.032183333333333244 0.08498516320474774
0 0.9131166666666667 0.5970029673590505 0.03625 0.07922848664688424
0 0.8803666666666667 0.5998813056379821 0.037066666666666685 0.07922848664688424
0 0.6816666666666666 0.6008902077151336 0.03833333333333333 0.09198813056379822
0 0.715 0.6008902077151336 0.03666666666666667 0.10089020771513353
0 0.6458333333333334 0.6023738872403561 0.03666666666666667 0.09198813056379822
0 0.7566666666666667 0.6023738872403561 0.04 0.09198813056379822
0 0.6116666666666667 0.6053412462908012 0.03666666666666667 0.09792284866468842
0 0.5 0.6083086053412463 0.04 0.09495548961424333
0 0.5358333333333334 0.6097922848664689 0.03666666666666667 0.10089020771513353
0 0.5733333333333334 0.6097922848664689 0.041666666666666664 0.10385756676557864
0 0.46166666666666667 0.612759643916914 0.04 0.09495548961424333
0 0.4225 0.6172106824925816 0.03833333333333333 0.08902077151335312
0 0.3425 0.6186943620178041 0.03666666666666667 0.08605341246290801
0 0.38166666666666665 0.6186943620178041 0.03666666666666667 0.08605341246290801
0 0.30083333333333334 0.6201780415430267 0.03333333333333333 0.08902077151335312
0 0.1725 0.6231454005934718 0.04666666666666667 0.09495548961424333
0 0.21833333333333332 0.6231454005934718 0.04 0.10089020771513353
0 0.2625 0.6231454005934718 0.043333333333333335 0.10385756676557864
0 0.6116666666666667 0.7106824925816023 0.03666666666666667 0.06824925816023739
0 0.6466666666666666 0.7106824925816023 0.03333333333333333 0.0771513353115727
0 0.6833333333333333 0.7106824925816023 0.03333333333333333 0.07418397626112759
0 0.7533333333333333 0.7151335311572701 0.03 0.08605341246290801
0 0.7208333333333333 0.7195845697329377 0.03666666666666667 0.09495548961424333
0 0.5008333333333334 0.7344213649851632 0.04 0.10682492581602374
0 0.4625 0.7359050445103857 0.03666666666666667 0.10089020771513353
0 0.53525 0.7391394658753709 0.026983333333333425 0.09172106824925823
0 0.38333333333333336 0.7403560830860534 0.03833333333333333 0.09792284866468842
0 0.42333333333333334 0.7418397626112759 0.03833333333333333 0.10385756676557864
0 0.3408333333333333 0.7433234421364985 0.03666666666666667 0.09495548961424333
0 0.3025 0.7462908011869436 0.03333333333333333 0.09495548961424333
0 0.21833333333333332 0.7507418397626113 0.03666666666666667 0.10089020771513353
0 0.17166666666666666 0.7522255192878339 0.03666666666666667 0.09792284866468842
0 0.1325 0.7655786350148368 0.04 0.10089020771513353
0 0.4625 0.841246290801187 0.03833333333333333 0.10089020771513353
0 0.5033333333333333 0.841246290801187 0.03833333333333333 0.10385756676557864
0 0.4241666666666667 0.844213649851632 0.03833333333333333 0.10089020771513353
0 0.38416666666666666 0.8471810089020771 0.03833333333333333 0.10682492581602374
0 0.3425 0.8486646884272997 0.04 0.10385756676557864
0 0.30083333333333334 0.8531157270029673 0.041666666666666664 0.10089020771513353
0 0.25833333333333336 0.8560830860534124 0.04 0.10385756676557864
0 0.215 0.8590504451038575 0.045 0.10682492581602374
0 0.17166666666666666 0.8605341246290801 0.04 0.10385756676557864
0 0.12583333333333332 0.870919881305638 0.041666666666666664 0.10385756676557864
0 0.43333333333333335 0.9584569732937686 0.041666666666666664 0.07418397626112759
0 0.4741666666666667 0.9614243323442137 0.035 0.07418397626112759
0 0.3908333333333333 0.9629080118694362 0.04 0.0712166172106825
0 0.34833333333333333 0.9629080118694362 0.043333333333333335 0.06824925816023739
0 0.26 0.9688427299703264 0.041666666666666664 0.05934718100890208
0 0.30916666666666665 0.9688427299703264 0.03833333333333333 0.05637982195845697
0 0.21833333333333332 0.9688427299703264 0.05 0.05637982195845697
0 0.1725 0.9703264094955489 0.04833333333333333 0.05341246290801187
0 0.12916666666666668 0.9703264094955489 0.041666666666666664 0.05341246290801187