0 0.7373887240356083 0.18833333333333332 0.06824925816023739 0.09
0 0.6468842729970327 0.20666666666666667 0.11869436201780416 0.09666666666666666
0 0.46735905044510384 0.23666666666666666 0.10979228486646884 0.07333333333333333
0 0.37388724035608306 0.255 0.06528189910979229 0.07
0 0.30712166172106825 0.275 0.06824925816023739 0.05333333333333334
0 0.7225519287833828 0.28583333333333333 0.06824925816023739 0.115
0 0.25370919881305637 0.29583333333333334 0.050445103857566766 0.065
0 0.6305637982195845 0.3025 0.12166172106824925 0.10166666666666667
0 0.5252225519287834 0.31416666666666665 0.10682492581602374 0.105
0 0.4421364985163205 0.32416666666666666 0.0830860534124629 0.08833333333333333
0 0.36350148367952523 0.335 0.07418397626112759 0.08333333333333333
0 0.2922848664688427 0.345 0.05637982195845697 0.08333333333333333
0 0.18545994065281898 0.35833333333333334 0.09198813056379822 0.07333333333333333
0 0.712166172106825 0.39166666666666666 0.0712166172106825 0.10666666666666667
0 0.6186943620178041 0.40166666666666667 0.11572700296735905 0.1
0 0.5118694362017804 0.4083333333333333 0.09198813056379822 0.09
0 0.43026706231454004 0.41583333333333333 0.08902077151335312 0.085
0 0.3456973293768546 0.4166666666666667 0.06824925816023739 0.07666666666666666
0 0.28338278931750743 0.42583333333333334 0.05637982195845697 0.07833333333333334
0 0.2166172106824926 0.4275 0.05934718100890208 0.075
0 0.1572700296735905 0.43 0.04747774480712166 0.07
0 0.39661721068249256 0.5668333333333334 0.07548961424332344 0.051200000000000044
0 0.48451038575667654 0.5723166666666667 0.10801186943620171 0.05241666666666674
0 0.1201780415430267 0.62 0.04451038575667656 0.08333333333333333
0 0.17359050445103857 0.6225 0.05637982195845697 0.07833333333333334
0 0.24183976261127596 0.625 0.06231454005934718 0.08333333333333333
0 0.29139465875370923 0.63205 0.03430267062314541 0.08411666666666671
0 0.3798219584569733 0.64 0.0771513353115727 0.1
0 0.5667655786350149 0.6433333333333333 0.05934718100890208 0.11333333333333333
0 0.48813056379821956 0.6483333333333333 0.12166172106824925 0.10666666666666667
0 0.642433234421365 0.655 0.04451038575667656 0.11333333333333333
0 0.6913946587537092 0.6683333333333333 0.05934718100890208 0.12666666666666668
0 0.11127596439169139 0.7008333333333333 0.04451038575667656 0.07833333333333334
0 0.1632047477744807 0.7083333333333334 0.04747774480712166 0.08666666666666667
0 0.22403560830860533 0.715 0.06231454005934718 0.08333333333333333
0 0.2729376854599407 0.7210333333333333 0.0408308605341246 0.09629999999999996
0 0.37537091988130566 0.7416666666666667 0.08605341246290801 0.10333333333333333
0 0.44807121661721067 0.7558333333333334 0.0712166172106825 0.09833333333333333
0 0.5415430267062314 0.7658333333333334 0.13353115727002968 0.11833333333333333
0 0.10237388724035608 0.7833333333333333 0.05637982195845697 0.08333333333333333
0 0.14688427299703263 0.7891666666666667 0.04451038575667656 0.07833333333333334
0 0.6810089020771514 0.79 0.08011869436201781 0.11666666666666667
0 0.20474777448071216 0.8058333333333333 0.06528189910979229 0.095
0 0.26706231454005935 0.8183333333333334 0.04747774480712166 0.1
0 0.3590504451038576 0.8425 0.09495548961424333 0.095
0 0.4287833827893175 0.855 0.07418397626112759 0.1
0 0.5281899109792285 0.8833333333333333 0.14836795252225518 0.12666666666666668
0 0.658753709198813 0.9191666666666667 0.0712166172106825 0.12833333333333333
0 0.11869436201780416 0.9208333333333333 0.05934718100890208 0.07833333333333334
0 0.18545994065281898 0.94 0.06824925816023739 0.09666666666666666
0 0.24777448071216618 0.9658333333333333 0.04451038575667656 0.065