0 0.8725 0.29821958456973297 0.03333333333333333 0.12462908011869436
0 0.9825 0.4094955489614243 0.03166666666666667 0.1543026706231454
0 0.9466666666666667 0.4406528189910979 0.045 0.11869436201780416
0 0.245 0.456973293768546 0.10666666666666667 0.258160237388724
0 0.0896 0.4918991097922849 0.03991666666666667 0.2631157270029674
0 0.4033333333333333 0.49554896142433236 0.08666666666666667 0.2195845697329377
0 0.4825 0.5044510385756676 0.07333333333333333 0.20771513353115728
0 0.5458333333333333 0.516320474777448 0.05333333333333334 0.19584569732937684
0 0.1525 0.5178041543026706 0.075 0.2166172106824926
0 0.595 0.526706231454006 0.051666666666666666 0.18100890207715134
0 0.6433333333333333 0.5415430267062314 0.055 0.18100890207715134
0 0.9553833333333334 0.5701483679525222 0.05861666666666679 0.1376261127596439
0 0.4633333333333333 0.06231454005934718 0.058333333333333334 0.11869436201780416
0 0.6 0.7136498516320475 0.04833333333333333 0.18694362017804153
0 0.6483333333333333 0.7136498516320475 0.05333333333333334 0.18397626112759644
0 0.4825 0.7151335311572701 0.07333333333333333 0.2166172106824926
0 0.33666666666666667 0.7181008902077152 0.08166666666666667 0.24925816023738873
0 0.5475 0.7181008902077152 0.058333333333333334 0.20771513353115728
0 0.24083333333333334 0.7195845697329377 0.10166666666666667 0.2522255192878338
0 0.4125 0.7210682492581603 0.06666666666666667 0.22551928783382788
0 0.145 0.7314540059347181 0.08333333333333333 0.20771513353115728
0 0.5233333333333333 0.08160237388724036 0.05333333333333334 0.1543026706231454
0 0.5733333333333334 0.09050445103857567 0.05 0.17804154302670624
0 0.6525 0.9035608308605341 0.045 0.18694362017804153
0 0.6033333333333334 0.9035608308605341 0.05333333333333334 0.18694362017804153
0 0.4841666666666667 0.9080118694362018 0.07333333333333333 0.17507418397626112
0 0.55 0.9094955489614244 0.06 0.17507418397626112
0 0.4125 0.913946587537092 0.06833333333333333 0.1661721068249258
0 0.23583333333333334 0.9213649851632048 0.10166666666666667 0.1513353115727003
0 0.3325 0.9213649851632048 0.08833333333333333 0.1513353115727003
0 0.6175 0.12166172106824925 0.04833333333333333 0.17507418397626112
0 0.6566666666666666 0.1572700296735905 0.045 0.16023738872403562
0 0.695 0.17507418397626112 0.043333333333333335 0.1543026706231454
0 0.7316666666666667 0.20029673590504452 0.03833333333333333 0.14540059347181009
0 0.9165666666666668 0.21988130563798217 0.03596666666666654 0.09522255192878339
0 0.7625 0.22255192878338279 0.03 0.13649851632047477
0 0.7933333333333333 0.23738872403560832 0.03 0.13353115727002968
0 0.9409500000000001 0.24578635014836794 0.015516666666666576 0.08543026706231452
0 0.9543166666666667 0.24928783382789318 0.015499999999999924 0.08403560830860532
0 0.8175 0.258160237388724 0.02666666666666667 0.12759643916913946
0 0.9720166666666668 0.26679525222551925 0.011566666666666758 0.07703264094955492
0 0.8425 0.2774480712166172 0.03 0.12759643916913946