0 0.9583333333333334 0.4633333333333333 0.065 0.09111111111111111
0 0.89 0.46444444444444444 0.06666666666666667 0.09111111111111111
0 0.8308333333333333 0.47444444444444445 0.065 0.10222222222222223
0 0.77 0.4766666666666667 0.06 0.08666666666666667
0 0.65 0.47888888888888886 0.05333333333333334 0.08666666666666667
0 0.7091666666666666 0.47888888888888886 0.06 0.08666666666666667
0 0.5908333333333333 0.4811111111111111 0.055 0.08888888888888889
0 0.5325 0.4822222222222222 0.056666666666666664 0.09333333333333334
0 0.3575 0.48333333333333334 0.058333333333333334 0.09333333333333334
0 0.41833333333333333 0.48333333333333334 0.055 0.09111111111111111
0 0.47583333333333333 0.48333333333333334 0.05333333333333334 0.09333333333333334
0 0.29833333333333334 0.48444444444444446 0.056666666666666664 0.09333333333333334
0 0.9666666666666667 0.5611111111111111 0.06333333333333334 0.1
0 0.9091666666666667 0.5622222222222222 0.08 0.09777777777777778
0 0.8433333333333334 0.57 0.06666666666666667 0.09333333333333334
0 0.78 0.5711111111111111 0.065 0.09333333333333334
0 0.6566666666666666 0.5722222222222222 0.06333333333333334 0.09777777777777778
0 0.7183333333333334 0.5733333333333334 0.065 0.09555555555555556
0 0.5933333333333334 0.5766666666666667 0.06166666666666667 0.09333333333333334
0 0.4708333333333333 0.5777777777777777 0.06333333333333334 0.09333333333333334
0 0.28833333333333333 0.5788888888888889 0.058333333333333334 0.09777777777777778
0 0.35 0.5788888888888889 0.06166666666666667 0.09111111111111111
0 0.4091666666666667 0.5788888888888889 0.056666666666666664 0.09777777777777778
0 0.5325 0.58 0.058333333333333334 0.09777777777777778
0 0.9791666666666666 0.6622222222222223 0.03833333333333333 0.12
0 0.9241666666666667 0.67 0.085 0.10444444444444445
0 0.8608333333333333 0.6722222222222223 0.07333333333333333 0.10888888888888888
0 0.7958333333333333 0.6755555555555556 0.07333333333333333 0.10888888888888888
0 0.4041666666666667 0.6766666666666666 0.06166666666666667 0.10222222222222223
0 0.73 0.6766666666666666 0.07 0.10888888888888888
0 0.34 0.6777777777777778 0.065 0.10666666666666667
0 0.465 0.6777777777777778 0.065 0.10222222222222223
0 0.5325 0.6777777777777778 0.065 0.10222222222222223
0 0.6625 0.6777777777777778 0.06666666666666667 0.10888888888888888
0 0.2758333333333333 0.68 0.065 0.10888888888888888
0 0.5975 0.68 0.065 0.10444444444444445
0 0.8825 0.7855555555555556 0.07166666666666667 0.12666666666666668
0 0.39916666666666667 0.7866666666666666 0.06666666666666667 0.12
0 0.9483333333333334 0.7866666666666666 0.08333333333333333 0.12
0 0.3325 0.7888888888888889 0.065 0.11333333333333333
0 0.4666666666666667 0.7888888888888889 0.07 0.11777777777777777
0 0.265 0.7911111111111111 0.065 0.11555555555555555
0 0.5333333333333333 0.7911111111111111 0.065 0.12
0 0.6016666666666667 0.7933333333333333 0.07333333333333333 0.1288888888888889
0 0.6725 0.7933333333333333 0.07166666666666667 0.1288888888888889
0 0.7416666666666667 0.7944444444444444 0.07333333333333333 0.12666666666666668
0 0.8091666666666667 0.7966666666666666 0.07333333333333333 0.12222222222222222
0 0.32 0.9077777777777778 0.06666666666666667 0.12222222222222222
0 0.25166666666666665 0.9088888888888889 0.07333333333333333 0.12222222222222222
0 0.9633333333333334 0.9088888888888889 0.07 0.12444444444444444
0 0.465 0.91 0.07 0.12444444444444444
0 0.5333333333333333 0.91 0.07166666666666667 0.12444444444444444
0 0.8958333333333334 0.91 0.08333333333333333 0.12
0 0.39166666666666666 0.9122222222222223 0.07 0.12222222222222222
0 0.6816666666666666 0.9133333333333333 0.07333333333333333 0.11555555555555555
0 0.6066666666666667 0.9144444444444444 0.075 0.11333333333333333
0 0.7558333333333334 0.9144444444444444 0.07666666666666666 0.12
0 0.8283333333333334 0.9155555555555556 0.07666666666666666 0.10888888888888888