0 0.20333333333333334 0.5844444444444444 0.058333333333333334 0.11555555555555555
0 0.26 0.58 0.05333333333333334 0.12
0 0.32083333333333336 0.5744444444444444 0.06833333333333333 0.12666666666666668
0 0.19416666666666665 0.7055555555555556 0.06 0.12444444444444444
0 0.2575 0.7055555555555556 0.058333333333333334 0.12666666666666668
0 0.32 0.7044444444444444 0.07 0.1288888888888889
0 0.1875 0.8344444444444444 0.06333333333333334 0.13555555555555557
0 0.25083333333333335 0.8377777777777777 0.06333333333333334 0.13777777777777778
0 0.31583333333333335 0.8377777777777777 0.07166666666666667 0.14222222222222222
0 0.38916666666666666 0.5755555555555556 0.06666666666666667 0.12444444444444444
0 0.455 0.5722222222222222 0.06166666666666667 0.1288888888888889
0 0.38916666666666666 0.7011111111111111 0.07333333333333333 0.13111111111111112
0 0.45666666666666667 0.7011111111111111 0.06833333333333333 0.12666666666666668
0 0.38916666666666666 0.8377777777777777 0.07333333333333333 0.14666666666666667
0 0.4608333333333333 0.8411111111111111 0.06666666666666667 0.14666666666666667
0 0.03666666666666667 0.5977777777777777 0.05333333333333334 0.11777777777777777
0 0.029166666666666667 0.7133333333333334 0.058333333333333334 0.11333333333333333
0 0.025 0.8322222222222222 0.05 0.12666666666666668
0 0.0925 0.5944444444444444 0.056666666666666664 0.12
0 0.08666666666666667 0.7122222222222222 0.056666666666666664 0.11777777777777777
0 0.0775 0.8311111111111111 0.055 0.1288888888888889
0 0.14583333333333334 0.5888888888888889 0.05333333333333334 0.11555555555555555
0 0.13916666666666666 0.7077777777777777 0.04833333333333333 0.12222222222222222
0 0.13166666666666665 0.8344444444444444 0.055 0.13111111111111112
0 0.7425 0.5566666666666666 0.07333333333333333 0.13555555555555557
0 0.7491666666666666 0.6988888888888889 0.075 0.13777777777777778
0 0.7591666666666667 0.84 0.08166666666666667 0.13777777777777778
0 0.8308333333333333 0.6955555555555556 0.085 0.14888888888888888
0 0.8383333333333334 0.8388888888888889 0.08 0.14222222222222222
0 0.8975 0.5511111111111111 0.08166666666666667 0.13333333333333333
0 0.9125 0.6933333333333334 0.07666666666666666 0.14666666666666667
0 0.9216666666666666 0.8377777777777777 0.08333333333333333 0.13777777777777778
0 0.9675 0.5477777777777778 0.06166666666666667 0.14222222222222222
0 0.975 0.6922222222222222 0.04666666666666667 0.14444444444444443
0 0.98 0.8366666666666667 0.03666666666666667 0.14222222222222222
0 0.5308333333333334 0.5666666666666667 0.06 0.13333333333333333
0 0.5966666666666667 0.5644444444444444 0.06666666666666667 0.13555555555555557
0 0.6691666666666667 0.5588888888888889 0.07166666666666667 0.14
0 0.5325 0.7011111111111111 0.06166666666666667 0.13777777777777778
0 0.5983333333333334 0.6988888888888889 0.07333333333333333 0.13777777777777778
0 0.6716666666666666 0.6977777777777778 0.07666666666666666 0.13777777777777778
0 0.5358333333333334 0.8411111111111111 0.065 0.14222222222222222
0 0.6033333333333334 0.8388888888888889 0.07166666666666667 0.1511111111111111
0 0.6775 0.84 0.075 0.14888888888888888
0 0.56 0.39222222222222225 0.06833333333333333 0.13333333333333333
0 0.6316666666666667 0.3877777777777778 0.07166666666666667 0.13111111111111112
0 0.705 0.3811111111111111 0.07333333333333333 0.1288888888888889
0 0.7825 0.37 0.08166666666666667 0.13777777777777778
0 0.8625 0.3611111111111111 0.08 0.14444444444444443
0 0.455 0.3211111111111111 0.05 0.10444444444444445
0 0.505 0.32 0.04666666666666667 0.10444444444444445
0 0.4508333333333333 0.42 0.04833333333333333 0.09111111111111111
0 0.5008333333333334 0.41555555555555557 0.05 0.09111111111111111