0 0.415 0.39555555555555555 0.06 0.19333333333333333
0 0.48333333333333334 0.39666666666666667 0.07666666666666666 0.19111111111111112
0 0.5716666666666667 0.4 0.09833333333333333 0.2
0 0.0375 0.4088888888888889 0.07333333333333333 0.18666666666666668
0 0.22416666666666665 0.4088888888888889 0.09166666666666666 0.18888888888888888
0 0.115 0.41 0.06833333333333333 0.18
0 0.32083333333333336 0.41 0.09666666666666666 0.19111111111111112
0 0.03916666666666667 0.5922222222222222 0.07666666666666666 0.17555555555555555
0 0.41 0.5933333333333334 0.10333333333333333 0.19111111111111112
0 0.11916666666666667 0.5944444444444444 0.075 0.1711111111111111
0 0.4925 0.5944444444444444 0.06166666666666667 0.19777777777777777
0 0.22916666666666666 0.5955555555555555 0.08833333333333333 0.18444444444444444
0 0.31833333333333336 0.5977777777777777 0.08666666666666667 0.18222222222222223
0 0.57 0.6022222222222222 0.09166666666666666 0.2
0 0.04 0.77 0.08 0.17555555555555555
0 0.11916666666666667 0.7755555555555556 0.07666666666666666 0.17777777777777778
0 0.23333333333333334 0.7788888888888889 0.08833333333333333 0.17555555555555555
0 0.32166666666666666 0.78 0.08333333333333333 0.18
0 0.49166666666666664 0.7844444444444445 0.056666666666666664 0.18222222222222223
0 0.41333333333333333 0.7944444444444444 0.1 0.20444444444444446
0 0.5683333333333334 0.8055555555555556 0.09333333333333334 0.2