0 0.3233333333333333 0.24333333333333335 0.065 0.14444444444444443
0 0.3883333333333333 0.2722222222222222 0.058333333333333334 0.13555555555555557
0 0.44416666666666665 0.3022222222222222 0.045 0.12666666666666668
0 0.49166666666666664 0.32222222222222224 0.04666666666666667 0.12222222222222222
0 0.54 0.3433333333333333 0.041666666666666664 0.11333333333333333
0 0.5825 0.36333333333333334 0.035 0.10666666666666667
0 0.62 0.3811111111111111 0.03166666666666667 0.10666666666666667
0 0.6541666666666667 0.3977777777777778 0.028333333333333332 0.09555555555555556
0 0.6883333333333334 0.41444444444444445 0.03333333333333333 0.09777777777777778
0 0.7191666666666666 0.42333333333333334 0.02666666666666667 0.09555555555555556
0 0.89075 0.42822222222222217 0.035183333333333164 0.059955555555555595
0 0.7483333333333333 0.4388888888888889 0.025 0.09111111111111111
0 0.7741666666666667 0.45 0.023333333333333334 0.08666666666666667
0 0.7975 0.46444444444444444 0.021666666666666667 0.07555555555555556
0 0.8216666666666667 0.47333333333333333 0.023333333333333334 0.08
0 0.8491666666666666 0.4855555555555556 0.025 0.07555555555555556
0 0.9608333333333333 0.5711111111111111 0.06333333333333334 0.09777777777777778
0 0.90945 0.5881555555555555 0.04275000000000015 0.0799777777777778
0 0.31833333333333336 0.6088888888888889 0.08 0.15555555555555556
0 0.44083333333333335 0.6255555555555555 0.075 0.13777777777777778
0 0.23833333333333334 0.6288888888888889 0.065 0.12222222222222222
0 0.5066666666666667 0.6311111111111111 0.055 0.12444444444444444
0 0.5566666666666666 0.6388888888888888 0.045 0.11555555555555555
0 0.6 0.6422222222222222 0.03833333333333333 0.1111111111111111
0 0.6416666666666667 0.6511111111111111 0.041666666666666664 0.1111111111111111
0 0.97 0.6722222222222223 0.055 0.10666666666666667
0 0.9208333333333333 0.6755555555555556 0.05 0.1
0 0.2325 0.7644444444444445 0.07333333333333333 0.14444444444444443
0 0.505 0.7655555555555555 0.058333333333333334 0.14444444444444443
0 0.3125 0.7666666666666667 0.08 0.1511111111111111
0 0.38666666666666666 0.7677777777777778 0.065 0.14888888888888888
0 0.44666666666666666 0.7677777777777778 0.055 0.14666666666666667
0 0.5575 0.7688888888888888 0.043333333333333335 0.14
0 0.6025 0.7688888888888888 0.041666666666666664 0.13555555555555557
0 0.645 0.77 0.03833333333333333 0.12666666666666668
0 0.9166666666666666 0.7811111111111111 0.058333333333333334 0.10444444444444445
0 0.9708333333333333 0.7833333333333333 0.05 0.1111111111111111
0 0.6466666666666666 0.8977777777777778 0.041666666666666664 0.12222222222222222
0 0.6033333333333334 0.9044444444444445 0.045 0.12666666666666668
0 0.5583333333333333 0.9122222222222223 0.03833333333333333 0.14
0 0.22833333333333333 0.9166666666666666 0.085 0.15555555555555556
0 0.505 0.9177777777777778 0.06333333333333334 0.15555555555555556
0 0.3125 0.9222222222222223 0.07666666666666666 0.1511111111111111
0 0.385 0.9222222222222223 0.06 0.1511111111111111
0 0.44666666666666666 0.9222222222222223 0.05 0.15333333333333332
0 0.25666666666666665 0.21555555555555556 0.058333333333333334 0.14888888888888888