0 0.28833333333333333 0.5033333333333333 0.06833333333333333 0.17777777777777778
0 0.3675 0.5288888888888889 0.08333333333333333 0.17333333333333334
0 0.5158333333333334 0.5688888888888889 0.08333333333333333 0.1622222222222222
0 0.44583333333333336 0.5933333333333334 0.065 0.13111111111111112
0 0.595 0.5944444444444444 0.06666666666666667 0.14888888888888888
0 0.6575 0.6155555555555555 0.06333333333333334 0.13555555555555557
0 0.7158333333333333 0.6388888888888888 0.05 0.13111111111111112
0 0.7733333333333333 0.6511111111111111 0.07166666666666667 0.14222222222222222
0 0.2825 0.6788888888888889 0.075 0.18
0 0.36583333333333334 0.7 0.09 0.15777777777777777
0 0.45 0.7277777777777777 0.075 0.13333333333333333
0 0.5316666666666666 0.7288888888888889 0.085 0.15333333333333332
0 0.6133333333333333 0.7455555555555555 0.07166666666666667 0.14888888888888888
0 0.6808333333333333 0.7555555555555555 0.06 0.13777777777777778
0 0.7383333333333333 0.7722222222222223 0.05333333333333334 0.13777777777777778
0 0.8058333333333333 0.7855555555555556 0.09166666666666666 0.13333333333333333
0 0.6458333333333334 0.9477777777777778 0.09166666666666666 0.1
0 0.7183333333333334 0.9522222222222222 0.07 0.09111111111111111
0 0.785 0.9611111111111111 0.07 0.07333333333333333