0 0.20711666666666667 0.31722222222222224 0.06730000000000001 0.16904444444444444
0 0.7651833333333333 0.3216222222222222 0.057216666666666735 0.1339111111111111
0 0.6960333333333334 0.32380000000000003 0.08028333333333326 0.14708888888888888
0 0.06308333333333332 0.3292888888888889 0.11510000000000001 0.19317777777777778
0 0.52155 0.3304 0.0836499999999999 0.15146666666666664
0 0.6079666666666667 0.3304 0.08854999999999999 0.14268888888888884
0 0.35445 0.3347777777777778 0.07548333333333336 0.14268888888888884
0 0.43346666666666667 0.3347777777777778 0.09189999999999998 0.1514666666666667
0 0.28285 0.35015555555555555 0.08043333333333332 0.14708888888888888
0 0.15691666666666668 0.371 0.08213333333333334 0.12293333333333333
0 0.04 0.05555555555555555 0.08 0.1111111111111111
0 0.32811666666666667 0.05708888888888889 0.0787833333333333 0.11415555555555555
0 0.6041666666666666 0.5666666666666667 0.08333333333333333 0.1622222222222222
0 0.5948 0.05817777777777778 0.08854999999999999 0.11635555555555556
0 0.13140000000000002 0.05817777777777778 0.1101333333333333 0.11635555555555556
0 0.4083333333333333 0.06 0.07666666666666666 0.12
0 0.5216666666666666 0.5811111111111111 0.08166666666666667 0.14888888888888888
0 0.4375 0.5833333333333334 0.08833333333333333 0.16
0 0.34833333333333333 0.59 0.08833333333333333 0.15333333333333332
0 0.7799833333333334 0.06037777777777778 0.09671666666666662 0.11635555555555556
0 0.24086666666666667 0.06146666666666667 0.10844999999999999 0.12293333333333334
0 0.2658333333333333 0.6088888888888889 0.075 0.13111111111111112
0 0.4910833333333333 0.06255555555555556 0.09846666666666673 0.11635555555555556
0 0.19083333333333333 0.6222222222222222 0.075 0.13555555555555557
0 0.11938333333333333 0.6305333333333334 0.08011666666666666 0.12011111111111102
0 0.6845166666666667 0.06695555555555556 0.0901666666666667 0.13391111111111112
0 0.85 0.07111111111111111 0.06 0.14222222222222222
0 0.9708333333333333 0.07555555555555556 0.055 0.1511111111111111
0 0.42951666666666666 0.7393111111111111 0.05566666666666663 0.10362222222222221
0 0.5012666666666666 0.7393111111111111 0.05654999999999992 0.0889777777777777
0 0.6520166666666666 0.7487555555555555 0.07291666666666667 0.12384444444444448
0 0.9125166666666666 0.07684444444444444 0.06209999999999998 0.14488888888888893
0 0.56845 0.7582 0.07390000000000005 0.12922222222222218
0 0.22064999999999999 0.7899111111111111 0.05848333333333336 0.12922222222222218
0 0.3755833333333333 0.8094 0.05751666666666665 0.0975111111111111
0 0.29103333333333337 0.8209777777777778 0.08040000000000001 0.1450666666666666
0 0.49898333333333333 0.8234222222222223 0.050150000000000056 0.07435555555555563
0 0.43225 0.8258666666666666 0.04834999999999998 0.07924444444444437
0 0.63935 0.8697777777777778 0.06448333333333342 0.09946666666666665
0 0.5625166666666667 0.8788888888888889 0.06201666666666673 0.11946666666666665
0 0.4363666666666667 0.9063111111111111 0.043783333333333306 0.06948888888888885
0 0.4944166666666666 0.9075333333333333 0.06843333333333325 0.10604444444444451
0 0.37329999999999997 0.9264222222222221 0.07488333333333334 0.1414
0 0.29333333333333333 0.9455555555555556 0.07333333333333333 0.10444444444444445
0 0.6408333333333334 0.9577777777777777 0.085 0.08
0 0.5616666666666666 0.9655555555555555 0.06666666666666667 0.06444444444444444
0 0.2869666666666667 0.21404444444444443 0.07550000000000003 0.11195555555555554