0 0.3688888888888889 0.20833333333333334 0.057777777777777775 0.06833333333333333
0 0.32555555555555554 0.2125 0.03111111111111111 0.07166666666666667
0 0.29333333333333333 0.21416666666666667 0.03111111111111111 0.06333333333333334
0 0.7133333333333334 0.25583333333333336 0.06222222222222222 0.08
0 0.6588888888888889 0.2575 0.044444444444444446 0.07666666666666666
0 0.6133333333333333 0.2608333333333333 0.04666666666666667 0.07666666666666666
0 0.5677777777777778 0.26416666666666666 0.035555555555555556 0.07166666666666667
0 0.24417777777777777 0.2722333333333333 0.05066666666666669 0.05294999999999997
0 0.3711111111111111 0.2733333333333333 0.06 0.06166666666666667
0 0.20777777777777778 0.27555 0.039644444444444454 0.041366666666666656
0 0.2722222222222222 0.2758333333333333 0.022222222222222223 0.051666666666666666
0 0.3244444444444444 0.2758333333333333 0.028888888888888888 0.058333333333333334
0 0.3 0.27666666666666667 0.02666666666666667 0.05333333333333334
0 0.27111111111111114 0.4116666666666667 0.022222222222222223 0.058333333333333334
0 0.31555555555555553 0.4116666666666667 0.06 0.058333333333333334
0 0.4588888888888889 0.43916666666666665 0.03777777777777778 0.07
0 0.5066666666666667 0.44416666666666665 0.06222222222222222 0.07
0 0.6333333333333333 0.45666666666666667 0.06222222222222222 0.08833333333333333
0 0.5777777777777777 0.4575 0.051111111111111114 0.08166666666666667
0 0.27666666666666667 0.4666666666666667 0.028888888888888888 0.05333333333333334
0 0.32 0.4675 0.05333333333333334 0.056666666666666664
0 0.6677777777777778 0.5058333333333334 0.042222222222222223 0.07666666666666666
0 0.46111111111111114 0.51 0.03777777777777778 0.06833333333333333
0 0.5088888888888888 0.515 0.06444444444444444 0.07
0 0.2822222222222222 0.5175 0.022222222222222223 0.04833333333333333
0 0.3233333333333333 0.5225 0.05555555555555555 0.051666666666666666
0 0.6225333333333333 0.5303 0.05304444444444446 0.04941666666666663
0 0.5755555555555556 0.5358333333333334 0.04666666666666667 0.07333333333333333
0 0.38555555555555554 0.545 0.044444444444444446 0.06
0 0.4588888888888889 0.5733333333333334 0.03111111111111111 0.058333333333333334
0 0.29888888888888887 0.5858333333333333 0.03111111111111111 0.06
0 0.51 0.5858333333333333 0.06888888888888889 0.06666666666666667
0 0.32555555555555554 0.5991666666666666 0.024444444444444446 0.05333333333333334
0 0.35888888888888887 0.6033333333333334 0.042222222222222223 0.04833333333333333
0 0.3011111111111111 0.6425 0.028888888888888888 0.05
0 0.32666666666666666 0.6508333333333334 0.022222222222222223 0.043333333333333335
0 0.3611111111111111 0.6558333333333334 0.044444444444444446 0.058333333333333334
0 0.4622222222222222 0.6616666666666666 0.03111111111111111 0.06166666666666667
0 0.49666666666666665 0.6775 0.04666666666666667 0.06833333333333333
0 0.3022222222222222 0.685 0.024444444444444446 0.04
0 0.3288888888888889 0.6916666666666667 0.024444444444444446 0.03833333333333333
0 0.5422222222222223 0.6975 0.04 0.06666666666666667
0 0.3688888888888889 0.72 0.05333333333333334 0.05333333333333334
0 0.30777777777777776 0.7283333333333334 0.02666666666666667 0.04833333333333333
0 0.46444444444444444 0.7283333333333334 0.03111111111111111 0.07166666666666667
0 0.33555555555555555 0.7375 0.028888888888888888 0.05
0 0.5 0.745 0.04888888888888889 0.065
0 0.5355555555555556 0.7683333333333333 0.024444444444444446 0.06666666666666667
0 0.3688888888888889 0.7741666666666667 0.03111111111111111 0.055
0 0.5611111111111111 0.775 0.02666666666666667 0.05333333333333334
0 0.46555555555555556 0.7941666666666667 0.03111111111111111 0.058333333333333334
0 0.5011111111111111 0.8083333333333333 0.04666666666666667 0.06166666666666667
0 0.5377777777777778 0.8341666666666666 0.02666666666666667 0.06833333333333333
0 0.4688888888888889 0.8475 0.02666666666666667 0.04833333333333333
0 0.5655555555555556 0.8525 0.035555555555555556 0.06833333333333333
0 0.5011111111111111 0.8658333333333333 0.04 0.04833333333333333
0 0.5388888888888889 0.8916666666666667 0.02666666666666667 0.045
0 0.5666666666666667 0.9191666666666667 0.03333333333333333 0.06333333333333334