0 0.6816666666666666 0.3511111111111111 0.08 0.13333333333333333
0 0.6841666666666667 0.5022222222222222 0.08 0.16444444444444445
0 0.6883333333333334 0.6522222222222223 0.08666666666666667 0.1288888888888889
0 0.6091666666666666 0.37555555555555553 0.06 0.1288888888888889
0 0.6075 0.5155555555555555 0.06666666666666667 0.14222222222222222
0 0.6091666666666666 0.6588888888888889 0.06833333333333333 0.13555555555555557
0 0.5533333333333333 0.39666666666666667 0.04833333333333333 0.12444444444444444
0 0.5483333333333333 0.5244444444444445 0.051666666666666666 0.13333333333333333
0 0.5458333333333333 0.6644444444444444 0.05333333333333334 0.13777777777777778
0 0.5025 0.43444444444444447 0.05 0.1111111111111111
0 0.45416666666666666 0.45222222222222225 0.041666666666666664 0.10888888888888888
0 0.4508333333333333 0.5655555555555556 0.041666666666666664 0.12
0 0.44333333333333336 0.6866666666666666 0.045 0.12
0 0.7566666666666667 0.37444444444444447 0.065 0.13777777777777778
0 0.7591666666666667 0.5144444444444445 0.07 0.14
0 0.7675 0.6577777777777778 0.07166666666666667 0.14222222222222222
0 0.4975 0.5522222222222222 0.05 0.11777777777777777
0 0.4925 0.6766666666666666 0.04833333333333333 0.12666666666666668
0 0.31833333333333336 0.5144444444444445 0.03166666666666667 0.09111111111111111
0 0.35 0.5033333333333333 0.03 0.09555555555555556
0 0.3825 0.5011111111111111 0.03 0.09555555555555556
0 0.415 0.4911111111111111 0.03 0.09555555555555556
0 0.31 0.61 0.03166666666666667 0.09333333333333334
0 0.3425 0.6011111111111112 0.03166666666666667 0.09777777777777778
0 0.37416666666666665 0.6011111111111112 0.03 0.1
0 0.4091666666666667 0.5911111111111111 0.035 0.1
0 0.30083333333333334 0.7077777777777777 0.035 0.1
0 0.335 0.7044444444444444 0.03666666666666667 0.10222222222222223
0 0.37 0.7022222222222222 0.03333333333333333 0.10222222222222223
0 0.4041666666666667 0.6977777777777778 0.03333333333333333 0.10444444444444445
0 0.195 0.5722222222222222 0.015 0.07555555555555556
0 0.21416666666666667 0.5577777777777778 0.02 0.08222222222222222
0 0.2375 0.5488888888888889 0.023333333333333334 0.08222222222222222
0 0.2608333333333333 0.5377777777777778 0.025 0.08222222222222222
0 0.2866666666666667 0.5266666666666666 0.02666666666666667 0.08888888888888889
0 0.18333333333333332 0.6522222222222223 0.016666666666666666 0.08
0 0.20583333333333334 0.6433333333333333 0.02666666666666667 0.08
0 0.23083333333333333 0.6322222222222222 0.02 0.08888888888888889
0 0.25333333333333335 0.6288888888888889 0.02 0.09111111111111111
0 0.2775 0.6211111111111111 0.028333333333333332 0.09111111111111111
0 0.17416666666666666 0.7311111111111112 0.016666666666666666 0.08444444444444445
0 0.19583333333333333 0.7277777777777777 0.023333333333333334 0.08888888888888889
0 0.21916666666666668 0.7244444444444444 0.021666666666666667 0.09111111111111111
0 0.24083333333333334 0.7211111111111111 0.021666666666666667 0.08888888888888889
0 0.26916666666666667 0.7177777777777777 0.028333333333333332 0.09333333333333334