0 0.85 0.3011111111111111 0.10166666666666667 0.1688888888888889
0 0.7675 0.34 0.06333333333333334 0.15333333333333332
0 0.6991666666666667 0.35777777777777775 0.07 0.14666666666666667
0 0.6325 0.39222222222222225 0.06166666666666667 0.13333333333333333
0 0.5783333333333334 0.42444444444444446 0.04 0.12444444444444444
0 0.5341666666666667 0.44 0.04833333333333333 0.12222222222222222
0 0.4875 0.4577777777777778 0.041666666666666664 0.12
0 0.8566666666666667 0.4722222222222222 0.11166666666666666 0.18
0 0.44583333333333336 0.4766666666666667 0.03666666666666667 0.10888888888888888
0 0.4083333333333333 0.4911111111111111 0.03333333333333333 0.10666666666666667
0 0.77 0.49777777777777776 0.06333333333333334 0.15777777777777777
0 0.37416666666666665 0.5044444444444445 0.03333333333333333 0.1
0 0.7008333333333333 0.51 0.07333333333333333 0.1511111111111111
0 0.3283333333333333 0.5266666666666666 0.04666666666666667 0.08666666666666667
0 0.6308333333333334 0.5311111111111111 0.06333333333333334 0.13777777777777778
0 0.295 0.54 0.016666666666666666 0.09111111111111111
0 0.27416666666666667 0.5466666666666666 0.02 0.08666666666666667
0 0.575 0.5511111111111111 0.045 0.12666666666666668
0 0.25083333333333335 0.5577777777777778 0.02 0.08666666666666667
0 0.5308333333333334 0.5633333333333334 0.045 0.11777777777777777
0 0.22666666666666666 0.57 0.021666666666666667 0.07333333333333333
0 0.20666666666666667 0.5777777777777777 0.021666666666666667 0.07555555555555556
0 0.4816666666666667 0.5777777777777777 0.04666666666666667 0.11777777777777777
0 0.43833333333333335 0.5888888888888889 0.03666666666666667 0.11777777777777777
0 0.4033333333333333 0.5977777777777777 0.035 0.10888888888888888
0 0.36916666666666664 0.6077777777777778 0.03333333333333333 0.1
0 0.33916666666666667 0.6155555555555555 0.021666666666666667 0.09777777777777778
0 0.3125 0.6211111111111111 0.03 0.09555555555555556
0 0.2866666666666667 0.63 0.018333333333333333 0.08666666666666667
0 0.2675 0.6355555555555555 0.021666666666666667 0.08666666666666667
0 0.8625 0.6388888888888888 0.11666666666666667 0.16444444444444445
0 0.245 0.6433333333333333 0.025 0.07111111111111111
0 0.21916666666666668 0.6455555555555555 0.018333333333333333 0.07555555555555556
0 0.7691666666666667 0.6488888888888888 0.06666666666666667 0.13777777777777778
0 0.7008333333333333 0.6555555555555556 0.07 0.14222222222222222
0 0.19916666666666666 0.66 0.025 0.08444444444444445
0 0.6283333333333333 0.6688888888888889 0.06666666666666667 0.13111111111111112
0 0.5733333333333334 0.6811111111111111 0.04 0.12444444444444444
0 0.5266666666666666 0.6877777777777778 0.04833333333333333 0.12222222222222222
0 0.47833333333333333 0.6933333333333334 0.04666666666666667 0.11555555555555555
0 0.43333333333333335 0.7011111111111111 0.03833333333333333 0.10666666666666667
0 0.39666666666666667 0.7055555555555556 0.03333333333333333 0.10222222222222223
0 0.3625 0.7088888888888889 0.028333333333333332 0.09777777777777778
0 0.3325 0.7122222222222222 0.028333333333333332 0.09777777777777778
0 0.3025 0.7177777777777777 0.03 0.08888888888888889
0 0.2783333333333333 0.7211111111111111 0.016666666666666666 0.08888888888888889
0 0.25833333333333336 0.7233333333333334 0.018333333333333333 0.08888888888888889
0 0.235 0.7255555555555555 0.025 0.09111111111111111
0 0.2125 0.7311111111111112 0.018333333333333333 0.08666666666666667
0 0.19416666666666665 0.74 0.02 0.07555555555555556