0 0.02015 0.25895555555555555 0.03646666666666667 0.1313555555555556
0 0.09261666666666667 0.2646 0.07725000000000001 0.12384444444444445
0 0.18478333333333333 0.26553333333333334 0.0758 0.11071111111111112
0 0.28025 0.0278 0.06935000000000002 0.0556
0 0.27131666666666665 0.26739999999999997 0.06873333333333335 0.11822222222222226
0 0.43906666666666666 0.28584444444444446 0.05466666666666664 0.11580000000000003
0 0.5556166666666666 0.2870666666666667 0.04821666666666658 0.0914222222222222
0 0.4984833333333333 0.28888888888888886 0.04915000000000001 0.10482222222222226
0 0.62005 0.2919555555555555 0.016200000000000044 0.09873333333333335
0 0.66165 0.29255555555555557 0.03721666666666674 0.08288888888888891
0 0.3997666666666667 0.3279111111111111 0.04919999999999997 0.09264444444444445
0 0.3423833333333333 0.33122222222222225 0.05886666666666666 0.10695555555555554
0 0.34775 0.036399999999999995 0.05543333333333332 0.07279999999999999
0 0.4053333333333333 0.036399999999999995 0.05341666666666664 0.07279999999999999
0 0.4608333333333333 0.042222222222222223 0.06166666666666667 0.08444444444444445
0 0.6685 0.40164444444444447 0.041783333333333415 0.12068888888888889
0 0.6292 0.4040888888888889 0.038133333333333325 0.13286666666666672
0 0.4436333333333333 0.4150666666666667 0.04551666666666662 0.14017777777777773
0 0.27765 0.42035555555555554 0.08421666666666672 0.1764
0 0.19321666666666668 0.42128888888888893 0.09268333333333335 0.1782666666666666
0 0.5451 0.4254222222222222 0.04365000000000009 0.11215555555555562
0 0.028333333333333332 0.4259777777777778 0.056666666666666664 0.20266666666666663
0 0.09753333333333333 0.4278666666666667 0.09835 0.19515555555555553
0 0.4939166666666667 0.4303111111111111 0.06194999999999993 0.10971111111111112
0 0.3997666666666667 0.43517777777777783 0.05468333333333329 0.1121555555555555
0 0.35013333333333335 0.44004444444444446 0.05463333333333338 0.12197777777777774
0 0.5140166666666667 0.045 0.044449999999999934 0.09
0 0.014866666666666669 0.04584444444444444 0.029716666666666666 0.09166666666666666
0 0.06981666666666667 0.05362222222222222 0.07736666666666665 0.09664444444444445
0 0.68 0.5411111111111111 0.03333333333333333 0.1111111111111111
0 0.14326666666666665 0.05691111111111111 0.0674166666666667 0.08737777777777776
0 0.645 0.5577777777777778 0.041666666666666664 0.12222222222222222
0 0.5391666666666667 0.5733333333333334 0.04833333333333333 0.13111111111111112
0 0.48333333333333334 0.5866666666666667 0.06 0.13555555555555557
0 0.4175 0.6044444444444445 0.06666666666666667 0.13111111111111112
0 0.2833 0.62 0.07006666666666671 0.14666666666666667
0 0.3541666666666667 0.6255555555555555 0.06833333333333333 0.13333333333333333
0 0.22790000000000002 0.6522 0.037816666666666665 0.1264666666666666
0 0.6808333333333333 0.6544444444444445 0.028333333333333332 0.11555555555555555
0 0.13411666666666666 0.6694444444444444 0.07445000000000002 0.1251333333333332
0 0.6458333333333334 0.6755555555555556 0.03666666666666667 0.1111111111111111
0 0.04325 0.6865777777777777 0.0865 0.14571111111111124
0 0.54 0.6977777777777778 0.05 0.12666666666666668
0 0.21673333333333333 0.07215555555555556 0.04356666666666664 0.0834
0 0.48333333333333334 0.7155555555555555 0.058333333333333334 0.12444444444444444
0 0.42083333333333334 0.7366666666666667 0.065 0.12666666666666668
0 0.355 0.7577777777777778 0.06666666666666667 0.12444444444444444
0 0.28583333333333333 0.7711111111111111 0.07 0.14222222222222222
0 0.23513333333333336 0.7889111111111111 0.03601666666666669 0.14453333333333326
0 0.1489 0.8228666666666667 0.09628333333333335 0.1714222222222222
0 0.051833333333333335 0.8528666666666667 0.10274999999999998 0.16628888888888899
0 0.28323333333333334 0.09002222222222221 0.0673666666666667 0.0714888888888889
0 0.34676666666666667 0.10193333333333333 0.0673333333333333 0.05824444444444443
0 0.40681666666666666 0.1092 0.05639999999999996 0.06486666666666666
0 0.46340000000000003 0.11515555555555555 0.0563833333333334 0.06884444444444446
0 0.5135333333333333 0.1270888888888889 0.05140000000000005 0.06884444444444444