0 0.43 0.24 0.07166666666666667 0.18666666666666668
0 0.3566666666666667 0.24222222222222223 0.075 0.18222222222222223
0 0.505 0.2477777777777778 0.07666666666666666 0.16
0 0.5641666666666667 0.3 0.04 0.14666666666666667
0 0.6191666666666666 0.3388888888888889 0.06666666666666667 0.13555555555555557
0 0.6691666666666667 0.3433333333333333 0.04 0.12444444444444444
0 0.7408333333333333 0.3655555555555556 0.03166666666666667 0.11333333333333333
0 0.7075 0.36666666666666664 0.035 0.12222222222222222
0 0.0725 0.375 0.11435000000000002 0.16111111111111112
0 0.28 0.3933333333333333 0.1 0.21555555555555556
0 0.18083333333333335 0.4 0.11333333333333333 0.2222222222222222
0 0.5175 0.4166666666666667 0.07 0.1711111111111111
0 0.37083333333333335 0.4222222222222222 0.08333333333333333 0.18
0 0.44666666666666666 0.4222222222222222 0.07 0.17333333333333334
0 0.5758333333333333 0.44666666666666666 0.045 0.14888888888888888
0 0.9013499999999999 0.4527777777777778 0.024383333333333514 0.07842222222222227
0 0.8500166666666666 0.4534888888888889 0.054333333333333275 0.07986666666666666
0 0.9425166666666667 0.4584666666666667 0.02330000000000003 0.07557777777777776
0 0.8112833333333334 0.4604666666666667 0.03375 0.06728888888888895
0 0.9238 0.4613333333333333 0.02009999999999991 0.07557777777777776
0 0.6325 0.4722222222222222 0.07 0.12666666666666668
0 0.6875 0.4722222222222222 0.035 0.1288888888888889
0 0.785 0.47888888888888886 0.03 0.1111111111111111
0 0.755 0.4811111111111111 0.03166666666666667 0.1111111111111111
0 0.7241666666666666 0.4822222222222222 0.03666666666666667 0.11333333333333333
0 0.9109833333333334 0.5290666666666667 0.024383333333333514 0.07986666666666666
0 0.8735499999999999 0.5299111111111111 0.029266666666666576 0.07606666666666671
0 0.95 0.5304888888888889 0.019016666666666803 0.06559999999999996
0 0.8355833333333333 0.5312 0.057549999999999955 0.0869777777777778
0 0.9323666666666666 0.5333333333333333 0.02008333333333326 0.06844444444444447
0 0.07666666666666666 0.5430666666666667 0.11851666666666669 0.18611111111111112
0 0.5308333333333334 0.5911111111111111 0.06666666666666667 0.1711111111111111
0 0.7375 0.5966666666666667 0.03833333333333333 0.12
0 0.7725 0.5966666666666667 0.03 0.11777777777777777
0 0.9783166666666667 0.5984444444444444 0.02384999999999991 0.07004444444444441
0 0.8041666666666667 0.5988888888888889 0.03166666666666667 0.11333333333333333
0 0.5866666666666667 0.6011111111111112 0.04666666666666667 0.14888888888888888
0 0.7 0.6011111111111112 0.04 0.1288888888888889
0 0.9623 0.6032222222222222 0.02008333333333326 0.07699999999999994
0 0.4625 0.6033333333333334 0.07333333333333333 0.18
0 0.8849666666666667 0.6047111111111111 0.031166666666666742 0.08113333333333331
0 0.6458333333333334 0.6055555555555555 0.07166666666666667 0.12666666666666668
0 0.9435833333333333 0.6065777777777778 0.019016666666666803 0.07882222222222228
0 0.9222000000000001 0.6067777777777777 0.02330000000000003 0.0784222222222222
0 0.29333333333333333 0.6088888888888889 0.09833333333333333 0.21777777777777776
0 0.8478833333333333 0.6104222222222222 0.04828333333333338 0.08240000000000008
0 0.38333333333333336 0.6144444444444445 0.07666666666666666 0.19777777777777777
0 0.19 0.6322222222222222 0.11166666666666666 0.2288888888888889
0 0.9868833333333333 0.6734444444444445 0.022699999999999818 0.07080000000000003
0 0.96975 0.6802888888888888 0.018150000000000166 0.06775555555555557
0 0.95005 0.6844666666666667 0.023283333333333378 0.0685333333333334
0 0.9326333333333334 0.6886666666666666 0.027300000000000182 0.07688888888888894
0 0.8823333333333333 0.6951333333333334 0.06511666666666666 0.10306666666666665
0 0.8183333333333334 0.7122222222222222 0.021666666666666667 0.10444444444444445
0 0.79 0.7155555555555555 0.03333333333333333 0.11777777777777777
0 0.7591666666666667 0.7177777777777777 0.028333333333333332 0.12444444444444444
0 0.7241666666666666 0.7277777777777777 0.043333333333333335 0.13111111111111112
0 0.6841666666666667 0.74 0.043333333333333335 0.13333333333333333
0 0.085 0.7402888888888889 0.11435000000000002 0.20277777777777778
0 0.6433333333333333 0.7444444444444445 0.041666666666666664 0.14666666666666667
0 0.6 0.7577777777777778 0.04833333333333333 0.15777777777777777
0 0.5475 0.7688888888888888 0.06166666666666667 0.18222222222222223
0 0.4766666666666667 0.7833333333333333 0.07666666666666666 0.17555555555555555
0 0.395 0.8166666666666667 0.08333333333333333 0.2
0 0.30416666666666664 0.8322222222222222 0.1 0.23555555555555555
0 0.20291666666666666 0.8722222222222222 0.11833333333333333 0.23777777777777778
0 0.09021666666666668 0.9208444444444445 0.11641666666666665 0.1527777777777778
0 0.15833333333333333 0.18 0.12666666666666668 0.21333333333333335
0 0.2675 0.18666666666666668 0.10333333333333333 0.20666666666666667
0 0.058966666666666674 0.21806666666666666 0.0831 0.125