0 0.2425 0.23333333333333334 0.06833333333333333 0.1288888888888889
0 0.30916666666666665 0.2677777777777778 0.06166666666666667 0.11777777777777777
0 0.3675 0.29555555555555557 0.05 0.11777777777777777
0 0.4216666666666667 0.31222222222222223 0.056666666666666664 0.12222222222222222
0 0.47333333333333333 0.3422222222222222 0.04666666666666667 0.10666666666666667
0 0.165 0.3477777777777778 0.08 0.14
0 0.5141666666666667 0.35888888888888887 0.045 0.11333333333333333
0 0.24416666666666667 0.3688888888888889 0.075 0.13555555555555557
0 0.555 0.37333333333333335 0.035 0.09111111111111111
0 0.31416666666666665 0.39444444444444443 0.06166666666666667 0.13111111111111112
0 0.09 0.39444444444444443 0.075 0.13777777777777778
0 0.37166666666666665 0.4111111111111111 0.05333333333333334 0.12222222222222222
0 0.6483333333333333 0.41555555555555557 0.05 0.08
0 0.5891666666666666 0.41888888888888887 0.03333333333333333 0.08
0 0.6866666666666666 0.42777777777777776 0.04 0.08222222222222222
0 0.42833333333333334 0.4311111111111111 0.058333333333333334 0.11777777777777777
0 0.8624 0.4474222222222222 0.04043333333333332 0.07664444444444446
0 0.4825 0.45111111111111113 0.05 0.10222222222222223
0 0.7191666666666666 0.45111111111111113 0.02666666666666667 0.08666666666666667
0 0.745 0.45444444444444443 0.03333333333333333 0.08666666666666667
0 0.5291666666666667 0.46444444444444444 0.05 0.09555555555555556
0 0.7715666666666666 0.46688888888888885 0.03523333333333331 0.09017777777777775
0 0.5658333333333333 0.47333333333333333 0.045 0.10222222222222223
0 0.8098833333333334 0.4843333333333333 0.05061666666666667 0.07962222222222219
0 0.63 0.4888888888888889 0.051666666666666666 0.08888888888888889
0 0.165 0.4911111111111111 0.08666666666666667 0.15777777777777777
0 0.67 0.5033333333333333 0.03666666666666667 0.08666666666666667
0 0.24833333333333332 0.5055555555555555 0.07333333333333333 0.14
0 0.7008333333333333 0.5144444444444445 0.03166666666666667 0.09111111111111111
0 0.31666666666666665 0.5222222222222223 0.06166666666666667 0.12666666666666668
0 0.0825 0.5311111111111111 0.07333333333333333 0.12666666666666668
0 0.7583333333333333 0.5344444444444445 0.035 0.08444444444444445
0 0.3775 0.5366666666666666 0.05333333333333334 0.12666666666666668
0 0.7316666666666667 0.5377777777777778 0.03 0.08222222222222222
0 0.43583333333333335 0.5466666666666666 0.06166666666666667 0.1288888888888889
0 0.7824333333333333 0.5480444444444444 0.02238333333333325 0.06613333333333331
0 0.8034666666666667 0.5480444444444444 0.028383333333333288 0.07615555555555552
0 0.8294 0.5565555555555556 0.024616666666666637 0.06713333333333335
0 0.4866666666666667 0.5588888888888889 0.04666666666666667 0.10888888888888888
0 0.5333333333333333 0.5677777777777778 0.05 0.10666666666666667
0 0.5783333333333334 0.5788888888888889 0.045 0.10666666666666667
0 0.6208333333333333 0.5811111111111111 0.045 0.10222222222222223
0 0.6516666666666666 0.5844444444444444 0.03333333333333333 0.10444444444444445
0 0.6808333333333333 0.5933333333333334 0.03666666666666667 0.1
0 0.7133333333333334 0.6044444444444445 0.03666666666666667 0.1
0 0.7408333333333333 0.6166666666666667 0.02666666666666667 0.07777777777777778
0 0.7675 0.6188888888888889 0.03666666666666667 0.08
0 0.7955833333333334 0.6206888888888888 0.023133333333333325 0.07715555555555562
0 0.81625 0.6252 0.023883333333333402 0.08015555555555566
0 0.84555 0.6327111111111112 0.02836666666666673 0.07915555555555556
0 0.165 0.6488888888888888 0.09166666666666666 0.16
0 0.25333333333333335 0.6511111111111111 0.07833333333333334 0.15333333333333332
0 0.08 0.6544444444444445 0.07833333333333334 0.13111111111111112
0 0.3225 0.6566666666666666 0.06333333333333334 0.14
0 0.38333333333333336 0.6644444444444444 0.06 0.12666666666666668
0 0.44166666666666665 0.6688888888888889 0.058333333333333334 0.12
0 0.49583333333333335 0.6755555555555556 0.04666666666666667 0.12222222222222222
0 0.5433333333333333 0.68 0.05 0.11333333333333333
0 0.5866666666666667 0.6822222222222222 0.04666666666666667 0.10222222222222223
0 0.6291666666666667 0.6877777777777778 0.04666666666666667 0.10444444444444445
0 0.6641666666666667 0.6877777777777778 0.03333333333333333 0.10222222222222223
0 0.695 0.6922222222222222 0.03166666666666667 0.09555555555555556
0 0.7541666666666667 0.6966666666666667 0.03 0.08888888888888889
0 0.7275 0.7 0.035 0.08666666666666667
0 0.7816666666666666 0.7 0.03 0.08222222222222222
0 0.8061 0.7038444444444445 0.021633333333333362 0.08715555555555561
0 0.8260166666666667 0.7058444444444444 0.02386666666666675 0.08315555555555547
0 0.8556833333333332 0.7078444444444444 0.032133333333333285 0.07715555555555562
0 0.16416666666666666 0.20777777777777778 0.08166666666666667 0.14444444444444443