0 0.5869833333333333 0.5215777777777778 0.08330000000000003 0.11251111111111116
0 0.9689166666666668 0.5807777777777778 0.05775000000000015 0.09259999999999997
0 0.7839166666666667 0.5907333333333333 0.03408333333333341 0.08440000000000004
0 0.7438833333333333 0.5913333333333334 0.05248333333333335 0.08086666666666664
0 0.8195166666666667 0.5913333333333334 0.04023333333333331 0.07148888888888887
0 0.9179499999999999 0.592488888888889 0.06656666666666676 0.08555555555555555
0 0.66565 0.6001111111111112 0.054266666666666574 0.08673333333333327
0 0.48083333333333333 0.6266666666666667 0.07 0.12
0 0.5443666666666667 0.6323555555555556 0.059583333333333335 0.11135555555555558
0 0.6058833333333333 0.6387999999999999 0.06308333333333337 0.12188888888888894
0 0.33166666666666667 0.6411111111111111 0.06166666666666667 0.07555555555555556
0 0.41385 0.6434888888888889 0.05523333333333331 0.08440000000000004
0 0.90125 0.664 0.05075000000000007 0.08555555555555555
0 0.7241 0.6663333333333333 0.05511666666666675 0.08086666666666664
0 0.7632166666666667 0.6663333333333333 0.027866666666666713 0.0714888888888888
0 0.7926666666666667 0.6663333333333333 0.04103333333333334 0.06679999999999987
0 0.6726833333333334 0.6692666666666667 0.05075000000000007 0.06797777777777785
0 0.94255 0.6698444444444445 0.04193333333333347 0.0785333333333334
0 0.9791666666666666 0.6711111111111111 0.03833333333333333 0.08444444444444445
0 0.8331333333333333 0.6727777777777778 0.04110000000000004 0.0750222222222222
0 0.8691666666666666 0.6727777777777778 0.035816666666666684 0.06328888888888894
0 0.57735 0.8011333333333334 0.06928333333333342 0.14651111111111126
0 0.5092333333333333 0.8040666666666666 0.06843333333333343 0.1453333333333333
0 0.43188333333333334 0.8075777777777778 0.07899999999999996 0.1523777777777779
0 0.25655 0.8275111111111111 0.04479999999999999 0.1711333333333333
0 0.8867166666666666 0.8439111111111111 0.05861666666666679 0.0914222222222222
0 0.8651833333333333 0.9218444444444444 0.048966666666666755 0.11837777777777773
0 0.9074833333333333 0.9279111111111111 0.04608333333333348 0.09631111111111118
0 0.5821833333333334 0.9412888888888888 0.06665000000000001 0.11740000000000009
0 0.6481 0.9412888888888888 0.0648666666666666 0.11740000000000009
0 0.5141666666666667 0.9411111111111111 0.075 0.11333333333333333
0 0.8177333333333333 0.9458888888888889 0.05424999999999992 0.08440000000000004
0 0.4349666666666667 0.9477333333333334 0.07988333333333329 0.10451111111111105
0 0.7525 0.9544444444444444 0.058333333333333334 0.08666666666666667
0 0.2575 0.9544444444444444 0.045 0.08666666666666667