0 0.44166666666666665 0.34444444444444444 0.06833333333333333 0.13111111111111112
0 0.5066666666666667 0.35 0.06166666666666667 0.12444444444444444
0 0.5633333333333334 0.36 0.051666666666666666 0.12666666666666668
0 0.615 0.37222222222222223 0.04666666666666667 0.11555555555555555
0 0.6658333333333334 0.37444444444444447 0.051666666666666666 0.11333333333333333
0 0.7141666666666666 0.37666666666666665 0.04666666666666667 0.11333333333333333
0 0.3779666666666667 0.46197777777777776 0.06773333333333331 0.1438666666666667
0 0.44583333333333336 0.47444444444444445 0.07166666666666667 0.1288888888888889
0 0.5125 0.4766666666666667 0.06 0.1288888888888889
0 0.5708333333333333 0.48333333333333334 0.05333333333333334 0.12222222222222222
0 0.7225 0.4866666666666667 0.04833333333333333 0.1111111111111111
0 0.6716666666666666 0.48777777777777775 0.055 0.1111111111111111
0 0.6233333333333333 0.49 0.04666666666666667 0.11777777777777777
0 0.7591666666666667 0.5077777777777778 0.0016666666666666668 0.0022222222222222222
0 0.3029 0.5969333333333333 0.07776666666666661 0.14682222222222213
0 0.7275 0.5988888888888889 0.04666666666666667 0.11555555555555555
0 0.3796333333333333 0.6021333333333333 0.07106666666666664 0.1364444444444444
0 0.5766666666666667 0.6066666666666667 0.056666666666666664 0.12666666666666668
0 0.6783333333333333 0.6066666666666667 0.051666666666666666 0.12222222222222222
0 0.5166666666666667 0.6077777777777778 0.065 0.13333333333333333
0 0.45 0.61 0.06666666666666667 0.13333333333333333
0 0.6266666666666667 0.61 0.05 0.12222222222222222
0 0.735 0.7177777777777777 0.04666666666666667 0.11777777777777777
0 0.6891666666666667 0.7266666666666667 0.05 0.11555555555555555
0 0.6383333333333333 0.7322222222222222 0.05333333333333334 0.12
0 0.5808333333333333 0.7355555555555555 0.06 0.12666666666666668
0 0.52 0.7411111111111112 0.065 0.13333333333333333
0 0.3796333333333333 0.7459777777777777 0.07551666666666668 0.1572
0 0.4525 0.7466666666666667 0.07166666666666667 0.14222222222222222
0 0.3068 0.7541555555555556 0.08110000000000005 0.15868888888888882
0 0.7674833333333333 0.9044666666666666 0.05615000000000009 0.12673333333333328
0 0.7084666666666667 0.9153555555555556 0.061616666666666715 0.12431111111111098
0 0.5986 0.9234222222222223 0.07194999999999993 0.14044444444444454
0 0.6558 0.9258444444444445 0.04953333333333338 0.12915555555555558
0 0.4766666666666667 0.94 0.07666666666666666 0.11555555555555555
0 0.4041666666666667 0.9533333333333334 0.065 0.08888888888888889
0 0.3358333333333333 0.9566666666666667 0.075 0.08222222222222222