0 0.845 0.52 0.07833333333333334 0.10666666666666667
0 0.7791666666666667 0.5322222222222223 0.06 0.10222222222222223
0 0.6883333333333334 0.5388888888888889 0.06833333333333333 0.12222222222222222
0 0.6283333333333333 0.5522222222222222 0.05333333333333334 0.11777777777777777
0 0.575 0.5633333333333334 0.05333333333333334 0.11555555555555555
0 0.52 0.5744444444444444 0.05 0.10444444444444445
0 0.4725 0.5777777777777777 0.045 0.10666666666666667
0 0.43083333333333335 0.5933333333333334 0.03666666666666667 0.09333333333333334
0 0.3908333333333333 0.61 0.041666666666666664 0.08444444444444445
0 0.35333333333333333 0.6133333333333333 0.028333333333333332 0.08888888888888889
0 0.32 0.6177777777777778 0.035 0.09111111111111111
0 0.2866666666666667 0.6266666666666667 0.03 0.08444444444444445
0 0.25833333333333336 0.6322222222222222 0.02666666666666667 0.08
0 0.225 0.6477777777777778 0.03666666666666667 0.07111111111111111
0 0.6933333333333334 0.6488888888888888 0.06833333333333333 0.1
0 0.18651666666666666 0.6504 0.04123333333333335 0.076511111111111
0 0.6308333333333334 0.6533333333333333 0.055 0.08888888888888889
0 0.575 0.6611111111111111 0.05333333333333334 0.08
0 0.14200000000000002 0.6664888888888889 0.04793333333333332 0.07704444444444436
0 0.52 0.6666666666666666 0.05 0.07555555555555556
0 0.10876666666666668 0.6675555555555555 0.027349999999999996 0.07282222222222218
0 0.47 0.6711111111111111 0.04666666666666667 0.07777777777777778
0 0.42583333333333334 0.6766666666666666 0.041666666666666664 0.07111111111111111
0 0.0876 0.6794222222222223 0.022199999999999987 0.06913333333333337
0 0.0697 0.68 0.016916666666666677 0.07044444444444455
0 0.03781666666666667 0.6979777777777777 0.027350000000000006 0.05202222222222215
0 0.014683333333333335 0.6994666666666667 0.021200000000000004 0.053511111111111204
0 0.38333333333333336 0.7022222222222222 0.03666666666666667 0.09111111111111111
0 0.3475 0.7066666666666667 0.03666666666666667 0.09111111111111111
0 0.30916666666666665 0.7077777777777777 0.03333333333333333 0.08888888888888889
0 0.27666666666666667 0.7133333333333334 0.028333333333333332 0.08222222222222222
0 0.25 0.7222222222222222 0.025 0.08222222222222222
0 0.22166666666666668 0.7266666666666667 0.028333333333333332 0.07777777777777778
0 0.17366666666666666 0.7329777777777777 0.024200000000000017 0.08337777777777773
0 0.19641666666666666 0.7329777777777777 0.02525000000000001 0.08548888888888895
0 0.14755000000000001 0.7395777777777778 0.03211666666666668 0.08391111111111109
0 0.12340000000000001 0.7440666666666667 0.026566666666666662 0.07811111111111106
0 0.10006666666666666 0.7451111111111112 0.029716666666666666 0.0749333333333334
0 0.07894999999999999 0.7500888888888889 0.01723333333333334 0.07584444444444444
0 0.06035 0.7512000000000001 0.02181666666666667 0.06804444444444445
0 0.04278333333333333 0.7562222222222222 0.02181666666666667 0.06580000000000003
0 0.008866666666666667 0.757888888888889 0.017716666666666672 0.06804444444444445
0 0.025433333333333332 0.7595555555555555 0.023066666666666666 0.0624666666666667
0 0.5474166666666667 0.7966000000000001 0.0537833333333333 0.08411111111111116
0 0.6009 0.7996444444444444 0.04919999999999997 0.08044444444444454
0 0.6580333333333334 0.8014888888888889 0.05558333333333337 0.07435555555555563
0 0.49851666666666666 0.8039111111111111 0.047416666666666746 0.07679999999999988
0 0.45053333333333334 0.8063555555555556 0.046516666666666616 0.07679999999999988
0 0.40613333333333335 0.8070666666666667 0.0400333333333333 0.0739111111111111
0 0.36443333333333333 0.8105777777777777 0.038999999999999965 0.07108888888888891
0 0.32565 0.8116444444444445 0.03531666666666666 0.0703999999999999
0 0.07953333333333333 0.8408888888888888 0.03566666666666667 0.053533333333333405
0 0.08861666666666666 0.8971555555555556 0.029033333333333335 0.08377777777777788
0 0.16385 0.8996222222222222 0.02853333333333334 0.09573333333333342
0 0.18706666666666666 0.9020888888888888 0.03171666666666667 0.09644444444444439
0 0.14166666666666666 0.9020888888888888 0.025350000000000015 0.09222222222222222
0 0.11474999999999999 0.9027999999999999 0.02956666666666667 0.08940000000000003
0 0.31825 0.9031555555555556 0.03531666666666666 0.11122222222222213
0 0.21425000000000002 0.9034888888888889 0.02898333333333331 0.103488888888889
0 0.27680000000000005 0.9034888888888889 0.04110000000000004 0.10206666666666656
0 0.35415 0.9034888888888889 0.040583333333333374 0.11193333333333334
0 0.2438 0.9038444444444445 0.02580000000000003 0.0985555555555556
0 0.06656666666666666 0.9058888888888889 0.020883333333333334 0.0661111111111111
0 0.44126666666666664 0.9059555555555556 0.05220000000000004 0.11826666666666673
0 0.5399833333333334 0.9063111111111111 0.05536666666666671 0.13164444444444445
0 0.3948 0.9080666666666667 0.04268333333333336 0.11544444444444454
0 0.4916833333333333 0.9091333333333333 0.04958333333333333 0.13022222222222227
0 0.5972666666666667 0.9101777777777778 0.057983333333333276 0.13937777777777785
0 0.6584833333333333 0.9112444444444444 0.06853333333333333 0.14571111111111124
0 0.7197166666666667 0.9126444444444445 0.05583333333333333 0.1386666666666666