0 0.09333333333333334 0.28555555555555556 0.058333333333333334 0.09555555555555556
0 0.15083333333333335 0.29888888888888887 0.05 0.08222222222222222
0 0.2025 0.31333333333333335 0.04666666666666667 0.09333333333333334
0 0.24916666666666668 0.3233333333333333 0.043333333333333335 0.08444444444444445
0 0.2925 0.33555555555555555 0.041666666666666664 0.09111111111111111
0 0.3325 0.3388888888888889 0.035 0.08222222222222222
0 0.37 0.3566666666666667 0.03666666666666667 0.07777777777777778
0 0.4058333333333333 0.35888888888888887 0.03166666666666667 0.07111111111111111
0 0.43833333333333335 0.37222222222222223 0.03166666666666667 0.06888888888888889
0 0.47 0.37666666666666665 0.03166666666666667 0.06666666666666667
0 0.49916666666666665 0.3788888888888889 0.02666666666666667 0.06888888888888889
0 0.09166666666666666 0.38333333333333336 0.06 0.09333333333333334
0 0.15083333333333335 0.3877777777777778 0.055 0.10222222222222223
0 0.5258333333333334 0.39111111111111113 0.025 0.06888888888888889
0 0.5525 0.3988888888888889 0.02666666666666667 0.06222222222222222
0 0.5766666666666667 0.4 0.023333333333333334 0.06444444444444444
0 0.20333333333333334 0.4033333333333333 0.04833333333333333 0.08666666666666667
0 0.5991666666666666 0.40555555555555556 0.023333333333333334 0.06222222222222222
0 0.24916666666666668 0.4111111111111111 0.045 0.08888888888888889
0 0.6241666666666666 0.4111111111111111 0.023333333333333334 0.06
0 0.335 0.41888888888888887 0.03666666666666667 0.08
0 0.6466666666666666 0.41888888888888887 0.02 0.04888888888888889
0 0.2941666666666667 0.4222222222222222 0.041666666666666664 0.08
0 0.6683333333333333 0.4288888888888889 0.02 0.06
0 0.6883333333333334 0.43 0.018333333333333333 0.05333333333333334
0 0.37083333333333335 0.43222222222222223 0.035 0.07555555555555556
0 0.4075 0.43444444444444447 0.03666666666666667 0.07555555555555556
0 0.7066666666666667 0.43666666666666665 0.015 0.04888888888888889
0 0.4425 0.4411111111111111 0.03166666666666667 0.07555555555555556
0 0.7241666666666666 0.4411111111111111 0.016666666666666666 0.051111111111111114
0 0.7425 0.44555555555555554 0.015 0.051111111111111114
0 0.76 0.44666666666666666 0.016666666666666666 0.04888888888888889
0 0.47333333333333333 0.4477777777777778 0.03166666666666667 0.07333333333333333
0 0.5033333333333333 0.45 0.02666666666666667 0.07555555555555556
0 0.5291666666666667 0.4577777777777778 0.02666666666666667 0.07111111111111111
0 0.5558333333333333 0.4622222222222222 0.021666666666666667 0.06222222222222222
0 0.5816666666666667 0.46444444444444444 0.02666666666666667 0.06444444444444444
0 0.6291666666666667 0.47 0.023333333333333334 0.06666666666666667
0 0.6058333333333333 0.4711111111111111 0.025 0.06444444444444444
0 0.6525 0.47555555555555556 0.02 0.057777777777777775
0 0.82805 0.47684444444444446 0.030883333333333287 0.05255555555555551
0 0.09166666666666666 0.48333333333333334 0.06333333333333334 0.10444444444444445
0 0.6733333333333333 0.48444444444444446 0.016666666666666666 0.06
0 0.14916666666666667 0.4855555555555556 0.051666666666666666 0.09333333333333334
0 0.69125 0.4862444444444444 0.022016666666666726 0.06006666666666661
0 0.20333333333333334 0.49 0.04666666666666667 0.08666666666666667
0 0.71 0.49 0.016666666666666666 0.05333333333333334
0 0.7291666666666666 0.49444444444444446 0.018333333333333333 0.051111111111111114
0 0.25 0.49666666666666665 0.05 0.08888888888888889
0 0.765 0.49777777777777776 0.016666666666666666 0.05555555555555555
0 0.7475 0.4988888888888889 0.016666666666666666 0.05555555555555555
0 0.29583333333333334 0.5 0.043333333333333335 0.08666666666666667
0 0.3358333333333333 0.5011111111111111 0.04 0.08
0 0.41 0.5088888888888888 0.04 0.07555555555555556
0 0.37333333333333335 0.51 0.035 0.08222222222222222
0 0.44666666666666666 0.5177777777777778 0.03 0.08
0 0.47583333333333333 0.52 0.03333333333333333 0.06888888888888889
0 0.5066666666666667 0.5222222222222223 0.03333333333333333 0.06888888888888889
0 0.5333333333333333 0.5233333333333333 0.023333333333333334 0.06666666666666667
0 0.8336833333333333 0.5237777777777778 0.030883333333333287 0.04631111111111105
0 0.5608333333333333 0.5277777777777778 0.028333333333333332 0.06444444444444444
0 0.5858333333333333 0.53 0.023333333333333334 0.06
0 0.6108333333333333 0.5322222222222223 0.023333333333333334 0.06
0 0.6333333333333333 0.5333333333333333 0.02666666666666667 0.06222222222222222
0 0.6566666666666666 0.5366666666666666 0.023333333333333334 0.06
0 0.9697666666666667 0.5403777777777778 0.04396666666666685 0.09448888888888891
0 0.6775 0.5433333333333333 0.016666666666666666 0.051111111111111114
0 0.715 0.5444444444444444 0.021666666666666667 0.06444444444444444
0 0.6966666666666667 0.5455555555555556 0.02 0.057777777777777775
0 0.7683333333333333 0.55 0.018333333333333333 0.04888888888888889
0 0.9244833333333334 0.5503777777777779 0.05853333333333315 0.08948888888888891
0 0.735 0.5511111111111111 0.016666666666666666 0.05333333333333334
0 0.7525 0.5511111111111111 0.016666666666666666 0.05333333333333334
0 0.8418833333333333 0.5710444444444445 0.026650000000000014 0.04817777777777773
0 0.20333333333333334 0.5755555555555556 0.04666666666666667 0.08444444444444445
0 0.25166666666666665 0.58 0.043333333333333335 0.07777777777777778
0 0.29583333333333334 0.5811111111111111 0.04833333333333333 0.07777777777777778
0 0.33916666666666667 0.5811111111111111 0.03833333333333333 0.07777777777777778
0 0.4116666666666667 0.5844444444444444 0.03833333333333333 0.07555555555555556
0 0.37583333333333335 0.5855555555555556 0.03666666666666667 0.07333333333333333
0 0.5358333333333334 0.5866666666666667 0.028333333333333332 0.06444444444444444
0 0.51 0.5877777777777777 0.03 0.06666666666666667
0 0.4483333333333333 0.5888888888888889 0.03166666666666667 0.06222222222222222
0 0.48 0.5888888888888889 0.03 0.06666666666666667
0 0.5641666666666667 0.5911111111111111 0.02666666666666667 0.06222222222222222
0 0.59 0.5922222222222222 0.025 0.06444444444444444
0 0.6158333333333333 0.5933333333333334 0.023333333333333334 0.06444444444444444
0 0.6391666666666667 0.5933333333333334 0.023333333333333334 0.06222222222222222
0 0.6591666666666667 0.5966666666666667 0.023333333333333334 0.06
0 0.6825 0.5988888888888889 0.018333333333333333 0.05333333333333334
0 0.7191666666666666 0.6011111111111112 0.021666666666666667 0.05333333333333334
0 0.7008333333333333 0.6022222222222222 0.018333333333333333 0.04888888888888889
0 0.7583333333333333 0.6022222222222222 0.016666666666666666 0.051111111111111114
0 0.7733333333333333 0.6033333333333334 0.02 0.05333333333333334
0 0.74 0.6044444444444445 0.018333333333333333 0.04666666666666667
0 0.8444666666666666 0.6157777777777779 0.026183333333333298 0.042555555555555506
0 0.9808333333333333 0.6266666666666667 0.035 0.08888888888888889
0 0.9338666666666667 0.6383111111111112 0.05478333333333315 0.08135555555555558
0 0.6125 0.6766666666666666 0.03166666666666667 0.06444444444444444
0 0.6825 0.6766666666666666 0.023333333333333334 0.06222222222222222
0 0.7066666666666667 0.6766666666666666 0.025 0.06222222222222222
0 0.5825 0.6777777777777778 0.023333333333333334 0.06222222222222222
0 0.5516666666666666 0.6788888888888889 0.03333333333333333 0.07555555555555556
0 0.3641666666666667 0.6822222222222222 0.035 0.06666666666666667
0 0.4033333333333333 0.6822222222222222 0.03333333333333333 0.06666666666666667
0 0.4375 0.6833333333333333 0.028333333333333332 0.057777777777777775
0 0.52475 0.6849777777777778 0.02828333333333338 0.06382222222222228
0 0.3283333333333333 0.6866666666666666 0.03166666666666667 0.06666666666666667
0 0.29333333333333333 0.7022222222222222 0.03166666666666667 0.08
0 0.25666666666666665 0.7088888888888889 0.041666666666666664 0.07333333333333333
0 0.9741666666666666 0.7233333333333334 0.04833333333333333 0.1
0 0.9367 0.7306222222222222 0.05294999999999997 0.09448888888888884
0 0.7125 0.7388888888888889 0.021666666666666667 0.06222222222222222
0 0.69 0.74 0.021666666666666667 0.05555555555555555
0 0.6666666666666666 0.7433333333333333 0.021666666666666667 0.057777777777777775
0 0.6166666666666667 0.7444444444444445 0.02666666666666667 0.06222222222222222
0 0.6441666666666667 0.7455555555555555 0.02666666666666667 0.06222222222222222
0 0.5875 0.7477777777777778 0.03 0.07111111111111111
0 0.44416666666666665 0.75 0.03333333333333333 0.06888888888888889
0 0.4091666666666667 0.7533333333333333 0.03833333333333333 0.07111111111111111
0 0.5608333333333333 0.7533333333333333 0.025 0.06444444444444444
0 0.5333333333333333 0.7555555555555555 0.028333333333333332 0.06888888888888889
0 0.505 0.7566666666666667 0.03 0.06444444444444444
0 0.37 0.7611111111111111 0.03833333333333333 0.07777777777777778
0 0.47583333333333333 0.7611111111111111 0.02666666666666667 0.06666666666666667
0 0.3308333333333333 0.7633333333333333 0.03666666666666667 0.07555555555555556