0 0.3516666666666667 0.23666666666666666 0.058333333333333334 0.10888888888888888
0 0.4033333333333333 0.25222222222222224 0.05333333333333334 0.10888888888888888
0 0.4508333333333333 0.2677777777777778 0.043333333333333335 0.10222222222222223
0 0.034166666666666665 0.27666666666666667 0.06833333333333333 0.09111111111111111
0 0.4925 0.2811111111111111 0.04666666666666667 0.08888888888888889
0 0.10583333333333333 0.29 0.06333333333333334 0.09333333333333334
0 0.5333333333333333 0.29333333333333333 0.03666666666666667 0.08444444444444445
0 0.1725 0.2966666666666667 0.06833333333333333 0.10222222222222223
0 0.565 0.30777777777777776 0.03166666666666667 0.09111111111111111
0 0.24416666666666667 0.31222222222222223 0.07166666666666667 0.11333333333333333
0 0.6008333333333333 0.3244444444444444 0.041666666666666664 0.07777777777777778
0 0.30583333333333335 0.3277777777777778 0.06166666666666667 0.10222222222222223
0 0.6341666666666667 0.33444444444444443 0.03666666666666667 0.08222222222222222
0 0.3641666666666667 0.3422222222222222 0.051666666666666666 0.09777777777777778
0 0.6616666666666666 0.3466666666666667 0.03166666666666667 0.07777777777777778
0 0.41583333333333333 0.35333333333333333 0.051666666666666666 0.09777777777777778
0 0.6875 0.35444444444444445 0.021666666666666667 0.07111111111111111
0 0.46166666666666667 0.36777777777777776 0.041666666666666664 0.09111111111111111
0 0.7091666666666666 0.36777777777777776 0.028333333333333332 0.07333333333333333
0 0.7291666666666666 0.37333333333333335 0.025 0.06888888888888889
0 0.5041666666666667 0.37666666666666665 0.043333333333333335 0.09111111111111111
0 0.5425 0.38222222222222224 0.04 0.09111111111111111
0 0.7533333333333333 0.38333333333333336 0.021666666666666667 0.06666666666666667
0 0.7725 0.39111111111111113 0.021666666666666667 0.07111111111111111
0 0.5758333333333333 0.39444444444444443 0.028333333333333332 0.08444444444444445
0 0.7941666666666667 0.39666666666666667 0.025 0.06222222222222222
0 0.6116666666666667 0.4077777777777778 0.041666666666666664 0.08444444444444445
0 0.8225 0.4088888888888889 0.035 0.06222222222222222
0 0.6425 0.41333333333333333 0.028333333333333332 0.07333333333333333
0 0.8483333333333334 0.41444444444444445 0.015 0.06
0 0.8625 0.4177777777777778 0.013333333333333334 0.051111111111111114
0 0.6933833333333332 0.4182888888888889 0.02613333333333325 0.04708888888888888
0 0.6691666666666667 0.42 0.02666666666666667 0.06888888888888889
0 0.7178 0.42631111111111114 0.020866666666666638 0.051088888888888906
0 0.7384666666666666 0.4298222222222222 0.026116666666666597 0.042088888888888884
0 0.7629833333333333 0.4388888888888889 0.025299999999999916 0.036933333333333346
0 0.7831666666666667 0.4468444444444445 0.022349999999999946 0.036066666666666705
0 0.15333333333333332 0.4577777777777778 0.075 0.14222222222222222
0 0.8016666666666666 0.46 0.023333333333333334 0.057777777777777775
0 0.8325 0.4688888888888889 0.035 0.05555555555555555
0 0.23 0.4722222222222222 0.07 0.13777777777777778
0 0.8566666666666667 0.4722222222222222 0.015 0.057777777777777775
0 0.8725 0.47555555555555556 0.013333333333333334 0.06
0 0.3 0.48 0.07 0.13111111111111112
0 0.8866666666666667 0.4822222222222222 0.011666666666666667 0.04888888888888889
0 0.37083333333333335 0.4888888888888889 0.06833333333333333 0.11555555555555555
0 0.42916666666666664 0.49333333333333335 0.05333333333333334 0.10444444444444445
0 0.48 0.49777777777777776 0.045 0.09777777777777778
0 0.5225 0.5033333333333333 0.04666666666666667 0.09333333333333334
0 0.5675 0.51 0.04 0.08666666666666667
0 0.6033333333333334 0.5133333333333333 0.035 0.09111111111111111
0 0.6383333333333333 0.5288888888888889 0.03333333333333333 0.08222222222222222
0 0.7158333333333333 0.5333333333333333 0.028333333333333332 0.07555555555555556
0 0.6933333333333334 0.5366666666666666 0.023333333333333334 0.07333333333333333
0 0.6683333333333333 0.5377777777777778 0.02666666666666667 0.07111111111111111
0 0.8620666666666666 0.5547555555555556 0.02196666666666668 0.06071111111111116
0 0.8848333333333332 0.5550888888888889 0.0214833333333335 0.06133333333333332
0 0.9024333333333334 0.5578888888888889 0.01445000000000012 0.06195555555555555
0 0.92965 0.5691555555555555 0.023816666666666608 0.049444444444444444
0 0.8477666666666667 0.5772888888888889 0.029949999999999952 0.051933333333333345
0 0.16666666666666666 0.6011111111111112 0.06666666666666667 0.14222222222222222
0 0.44416666666666665 0.6022222222222222 0.04833333333333333 0.10444444444444445
0 0.49 0.6022222222222222 0.04 0.10888888888888888
0 0.535 0.6044444444444445 0.04666666666666667 0.10444444444444445
0 0.2375 0.6055555555555555 0.07166666666666667 0.12666666666666668
0 0.5766666666666667 0.6066666666666667 0.04 0.09555555555555556
0 0.31166666666666665 0.6077777777777778 0.07166666666666667 0.12
0 0.3858333333333333 0.6077777777777778 0.06333333333333334 0.11333333333333333
0 0.6141666666666666 0.61 0.03333333333333333 0.09333333333333334
0 0.75 0.6122222222222222 0.03333333333333333 0.06888888888888889
0 0.8316666666666667 0.6188888888888889 0.023333333333333334 0.06888888888888889
0 0.8025 0.62 0.043333333333333335 0.06666666666666667
0 0.94115 0.6201555555555556 0.020533333333333226 0.05255555555555551
0 0.9139333333333334 0.6217333333333332 0.015849999999999986 0.051933333333333345
0 0.8796666666666666 0.6232888888888889 0.020549999999999877 0.05882222222222228
0 0.89915 0.6242222222222221 0.02008333333333326 0.051933333333333345
0 0.8651333333333334 0.6264222222222222 0.01775000000000015 0.05131111111111118
0 0.85105 0.6276666666666666 0.018683333333333395 0.05255555555555551
0 0.96225 0.7587555555555555 0.024366666666666485 0.05613333333333331
0 0.9453333333333334 0.7630666666666667 0.02293333333333332 0.0589999999999999
0 0.9295000000000001 0.7642666666666666 0.02294999999999997 0.05948888888888885
0 0.9138499999999999 0.7712222222222223 0.02474999999999985 0.059977777777777797
0 0.8938833333333334 0.7733777777777777 0.027999999999999924 0.06428888888888878
0 0.8779666666666667 0.7825333333333333 0.022583333333333257 0.06375555555555568
0 0.5228333333333333 0.7872444444444444 0.05523333333333331 0.09331111111111114
0 0.8630500000000001 0.7888444444444445 0.018316666666666682 0.05744444444444449
0 0.8427 0.7898000000000001 0.02589999999999994 0.07071111111111122
0 0.7941666666666667 0.7951777777777778 0.03586666666666664 0.09279999999999998
0 0.81785 0.7961111111111111 0.03396666666666666 0.07324444444444453
0 0.7695500000000001 0.804 0.03681666666666672 0.0915333333333332
0 0.7432833333333334 0.81 0.03919999999999997 0.09217777777777782
0 0.7125 0.8178888888888889 0.04678333333333342 0.09786666666666659
0 0.6786333333333333 0.8261111111111111 0.03964999999999994 0.11302222222222225
0 0.6514166666666668 0.8557777777777779 0.035383333333333364 0.07259999999999991
0 0.5766166666666667 0.8589333333333333 0.05529999999999992 0.10542222222222235
0 0.6215833333333333 0.8633555555555555 0.03444999999999993 0.07764444444444457
0 0.49363333333333337 0.8718 0.0537166666666667 0.13802222222222224
0 0.5403166666666667 0.8815333333333333 0.046483333333333314 0.09135555555555559
0 0.44116666666666665 0.8868666666666666 0.06393333333333336 0.1428666666666666
0 0.06255000000000001 0.9 0.0823 0.13802222222222224
0 0.37666666666666665 0.9038888888888889 0.08071666666666667 0.14966666666666673
0 0.9669833333333334 0.9185777777777778 0.016733333333333274 0.051111111111111114
0 0.9531833333333333 0.9230888888888888 0.02181666666666653 0.04811111111111106
0 0.9404999999999999 0.9354888888888889 0.021266666666666652 0.05788888888888879
0 0.9258333333333333 0.9407555555555555 0.019016666666666803 0.05937777777777784
0 0.3300166666666666 0.9437333333333333 0.05888333333333331 0.10302222222222225
0 0.9095000000000001 0.9490222222222222 0.019016666666666803 0.062400000000000094
0 0.2733333333333333 0.9522222222222222 0.06 0.09111111111111111
0 0.89005 0.953911111111111 0.03311666666666648 0.07968888888888892
0 0.87 0.9577777777777777 0.03333333333333333 0.08
0 0.21 0.96 0.07 0.07555555555555556
0 0.8511500000000001 0.9641777777777778 0.027500000000000094 0.07015555555555567
0 0.8311499999999999 0.9701777777777777 0.032583333333333256 0.05813333333333326
0 0.14583333333333334 0.9688888888888889 0.06833333333333333 0.057777777777777775
0 0.7258333333333333 0.9711111111111111 0.045 0.05333333333333334
0 0.155 0.17777777777777778 0.08 0.12666666666666668
0 0.23166666666666666 0.19555555555555557 0.07 0.11777777777777777
0 0.2966666666666667 0.21555555555555556 0.056666666666666664 0.12