0 0.9431166666666667 0.3986 0.05318333333333347 0.058511111111111076
0 0.8996833333333333 0.40377777777777774 0.04201666666666673 0.055066666666666604
0 0.815 0.4111111111111111 0.04 0.08
0 0.7783333333333333 0.43 0.04 0.08222222222222222
0 0.7383333333333333 0.43444444444444447 0.035 0.07111111111111111
0 0.7025 0.45444444444444443 0.03333333333333333 0.06222222222222222
0 0.67 0.4633333333333333 0.03333333333333333 0.06222222222222222
0 0.6375 0.4711111111111111 0.03166666666666667 0.06222222222222222
0 0.6041666666666666 0.4766666666666667 0.02666666666666667 0.06222222222222222
0 0.5741666666666667 0.4855555555555556 0.028333333333333332 0.06222222222222222
0 0.8979666666666666 0.48577777777777775 0.043733333333333346 0.06766666666666664
0 0.82 0.4922222222222222 0.041666666666666664 0.08
0 0.5475 0.4955555555555556 0.025 0.06
0 0.7408333333333333 0.49777777777777776 0.03833333333333333 0.051111111111111114
0 0.5208333333333334 0.5022222222222222 0.023333333333333334 0.06444444444444444
0 0.495 0.51 0.025 0.06444444444444444
0 0.7033333333333334 0.5155555555555555 0.03333333333333333 0.051111111111111114
0 0.475 0.5166666666666667 0.016666666666666666 0.06222222222222222
0 0.4558333333333333 0.5233333333333333 0.018333333333333333 0.06222222222222222
0 0.43166666666666664 0.5288888888888889 0.021666666666666667 0.06222222222222222
0 0.67 0.5288888888888889 0.03166666666666667 0.06
0 0.39625 0.5301333333333333 0.011750000000000019 0.04671111111111107
0 0.3829 0.5313111111111111 0.01471666666666664 0.042755555555555574
0 0.41083333333333333 0.5322222222222223 0.018333333333333333 0.05333333333333334
0 0.6375 0.5366666666666666 0.03333333333333333 0.06888888888888889
0 0.6033333333333334 0.5433333333333333 0.03 0.06888888888888889
0 0.3655833333333333 0.5443777777777777 0.018116666666666673 0.048511111111111074
0 0.3478333333333333 0.5494222222222223 0.018116666666666673 0.04082222222222223
0 0.5733333333333334 0.5522222222222222 0.025 0.06444444444444444
0 0.3127833333333333 0.5535555555555556 0.018133333333333324 0.04437777777777771
0 0.33053333333333335 0.5538444444444445 0.01901666666666671 0.041422222222222256
0 0.5458333333333333 0.5555555555555556 0.02666666666666667 0.06
0 0.29569999999999996 0.5591777777777778 0.016816666666666626 0.04971111111111112
0 0.27958333333333335 0.5637777777777777 0.01594999999999999 0.04433333333333337
0 0.5208333333333334 0.5644444444444444 0.025 0.06
0 0.39448333333333335 0.5685333333333332 0.011750000000000019 0.037999999999999985
0 0.9031166666666667 0.570088888888889 0.036849999999999834 0.06653333333333339
0 0.38111666666666666 0.5720888888888889 0.011149999999999997 0.041977777777777746
0 0.49416666666666664 0.5744444444444444 0.025 0.057777777777777775
0 0.4741666666666667 0.58 0.018333333333333333 0.05555555555555555
0 0.4525 0.5822222222222222 0.021666666666666667 0.05333333333333334
0 0.40981666666666666 0.5844444444444444 0.018700000000000046 0.051111111111111114
0 0.43083333333333335 0.5855555555555556 0.021666666666666667 0.04888888888888889
0 0.36256666666666665 0.5955111111111111 0.01918333333333332 0.05231111111111103
0 0.6708333333333333 0.5955555555555555 0.03 0.07333333333333333
0 0.34463333333333335 0.6001777777777777 0.01830000000000003 0.04722222222222222
0 0.32888333333333336 0.6004666666666666 0.018566666666666645 0.04853333333333341
0 0.31083333333333335 0.6034888888888889 0.019383333333333325 0.048155555555555465
0 0.6366666666666667 0.6044444444444445 0.03333333333333333 0.06222222222222222
0 0.29236666666666666 0.6088888888888889 0.01903333333333336 0.04971111111111112
0 0.39358333333333334 0.6089111111111111 0.013516666666666689 0.04433333333333343
0 0.6016666666666667 0.61 0.03166666666666667 0.06
0 0.27631666666666665 0.6112888888888889 0.015349999999999966 0.05066666666666657
0 0.37845 0.6128666666666667 0.012933333333333318 0.04433333333333343
0 0.5458333333333333 0.6188888888888889 0.025 0.06444444444444444
0 0.5708333333333333 0.6188888888888889 0.025 0.06222222222222222
0 0.5208333333333334 0.6244444444444445 0.021666666666666667 0.05555555555555555
0 0.49416666666666664 0.6288888888888889 0.023333333333333334 0.051111111111111114
0 0.47 0.6333333333333333 0.021666666666666667 0.05333333333333334
0 0.45 0.6355555555555555 0.018333333333333333 0.04888888888888889
0 0.4266666666666667 0.64 0.021666666666666667 0.05333333333333334
0 0.4066666666666667 0.6422222222222222 0.015 0.05555555555555555
0 0.3584833333333333 0.6469777777777778 0.018116666666666673 0.049244444444444375
0 0.39061666666666667 0.6508888888888889 0.01471666666666664 0.041177777777777716
0 0.37606666666666666 0.6524666666666668 0.014116666666666711 0.03800000000000005
0 0.34073333333333333 0.6535555555555556 0.019899999999999998 0.047933333333333446
0 0.32276666666666665 0.6539777777777778 0.015916666666666687 0.049466666666666645
0 0.3079 0.6562222222222223 0.01725000000000004 0.0449777777777778
0 0.29103333333333337 0.6594666666666666 0.01814999999999998 0.04320000000000012
0 0.27395 0.6599777777777778 0.01773333333333331 0.04831111111111113
0 0.985 0.7044444444444444 0.02666666666666667 0.08444444444444445
0 0.74185 0.7283555555555555 0.04206666666666668 0.07084444444444443
0 0.705 0.7333333333333333 0.035 0.07333333333333333
0 0.6683333333333333 0.7344444444444445 0.03166666666666667 0.07555555555555556
0 0.7809166666666667 0.7351333333333333 0.0373666666666666 0.0739777777777777
0 0.6041666666666666 0.7377777777777778 0.035 0.06888888888888889
0 0.6375 0.7377777777777778 0.03 0.06666666666666667
0 0.57 0.7388888888888889 0.03333333333333333 0.06888888888888889
0 0.4633333333333333 0.74 0.021666666666666667 0.057777777777777775
0 0.5391666666666667 0.74 0.021666666666666667 0.06444444444444444
0 0.4875 0.7422222222222222 0.025 0.06888888888888889
0 0.5125 0.7422222222222222 0.02666666666666667 0.06666666666666667
0 0.38201666666666667 0.7454000000000001 0.024116666666666713 0.05837777777777774
0 0.42083333333333334 0.7466666666666667 0.023333333333333334 0.057777777777777775
0 0.4425 0.7466666666666667 0.016666666666666666 0.06
0 0.33593333333333336 0.7471111111111111 0.030833333333333334 0.06317777777777767
0 0.36116666666666664 0.7484888888888889 0.020533333333333324 0.05904444444444456
0 0.4013333333333334 0.7522666666666666 0.0225666666666667 0.04875555555555568
0 0.30246666666666666 0.7539777777777779 0.025700000000000025 0.04806666666666665
0 0.975 0.7933333333333333 0.04666666666666667 0.08888888888888889
0 0.29886666666666667 0.8034222222222223 0.025700000000000025 0.052177777777777816
0 0.43916666666666665 0.8066666666666666 0.023333333333333334 0.06222222222222222
0 0.37688333333333335 0.8075333333333333 0.022066666666666682 0.06042222222222234
0 0.4633333333333333 0.8077777777777778 0.02 0.06444444444444444
0 0.32821666666666666 0.8082222222222222 0.03290000000000001 0.053555555555555606
0 0.41833333333333333 0.8088888888888889 0.018333333333333333 0.06222222222222222
0 0.4875 0.8088888888888889 0.02666666666666667 0.06222222222222222
0 0.5375 0.8088888888888889 0.02666666666666667 0.06888888888888889
0 0.3979833333333333 0.8092666666666667 0.02205000000000003 0.05837777777777774
0 0.3568 0.8096 0.01898333333333331 0.05768888888888897
0 0.5116666666666667 0.81 0.023333333333333334 0.06444444444444444
0 0.6025 0.81 0.035 0.07333333333333333
0 0.74615 0.8106666666666666 0.035033333333333305 0.0875333333333333
0 0.5683333333333334 0.8111111111111111 0.03333333333333333 0.06888888888888889
0 0.6375 0.8111111111111111 0.03166666666666667 0.07555555555555556
0 0.6708333333333333 0.8111111111111111 0.03333333333333333 0.08
0 0.7058333333333333 0.8122222222222222 0.035 0.08444444444444445
0 0.7856000000000001 0.8210888888888889 0.04205000000000003 0.07919999999999996
0 0.9766666666666667 0.8811111111111111 0.043333333333333335 0.09555555555555556
0 0.9336833333333334 0.8856888888888889 0.04591666666666659 0.08544444444444455
0 0.50755 0.9087111111111111 0.03721666666666674 0.0609777777777779
0 0.3734 0.9138 0.022016666666666632 0.05691111111111114
0 0.7168166666666667 0.9185111111111111 0.034216666666666624 0.06564444444444437
0 0.3974 0.9244666666666667 0.024299999999999974 0.05386666666666669
0 0.4583833333333333 0.9427555555555556 0.03341666666666659 0.07013333333333321
0 0.7558833333333332 0.9584666666666667 0.04669999999999997 0.08304444444444445
0 0.37083333333333335 0.9733333333333334 0.021666666666666667 0.04888888888888889
0 0.4216666666666667 0.9744444444444444 0.03333333333333333 0.04666666666666667
0 0.7187833333333333 0.9758222222222223 0.025616666666666673 0.04688888888888894
0 0.3925 0.9755555555555555 0.028333333333333332 0.044444444444444446