0 0.8458333333333333 0.5033333333333333 0.045 0.07777777777777778
0 0.8491666666666666 0.5822222222222222 0.045 0.07555555555555556
0 0.8525 0.6666666666666666 0.04666666666666667 0.08888888888888889
0 0.6708333333333333 0.53 0.025 0.06888888888888889
0 0.6716666666666666 0.5977777777777777 0.03 0.06888888888888889
0 0.6725 0.6677777777777778 0.028333333333333332 0.06444444444444444
0 0.7 0.5955555555555555 0.025 0.06666666666666667
0 0.7016666666666667 0.6677777777777778 0.03 0.07333333333333333
0 0.73 0.5144444444444445 0.03166666666666667 0.07333333333333333
0 0.7291666666666666 0.5911111111111111 0.03166666666666667 0.07333333333333333
0 0.7316666666666667 0.6688888888888889 0.028333333333333332 0.07777777777777778
0 0.765 0.59 0.04 0.08
0 0.7666666666666667 0.6711111111111111 0.04 0.08
0 0.8075 0.6711111111111111 0.041666666666666664 0.08444444444444445
0 0.8066666666666666 0.5888888888888889 0.041666666666666664 0.08
0 0.6983333333333334 0.5266666666666666 0.03 0.06888888888888889
0 0.7633333333333333 0.5122222222222222 0.03666666666666667 0.07111111111111111
0 0.8016666666666666 0.5088888888888888 0.04 0.07777777777777778
0 0.8925 0.6722222222222223 0.03166666666666667 0.07777777777777778
0 0.5808333333333333 0.54 0.023333333333333334 0.06
0 0.58 0.6 0.021666666666666667 0.06
0 0.5791666666666667 0.6622222222222223 0.023333333333333334 0.06222222222222222
0 0.6016666666666667 0.6644444444444444 0.023333333333333334 0.06222222222222222
0 0.625 0.6666666666666666 0.023333333333333334 0.06
0 0.6466666666666666 0.6688888888888889 0.021666666666666667 0.06
0 0.6033333333333334 0.6 0.02 0.06444444444444444
0 0.6241666666666666 0.6088888888888889 0.025 0.057777777777777775
0 0.6458333333333334 0.6066666666666667 0.02 0.06222222222222222
0 0.6016666666666667 0.5366666666666666 0.018333333333333333 0.06
0 0.6233333333333333 0.5488888888888889 0.025 0.06
0 0.6458333333333334 0.5466666666666666 0.021666666666666667 0.05555555555555555
0 0.2125 0.5077777777777778 0.041666666666666664 0.07555555555555556
0 0.20833333333333334 0.5855555555555556 0.041666666666666664 0.07333333333333333
0 0.185 0.5122222222222222 0.013333333333333334 0.07333333333333333
0 0.18083333333333335 0.5866666666666667 0.011666666666666667 0.07555555555555556
0 0.1675 0.5166666666666667 0.015 0.06444444444444444
0 0.165 0.5888888888888889 0.013333333333333334 0.06888888888888889
0 0.15 0.5911111111111111 0.013333333333333334 0.06888888888888889
0 0.1375 0.5955555555555555 0.011666666666666667 0.06444444444444444
0 0.1525 0.5222222222222223 0.015 0.06444444444444444
0 0.51 0.5477777777777778 0.015 0.051111111111111114
0 0.525 0.5422222222222223 0.013333333333333334 0.051111111111111114
0 0.54 0.54 0.018333333333333333 0.051111111111111114
0 0.5566666666666666 0.5388888888888889 0.018333333333333333 0.05555555555555555
0 0.49083333333333334 0.6011111111111112 0.018333333333333333 0.051111111111111114
0 0.5083333333333333 0.6011111111111112 0.018333333333333333 0.05333333333333334
0 0.5258333333333334 0.5988888888888889 0.013333333333333334 0.05555555555555555
0 0.5416666666666666 0.5966666666666667 0.015 0.05555555555555555
0 0.5583333333333333 0.5955555555555555 0.018333333333333333 0.06
0 0.4891666666666667 0.6555555555555556 0.018333333333333333 0.05555555555555555
0 0.5066666666666667 0.6566666666666666 0.016666666666666666 0.057777777777777775
0 0.5241666666666667 0.6555555555555556 0.018333333333333333 0.05555555555555555
0 0.54 0.6566666666666666 0.016666666666666666 0.05555555555555555
0 0.5583333333333333 0.6577777777777778 0.018333333333333333 0.06