0 0.30333333333333334 0.27111111111111114 0.08166666666666667 0.1688888888888889
0 0.37166666666666665 0.27444444444444444 0.06166666666666667 0.15333333333333332
0 0.4775 0.29777777777777775 0.03666666666666667 0.12444444444444444
0 0.5166666666666667 0.29888888888888887 0.03833333333333333 0.12
0 0.075 0.29888888888888887 0.08166666666666667 0.15333333333333332
0 0.20833333333333334 0.3 0.056666666666666664 0.14444444444444443
0 0.4325 0.3 0.06 0.13777777777777778
0 0.265 0.30444444444444446 0.058333333333333334 0.13777777777777778
0 0.5541666666666667 0.30666666666666664 0.03666666666666667 0.10888888888888888
0 0.14833333333333334 0.30777777777777776 0.06833333333333333 0.14444444444444443
0 0.6858333333333333 0.32666666666666666 0.02666666666666667 0.08888888888888889
0 0.7091666666666666 0.33 0.02 0.08444444444444445
0 0.7325 0.3333333333333333 0.025 0.08
0 0.7533333333333333 0.3333333333333333 0.016666666666666666 0.07555555555555556
0 0.8133333333333334 0.3433333333333333 0.015 0.06444444444444444
0 0.8383333333333334 0.3466666666666667 0.01 0.057777777777777775
0 0.8275 0.3488888888888889 0.01 0.06
0 0.85 0.35 0.011666666666666667 0.051111111111111114
0 0.8625 0.35444444444444445 0.013333333333333334 0.051111111111111114
0 0.8791666666666667 0.35444444444444445 0.016666666666666666 0.04888888888888889
0 0.8791666666666667 0.4 0.016666666666666666 0.044444444444444446
0 0.8491666666666666 0.4022222222222222 0.008333333333333333 0.04666666666666667
0 0.8383333333333334 0.4033333333333333 0.013333333333333334 0.044444444444444446
0 0.8625 0.4033333333333333 0.015 0.03777777777777778
0 0.825 0.40444444444444444 0.011666666666666667 0.04
0 0.8116666666666666 0.4111111111111111 0.016666666666666666 0.028888888888888888
0 0.6041666666666666 0.41555555555555557 0.018333333333333333 0.10888888888888888
0 0.7375 0.41555555555555557 0.021666666666666667 0.08666666666666667
0 0.7591666666666667 0.41555555555555557 0.02 0.08444444444444445
0 0.5208333333333334 0.4166666666666667 0.043333333333333335 0.12222222222222222
0 0.7125 0.4166666666666667 0.025 0.08666666666666667
0 0.5583333333333333 0.4177777777777778 0.03333333333333333 0.11333333333333333
0 0.69 0.42 0.021666666666666667 0.08888888888888889
0 0.3775 0.4211111111111111 0.055 0.14
0 0.48333333333333334 0.4222222222222222 0.03666666666666667 0.12444444444444444
0 0.665 0.42333333333333334 0.023333333333333334 0.07777777777777778
0 0.6241666666666666 0.4255555555555556 0.021666666666666667 0.08666666666666667
0 0.3225 0.42777777777777776 0.06 0.14
0 0.645 0.4288888888888889 0.018333333333333333 0.08
0 0.43666666666666665 0.4311111111111111 0.06 0.12
0 0.2758333333333333 0.44 0.056666666666666664 0.13111111111111112
0 0.2175 0.44555555555555554 0.056666666666666664 0.14222222222222222
0 0.15666666666666668 0.45111111111111113 0.07 0.14
0 0.085 0.45222222222222225 0.08 0.14666666666666667
0 0.8466666666666667 0.5222222222222223 0.018333333333333333 0.07333333333333333
0 0.8283333333333334 0.5233333333333333 0.013333333333333334 0.07111111111111111
0 0.8125 0.5244444444444445 0.016666666666666666 0.07111111111111111
0 0.77 0.5333333333333333 0.02666666666666667 0.08444444444444445
0 0.735 0.5422222222222223 0.021666666666666667 0.07777777777777778
0 0.7116666666666667 0.5466666666666666 0.023333333333333334 0.08222222222222222
0 0.69 0.5555555555555556 0.023333333333333334 0.08666666666666667
0 0.6625 0.5622222222222222 0.02666666666666667 0.09333333333333334
0 0.6391666666666667 0.57 0.025 0.09111111111111111
0 0.6125 0.5766666666666667 0.028333333333333332 0.10222222222222223
0 0.5608333333333333 0.5855555555555556 0.045 0.10666666666666667
0 0.8458333333333333 0.5866666666666667 0.018333333333333333 0.05555555555555555
0 0.29763333333333336 0.5889555555555555 0.03408333333333331 0.09697777777777775
0 0.83 0.5922222222222222 0.013333333333333334 0.06
0 0.815 0.5955555555555555 0.016666666666666666 0.06444444444444444
0 0.25706666666666667 0.5970444444444445 0.04978333333333334 0.08888888888888889
0 0.7791666666666667 0.6122222222222222 0.016666666666666666 0.06888888888888889
0 0.4726666666666667 0.6139111111111111 0.061083333333333295 0.10677777777777774
0 0.7608333333333334 0.6155555555555555 0.021666666666666667 0.07555555555555556
0 0.7375 0.6222222222222222 0.023333333333333334 0.08
0 0.715 0.6333333333333333 0.025 0.08444444444444445
0 0.35381666666666667 0.6347777777777778 0.07865 0.15182222222222214
0 0.6908333333333333 0.6422222222222222 0.023333333333333334 0.08888888888888889
0 0.6675 0.6522222222222223 0.025 0.08444444444444445
0 0.6416666666666667 0.66 0.03166666666666667 0.1
0 0.6158333333333333 0.6766666666666666 0.03 0.09777777777777778
0 0.569 0.6981777777777778 0.03603333333333334 0.10175555555555547
0 0.76705 0.7384 0.02463333333333329 0.06457777777777765
0 0.48955000000000004 0.7407111111111111 0.054833333333333296 0.16015555555555566
0 0.3106666666666667 0.7423777777777778 0.052399999999999995 0.10342222222222214
0 0.25584999999999997 0.7526 0.05923333333333337 0.10944444444444444
0 0.7460666666666667 0.7531111111111111 0.025716666666666582 0.06531111111111108
0 0.7275 0.7617111111111111 0.017650000000000055 0.07535555555555548
0 0.6439833333333334 0.7751999999999999 0.021633333333333362 0.049533333333333256
0 0.42824999999999996 0.7757333333333333 0.06736666666666664 0.12344444444444434
0 0.19695000000000001 0.7759111111111112 0.06819999999999998 0.10619999999999992
0 0.7076 0.7778666666666667 0.024116666666666713 0.08755555555555551
0 0.66535 0.7793111111111111 0.023599999999999947 0.0674444444444445
0 0.36696666666666666 0.7924222222222221 0.06488333333333335 0.14680000000000012
0 0.6193500000000001 0.7943777777777778 0.028450000000000083 0.05453333333333325
0 0.6863333333333334 0.8026222222222222 0.025733333333333424 0.0810888888888889
0 0.1295 0.803 0.07148333333333334 0.12571111111111122
0 0.7743166666666667 0.8101555555555555 0.025166666666666705 0.06888888888888889
0 0.7517166666666666 0.8306 0.030550000000000067 0.07677777777777768
0 0.07953333333333333 0.8360444444444445 0.038183333333333326 0.12462222222222231
0 0.3138 0.8424666666666667 0.05113333333333334 0.10008888888888881
0 0.6435666666666666 0.8435333333333332 0.024133333333333364 0.0810888888888889
0 0.6672333333333333 0.8456888888888889 0.027366666666666598 0.06386666666666668
0 0.731 0.8474666666666667 0.020333333333333408 0.07320000000000013
0 0.7111000000000001 0.8650444444444444 0.021416666666666705 0.07822222222222232
0 0.2643833333333333 0.8688444444444445 0.0474 0.10408888888888895
0 0.6285333333333334 0.8706444444444444 0.020516666666666575 0.07866666666666662
0 0.61635 0.8785777777777778 0.015649999999999976 0.09308888888888886
0 0.6930666666666666 0.8880222222222223 0.02626666666666665 0.0825333333333333
0 0.21116666666666667 0.8880666666666667 0.07226666666666665 0.13113333333333332
0 0.5716166666666667 0.8930444444444444 0.02089999999999994 0.08240000000000008
0 0.5472 0.9005333333333334 0.03398333333333331 0.11919999999999997
0 0.6718166666666666 0.9127777777777778 0.023583333333333296 0.0674444444444445
0 0.64975 0.9228222222222222 0.02251666666666665 0.06888888888888889
0 0.50575 0.9276222222222222 0.04863333333333325 0.12571111111111122
0 0.13965000000000002 0.9384666666666667 0.08041666666666666 0.10619999999999992
0 0.6342 0.9453333333333332 0.017799999999999917 0.06782222222222219
0 0.465 0.9455555555555556 0.04666666666666667 0.10444444444444445
0 0.62 0.9588888888888889 0.016666666666666666 0.07777777777777778
0 0.4184 0.9648888888888889 0.05923333333333337 0.07020000000000007
0 0.5783333333333334 0.9711111111111111 0.03 0.05333333333333334