0 0.43695 0.2235111111111111 0.06268333333333335 0.12137777777777779
0 0.5077333333333333 0.2264 0.053983333333333314 0.11560000000000002
0 0.5698666666666667 0.23313333333333333 0.036633333333333365 0.11175555555555557
0 0.70375 0.2382 0.04814999999999998 0.10535555555555552
0 0.6453833333333333 0.24135555555555557 0.054066666666666756 0.1084888888888889
0 0.22876666666666665 0.25762222222222225 0.07004999999999997 0.12099999999999997
0 0.29968333333333336 0.2697555555555556 0.06273333333333331 0.11753333333333336
0 0.3971 0.032577777777777775 0.05955000000000003 0.06515555555555555
0 0.3287333333333333 0.033133333333333334 0.07028333333333336 0.06626666666666667
0 0.15048333333333333 0.3537111111111111 0.08018333333333331 0.19593333333333338
0 0.049216666666666666 0.35617777777777776 0.09843333333333333 0.2088222222222222
0 0.5651666666666667 0.36077777777777775 0.04023333333333331 0.1531777777777778
0 0.43729999999999997 0.36319999999999997 0.0749666666666667 0.1502888888888889
0 0.5091833333333333 0.3636666666666667 0.0612166666666667 0.1531777777777778
0 0.6501 0.3655555555555556 0.046983333333333425 0.12735555555555556
0 0.7049166666666666 0.3663555555555556 0.059933333333333394 0.13835555555555554
0 0.4637833333333333 0.03866666666666666 0.06531666666666676 0.07733333333333332
0 0.36939999999999995 0.38053333333333333 0.06343333333333334 0.13486666666666666
0 0.29933333333333334 0.38437777777777776 0.06344999999999999 0.12331111111111114
0 0.23395000000000002 0.3863111111111111 0.0642 0.1271555555555555
0 0.5233 0.04008888888888889 0.052850000000000064 0.08017777777777778
0 0.7308333333333333 0.5233333333333333 0.051666666666666666 0.13111111111111112
0 0.6758333333333333 0.5355555555555556 0.05333333333333334 0.12666666666666668
0 0.5433333333333333 0.5388888888888889 0.06333333333333334 0.13333333333333333
0 0.635 0.5433333333333333 0.03333333333333333 0.12666666666666668
0 0.4766666666666667 0.5511111111111111 0.06833333333333333 0.14888888888888888
0 0.4025 0.5688888888888889 0.07166666666666667 0.14666666666666667
0 0.2425 0.57 0.08333333333333333 0.1622222222222222
0 0.325 0.5811111111111111 0.08 0.13555555555555557
0 0.15511666666666665 0.6084222222222223 0.06781666666666666 0.12786666666666666
0 0.07586666666666667 0.6404222222222222 0.08886666666666668 0.16211111111111115
0 0.7275 0.6511111111111111 0.051666666666666666 0.12666666666666668
0 0.6733333333333333 0.6677777777777778 0.05333333333333334 0.12444444444444444
0 0.6266666666666667 0.6711111111111111 0.03833333333333333 0.12444444444444444
0 0.5408333333333334 0.6766666666666666 0.06333333333333334 0.14
0 0.4716666666666667 0.6911111111111111 0.06666666666666667 0.13777777777777778
0 0.4 0.7077777777777777 0.07166666666666667 0.1288888888888889
0 0.32416666666666666 0.7166666666666667 0.07833333333333334 0.14
0 0.24333333333333335 0.7211111111111111 0.08333333333333333 0.14666666666666667
0 0.15666666666666668 0.7424888888888889 0.06471666666666664 0.13199999999999995
0 0.0225 0.7633333333333333 0.045 0.15777777777777777
0 0.08271666666666667 0.7682666666666668 0.07173333333333334 0.12100000000000011
0 0.038516666666666664 0.17662222222222224 0.07596666666666667 0.13855555555555554
0 0.14816666666666667 0.19799999999999998 0.06626666666666665 0.1196222222222222