0 0.8458333333333333 0.3411111111111111 0.03 0.04666666666666667
0 0.8158333333333333 0.3511111111111111 0.03 0.04888888888888889
0 0.9708333333333333 0.37444444444444447 0.03 0.05555555555555555
0 0.94 0.38333333333333336 0.03333333333333333 0.05555555555555555
0 0.9083333333333333 0.3844444444444444 0.02666666666666667 0.05333333333333334
0 0.8766666666666667 0.38666666666666666 0.03166666666666667 0.05333333333333334
0 0.8475 0.39 0.028333333333333332 0.04666666666666667
0 0.8183333333333334 0.3977777777777778 0.03166666666666667 0.04888888888888889
0 0.9733333333333334 0.4311111111111111 0.03 0.05555555555555555
0 0.9416666666666667 0.43666666666666665 0.03166666666666667 0.04888888888888889
0 0.8766666666666667 0.44 0.02666666666666667 0.05333333333333334
0 0.91 0.44 0.03 0.05333333333333334
0 0.8466666666666667 0.4444444444444444 0.03166666666666667 0.051111111111111114
0 0.7391666666666666 0.4455111111111111 0.018316666666666682 0.037866666666666715
0 0.6781833333333334 0.4457777777777778 0.02113333333333325 0.03946666666666665
0 0.7191666666666666 0.4463111111111111 0.01591666666666659 0.03626666666666665
0 0.65995 0.44813333333333333 0.01600000000000004 0.03111111111111111
0 0.8183333333333334 0.4488888888888889 0.028333333333333332 0.04666666666666667
0 0.62545 0.44924444444444445 0.017999999999999926 0.026288888888888855
0 0.6415500000000001 0.44924444444444445 0.01865000000000009 0.030688888888888894
0 0.6993666666666667 0.44924444444444445 0.0211166666666666 0.0357333333333333
0 0.60835 0.44966666666666666 0.016683333333333317 0.02453333333333338
0 0.5751499999999999 0.4547111111111111 0.017349999999999945 0.028488888888888873
0 0.5267 0.4727555555555556 0.014750000000000037 0.02466666666666672
0 0.5028 0.4733777777777778 0.015066666666666607 0.02671111111111107
0 0.5435 0.47377777777777774 0.015049999999999954 0.028355555555555537
0 0.48816666666666664 0.4748222222222222 0.014150000000000015 0.02548888888888895
0 0.3832333333333333 0.4751777777777778 0.021066666666666643 0.03148888888888893
0 0.47274999999999995 0.47604444444444444 0.016616666666666714 0.03042222222222222
0 0.34853333333333336 0.4767777777777778 0.018183333333333374 0.035977777777777775
0 0.33071666666666666 0.47904444444444444 0.019150000000000014 0.03277777777777778
0 0.7173666666666667 0.4793777777777778 0.019516666666666727 0.02666666666666667
0 0.6587833333333333 0.4801777777777778 0.018333333333333333 0.0325333333333333
0 0.6408 0.4804444444444444 0.016749999999999925 0.033066666666666654
0 0.6105166666666667 0.4808 0.018366666666666635 0.03857777777777781
0 0.3116833333333333 0.48128888888888893 0.01675000000000002 0.032133333333333285
0 0.6797833333333333 0.4815111111111111 0.02273333333333331 0.033066666666666654
0 0.7371666666666666 0.4815111111111111 0.01591666666666659 0.03519999999999995
0 0.7009666666666666 0.48204444444444444 0.015516666666666576 0.029866666666666663
0 0.2962666666666667 0.48417777777777776 0.01771666666666666 0.035333333333333286
0 0.27915 0.48577777777777775 0.015316666666666662 0.03342222222222227
0 0.75455 0.4865777777777778 0.02109999999999995 0.04106666666666671
0 0.24928333333333333 0.48675555555555555 0.01725000000000004 0.03791111111111112
0 0.2644666666666667 0.4870666666666667 0.014850000000000042 0.04113333333333331
0 0.5745 0.48715555555555556 0.017349999999999945 0.03111111111111111
0 0.59175 0.4875777777777778 0.015033333333333303 0.03111111111111111
0 0.18321666666666667 0.48964444444444444 0.013933333333333357 0.027777777777777776
0 0.16873333333333332 0.4909555555555556 0.01425000000000002 0.028644444444444413
0 0.21819999999999998 0.49124444444444443 0.013899999999999982 0.036622222222222264
0 0.23338333333333333 0.4915555555555555 0.015333333333333315 0.03468888888888892
0 0.14155 0.4918222222222222 0.011333333333333351 0.026911111111111143
0 0.15603333333333333 0.4924666666666667 0.013616666666666645 0.029088888888888834
0 0.12794999999999998 0.4949777777777778 0.011783333333333323 0.026288888888888855
0 0.11458333333333333 0.4957111111111111 0.01150000000000001 0.02404444444444443
0 0.10049999999999999 0.4962888888888889 0.012633333333333342 0.025911111111111166
0 0.5435 0.4998888888888889 0.015049999999999954 0.028777777777777753
0 0.5193 0.500311111111111 0.01783333333333341 0.029599999999999984
0 0.47951666666666665 0.5009555555555556 0.01738333333333325 0.027177777777777818
0 0.4962833333333333 0.5016 0.015400000000000014 0.02935555555555551
0 0.9733333333333334 0.5044444444444445 0.03333333333333333 0.04888888888888889
0 0.9066666666666666 0.5066666666666667 0.03333333333333333 0.051111111111111114
0 0.9391666666666667 0.5088888888888888 0.03166666666666667 0.05333333333333334
0 0.7173666666666667 0.5097777777777778 0.018716666666666697 0.03199999999999995
0 0.6685833333333333 0.510311111111111 0.01873333333333335 0.033066666666666654
0 0.38203333333333334 0.5105111111111111 0.018649999999999996 0.03919999999999997
0 0.39865 0.5118 0.01044999999999997 0.036622222222222264
0 0.3671 0.5137333333333334 0.014799999999999992 0.035333333333333286
0 0.34853333333333336 0.5143777777777778 0.01721666666666664 0.03919999999999997
0 0.6995666666666667 0.5148444444444444 0.016716666666666623 0.03146666666666672
0 0.33216666666666667 0.5153333333333333 0.019150000000000014 0.03726666666666663
0 0.6114999999999999 0.5169555555555555 0.019683333333333244 0.03724444444444443
0 0.3124 0.5179111111111111 0.018200000000000025 0.03342222222222227
0 0.5695666666666667 0.5195777777777778 0.017349999999999945 0.03375555555555555
0 0.29505 0.5198444444444444 0.015316666666666662 0.030844444444444435
0 0.5869833333333333 0.520888888888889 0.016683333333333317 0.030244444444444473
0 0.24856666666666663 0.5217555555555555 0.01581666666666668 0.03468888888888892
0 0.18386666666666665 0.522 0.01326666666666668 0.03515555555555554
0 0.27963333333333334 0.5220888888888889 0.015316666666666662 0.034066666666666634
0 0.11401666666666666 0.5225333333333333 0.01378333333333335 0.028088888888888858
0 0.10049999999999999 0.5225777777777778 0.011516666666666661 0.027422222222222167
0 0.12738333333333335 0.5235111111111111 0.011216666666666649 0.029288888888888902
0 0.2637333333333334 0.5236888888888889 0.015316666666666662 0.02955555555555558
0 0.15456666666666666 0.5239333333333334 0.013283333333333331 0.030377777777777813
0 0.21868333333333334 0.5240222222222223 0.014866666666666669 0.030199999999999946
0 0.13935 0.5242888888888889 0.013950000000000008 0.027822222222222182
0 0.16905 0.5243777777777777 0.01425000000000002 0.03300000000000005
0 0.23338333333333333 0.5259333333333333 0.015333333333333315 0.02762222222222224
0 0.4649 0.5259333333333333 0.018366666666666635 0.023666666666666617
0 0.5288166666666667 0.5272444444444444 0.019333333333333372 0.026288888888888855
0 0.5505666666666666 0.5272888888888889 0.012133333333333288 0.022066666666666682
0 0.5109 0.5281333333333333 0.014416666666666628 0.028044444444444455
0 0.4949666666666667 0.5292222222222223 0.0173666666666666 0.028488888888888873
0 0.48033333333333333 0.5296666666666666 0.013766666666666651 0.03375555555555555
0 0.7523500000000001 0.5380222222222223 0.029500000000000075 0.051200000000000044
0 0.6472 0.5422888888888889 0.024733333333333385 0.050133333333333335
0 0.6713833333333333 0.5462888888888889 0.02113333333333325 0.036800000000000006
0 0.7185666666666667 0.5468222222222222 0.02271666666666666 0.03466666666666672
0 0.6131333333333333 0.5489333333333334 0.01705000000000003 0.03286666666666671
0 0.7007666666666666 0.5489555555555555 0.01591666666666659 0.03360000000000001
0 0.5861666666666666 0.5513555555555556 0.012416666666666742 0.029800000000000056
0 0.5685833333333333 0.5524444444444444 0.019316666666666718 0.03286666666666671
0 0.46554999999999996 0.5546444444444445 0.01443333333333328 0.032000000000000015
0 0.5521333333333333 0.5556444444444445 0.015283333333333265 0.0283555555555556
0 0.5118833333333334 0.5559555555555555 0.014416666666666628 0.029355555555555572
0 0.52915 0.5559555555555555 0.019333333333333372 0.027622222222222173
0 0.975 0.5566666666666666 0.03333333333333333 0.05555555555555555
0 0.49774999999999997 0.5577111111111112 0.015733333333333425 0.02762222222222224
0 0.9116666666666666 0.5588888888888889 0.03166666666666667 0.04888888888888889
0 0.9433333333333334 0.5588888888888889 0.03166666666666667 0.05333333333333334
0 0.48116666666666663 0.5594666666666667 0.014750000000000037 0.024977777777777797
0 0.8483333333333334 0.5622222222222222 0.03 0.05555555555555555
0 0.29718333333333335 0.5655111111111111 0.017583333333333354 0.03742222222222217
0 0.34668333333333334 0.5657777777777777 0.017166666666666684 0.03902222222222223
0 0.27873333333333333 0.5668666666666666 0.017600000000000005 0.036888888888888874
0 0.31401666666666667 0.5668666666666666 0.01678333333333332 0.03260000000000004
0 0.24828333333333333 0.5679333333333333 0.01600000000000004 0.035822222222222234
0 0.3965833333333333 0.5679333333333333 0.012749999999999963 0.035822222222222234
0 0.2633166666666667 0.5684666666666667 0.014799999999999992 0.033666666666666616
0 0.33065 0.5684666666666667 0.015566666666666625 0.034733333333333324
0 0.23285 0.5690000000000001 0.013999999999999962 0.034733333333333324
0 0.21781666666666666 0.5692666666666667 0.01361666666666667 0.03742222222222223
0 0.38155 0.5698000000000001 0.016350000000000003 0.03528888888888888
0 0.3647166666666667 0.5700666666666666 0.01796666666666662 0.036888888888888936
0 0.15341666666666667 0.5710666666666667 0.014100000000000014 0.03435555555555558
0 0.1387 0.5714222222222222 0.011999999999999981 0.033644444444444414
0 0.12518333333333334 0.5722666666666666 0.01276666666666666 0.033955555555555496
0 0.09755 0.5724444444444445 0.011666666666666667 0.03279999999999998
0 0.16788333333333333 0.5735111111111111 0.012516666666666652 0.03224444444444442
0 0.11098333333333334 0.5737111111111112 0.010533333333333322 0.032288888888888825
0 0.18181666666666668 0.5738666666666666 0.013033333333333322 0.03435555555555558
0 0.1931166666666667 0.5738666666666666 0.010400000000000015 0.031555555555555594
0 0.7276 0.5962222222222222 0.02884999999999991 0.04891111111111109
0 0.7557666666666666 0.5962222222222222 0.02625 0.051666666666666666
0 0.6339333333333333 0.5970222222222222 0.026433333333333357 0.05077777777777783
0 0.6771166666666666 0.5987777777777777 0.023933333333333355 0.04431111111111123
0 0.6567 0.5988888888888889 0.019916666666666742 0.04582222222222223
0 0.5879666666666666 0.5992 0.02180000000000007 0.0414888888888888
0 0.6107166666666667 0.5995111111111111 0.02178333333333342 0.04460000000000011
0 0.7032166666666667 0.6 0.03220000000000008 0.04857777777777781
0 0.48129999999999995 0.6006666666666667 0.01899999999999996 0.04339999999999994
0 0.5443166666666667 0.6007333333333333 0.02088333333333329 0.04582222222222223
0 0.5229499999999999 0.6010444444444445 0.02181666666666672 0.04520000000000007
0 0.46041666666666664 0.601488888888889 0.021466666666666658 0.04339999999999994
0 0.39558333333333334 0.6032 0.010733333333333329 0.03259999999999991
0 0.31381666666666663 0.6037333333333333 0.015583333333333371 0.037955555555555645
0 0.5000166666666667 0.6037333333333333 0.02021666666666666 0.04135555555555558
0 0.2959833333333333 0.604 0.018400000000000034 0.038488888888889
0 0.38295 0.6045333333333334 0.015149999999999959 0.03419999999999997
0 0.26189999999999997 0.6048 0.015200000000000007 0.040088888888888806
0 0.3464833333333333 0.6048 0.0175666666666667 0.035822222222222234
0 0.3647166666666667 0.6050666666666666 0.01796666666666662 0.03419999999999997
0 0.2464833333333333 0.6055999999999999 0.01719999999999999 0.040622222222222164
0 0.27813333333333334 0.6055999999999999 0.01800000000000002 0.039555555555555455
0 0.2172166666666667 0.6061555555555556 0.014816666666666645 0.03419999999999997
0 0.32925000000000004 0.6061555555555556 0.01596666666666664 0.03528888888888888
0 0.5654333333333333 0.6069333333333333 0.02134999999999991 0.037155555555555615
0 0.0968 0.607 0.011666666666666667 0.036333333333333384
0 0.11023333333333334 0.6075111111111111 0.013549999999999993 0.03531111111111108
0 0.16656666666666667 0.6078666666666667 0.013033333333333322 0.033644444444444414
0 0.23165000000000002 0.6080222222222222 0.01721666666666664 0.036888888888888936
0 0.13818333333333332 0.6082222222222222 0.014100000000000014 0.03295555555555565
0 0.15236666666666668 0.6089333333333333 0.01094999999999999 0.035755555555555624
0 0.18101666666666666 0.6092888888888889 0.013566666666666692 0.03224444444444442
0 0.12535 0.6092888888888889 0.013050000000000022 0.03224444444444442
0 0.9433333333333334 0.61 0.03166666666666667 0.057777777777777775
0 0.19206666666666666 0.610688888888889 0.011450000000000007 0.029444444444444443
0 0.9133333333333333 0.6111111111111112 0.028333333333333332 0.05333333333333334
0 0.9775 0.6122222222222222 0.03333333333333333 0.05333333333333334
0 0.8816666666666667 0.6133333333333333 0.03 0.05333333333333334
0 0.8508333333333333 0.6166666666666667 0.03166666666666667 0.05333333333333334
0 0.52305 0.6364888888888889 0.022666666666666703 0.027422222222222292
0 0.49925 0.6379111111111111 0.020533333333333417 0.03028888888888888
0 0.4789833333333333 0.6422222222222222 0.019316666666666718 0.04217777777777782
0 0.6789833333333333 0.6428444444444443 0.02270000000000001 0.047066666666666555
0 0.6358 0.6450222222222222 0.026416666666666703 0.04520000000000007
0 0.45965000000000006 0.6450888888888889 0.019933333333333393 0.045444444444444544
0 0.5888833333333333 0.6453333333333333 0.02365000000000009 0.05077777777777783
0 0.6576166666666666 0.6453333333333333 0.019916666666666742 0.04582222222222223
0 0.7296666666666667 0.645488888888889 0.024716666666666734 0.04960000000000011
0 0.6107166666666667 0.6456444444444445 0.02178333333333342 0.04768888888888897
0 0.5426833333333334 0.6459555555555556 0.02134999999999991 0.040866666666666634
0 0.7049333333333333 0.6463111111111111 0.026016666666666688 0.04766666666666677
0 0.7568 0.6482444444444444 0.025216666666666658 0.04408888888888896
0 0.5654333333333333 0.6490444444444444 0.02134999999999991 0.043355555555555536
0 0.17786666666666667 0.6492444444444445 0.0125 0.025244444444444476
0 0.16105 0.6506444444444445 0.013566666666666644 0.033644444444444414
0 0.19021666666666667 0.6513555555555556 0.008816666666666653 0.023844444444444484
0 0.14711666666666667 0.6516888888888889 0.013050000000000022 0.031555555555555656
0 0.3944166666666667 0.6549111111111111 0.013649999999999995 0.03666666666666667
0 0.1182 0.6551999999999999 0.013050000000000022 0.03435555555555564
0 0.3771333333333333 0.6554444444444444 0.01601666666666669 0.040866666666666634
0 0.22998333333333335 0.6559555555555556 0.015649999999999976 0.039822222222222134
0 0.3610166666666667 0.6559555555555556 0.017583333333333354 0.040866666666666634
0 0.21368333333333334 0.6562222222222223 0.015266666666666685 0.04244444444444449
0 0.34313333333333335 0.6562222222222223 0.01876666666666665 0.038244444444444525
0 0.13238333333333335 0.6576666666666666 0.013050000000000022 0.025244444444444476
0 0.2451 0.6577999999999999 0.01603333333333334 0.04244444444444449
0 0.04223333333333333 0.6587111111111111 0.011499999999999998 0.028755555555555676
0 0.32585 0.6588444444444445 0.015633333333333325 0.040333333333333284
0 0.09296666666666667 0.6590666666666666 0.014116666666666665 0.028044444444444455
0 0.2914833333333333 0.6591111111111112 0.018400000000000034 0.04295555555555565
0 0.30856666666666666 0.6591111111111112 0.015649999999999976 0.040866666666666634
0 0.0672 0.6597555555555555 0.010966666666666664 0.028044444444444455
0 0.05458333333333333 0.6601111111111111 0.01098333333333334 0.028755555555555676
0 0.07981666666666666 0.6604666666666666 0.010966666666666664 0.026644444444444464
0 0.27536666666666665 0.6617333333333333 0.013683333333333299 0.048200000000000125
0 0.8833333333333333 0.6644444444444444 0.028333333333333332 0.057777777777777775
0 0.9466666666666667 0.6666666666666666 0.03 0.06222222222222222
0 0.9791666666666666 0.6666666666666666 0.03166666666666667 0.05333333333333334
0 0.8541666666666666 0.6677777777777778 0.03166666666666667 0.051111111111111114
0 0.9141666666666667 0.6677777777777778 0.03333333333333333 0.057777777777777775
0 0.2608166666666667 0.6737777777777777 0.014466666666666678 0.03457777777777766
0 0.18655000000000002 0.6797333333333333 0.01198333333333333 0.02453333333333325
0 0.17418333333333333 0.6811555555555555 0.011450000000000007 0.02173333333333327
0 0.47883333333333333 0.689911111111111 0.018383333333333286 0.040955555555555447
0 0.46071666666666666 0.6903333333333332 0.020849999999999983 0.04339999999999994
0 0.15919999999999998 0.6920222222222223 0.014100000000000014 0.03786666666666658
0 0.5661333333333334 0.6927111111111112 0.02088333333333329 0.04520000000000007
0 0.6121166666666666 0.6927111111111112 0.02271666666666666 0.05139999999999999
0 0.14475 0.6927111111111112 0.013566666666666644 0.040666666666666566
0 0.6594833333333333 0.6933333333333334 0.01898333333333331 0.048933333333333294
0 0.5457000000000001 0.6936444444444444 0.02088333333333329 0.04211111111111121
0 0.7035833333333333 0.6937111111111112 0.027316666666666645 0.0509777777777779
0 0.5898166666666667 0.6939555555555555 0.02273333333333331 0.05015555555555567
0 0.6365 0.6939555555555555 0.029683333333333242 0.04768888888888897
0 0.6803833333333333 0.6939555555555555 0.020833333333333332 0.05139999999999999
0 0.2441333333333333 0.6960444444444445 0.014066666666666663 0.038244444444444525
0 0.7578333333333334 0.6961111111111111 0.030383333333333363 0.050288888888888876
0 0.23038333333333333 0.6963111111111111 0.01328333333333338 0.037733333333333376
0 0.732 0.6964666666666667 0.024199999999999968 0.048222222222222326
0 0.30798333333333333 0.6991777777777778 0.017600000000000005 0.038244444444444525
0 0.3914666666666667 0.6994444444444444 0.015616666666666675 0.050288888888888876
0 0.2914833333333333 0.7020666666666667 0.015249999999999962 0.039822222222222134
0 0.27615 0.7057333333333333 0.01683333333333337 0.038777777777777876
0 0.25905 0.7062666666666666 0.014066666666666663 0.02828888888888893
0 0.15893333333333334 0.7211111111111111 0.013566666666666692 0.02173333333333327
0 0.24314999999999998 0.7337777777777778 0.014466666666666678 0.03615555555555552
0 0.25925000000000004 0.7348222222222223 0.015249999999999962 0.027777777777777776
0 0.39365 0.7402666666666666 0.014166666666666666 0.030888888888888837
0 0.37911666666666666 0.7405999999999999 0.011699999999999969 0.031533333333333455
0 0.5677666666666668 0.7459777777777777 0.025049999999999954 0.048933333333333294
0 0.5873666666666667 0.751 0.014716666666666735 0.05020000000000007
0 0.6063 0.7540222222222223 0.021316666666666605 0.05139999999999999
0 0.6276666666666667 0.7540222222222223 0.024100000000000062 0.05139999999999999
0 0.67645 0.7571111111111111 0.025966666666666735 0.06006666666666661
0 0.7031499999999999 0.7574222222222222 0.027349999999999947 0.055733333333333426
0 0.6525333333333333 0.7577333333333334 0.02273333333333331 0.05388888888888889
0 0.7338 0.7592888888888889 0.026416666666666703 0.05822222222222232
0 0.5707833333333334 0.798 0.019016666666666612 0.04768888888888897
0 0.6055666666666666 0.7995333333333334 0.02100000000000004 0.037644444444444564
0 0.6279833333333333 0.7995333333333334 0.02191666666666663 0.039333333333333435
0 0.6781833333333334 0.8001777777777778 0.023166666666666627 0.030533333333333353
0 0.6535666666666666 0.8033111111111111 0.024733333333333385 0.03682222222222233