0 0.19583333333333333 0.29376854599406527 0.07833333333333334 0.2433234421364985
0 0.19 0.5385756676557863 0.07333333333333333 0.24629080118694363
0 0.275 0.28041543026706234 0.07666666666666666 0.2522255192878338
0 0.3575 0.23887240356083086 0.09333333333333334 0.2878338278931751
0 0.46 0.18991097922848665 0.095 0.3026706231454006
0 0.5741666666666667 0.15578635014836795 0.11333333333333333 0.3026706231454006
0 0.705 0.14094955489614244 0.13166666666666665 0.27596439169139464
0 0.7108333333333333 0.4658753709198813 0.145 0.3560830860534125
0 0.7116666666666667 0.8204747774480712 0.14666666666666667 0.34421364985163205
0 0.8866666666666667 0.8189910979228486 0.17 0.3560830860534125
0 0.5666666666666667 0.827893175074184 0.11833333333333333 0.3293768545994065
0 0.5691666666666667 0.486646884272997 0.12 0.34124629080118696
0 0.45166666666666666 0.4970326409495549 0.09666666666666666 0.32047477744807124
0 0.4483333333333333 0.8308605341246291 0.11166666666666666 0.3323442136498516
0 0.3516666666666667 0.5237388724035609 0.09166666666666666 0.2818991097922849
0 0.2675 0.5356083086053413 0.07666666666666666 0.24925816023738873
0 0.3466666666666667 0.8338278931750742 0.095 0.3264094955489614
0 0.26416666666666666 0.8204747774480712 0.07333333333333333 0.3026706231454006
0 0.1875 0.8189910979228486 0.075 0.2878338278931751