0 0.5589333333333334 0.40421364985163205 0.0673 0.13824925816023736
0 0.6142500000000001 0.48635014836795254 0.042099999999999985 0.09857566765578626
0 0.6641166666666667 0.4882789317507419 0.036949999999999934 0.09468842729970334
0 0.6936166666666667 0.49605341246290796 0.026016666666666688 0.08430267062314548
0 0.7154666666666666 0.49605341246290796 0.027466666666666698 0.08430267062314548
0 0.81345 0.4973590504451039 0.041299999999999955 0.10765578635014829
0 0.77375 0.5032047477744808 0.05078333333333338 0.09596439169139459
0 0.49 0.5192878338278932 0.06166666666666667 0.12462908011869436
0 0.37666666666666665 0.5274480712166172 0.05386666666666665 0.10219584569732937
0 0.5395166666666666 0.531186943620178 0.04031666666666676 0.13074183976261128
0 0.5762333333333334 0.532700296735905 0.04113333333333325 0.12771513353115732
0 0.43446666666666667 0.5402077151335312 0.04794999999999997 0.08866468842729969
0 0.6160333333333333 0.5729673590504452 0.035299999999999915 0.07459940652818987
0 0.6543 0.5751632047477745 0.040600000000000025 0.08430267062314548
0 0.6929166666666666 0.5836201780415431 0.031883333333333326 0.07002967359050452
0 0.7708333333333334 0.5862017804154303 0.03476666666666669 0.09596439169139476
0 0.7267833333333333 0.5920474777448071 0.029683333333333242 0.07133531157270036
0 0.7967 0.5933234421364985 0.028199999999999933 0.07652818991097929
0 0.7479 0.5939762611275964 0.02240000000000009 0.07002967359050452
0 0.8261833333333333 0.5946290801186943 0.03183333333333337 0.09468842729970334
0 0.46163333333333334 0.713293768545994 0.06226666666666669 0.16468842729970326
0 0.5150833333333333 0.713293768545994 0.058649999999999904 0.16041543026706223
0 0.5667166666666666 0.7143620178041543 0.04661666666666671 0.15827893175074192
0 0.8533499999999999 0.7211572700296736 0.04990000000000009 0.11121661721068246
0 0.2948 0.7243026706231455 0.062333333333333296 0.15629080118694366
0 0.7547333333333333 0.7588427299703264 0.03523333333333331 0.09014836795252233
0 0.7412333333333333 0.8475074183976261 0.030166666666666706 0.1172106824925816
0 0.7663833333333333 0.8519584569732938 0.027366666666666598 0.1111572700296737
0 0.7100166666666666 0.8685459940652819 0.03356666666666664 0.09317507418397619
0 0.6123666666666667 0.8726409495548961 0.04419999999999997 0.1326112759643915
0 0.5679166666666666 0.8758456973293769 0.04901666666666661 0.14329376854599396
0 0.6707666666666666 0.8768249258160238 0.04455000000000003 0.07664688427299715
0 0.46103333333333335 0.8790504451038575 0.05386666666666675 0.15827893175074192
0 0.5162833333333333 0.8790504451038575 0.05143333333333336 0.1540059347181008
0 0.3002833333333333 0.8948367952522255 0.056433333333333356 0.18183976261127588