0 0.6591666666666667 0.3264094955489614 0.055 0.16023738872403562
0 0.5983333333333334 0.34421364985163205 0.056666666666666664 0.14540059347181009
0 0.5391666666666667 0.36795252225519287 0.051666666666666666 0.1513353115727003
0 0.485 0.3916913946587537 0.05333333333333334 0.1394658753709199
0 0.43166666666666664 0.4050445103857567 0.04666666666666667 0.12759643916913946
0 0.37666666666666665 0.42136498516320475 0.05333333333333334 0.13056379821958458
0 0.32666666666666666 0.4332344213649852 0.04666666666666667 0.13353115727002968
0 0.9404666666666667 0.4397032640949555 0.07985000000000014 0.14566765578635021
0 0.275 0.44807121661721067 0.04833333333333333 0.12759643916913946
0 0.22666666666666666 0.45548961424332346 0.04666666666666667 0.12462908011869436
0 0.18 0.47477744807121663 0.041666666666666664 0.12166172106824925
0 0.13833333333333334 0.4807121661721068 0.043333333333333335 0.11869436201780416
0 0.09833333333333333 0.5 0.03 0.11869436201780416
0 0.0625 0.5118694362017804 0.035 0.12166172106824925
0 0.5408333333333334 0.5133531157270029 0.051666666666666666 0.13649851632047477
0 0.024166666666666666 0.5178041543026706 0.04 0.11275964391691394
0 0.48583333333333334 0.5341246290801187 0.051666666666666666 0.142433234421365
0 0.43166666666666664 0.5400593471810089 0.051666666666666666 0.1394658753709199
0 0.37416666666666665 0.5578635014836796 0.055 0.13353115727002968
0 0.32 0.5652818991097923 0.04833333333333333 0.12759643916913946
0 0.27166666666666667 0.5756676557863502 0.04666666666666667 0.11869436201780416
0 0.22333333333333333 0.5830860534124629 0.045 0.13353115727002968
0 0.17583333333333334 0.5934718100890207 0.04666666666666667 0.13056379821958458
0 0.9594 0.5961721068249258 0.07833333333333334 0.15106824925816031
0 0.1275 0.6068249258160238 0.045 0.12759643916913946
0 0.08916666666666667 0.6246290801186943 0.03333333333333333 0.12166172106824925
0 0.04666666666666667 0.6350148367952523 0.03833333333333333 0.12166172106824925
0 0.019166666666666665 0.6394658753709199 0.03333333333333333 0.12462908011869436
0 0.4875 0.6691394658753709 0.05333333333333334 0.13353115727002968
0 0.43166666666666664 0.6795252225519288 0.058333333333333334 0.13649851632047477
0 0.37416666666666665 0.6899109792284867 0.055 0.12759643916913946
0 0.31916666666666665 0.6988130563798219 0.04666666666666667 0.13649851632047477
0 0.2683333333333333 0.7062314540059347 0.056666666666666664 0.13649851632047477
0 0.21583333333333332 0.7195845697329377 0.04666666666666667 0.13056379821958458
0 0.17083333333333334 0.7270029673590505 0.043333333333333335 0.1394658753709199
0 0.12416666666666666 0.7329376854599406 0.04666666666666667 0.12759643916913946
0 0.07833333333333334 0.7462908011869436 0.03666666666666667 0.11869436201780416
0 0.04 0.7581602373887241 0.035 0.11275964391691394
0 0.010833333333333334 0.7655786350148368 0.021666666666666667 0.12462908011869436
0 0.9175 0.9094955489614244 0.095 0.17507418397626112
0 0.54585 0.9370029673590504 0.06333333333333334 0.12596439169139478
0 0.6125 0.9406528189910979 0.065 0.11275964391691394
0 0.4875 0.9421364985163204 0.06166666666666667 0.10979228486646884
0 0.42583333333333334 0.9436201780415431 0.06166666666666667 0.10682492581602374
0 0.24916666666666668 0.9495548961424333 0.056666666666666664 0.0830860534124629
0 0.30833333333333335 0.9495548961424333 0.056666666666666664 0.08902077151335312
0 0.36666666666666664 0.9495548961424333 0.056666666666666664 0.09495548961424333
0 0.19288333333333332 0.9589910979228486 0.04831666666666666 0.07821958456973298
0 0.09583333333333334 0.9599406528189911 0.051666666666666666 0.07418397626112759
0 0.14083333333333334 0.9629080118694362 0.055 0.06824925816023739
0 0.049166666666666664 0.9658753709198813 0.055 0.06231454005934718
0 0.9291 0.2913353115727003 0.08743333333333339 0.1402670623145401