0 0.5983333333333334 0.3724035608308605 0.06333333333333334 0.1572700296735905
0 0.15916666666666668 0.37388724035608306 0.07333333333333333 0.16913946587537093
0 0.023333333333333334 0.37537091988130566 0.041666666666666664 0.18694362017804153
0 0.5366666666666666 0.3768545994065282 0.056666666666666664 0.14836795252225518
0 0.245 0.38130563798219586 0.06333333333333334 0.18100890207715134
0 0.08166666666666667 0.38427299703264095 0.075 0.18694362017804153
0 0.31166666666666665 0.38724035608308605 0.065 0.17507418397626112
0 0.37833333333333335 0.3887240356083086 0.065 0.1632047477744807
0 0.4913166666666667 0.451839762611276 0.04819999999999993 0.12679525222551935
0 0.43416666666666665 0.4658753709198813 0.045 0.11572700296735905
0 0.5983333333333334 0.5341246290801187 0.06 0.1572700296735905
0 0.5375 0.5356083086053413 0.051666666666666666 0.14836795252225518
0 0.37833333333333335 0.5534124629080118 0.06333333333333334 0.1632047477744807
0 0.15833333333333333 0.5563798219584569 0.06833333333333333 0.17507418397626112
0 0.24583333333333332 0.5578635014836796 0.06166666666666667 0.1661721068249258
0 0.31166666666666665 0.5578635014836796 0.06333333333333334 0.1543026706231454
0 0.08333333333333333 0.5652818991097923 0.07833333333333334 0.17507418397626112
0 0.021666666666666667 0.56973293768546 0.04 0.18991097922848665
0 0.485 0.5845697329376854 0.05333333333333334 0.12759643916913946
0 0.435 0.586053412462908 0.043333333333333335 0.12166172106824925
0 0.5991666666666666 0.6988130563798219 0.06166666666666667 0.17210682492581603
0 0.54 0.7032640949554896 0.055 0.17804154302670624
0 0.38 0.7225519287833828 0.06833333333333333 0.1632047477744807
0 0.4866666666666667 0.7225519287833828 0.04666666666666667 0.14540059347181009
0 0.43833333333333335 0.7255192878338279 0.04833333333333333 0.142433234421365
0 0.3125 0.7270029673590505 0.06666666666666667 0.17507418397626112
0 0.245 0.7344213649851632 0.06166666666666667 0.17507418397626112
0 0.15666666666666668 0.7403560830860534 0.058333333333333334 0.17804154302670624
0 0.08166666666666667 0.7492581602373887 0.08833333333333333 0.18991097922848665
0 0.020833333333333332 0.7611275964391692 0.03666666666666667 0.18100890207715134