0 0.06166666666666667 0.3545994065281899 0.065 0.17507418397626112
0 0.05416666666666667 0.5341246290801187 0.075 0.16913946587537093
0 0.05 0.7136498516320475 0.07666666666666666 0.1632047477744807
0 0.1275 0.7032640949554896 0.07 0.16913946587537093
0 0.20166666666666666 0.6958456973293768 0.07166666666666667 0.1661721068249258
0 0.205 0.5341246290801187 0.06833333333333333 0.1543026706231454
0 0.20666666666666667 0.37537091988130566 0.06666666666666667 0.1543026706231454
0 0.1325 0.3798219584569733 0.07333333333333333 0.14836795252225518
0 0.1325 0.5311572700296736 0.07333333333333333 0.1632047477744807
0 0.27666666666666667 0.327893175074184 0.06666666666666667 0.1543026706231454
0 0.2758333333333333 0.49258160237388726 0.07 0.17210682492581603
0 0.2783333333333333 0.6780415430267063 0.07333333333333333 0.18991097922848665
0 0.35083333333333333 0.4940652818991098 0.07 0.16913946587537093
0 0.3541666666666667 0.6676557863501483 0.07166666666666667 0.18100890207715134
0 0.3475 0.3264094955489614 0.07166666666666667 0.1632047477744807
0 0.48583333333333334 0.29673590504451036 0.075 0.16023738872403562
0 0.555 0.2952522255192878 0.06333333333333334 0.1572700296735905
0 0.415 0.30118694362017806 0.06666666666666667 0.1632047477744807
0 0.4225 0.4807121661721068 0.06833333333333333 0.17804154302670624
0 0.49166666666666664 0.4658753709198813 0.08 0.18694362017804153
0 0.5666666666666667 0.4599406528189911 0.06833333333333333 0.16913946587537093
0 0.58 0.6364985163204748 0.07666666666666666 0.18397626112759644
0 0.5041666666666667 0.6498516320474778 0.07833333333333334 0.16913946587537093
0 0.43 0.658753709198813 0.07833333333333334 0.17804154302670624