0 0.17416666666666666 0.3456973293768546 0.09 0.3353115727002967
0 0.5783333333333334 0.36350148367952523 0.16166666666666665 0.44807121661721067
0 0.27666666666666667 0.3664688427299703 0.13166666666666665 0.3768545994065282
0 0.42 0.37388724035608306 0.14833333333333334 0.40059347181008903
0 0.19416666666666665 0.6735905044510386 0.08333333333333333 0.32047477744807124
0 0.11335 0.6905934718100891 0.07713333333333333 0.3776557863501484
0 0.2866666666666667 0.7329376854599406 0.12333333333333334 0.34124629080118696
0 0.42333333333333334 0.7655786350148368 0.14 0.3649851632047478
0 0.7495833333333334 0.7832344213649851 0.16475000000000004 0.4335014836795253
0 0.575 0.7908011869436202 0.15333333333333332 0.3916913946587537
0 0.8836666666666667 0.7971513353115727 0.11168333333333332 0.36418397626112764