0 0.32 0.3086053412462908 0.04 0.1543026706231454
0 0.3591666666666667 0.3086053412462908 0.065 0.1513353115727003
0 0.2791666666666667 0.327893175074184 0.05 0.13649851632047477
0 0.24083333333333334 0.3293768545994065 0.03666666666666667 0.13353115727002968
0 0.20666666666666667 0.34124629080118696 0.05 0.13056379821958458
0 0.7213333333333334 0.048783382789317514 0.10924999999999993 0.09756676557863503
0 0.175 0.5608308605341247 0.043333333333333335 0.16913946587537093
0 0.21333333333333335 0.5712166172106825 0.03333333333333333 0.17210682492581603
0 0.26166666666666666 0.5741839762611276 0.05333333333333334 0.17507418397626112
0 0.3233333333333333 0.5875370919881305 0.055 0.2195845697329377
0 0.37666666666666665 0.5949554896142433 0.04666666666666667 0.22255192878338279
0 0.43 0.6008902077151336 0.056666666666666664 0.2522255192878338
0 0.8991666666666667 0.6023738872403561 0.12 0.3887240356083086
0 0.7791666666666667 0.6142433234421365 0.115 0.34718100890207715
0 0.49666666666666665 0.615727002967359 0.08166666666666667 0.27002967359050445
0 0.58 0.6172106824925816 0.08833333333333333 0.2789317507418398
0 0.6675 0.6201780415430267 0.11333333333333333 0.3056379821958457
0 0.2725 0.642433234421365 0.043333333333333335 0.1513353115727003
0 0.6304333333333333 0.06985163204747774 0.07441666666666663 0.13967359050445105
0 0.14166666666666666 0.7314540059347181 0.043333333333333335 0.1572700296735905
0 0.185 0.7477744807121661 0.041666666666666664 0.17210682492581603
0 0.225 0.7611275964391692 0.03333333333333333 0.17507418397626112
0 0.29833333333333334 0.787833827893175 0.055 0.20771513353115728
0 0.24583333333333332 0.814540059347181 0.04833333333333333 0.1572700296735905
0 0.345 0.8264094955489614 0.06 0.2314540059347181
0 0.4058333333333333 0.8486646884272997 0.06666666666666667 0.2403560830860534
0 0.47583333333333333 0.8679525222551929 0.07166666666666667 0.24925816023738873
0 0.5566666666666666 0.8798219584569733 0.09166666666666666 0.2344213649851632
0 0.6491666666666667 0.8783382789317508 0.10166666666666667 0.23738872403560832
0 0.7458333333333333 0.8931750741839762 0.125 0.20771513353115728
0 0.12166666666666667 0.9035608308605341 0.051666666666666666 0.16023738872403562
0 0.885 0.9020771513353115 0.14333333333333334 0.18991097922848665
0 0.16663333333333333 0.9190504451038577 0.04594999999999999 0.1618694362017803
0 0.5625833333333333 0.09201780415430266 0.060750000000000075 0.15741839762611276
0 0.20583333333333334 0.9287833827893175 0.045 0.13649851632047477
0 0.23416666666666666 0.9480712166172107 0.035 0.09792284866468842
0 0.4941 0.11086053412462908 0.06575000000000007 0.15964391691394655
0 0.4337166666666667 0.12637982195845698 0.05706666666666668 0.16406528189910977
0 0.37955 0.14299703264094954 0.040900000000000034 0.17071216617210683
0 0.33916666666666667 0.14540059347181009 0.03833333333333333 0.17210682492581603
0 0.9410833333333333 0.1551928783382789 0.10290000000000002 0.266053412462908
0 0.29833333333333334 0.1632047477744807 0.041666666666666664 0.16913946587537093
0 0.2633333333333333 0.17804154302670624 0.03833333333333333 0.14540059347181009
0 0.22833333333333333 0.19287833827893175 0.041666666666666664 0.1394658753709199
0 0.8266666666666667 0.19881305637982197 0.10833333333333334 0.22255192878338279
0 0.7116666666666667 0.22106824925816024 0.10833333333333334 0.2195845697329377
0 0.6116666666666667 0.24629080118694363 0.08666666666666667 0.18991097922848665
0 0.5416666666666666 0.2655786350148368 0.06166666666666667 0.16913946587537093
0 0.4766666666666667 0.27596439169139464 0.06333333333333334 0.1632047477744807
0 0.42083333333333334 0.29376854599406527 0.051666666666666666 0.1661721068249258