0 0.3225 0.5011111111111111 0.05 0.09333333333333334
0 0.025833333333333333 0.5022222222222222 0.04833333333333333 0.1111111111111111
0 0.08583333333333333 0.5055555555555555 0.058333333333333334 0.11777777777777777
0 0.20833333333333334 0.5066666666666667 0.056666666666666664 0.10666666666666667
0 0.43166666666666664 0.5066666666666667 0.04666666666666667 0.09555555555555556
0 0.695 0.5066666666666667 0.04666666666666667 0.08666666666666667
0 0.14833333333333334 0.5066666666666667 0.055 0.10222222222222223
0 0.6433333333333333 0.5077777777777778 0.05 0.09555555555555556
0 0.265 0.5088888888888888 0.05333333333333334 0.10666666666666667
0 0.37916666666666665 0.5111111111111111 0.051666666666666666 0.09777777777777778
0 0.54 0.5111111111111111 0.04833333333333333 0.10222222222222223
0 0.7408333333333333 0.5111111111111111 0.04666666666666667 0.09333333333333334
0 0.48583333333333334 0.5133333333333333 0.045 0.09555555555555556
0 0.7866666666666666 0.52 0.043333333333333335 0.07777777777777778
0 0.8716666666666667 0.5388888888888889 0.03666666666666667 0.07777777777777778
0 0.8308333333333333 0.5422222222222223 0.041666666666666664 0.07777777777777778
0 0.32416666666666666 0.5877777777777777 0.05 0.07111111111111111
0 0.37916666666666665 0.59 0.05 0.06444444444444444
0 0.43083333333333335 0.6022222222222222 0.051666666666666666 0.09333333333333334
0 0.7441666666666666 0.6033333333333334 0.04666666666666667 0.08888888888888889
0 0.6966666666666667 0.6044444444444445 0.04833333333333333 0.09333333333333334
0 0.6458333333333334 0.6055555555555555 0.04666666666666667 0.09333333333333334
0 0.7933333333333333 0.6055555555555555 0.045 0.08666666666666667
0 0.595 0.6077777777777778 0.045 0.09111111111111111
0 0.4866666666666667 0.61 0.04666666666666667 0.09555555555555556
0 0.5416666666666666 0.61 0.04666666666666667 0.09333333333333334
0 0.025833333333333333 0.6111111111111112 0.05 0.10222222222222223
0 0.1475 0.6111111111111112 0.056666666666666664 0.10666666666666667
0 0.08333333333333333 0.6122222222222222 0.06166666666666667 0.09777777777777778
0 0.2075 0.6144444444444445 0.05333333333333334 0.1
0 0.8725 0.6144444444444445 0.041666666666666664 0.07555555555555556
0 0.26416666666666666 0.6155555555555555 0.04833333333333333 0.10888888888888888
0 0.8341666666666666 0.6166666666666667 0.03666666666666667 0.07333333333333333
0 0.7931166666666667 0.7178444444444444 0.04301666666666658 0.08822222222222233
0 0.6932833333333334 0.7186444444444444 0.05028333333333326 0.09304444444444446
0 0.7437999999999999 0.7218444444444444 0.043033333333333416 0.08662222222222227
0 0.4975 0.7244444444444444 0.051666666666666666 0.09777777777777778
0 0.8845333333333334 0.7298666666666667 0.047800000000000106 0.08342222222222215
0 0.2808333333333333 0.7311111111111112 0.056666666666666664 0.10444444444444445
0 0.8370166666666665 0.7346666666666667 0.036983333333333326 0.06737777777777788
0 0.035783333333333334 0.7438666666666667 0.05848333333333334 0.10284444444444438
0 0.22083333333333333 0.7466666666666667 0.058333333333333334 0.09111111111111111
0 0.16083333333333333 0.7477777777777778 0.056666666666666664 0.09333333333333334
0 0.64095 0.7515111111111111 0.04188333333333333 0.07217777777777781
0 0.10333333333333333 0.7566666666666667 0.051666666666666666 0.08888888888888889
0 0.7973166666666667 0.8108666666666666 0.04421666666666662 0.09464444444444452
0 0.8917499999999999 0.8108666666666666 0.047800000000000106 0.08179999999999987
0 0.8448333333333333 0.8180888888888889 0.04540000000000002 0.08982222222222214
0 0.6968833333333333 0.8212888888888888 0.04786666666666671 0.10266666666666677
0 0.7468 0.8212888888888888 0.04424999999999992 0.09624444444444458
0 0.215 0.8255555555555556 0.058333333333333334 0.05555555555555555
0 0.49666666666666665 0.8266666666666667 0.05 0.09555555555555556
0 0.64095 0.8269111111111112 0.03946666666666658 0.07217777777777781
0 0.15583333333333332 0.83 0.058333333333333334 0.04888888888888889
0 0.59945 0.8333333333333334 0.04549999999999992 0.08179999999999987
0 0.33916666666666667 0.8355555555555556 0.04833333333333333 0.10666666666666667
0 0.27666666666666667 0.8366666666666667 0.05333333333333334 0.10222222222222223