0 0.05 0.23222222222222222 0.07833333333333334 0.1111111111111111
0 0.1275 0.23777777777777778 0.06 0.10666666666666667
0 0.19916666666666666 0.2511111111111111 0.06 0.11777777777777777
0 0.26416666666666666 0.26222222222222225 0.06 0.10666666666666667
0 0.3275 0.27111111111111114 0.06 0.10888888888888888
0 0.3883333333333333 0.27666666666666667 0.056666666666666664 0.10666666666666667
0 0.44583333333333336 0.29444444444444445 0.056666666666666664 0.10222222222222223
0 0.5 0.3011111111111111 0.05 0.1
0 0.5525 0.31222222222222223 0.05333333333333334 0.10444444444444445
0 0.6533333333333333 0.3188888888888889 0.05 0.09555555555555556
0 0.6058333333333333 0.3211111111111111 0.051666666666666666 0.08888888888888889
0 0.7016666666666667 0.3388888888888889 0.04666666666666667 0.08444444444444445
0 0.03916666666666667 0.34 0.075 0.10666666666666667
0 0.7933333333333333 0.3488888888888889 0.04666666666666667 0.09555555555555556
0 0.11833333333333333 0.35 0.07 0.12
0 0.7458333333333333 0.3511111111111111 0.041666666666666664 0.08888888888888889
0 0.8358333333333333 0.3611111111111111 0.041666666666666664 0.08666666666666667
0 0.1925 0.3655555555555556 0.06666666666666667 0.1111111111111111
0 0.8783333333333333 0.3655555555555556 0.045 0.08888888888888889
0 0.26166666666666666 0.36777777777777776 0.056666666666666664 0.10444444444444445
0 0.9208333333333333 0.37444444444444447 0.043333333333333335 0.07777777777777778
0 0.3258333333333333 0.37666666666666665 0.065 0.10444444444444445
0 0.3858333333333333 0.38222222222222224 0.058333333333333334 0.11333333333333333
0 0.9591666666666666 0.38222222222222224 0.041666666666666664 0.08
0 0.44583333333333336 0.3988888888888889 0.06333333333333334 0.10444444444444445
0 0.5041666666666667 0.4033333333333333 0.051666666666666666 0.09777777777777778
0 0.555 0.4122222222222222 0.055 0.10444444444444445
0 0.6583333333333333 0.4166666666666667 0.04833333333333333 0.09555555555555556
0 0.6075 0.4177777777777778 0.05 0.1
0 0.7066666666666667 0.43222222222222223 0.05 0.1
0 0.8 0.44 0.04833333333333333 0.09111111111111111
0 0.7541666666666667 0.44333333333333336 0.041666666666666664 0.09333333333333334
0 0.8458333333333333 0.4477777777777778 0.041666666666666664 0.08666666666666667
0 0.8875 0.45444444444444443 0.045 0.08444444444444445
0 0.9283333333333333 0.46 0.04666666666666667 0.08444444444444445
0 0.034166666666666665 0.46444444444444444 0.06833333333333333 0.13555555555555557
0 0.9708333333333333 0.46555555555555556 0.03666666666666667 0.08444444444444445
0 0.115 0.4711111111111111 0.06666666666666667 0.12
0 0.18583333333333332 0.4777777777777778 0.07166666666666667 0.11777777777777777
0 0.25583333333333336 0.48 0.06333333333333334 0.11777777777777777
0 0.32416666666666666 0.4888888888888889 0.06 0.11777777777777777
0 0.38666666666666666 0.49333333333333335 0.06333333333333334 0.11555555555555555
0 0.5033333333333333 0.5033333333333333 0.051666666666666666 0.1111111111111111
0 0.44666666666666666 0.5055555555555555 0.056666666666666664 0.10444444444444445
0 0.5575 0.5155555555555555 0.06166666666666667 0.10888888888888888
0 0.665 0.5155555555555555 0.05 0.10444444444444445
0 0.6141666666666666 0.5188888888888888 0.051666666666666666 0.10222222222222223
0 0.7133333333333334 0.5322222222222223 0.04666666666666667 0.09777777777777778
0 0.76 0.5344444444444445 0.04666666666666667 0.09111111111111111
0 0.8041666666666667 0.5366666666666666 0.04833333333333333 0.09777777777777778
0 0.8533333333333334 0.5377777777777778 0.04666666666666667 0.09777777777777778
0 0.8983333333333333 0.5455555555555556 0.043333333333333335 0.08888888888888889
0 0.9441666666666667 0.55 0.04666666666666667 0.09777777777777778
0 0.9808333333333333 0.5588888888888889 0.035 0.08666666666666667
0 0.18083333333333335 0.5911111111111111 0.06833333333333333 0.11555555555555555
0 0.115 0.5922222222222222 0.06 0.11333333333333333
0 0.25416666666666665 0.5955555555555555 0.065 0.11333333333333333
0 0.3233333333333333 0.5966666666666667 0.06333333333333334 0.10666666666666667
0 0.385 0.6011111111111112 0.06166666666666667 0.10666666666666667
0 0.45 0.6088888888888889 0.058333333333333334 0.1
0 0.5066666666666667 0.6111111111111112 0.058333333333333334 0.1111111111111111
0 0.6175 0.6155555555555555 0.05 0.09333333333333334
0 0.5641666666666667 0.6166666666666667 0.055 0.09555555555555556
0 0.67 0.6177777777777778 0.05 0.1
0 0.7166666666666667 0.6277777777777778 0.051666666666666666 0.08888888888888889
0 0.7683333333333333 0.6288888888888889 0.05 0.09555555555555556
0 0.8183333333333334 0.6333333333333333 0.04666666666666667 0.08888888888888889
0 0.8641666666666666 0.6344444444444445 0.04666666666666667 0.08888888888888889
0 0.9091666666666667 0.6355555555555555 0.043333333333333335 0.09333333333333334
0 0.9866666666666667 0.6411111111111111 0.025 0.08666666666666667
0 0.955 0.6422222222222222 0.04666666666666667 0.08444444444444445
0 0.4266666666666667 0.7511111111111111 0.056666666666666664 0.10666666666666667
0 0.36833333333333335 0.7544444444444445 0.05333333333333334 0.09555555555555556
0 0.49 0.7555555555555555 0.06 0.09555555555555556
0 0.75 0.7566666666666667 0.058333333333333334 0.1111111111111111
0 0.8075 0.7566666666666667 0.055 0.10444444444444445
0 0.5491666666666667 0.7588888888888888 0.04666666666666667 0.09333333333333334
0 0.6966666666666667 0.7611111111111111 0.051666666666666666 0.08666666666666667
0 0.8633333333333333 0.7611111111111111 0.055 0.1
0 0.19916666666666666 0.77 0.04833333333333333 0.11333333333333333
0 0.31333333333333335 0.7755555555555556 0.051666666666666666 0.11777777777777777
0 0.255 0.7788888888888889 0.051666666666666666 0.10222222222222223
0 0.9241666666666667 0.8644444444444445 0.051666666666666666 0.10666666666666667
0 0.5575 0.8666666666666667 0.055 0.12
0 0.66 0.8666666666666667 0.058333333333333334 0.11777777777777777
0 0.7141666666666666 0.8666666666666667 0.04833333333333333 0.11777777777777777
0 0.8183333333333334 0.8666666666666667 0.05333333333333334 0.1111111111111111
0 0.8733333333333333 0.8666666666666667 0.058333333333333334 0.10222222222222223
0 0.9716666666666667 0.8666666666666667 0.043333333333333335 0.09555555555555556
0 0.49583333333333335 0.8677777777777778 0.06666666666666667 0.12444444444444444
0 0.36916666666666664 0.8688888888888889 0.06166666666666667 0.13111111111111112
0 0.7633333333333333 0.8688888888888889 0.058333333333333334 0.10888888888888888
0 0.43 0.87 0.06166666666666667 0.13333333333333333
0 0.30916666666666665 0.8811111111111111 0.05 0.09777777777777778
0 0.61 0.8833333333333333 0.04833333333333333 0.08888888888888889