0 0.4041666666666667 0.45111111111111113 0.06666666666666667 0.13333333333333333
0 0.4691666666666667 0.45444444444444443 0.06333333333333334 0.12444444444444444
0 0.6508333333333334 0.4622222222222222 0.05333333333333334 0.12444444444444444
0 0.5941666666666666 0.4633333333333333 0.055 0.12
0 0.5341666666666667 0.47 0.065 0.12
0 0.6966666666666667 0.47 0.03666666666666667 0.12
0 0.8458333333333333 0.47444444444444445 0.051666666666666666 0.10444444444444445
0 0.8966666666666666 0.4766666666666667 0.05 0.10888888888888888
0 0.9441666666666667 0.47888888888888886 0.04666666666666667 0.10444444444444445
0 0.9833333333333333 0.48 0.03 0.10222222222222223
0 0.29 0.4866666666666667 0.055 0.11555555555555555
0 0.345 0.4866666666666667 0.058333333333333334 0.11333333333333333
0 0.23166666666666666 0.49444444444444446 0.056666666666666664 0.10666666666666667
0 0.16916666666666666 0.4955555555555556 0.06166666666666667 0.10888888888888888
0 0.4675 0.5811111111111111 0.065 0.12222222222222222
0 0.9 0.5811111111111111 0.04666666666666667 0.10444444444444445
0 0.9841666666666666 0.5811111111111111 0.03 0.09777777777777778
0 0.7616666666666667 0.5822222222222222 0.051666666666666666 0.11555555555555555
0 0.945 0.5822222222222222 0.043333333333333335 0.09777777777777778
0 0.405 0.5833333333333334 0.06333333333333334 0.12444444444444444
0 0.5916666666666667 0.5833333333333334 0.056666666666666664 0.11777777777777777
0 0.6958333333333333 0.5833333333333334 0.041666666666666664 0.10666666666666667
0 0.8541666666666666 0.5833333333333334 0.043333333333333335 0.10222222222222223
0 0.5308333333333334 0.5844444444444444 0.065 0.11555555555555555
0 0.6466666666666666 0.5844444444444444 0.051666666666666666 0.11555555555555555
0 0.8125 0.5911111111111111 0.045 0.09555555555555556
0 0.3466666666666667 0.5977777777777777 0.056666666666666664 0.10666666666666667
0 0.28833333333333333 0.6022222222222222 0.058333333333333334 0.1111111111111111
0 0.23 0.6044444444444445 0.055 0.10888888888888888
0 0.17166666666666666 0.6066666666666667 0.058333333333333334 0.10666666666666667
0 0.9375 0.7111111111111111 0.04833333333333333 0.057777777777777775
0 0.9808333333333333 0.7122222222222222 0.03666666666666667 0.05555555555555555
0 0.8891666666666667 0.7177777777777777 0.04833333333333333 0.06444444444444444
0 0.8383333333333334 0.7322222222222222 0.04833333333333333 0.08444444444444445
0 0.7866666666666666 0.7488888888888889 0.04833333333333333 0.10666666666666667
0 0.7341666666666666 0.7622222222222222 0.058333333333333334 0.12222222222222222
0 0.5765833333333333 0.7635555555555557 0.05511666666666675 0.09624444444444433
0 0.4298333333333333 0.7868 0.0623833333333333 0.1524000000000001
0 0.3654833333333333 0.8598 0.049166666666666664 0.10266666666666677
0 0.31256666666666666 0.8654000000000001 0.0588166666666667 0.0914444444444444
0 0.7325 0.8722222222222222 0.06166666666666667 0.10666666666666667
0 0.25421666666666665 0.8758444444444444 0.05523333333333331 0.09624444444444433
0 0.18986666666666668 0.8878666666666667 0.06126666666666668 0.10106666666666671
0 0.13093333333333335 0.8902666666666667 0.046850000000000024 0.11548888888888895
0 0.5699666666666667 0.9039111111111111 0.07314999999999998 0.15880000000000008
0 0.5038166666666667 0.9151333333333334 0.06836666666666663 0.12673333333333328
0 0.42923333333333336 0.9279777777777777 0.0635833333333333 0.12031111111111108
0 0.31333333333333335 0.9566666666666667 0.05333333333333334 0.08222222222222222
0 0.36833333333333335 0.9566666666666667 0.05333333333333334 0.08222222222222222
0 0.2572333333333333 0.9635777777777778 0.056433333333333356 0.07282222222222218
0 0.18833333333333332 0.9677777777777777 0.06 0.06
0 0.13093333333333335 0.9723999999999999 0.058883333333333315 0.05517777777777787