0 0.505 0.4311111111111111 0.08 0.15555555555555556
0 0.35 0.43222222222222223 0.075 0.15333333333333332
0 0.4275 0.44222222222222224 0.075 0.14222222222222222
0 0.27416666666666667 0.4488888888888889 0.06833333333333333 0.14444444444444443
0 0.2 0.4577777777777778 0.06666666666666667 0.13777777777777778
0 0.06166666666666667 0.46555555555555556 0.06333333333333334 0.14222222222222222
0 0.12916666666666668 0.46555555555555556 0.065 0.14444444444444443
0 0.01585 0.47228888888888887 0.030399999999999996 0.1582222222222222
0 0.3383333333333333 0.5944444444444444 0.08 0.16444444444444445
0 0.49833333333333335 0.5944444444444444 0.085 0.15777777777777777
0 0.255 0.5966666666666667 0.07833333333333334 0.14888888888888888
0 0.4175 0.5966666666666667 0.07333333333333333 0.16
0 0.1825 0.5988888888888889 0.06333333333333334 0.15333333333333332
0 0.04083333333333333 0.6077777777777778 0.07 0.13333333333333333
0 0.115 0.61 0.07333333333333333 0.13333333333333333
0 0.025833333333333333 0.7477777777777778 0.051666666666666666 0.14222222222222222
0 0.32416666666666666 0.7488888888888889 0.085 0.14666666666666667
0 0.4083333333333333 0.75 0.07833333333333334 0.14444444444444443
0 0.23833333333333334 0.7511111111111111 0.07666666666666666 0.15555555555555556
0 0.09333333333333334 0.7522222222222222 0.07666666666666666 0.14444444444444443
0 0.165 0.7533333333333333 0.065 0.14888888888888888
0 0.49583333333333335 0.7544444444444445 0.08833333333333333 0.16
0 0.026933333333333333 0.9400444444444443 0.05386666666666667 0.11988888888888899
0 0.23978333333333335 0.9533777777777778 0.05181666666666662 0.09195555555555554
0 0.0825 0.9522222222222222 0.06833333333333333 0.09111111111111111
0 0.16086666666666666 0.956 0.0899 0.08797777777777785