0 0.5333333333333333 0.3288888888888889 0.07833333333333334 0.15333333333333332
0 0.6191666666666666 0.3277777777777778 0.08 0.15777777777777777
0 0.62 0.4922222222222222 0.08666666666666667 0.16666666666666666
0 0.53 0.4922222222222222 0.08333333333333333 0.1622222222222222
0 0.5333333333333333 0.6566666666666666 0.08166666666666667 0.16666666666666666
0 0.62 0.66 0.08333333333333333 0.16444444444444445
0 0.4475 0.33111111111111113 0.07833333333333334 0.15555555555555556
0 0.44916666666666666 0.49444444444444446 0.07333333333333333 0.15777777777777777
0 0.45 0.6577777777777778 0.08 0.16444444444444445
0 0.37666666666666665 0.35555555555555557 0.07 0.15333333333333332
0 0.37083333333333335 0.5066666666666667 0.07666666666666666 0.1511111111111111
0 0.37 0.66 0.07666666666666666 0.15777777777777777
0 0.6791666666666667 0.35 0.043333333333333335 0.15777777777777777
0 0.6833333333333333 0.5088888888888888 0.03833333333333333 0.15777777777777777
0 0.6808333333333333 0.6655555555555556 0.04 0.15555555555555556
0 0.3 0.35888888888888887 0.07833333333333334 0.14444444444444443
0 0.295 0.5077777777777778 0.07666666666666666 0.14444444444444443
0 0.2916666666666667 0.66 0.07833333333333334 0.15555555555555556
0 0.7133333333333334 0.6633333333333333 0.021666666666666667 0.14444444444444443
0 0.03916666666666667 0.38 0.06333333333333334 0.13555555555555557
0 0.0325 0.5144444444444445 0.06 0.13777777777777778
0 0.02666666666666667 0.6555555555555556 0.051666666666666666 0.14
0 0.08583333333333333 0.6555555555555556 0.06166666666666667 0.14888888888888888
0 0.1525 0.6633333333333333 0.06666666666666667 0.14
0 0.21916666666666668 0.6666666666666666 0.06166666666666667 0.13777777777777778
0 0.0925 0.51 0.058333333333333334 0.13555555555555557
0 0.15666666666666668 0.5266666666666666 0.06666666666666667 0.1288888888888889
0 0.2225 0.5288888888888889 0.06333333333333334 0.13555555555555557
0 0.10583333333333333 0.37444444444444447 0.06166666666666667 0.13333333333333333
0 0.165 0.3988888888888889 0.065 0.12444444444444444
0 0.23083333333333333 0.3933333333333333 0.06166666666666667 0.12666666666666668