0 0.42 0.4066666666666667 0.035 0.06
0 0.38416666666666666 0.41444444444444445 0.035 0.06666666666666667
0 0.5583333333333333 0.4588888888888889 0.03 0.06666666666666667
0 0.5258333333333334 0.46111111111111114 0.03333333333333333 0.06666666666666667
0 0.49 0.4633333333333333 0.035 0.06222222222222222
0 0.4558333333333333 0.4666666666666667 0.035 0.06222222222222222
0 0.42 0.4688888888888889 0.03166666666666667 0.06
0 0.3883333333333333 0.47333333333333333 0.03333333333333333 0.05555555555555555
0 0.5633333333333334 0.5244444444444445 0.03333333333333333 0.06444444444444444
0 0.49083333333333334 0.5266666666666666 0.03666666666666667 0.06222222222222222
0 0.5275 0.5266666666666666 0.04 0.06444444444444444
0 0.45666666666666667 0.5277777777777778 0.03666666666666667 0.06888888888888889
0 0.4225 0.5333333333333333 0.03333333333333333 0.06444444444444444
0 0.28386666666666666 0.5345777777777778 0.024083333333333314 0.05037777777777781
0 0.3875 0.5355555555555556 0.035 0.06666666666666667
0 0.25785 0.5359999999999999 0.019099999999999964 0.041822222222222205
0 0.20298333333333338 0.5364888888888889 0.03480000000000002 0.05417777777777777
0 0.23291666666666666 0.5393333333333333 0.02196666666666668 0.05226666666666663
0 0.17686666666666667 0.5402222222222222 0.019399999999999976 0.03737777777777776
0 0.15188333333333331 0.5422666666666667 0.024283333333333323 0.03493333333333339
0 0.126 0.5434888888888889 0.02246666666666665 0.04548888888888895
0 0.04953333333333333 0.5483555555555555 0.024283333333333327 0.04873333333333329
0 0.10253333333333334 0.5759777777777778 0.029149999999999992 0.04711111111111115
0 0.2592833333333333 0.5811555555555555 0.021950000000000025 0.03135555555555559
0 0.2828 0.5816222222222223 0.019099999999999964 0.05131111111111112
0 0.23326666666666668 0.5820888888888889 0.02125 0.042755555555555574
0 0.17411666666666667 0.5840888888888889 0.026099999999999995 0.05199999999999995
0 0.14671666666666666 0.5845111111111111 0.023683333333333348 0.04468888888888892
0 0.20511666666666664 0.5873333333333334 0.03195000000000003 0.039911111111111126
0 0.30738333333333334 0.5887555555555556 0.028349999999999986 0.05417777777777777
0 0.04953333333333333 0.5938444444444445 0.027949999999999992 0.042244444444444425
0 0.07298333333333333 0.5975111111111111 0.026099999999999995 0.047933333333333446
0 0.5633333333333334 0.6088888888888889 0.03166666666666667 0.06
0 0.5308333333333334 0.6155555555555555 0.03333333333333333 0.06222222222222222
0 0.495 0.6166666666666667 0.03666666666666667 0.06222222222222222
0 0.46 0.6244444444444445 0.03166666666666667 0.05333333333333334
0 0.2533166666666667 0.6247111111111111 0.01876666666666665 0.043866666666666686
0 0.23138333333333336 0.6263333333333334 0.018783333333333305 0.042244444444444425
0 0.10313333333333334 0.6263333333333334 0.02913333333333334 0.04873333333333322
0 0.18935 0.6267555555555556 0.02731666666666669 0.05117777777777772
0 0.43 0.6277777777777778 0.03 0.04666666666666667
0 0.059583333333333335 0.6393333333333333 0.02611666666666667 0.05199999999999995
0 0.03551666666666666 0.6401555555555556 0.030383333333333328 0.05037777777777769
0 0.010266666666666667 0.6470444444444445 0.02 0.03346666666666655
0 0.3045333333333333 0.656711111111111 0.032633333333333306 0.07033333333333329
0 0.2585 0.6685777777777778 0.02546666666666662 0.05199999999999995
0 0.15614999999999998 0.6706222222222221 0.03646666666666666 0.06904444444444456
0 0.23199999999999998 0.6718444444444444 0.02 0.042244444444444425
0 0.5675 0.6733333333333333 0.035 0.06
0 0.18905000000000002 0.6763111111111111 0.02426666666666667 0.05442222222222224
0 0.5333333333333333 0.68 0.035 0.06222222222222222
0 0.10221666666666666 0.6803555555555556 0.033399999999999985 0.05279999999999998
0 0.49833333333333335 0.6811111111111111 0.03666666666666667 0.06
0 0.4625 0.6833333333333333 0.03166666666666667 0.06
0 0.032466666666666665 0.6868666666666666 0.030383333333333328 0.05117777777777772
0 0.4275 0.6888888888888889 0.03833333333333333 0.06222222222222222
0 0.06445000000000001 0.6893111111111111 0.023666666666666673 0.047933333333333446
0 0.009166666666666667 0.69 0.018333333333333333 0.04666666666666667
0 0.30675 0.7364444444444443 0.03536666666666671 0.07153333333333345
0 0.5725 0.7366666666666667 0.03333333333333333 0.06
0 0.2685 0.7369555555555556 0.037749999999999964 0.07468888888888892
0 0.23378333333333334 0.7396 0.0361833333333333 0.06944444444444445
0 0.5383333333333333 0.7433333333333333 0.035 0.06222222222222222
0 0.5025 0.7455555555555555 0.035 0.06222222222222222
0 0.19906666666666667 0.7464222222222222 0.033049999999999975 0.07048888888888895
0 0.4675 0.7488888888888889 0.035 0.06444444444444444
0 0.17028333333333334 0.7506444444444444 0.030683333333333326 0.07048888888888895
0 0.4275 0.7522222222222222 0.04 0.06666666666666667
0 0.1328 0.7532666666666668 0.04096666666666664 0.06944444444444445
0 0.09611666666666667 0.758 0.032299999999999995 0.07048888888888895
0 0.06061666666666666 0.7611555555555555 0.04020000000000001 0.06628888888888898
0 0.021966666666666666 0.7753555555555556 0.03548333333333333 0.05891111111111109
0 0.5733333333333334 0.8055555555555556 0.03833333333333333 0.07111111111111111
0 0.30755 0.8064 0.035366666666666616 0.062066666666666555
0 0.5391666666666667 0.8077777777777778 0.03666666666666667 0.07333333333333333
0 0.2708666666666667 0.8079777777777777 0.034599999999999985 0.0715333333333332
0 0.5008333333333334 0.81 0.03833333333333333 0.06888888888888889
0 0.23575 0.8111333333333333 0.035400000000000015 0.06733333333333323
0 0.4658333333333333 0.8155555555555556 0.03333333333333333 0.06888888888888889
0 0.1986833333333333 0.8158666666666666 0.033833333333333326 0.06837777777777773
0 0.43083333333333335 0.8177777777777778 0.04 0.06666666666666667
0 0.16751666666666667 0.8190222222222222 0.02675000000000002 0.07048888888888895
0 0.13201666666666664 0.8237555555555556 0.044116666666666665 0.06522222222222228
0 0.09493333333333333 0.8316444444444445 0.031499999999999986 0.06837777777777773
0 0.05943333333333333 0.8326888888888888 0.03783333333333334 0.07048888888888895
0 0.022366666666666667 0.8432222222222222 0.03311666666666667 0.06837777777777773
0 0.30755 0.8800444444444444 0.040100000000000004 0.07048888888888895
0 0.26890000000000003 0.8805555555555555 0.032233333333333294 0.07153333333333345
0 0.23536666666666667 0.8863555555555556 0.039350000000000024 0.07048888888888895
0 0.19828333333333334 0.886888888888889 0.033049999999999975 0.06313333333333326
0 0.16673333333333334 0.889511111111111 0.025166666666666657 0.062066666666666555
0 0.13043333333333335 0.8942444444444445 0.039383333333333326 0.06944444444444445
0 0.05706666666666667 0.9021333333333333 0.03783333333333334 0.06628888888888898
0 0.09493333333333333 0.9021333333333333 0.033083333333333347 0.06837777777777773
0 0.02315 0.9094888888888889 0.036266666666666676 0.059977777777777797
0 0.31334999999999996 0.9647333333333333 0.03251666666666665 0.06695555555555555
0 0.27363333333333334 0.9655111111111111 0.04188333333333333 0.05917777777777777
0 0.19333333333333333 0.97 0.03666666666666667 0.05555555555555555
0 0.23166666666666666 0.97 0.043333333333333335 0.05555555555555555
0 0.1575 0.9733333333333334 0.03833333333333333 0.04888888888888889
0 0.08166666666666667 0.9755555555555555 0.03666666666666667 0.044444444444444446
0 0.11916666666666667 0.9755555555555555 0.03833333333333333 0.044444444444444446
0 0.020833333333333332 0.9788888888888889 0.041666666666666664 0.03777777777777778