0 0.8466666666666667 0.4266666666666667 0.09777777777777778 0.095
0 0.8344444444444444 0.5183333333333333 0.09111111111111111 0.1
0 0.73 0.41833333333333333 0.08222222222222222 0.09833333333333333
0 0.7233333333333334 0.515 0.08 0.08833333333333333
0 0.4922222222222222 0.09583333333333334 0.07777777777777778 0.09333333333333334
0 0.5788888888888889 0.09083333333333334 0.07777777777777778 0.09333333333333334
0 0.6955555555555556 0.0875 0.08222222222222222 0.095
0 0.7877777777777778 0.08666666666666667 0.08 0.09666666666666666
0 0.8855555555555555 0.08333333333333333 0.09777777777777778 0.10333333333333333
0 0.5933333333333334 0.64 0.07777777777777778 0.09666666666666666
0 0.5777777777777777 0.7233333333333334 0.08 0.085
0 0.6244444444444445 0.41333333333333333 0.08444444444444445 0.09833333333333333
0 0.6144444444444445 0.5033333333333333 0.08222222222222222 0.08666666666666667
0 0.3844444444444444 0.3983333333333333 0.07333333333333333 0.08833333333333333
0 0.3788888888888889 0.4816666666666667 0.06888888888888889 0.085
0 0.45222222222222225 0.4891666666666667 0.07555555555555556 0.085
0 0.5322222222222223 0.4975 0.07555555555555556 0.085
0 0.46 0.4008333333333333 0.07111111111111111 0.08833333333333333
0 0.5388888888888889 0.4083333333333333 0.07777777777777778 0.09
0 0.4288888888888889 0.6175 0.06888888888888889 0.09166666666666666
0 0.5088888888888888 0.6233333333333333 0.08222222222222222 0.09333333333333334
0 0.4177777777777778 0.6958333333333333 0.06666666666666667 0.07333333333333333
0 0.4955555555555556 0.7091666666666666 0.07777777777777778 0.08333333333333333
0 0.33555555555555555 0.5733333333333334 0.044444444444444446 0.06
0 0.3322222222222222 0.6366666666666667 0.04888888888888889 0.06
0 0.32666666666666666 0.6925 0.044444444444444446 0.04666666666666667
0 0.7744444444444445 0.20916666666666667 0.08444444444444445 0.09833333333333333
0 0.7611111111111111 0.30416666666666664 0.09333333333333334 0.1
0 0.8677777777777778 0.3075 0.09333333333333334 0.1
0 0.8822222222222222 0.20666666666666667 0.08666666666666667 0.10166666666666667
0 0.48 0.21 0.07777777777777778 0.10166666666666667
0 0.47444444444444445 0.30333333333333334 0.08 0.08166666666666667
0 0.5555555555555556 0.30333333333333334 0.07555555555555556 0.08666666666666667
0 0.6333333333333333 0.3016666666666667 0.08444444444444445 0.09333333333333334
0 0.5577777777777778 0.20833333333333334 0.08 0.09666666666666666
0 0.6455555555555555 0.20666666666666667 0.08 0.095
0 0.33111111111111113 0.20666666666666667 0.06666666666666667 0.08833333333333333
0 0.4033333333333333 0.20833333333333334 0.06666666666666667 0.08666666666666667
0 0.32222222222222224 0.2925 0.06888888888888889 0.08333333333333333
0 0.39444444444444443 0.29583333333333334 0.08 0.09
0 0.052222222222222225 0.20833333333333334 0.05555555555555555 0.08333333333333333
0 0.11777777777777777 0.20666666666666667 0.06444444444444444 0.085
0 0.19 0.20583333333333334 0.06888888888888889 0.08333333333333333
0 0.2644444444444444 0.20666666666666667 0.06888888888888889 0.08333333333333333
0 0.25 0.2916666666666667 0.06666666666666667 0.085
0 0.18333333333333332 0.2925 0.06222222222222222 0.08166666666666667
0 0.11777777777777777 0.29 0.06444444444444444 0.07833333333333334
0 0.05 0.29 0.06666666666666667 0.08
0 0.043333333333333335 0.39166666666666666 0.057777777777777775 0.07333333333333333
0 0.10444444444444445 0.3933333333333333 0.06 0.07166666666666667
0 0.1 0.4633333333333333 0.06222222222222222 0.07166666666666667
0 0.035555555555555556 0.46166666666666667 0.05555555555555555 0.07
0 0.16444444444444445 0.3858333333333333 0.06444444444444444 0.08166666666666667
0 0.16666666666666666 0.4666666666666667 0.06666666666666667 0.07666666666666666
0 0.2311111111111111 0.47333333333333333 0.07111111111111111 0.08166666666666667
0 0.3055555555555556 0.475 0.07111111111111111 0.08333333333333333
0 0.23666666666666666 0.39166666666666666 0.06888888888888889 0.08
0 0.30777777777777776 0.3925 0.06888888888888889 0.08166666666666667
0 0.08444444444444445 0.5666666666666667 0.04888888888888889 0.058333333333333334
0 0.13111111111111112 0.5716666666666667 0.04666666666666667 0.06
0 0.18222222222222223 0.575 0.04666666666666667 0.06
0 0.07777777777777778 0.6233333333333333 0.057777777777777775 0.05333333333333334
0 0.13 0.6283333333333333 0.042222222222222223 0.051666666666666666
0 0.17444444444444446 0.6283333333333333 0.05333333333333334 0.051666666666666666
0 0.17333333333333334 0.6791666666666667 0.044444444444444446 0.03833333333333333
0 0.12666666666666668 0.67 0.044444444444444446 0.04
0 0.07666666666666666 0.6675 0.05333333333333334 0.03666666666666667
0 0.2311111111111111 0.6158333333333333 0.04666666666666667 0.07
0 0.2833333333333333 0.6233333333333333 0.04666666666666667 0.07333333333333333
0 0.034444444444444444 0.5433333333333333 0.05333333333333334 0.058333333333333334
0 0.03111111111111111 0.6033333333333334 0.051111111111111114 0.06
0 0.4255555555555556 0.8583333333333333 0.03777777777777778 0.08666666666666667
0 0.48777777777777775 0.8633333333333333 0.08222222222222222 0.08833333333333333
0 0.47888888888888886 0.9508333333333333 0.08666666666666667 0.08166666666666667
0 0.5711111111111111 0.8941666666666667 0.08 0.09666666666666666
0 0.6477777777777778 0.9125 0.07555555555555556 0.08833333333333333
0 0.7177777777777777 0.9216666666666666 0.04 0.085
0 0.5611111111111111 0.9708333333333333 0.08222222222222222 0.055
0 0.6511111111111111 0.9775 0.09111111111111111 0.041666666666666664