0 0.2733333333333333 0.175 0.08444444444444445 0.10333333333333333
0 0.3655555555555556 0.18166666666666667 0.09111111111111111 0.11166666666666666
0 0.19111111111111112 0.19333333333333333 0.07555555555555556 0.1
0 0.10555555555555556 0.19916666666666666 0.08444444444444445 0.10333333333333333
0 0.03626666666666667 0.20416666666666666 0.06986666666666666 0.11388333333333331
0 0.2722222222222222 0.2825 0.08444444444444445 0.11
0 0.3622222222222222 0.2833333333333333 0.09555555555555556 0.09166666666666666
0 0.18222222222222223 0.29083333333333333 0.08888888888888889 0.1
0 0.6611111111111111 0.295 0.10666666666666667 0.11833333333333333
0 0.09222222222222222 0.2975 0.08666666666666667 0.09666666666666666
0 0.024444444444444446 0.29833333333333334 0.044444444444444446 0.09
0 0.5566666666666666 0.2991666666666667 0.1 0.11833333333333333
0 0.45666666666666667 0.32 0.08888888888888889 0.105
0 0.35888888888888887 0.38416666666666666 0.09333333333333334 0.10666666666666667
0 0.2677777777777778 0.3858333333333333 0.08666666666666667 0.09666666666666666
0 0.01888888888888889 0.3883333333333333 0.035555555555555556 0.085
0 0.17555555555555555 0.38916666666666666 0.08888888888888889 0.09333333333333334
0 0.08333333333333333 0.39 0.08666666666666667 0.08833333333333333
0 0.6588888888888889 0.4125 0.1111111111111111 0.115
0 0.55 0.415 0.10222222222222223 0.11166666666666666
0 0.45111111111111113 0.4266666666666667 0.09333333333333334 0.10833333333333334
0 0.07 0.5225 0.08888888888888889 0.10666666666666667
0 0.16333333333333333 0.525 0.08222222222222222 0.105
0 0.25333333333333335 0.5291666666666667 0.08888888888888889 0.10666666666666667
0 0.5488888888888889 0.5291666666666667 0.10222222222222223 0.115
0 0.7722222222222223 0.5291666666666667 0.1288888888888889 0.12333333333333334
0 0.35 0.5308333333333334 0.09777777777777778 0.10833333333333334
0 0.6522222222222223 0.5308333333333334 0.10222222222222223 0.12
0 0.9155555555555556 0.5358333333333334 0.14 0.125
0 0.45 0.5366666666666666 0.09333333333333334 0.10833333333333334
0 0.06222222222222222 0.6266666666666667 0.09111111111111111 0.10333333333333333
0 0.15333333333333332 0.6283333333333333 0.08666666666666667 0.10333333333333333
0 0.24444444444444444 0.6341666666666667 0.09555555555555556 0.10666666666666667
0 0.3422222222222222 0.6391666666666667 0.1 0.10666666666666667
0 0.4444444444444444 0.6458333333333334 0.1 0.10833333333333334
0 0.5477777777777778 0.6466666666666666 0.09555555555555556 0.11833333333333333
0 0.65 0.6516666666666666 0.10666666666666667 0.12
0 0.7711111111111111 0.6558333333333334 0.13111111111111112 0.12833333333333333
0 0.9144444444444444 0.6641666666666667 0.13555555555555557 0.12833333333333333
0 0.16666666666666666 0.745 0.07111111111111111 0.07666666666666666
0 0.08555555555555555 0.7566666666666667 0.07777777777777778 0.105
0 0.4622222222222222 0.7616666666666667 0.08 0.07833333333333334
0 0.2688888888888889 0.7691666666666667 0.09333333333333334 0.11166666666666666
0 0.37 0.775 0.09333333333333334 0.11666666666666667
0 0.6566666666666666 0.7991666666666667 0.10666666666666667 0.12166666666666667
0 0.5522222222222222 0.8058333333333333 0.09555555555555556 0.11333333333333333
0 0.7711111111111111 0.8066666666666666 0.10666666666666667 0.12666666666666668
0 0.8877777777777778 0.81 0.11555555555555555 0.12666666666666668
0 0.16111111111111112 0.8133333333333334 0.07111111111111111 0.07166666666666667
0 0.45666666666666667 0.8425 0.08 0.07666666666666666
0 0.07555555555555556 0.86 0.08 0.095
0 0.2644444444444444 0.8808333333333334 0.09555555555555556 0.105
0 0.15888888888888889 0.8833333333333333 0.08444444444444445 0.07
0 0.36333333333333334 0.89 0.09333333333333334 0.11166666666666666
0 0.5488888888888889 0.915 0.10222222222222223 0.10166666666666667
0 0.45666666666666667 0.92 0.07777777777777778 0.07
0 0.6522222222222223 0.92 0.10222222222222223 0.11666666666666667
0 0.7677777777777778 0.9283333333333333 0.1111111111111111 0.115
0 0.8877777777777778 0.935 0.11777777777777777 0.12333333333333334