0 0.13916666666666666 0.31777777777777777 0.10666666666666667 0.19111111111111112
0 0.1225 0.5111111111111111 0.12 0.2
0 0.24833333333333332 0.18555555555555556 0.095 0.1711111111111111
0 0.245 0.3522222222222222 0.1 0.16666666666666666
0 0.23833333333333334 0.5266666666666666 0.10166666666666667 0.17777777777777778
0 0.23083333333333333 0.7188888888888889 0.11166666666666666 0.2
0 0.10916666666666666 0.7133333333333334 0.12333333333333334 0.20666666666666667
0 0.3333333333333333 0.4222222222222222 0.07666666666666666 0.1622222222222222
0 0.33 0.5766666666666667 0.08 0.15555555555555556
0 0.3283333333333333 0.7355555555555555 0.08333333333333333 0.1622222222222222
0 0.43416666666666665 0.23 0.08666666666666667 0.1511111111111111
0 0.43416666666666665 0.3877777777777778 0.09 0.15777777777777777
0 0.43666666666666665 0.5488888888888889 0.095 0.1622222222222222
0 0.43833333333333335 0.7233333333333334 0.09666666666666666 0.18444444444444444
0 0.5208333333333334 0.24222222222222223 0.08333333333333333 0.1511111111111111
0 0.5241666666666667 0.39222222222222225 0.09 0.1511111111111111
0 0.5308333333333334 0.5522222222222222 0.09166666666666666 0.1622222222222222
0 0.5408333333333334 0.7244444444444444 0.09833333333333333 0.1711111111111111
0 0.6025 0.25555555555555554 0.075 0.13777777777777778
0 0.6116666666666667 0.4011111111111111 0.08166666666666667 0.15555555555555556
0 0.6183333333333333 0.5566666666666666 0.09 0.15555555555555556
0 0.6341666666666667 0.7255555555555555 0.09666666666666666 0.18222222222222223
0 0.6733333333333333 0.27111111111111114 0.06833333333333333 0.13555555555555557
0 0.6908333333333333 0.4122222222222222 0.07333333333333333 0.14444444444444443
0 0.7041666666666667 0.5622222222222222 0.09 0.15777777777777777
0 0.72 0.7277777777777777 0.095 0.16444444444444445
0 0.7433333333333333 0.28555555555555556 0.06833333333333333 0.1288888888888889
0 0.7616666666666667 0.4222222222222222 0.07333333333333333 0.13777777777777778
0 0.78 0.57 0.085 0.1511111111111111
0 0.7983333333333333 0.7277777777777777 0.08833333333333333 0.15777777777777777
0 0.8133333333333334 0.2966666666666667 0.07 0.12444444444444444
0 0.8308333333333333 0.4288888888888889 0.08666666666666667 0.14222222222222222
0 0.8566666666666667 0.5755555555555556 0.08333333333333333 0.14888888888888888
0 0.8791666666666667 0.7277777777777777 0.09333333333333334 0.15333333333333332
0 0.8766666666666667 0.31333333333333335 0.065 0.12222222222222222
0 0.8941666666666667 0.43666666666666665 0.08 0.13333333333333333
0 0.9225 0.5777777777777777 0.07333333333333333 0.14444444444444443
0 0.9475 0.7311111111111112 0.085 0.15333333333333332
0 0.94 0.3233333333333333 0.08166666666666667 0.1288888888888889
0 0.9616666666666667 0.4488888888888889 0.07 0.12
0 0.9733333333333334 0.5855555555555556 0.04833333333333333 0.13777777777777778
0 0.9858333333333333 0.3288888888888889 0.02666666666666667 0.10888888888888888