0 0.3825 0.22333333333333333 0.06166666666666667 0.11555555555555555
0 0.2 0.23 0.055 0.10444444444444445
0 0.25916666666666666 0.23 0.06 0.1111111111111111
0 0.14166666666666666 0.23222222222222222 0.056666666666666664 0.10888888888888888
0 0.0875 0.23555555555555555 0.05 0.1111111111111111
0 0.03333333333333333 0.23777777777777778 0.055 0.10888888888888888
0 0.5133333333333333 0.2388888888888889 0.06 0.12666666666666668
0 0.4425 0.26222222222222225 0.058333333333333334 0.11777777777777777
0 0.32 0.33666666666666667 0.06166666666666667 0.11555555555555555
0 0.38166666666666665 0.33666666666666667 0.058333333333333334 0.1111111111111111
0 0.255 0.3388888888888889 0.06666666666666667 0.10888888888888888
0 0.13333333333333333 0.3388888888888889 0.04833333333333333 0.10666666666666667
0 0.19416666666666665 0.34 0.056666666666666664 0.1111111111111111
0 0.9825 0.3411111111111111 0.03166666666666667 0.16666666666666666
0 0.0775 0.3411111111111111 0.04833333333333333 0.1
0 0.025833333333333333 0.3422222222222222 0.051666666666666666 0.09555555555555556
0 0.5083333333333333 0.36666666666666664 0.065 0.1288888888888889
0 0.5766666666666667 0.36666666666666664 0.06666666666666667 0.12444444444444444
0 0.9606999999999999 0.37788888888888894 0.03611666666666679 0.13688888888888895
0 0.4425 0.38333333333333336 0.065 0.12222222222222222
0 0.9335833333333333 0.38966666666666666 0.0239833333333335 0.1264444444444444
0 0.9152 0.40515555555555555 0.02591666666666659 0.09806666666666666
0 0.12288333333333334 0.49073333333333335 0.05051666666666667 0.1407333333333333
0 0.18416666666666667 0.49666666666666665 0.06333333333333334 0.12222222222222222
0 0.07785 0.4972888888888889 0.061799999999999994 0.10884444444444448
0 0.5091666666666667 0.49777777777777776 0.06166666666666667 0.13333333333333333
0 0.24833333333333332 0.4988888888888889 0.058333333333333334 0.12666666666666668
0 0.65 0.4988888888888889 0.07833333333333334 0.12444444444444444
0 0.5758333333333333 0.5 0.06833333333333333 0.13333333333333333
0 0.022966666666666663 0.5001111111111112 0.04493333333333333 0.1107111111111111
0 0.31166666666666665 0.5044444444444445 0.058333333333333334 0.12666666666666668
0 0.7408333333333333 0.5044444444444445 0.085 0.14
0 0.37583333333333335 0.5066666666666667 0.06333333333333334 0.12222222222222222
0 0.44083333333333335 0.5066666666666667 0.06833333333333333 0.12222222222222222
0 0.9875 0.5077777777777778 0.021666666666666667 0.14888888888888888
0 0.9623 0.5162222222222222 0.032916666666666664 0.13975555555555552
0 0.019899999999999998 0.6164444444444444 0.039799999999999995 0.13324444444444447
0 0.17833333333333334 0.6166666666666667 0.06 0.12222222222222222
0 0.24166666666666667 0.62 0.058333333333333334 0.12444444444444444
0 0.0673 0.6220888888888889 0.054766666666666665 0.12948888888888885
0 0.1264 0.6230222222222223 0.05191666666666667 0.12759999999999996
0 0.305 0.6277777777777778 0.06 0.11555555555555555
0 0.37 0.6288888888888889 0.06666666666666667 0.12666666666666668
0 0.4375 0.6322222222222222 0.07 0.12444444444444444
0 0.5066666666666667 0.6344444444444445 0.065 0.13111111111111112
0 0.5741666666666667 0.6355555555555555 0.07166666666666667 0.13555555555555557
0 0.6516666666666666 0.6366666666666667 0.08 0.14222222222222222
0 0.7383333333333333 0.6455555555555555 0.08166666666666667 0.13777777777777778
0 0.9164000000000001 0.6662222222222223 0.03506666666666661 0.1235333333333334
0 0.9637166666666667 0.6940888888888889 0.03474999999999985 0.14628888888888897
0 0.9894166666666666 0.6946222222222221 0.021150000000000092 0.1560444444444445
0 0.25 0.7533333333333333 0.05 0.08888888888888889
0 0.45666666666666667 0.7655555555555555 0.04833333333333333 0.08444444444444445
0 0.19083333333333333 0.7777777777777778 0.05333333333333334 0.12
0 0.31916666666666665 0.7844444444444445 0.06666666666666667 0.12666666666666668
0 0.3858333333333333 0.7877777777777778 0.06833333333333333 0.1288888888888889
0 0.9170166666666667 0.7955111111111112 0.0375333333333333 0.14657777777777786
0 0.5808333333333333 0.8033333333333333 0.065 0.13555555555555557
0 0.65 0.8066666666666666 0.07333333333333333 0.14666666666666667
0 0.7241666666666666 0.8088888888888889 0.075 0.14444444444444443
0 0.9681833333333333 0.8349777777777778 0.03230000000000018 0.13979999999999992
0 0.24666666666666667 0.84 0.051666666666666666 0.08666666666666667
0 0.9891666666666666 0.8511111111111112 0.018333333333333333 0.1688888888888889
0 0.45166666666666666 0.8533333333333334 0.04833333333333333 0.09333333333333334
0 0.18416666666666667 0.9011111111111111 0.06166666666666667 0.12
0 0.31666666666666665 0.9144444444444444 0.06166666666666667 0.13111111111111112
0 0.38166666666666665 0.9222222222222223 0.065 0.13111111111111112
0 0.24333333333333335 0.9266666666666666 0.04833333333333333 0.08444444444444445
0 0.5783333333333334 0.9322222222222222 0.06666666666666667 0.12444444444444444
0 0.5083333333333333 0.9355555555555556 0.06666666666666667 0.12444444444444444
0 0.65 0.9388888888888889 0.07333333333333333 0.11777777777777777
0 0.725 0.94 0.07333333333333333 0.11555555555555555
0 0.4425 0.9444444444444444 0.051666666666666666 0.09555555555555556
0 0.3233333333333333 0.09888888888888889 0.056666666666666664 0.11555555555555555
0 0.38333333333333336 0.10444444444444445 0.06166666666666667 0.12222222222222222
0 0.21 0.12 0.058333333333333334 0.1111111111111111
0 0.1475 0.12333333333333334 0.051666666666666666 0.11777777777777777
0 0.09166666666666666 0.12444444444444444 0.05333333333333334 0.10888888888888888
0 0.035 0.13 0.05 0.10444444444444445
0 0.9791666666666666 0.2011111111111111 0.03833333333333333 0.14888888888888888
0 0.32 0.21888888888888888 0.058333333333333334 0.11777777777777777