0 0.30333333333333334 0.385 0.2 0.18833333333333332
0 0.4988888888888889 0.3875 0.18666666666666668 0.19666666666666666
0 0.6944444444444444 0.38916666666666666 0.19333333333333333 0.19833333333333333
0 0.8333333333333334 0.39666666666666667 0.08 0.19166666666666668
0 0.13624444444444445 0.41945 0.1438888888888889 0.16111666666666669
0 0.38988888888888884 0.6291666666666667 0.15491111111111106 0.16944999999999993
0 0.8077777777777778 0.6291666666666667 0.1511111111111111 0.19
0 0.16771111111111112 0.6361166666666667 0.16979999999999998 0.17221666666666674
0 0.6139333333333333 0.6597166666666666 0.1659333333333333 0.1638833333333334
0 0.12555555555555556 0.8533333333333334 0.2288888888888889 0.29
0 0.3565555555555555 0.85555 0.2363777777777778 0.2888833333333333
0 0.8111111111111111 0.8616666666666667 0.18222222222222223 0.275
0 0.6111111111111112 0.8675 0.2222222222222222 0.26166666666666666
0 0.2788 0.10833333333333334 0.1845777777777778 0.17778333333333335
0 0.08808888888888888 0.11388333333333334 0.17353333333333334 0.16111666666666666
0 0.4546888888888889 0.11805 0.1882 0.1527833333333333
0 0.6454 0.12778333333333333 0.1622222222222222 0.16111666666666666
0 0.8009333333333334 0.12778333333333333 0.11771111111111117 0.16111666666666666