0 0.485 0.41097922848664686 0.11166666666666666 0.26112759643916916
0 0.4083333333333333 0.4169139465875371 0.03666666666666667 0.12166172106824925
0 0.33 0.4332344213649852 0.11333333333333333 0.26409495548961426
0 0.5858333333333333 0.45252225519287836 0.08666666666666667 0.24925816023738873
0 0.2475 0.5059347181008902 0.04833333333333333 0.2314540059347181
0 0.20166666666666666 0.5637982195845698 0.058333333333333334 0.2166172106824926
0 0.14666666666666667 0.6364985163204748 0.045 0.18694362017804153
0 0.38333333333333336 0.6602373887240356 0.13666666666666666 0.37091988130563797
0 0.49833333333333335 0.6988130563798219 0.11166666666666666 0.3115727002967359
0 0.2866666666666667 0.7091988130563798 0.051666666666666666 0.2522255192878338
0 0.6 0.7240356083086054 0.09333333333333334 0.27596439169139464
0 0.6875 0.7433234421364985 0.09333333333333334 0.2789317507418398
0 0.2325 0.7492581602373887 0.04 0.2433234421364985
0 0.99 0.7626112759643917 0.016666666666666666 0.1543026706231454
0 0.7655000000000001 0.7701780415430267 0.08143333333333336 0.2778635014836795
0 0.8375 0.7804154302670623 0.08666666666666667 0.2314540059347181
0 0.9616833333333333 0.7836498516320474 0.05559999999999983 0.13756676557863506
0 0.1775 0.7893175074183977 0.06333333333333334 0.22255192878338279
0 0.1285 0.8416617210682492 0.046833333333333324 0.22658753709198817
0 0.8963 0.8446290801186943 0.04646666666666685 0.10890207715133544
0 0.9766666666666667 0.9065281899109793 0.043333333333333335 0.11572700296735905