0 0.19166666666666668 0.5178041543026706 0.06166666666666667 0.1572700296735905
0 0.18416666666666667 0.6750741839762612 0.065 0.1543026706231454
0 0.17833333333333334 0.8353115727002968 0.065 0.1572700296735905
0 0.6966666666666667 0.5326409495548962 0.056666666666666664 0.13353115727002968
0 0.7116666666666667 0.6632047477744807 0.04666666666666667 0.13353115727002968
0 0.7158333333333333 0.8011869436201781 0.055 0.13649851632047477
0 0.7666666666666667 0.798219584569733 0.04833333333333333 0.13353115727002968
0 0.8133333333333334 0.7937685459940653 0.04666666666666667 0.13353115727002968
0 0.7583333333333333 0.6617210682492581 0.051666666666666666 0.13353115727002968
0 0.7541666666666667 0.526706231454006 0.05333333333333334 0.12462908011869436
0 0.2525 0.5207715133531158 0.056666666666666664 0.1513353115727003
0 0.31833333333333336 0.5207715133531158 0.06 0.14540059347181009
0 0.37833333333333335 0.5237388724035609 0.05333333333333334 0.14540059347181009
0 0.25083333333333335 0.672106824925816 0.06 0.1572700296735905
0 0.25 0.827893175074184 0.06333333333333334 0.16023738872403562
0 0.31166666666666665 0.8249258160237388 0.06166666666666667 0.1543026706231454
0 0.37833333333333335 0.8234421364985163 0.056666666666666664 0.14836795252225518
0 0.31666666666666665 0.6706231454005934 0.06 0.1513353115727003
0 0.37666666666666665 0.6706231454005934 0.058333333333333334 0.1513353115727003
0 0.43583333333333335 0.5237388724035609 0.055 0.14540059347181009
0 0.4375 0.6661721068249258 0.056666666666666664 0.142433234421365
0 0.43916666666666665 0.814540059347181 0.056666666666666664 0.1543026706231454
0 0.4925 0.5192878338278932 0.058333333333333334 0.13353115727002968
0 0.49666666666666665 0.6617210682492581 0.055 0.14836795252225518
0 0.4975 0.8130563798219584 0.055 0.14836795252225518
0 0.5466666666666666 0.5311572700296736 0.04666666666666667 0.13353115727002968
0 0.55 0.6676557863501483 0.05 0.1394658753709199
0 0.5541666666666667 0.8100890207715133 0.055 0.1513353115727003
0 0.6025 0.6617210682492581 0.055 0.1394658753709199
0 0.6083333333333333 0.8056379821958457 0.055 0.14540059347181009
0 0.6583333333333333 0.6632047477744807 0.055 0.13353115727002968
0 0.6633333333333333 0.8026706231454006 0.051666666666666666 0.13649851632047477
0 0.8858333333333334 0.543026706231454 0.055 0.12462908011869436
0 0.8941666666666667 0.6646884272997032 0.04833333333333333 0.11869436201780416
0 0.9025 0.787833827893175 0.045 0.12166172106824925
0 0.86 0.787833827893175 0.045 0.12759643916913946
0 0.8433333333333334 0.5771513353115727 0.04 0.09792284866468842
0 0.8475 0.6750741839762612 0.041666666666666664 0.09198813056379822
0 0.935 0.5385756676557863 0.043333333333333335 0.10979228486646884
0 0.9408333333333333 0.6572700296735905 0.045 0.12166172106824925
0 0.9483333333333334 0.7804154302670623 0.04666666666666667 0.12462908011869436