0 0.22333333333333333 0.5341246290801187 0.09 0.19584569732937684
0 0.31333333333333335 0.5608308605341247 0.08166666666666667 0.2314540059347181
0 0.605 0.5667655786350149 0.09 0.2314540059347181
0 0.5058333333333334 0.5682492581602374 0.085 0.2195845697329377
0 0.41583333333333333 0.56973293768546 0.08333333333333333 0.228486646884273
0 0.6933333333333334 0.56973293768546 0.08333333333333333 0.22255192878338279
0 0.7816666666666666 0.5712166172106825 0.08333333333333333 0.21068249258160238
0 0.8566666666666667 0.5727002967359051 0.08333333333333333 0.2166172106824926
0 0.975 0.7833827893175074 0.04666666666666667 0.26112759643916916
0 0.8691666666666666 0.7848664688427299 0.08666666666666667 0.2314540059347181
0 0.7858333333333334 0.7908011869436202 0.08666666666666667 0.22551928783382788
0 0.6141666666666666 0.7937685459940653 0.08833333333333333 0.2195845697329377
0 0.7025 0.7937685459940653 0.08666666666666667 0.22255192878338279
0 0.5058333333333334 0.7952522255192879 0.09166666666666666 0.22551928783382788
0 0.3125 0.7997032640949555 0.08666666666666667 0.2433234421364985
0 0.415 0.8011869436201781 0.08166666666666667 0.2344213649851632
0 0.215 0.8724035608308606 0.09 0.11572700296735905