0 0.0125 0.4287833827893175 0.018333333333333333 0.13353115727002968
0 0.056666666666666664 0.4317507418397626 0.065 0.1394658753709199
0 0.185 0.4332344213649852 0.055 0.13056379821958458
0 0.12416666666666666 0.4362017804154303 0.05333333333333334 0.13649851632047477
0 0.30833333333333335 0.4391691394658754 0.056666666666666664 0.13056379821958458
0 0.24833333333333332 0.4406528189910979 0.055 0.12759643916913946
0 0.41333333333333333 0.443620178041543 0.04666666666666667 0.11869436201780416
0 0.465 0.4465875370919881 0.04833333333333333 0.11869436201780416
0 0.36 0.44807121661721067 0.03666666666666667 0.10385756676557864
0 0.5675 0.45103857566765576 0.041666666666666664 0.11275964391691394
0 0.5191666666666667 0.45252225519287836 0.05 0.11275964391691394
0 0.6333333333333333 0.45845697329376855 0.03 0.11572700296735905
0 0.7175 0.4599406528189911 0.041666666666666664 0.10979228486646884
0 0.6716666666666666 0.46142433234421365 0.041666666666666664 0.11572700296735905
0 0.8 0.4629080118694362 0.04 0.10979228486646884
0 0.76 0.4658753709198813 0.03666666666666667 0.10979228486646884
0 0.8875 0.46735905044510384 0.03333333333333333 0.10089020771513353
0 0.9233333333333333 0.46735905044510384 0.035 0.10682492581602374
0 0.8466666666666667 0.4688427299703264 0.045 0.10385756676557864
0 0.9566666666666667 0.4732937685459941 0.025 0.09198813056379822
0 0.985 0.47477744807121663 0.028333333333333332 0.09495548961424333
0 0.30583333333333335 0.5682492581602374 0.05333333333333334 0.13056379821958458
0 0.4141666666666667 0.56973293768546 0.04833333333333333 0.12759643916913946
0 0.5191666666666667 0.56973293768546 0.051666666666666666 0.13056379821958458
0 0.5675 0.56973293768546 0.043333333333333335 0.12166172106824925
0 0.011666666666666667 0.56973293768546 0.02 0.1394658753709199
0 0.12083333333333333 0.5712166172106825 0.05333333333333334 0.13353115727002968
0 0.24916666666666668 0.5727002967359051 0.051666666666666666 0.13353115727002968
0 0.4658333333333333 0.5727002967359051 0.051666666666666666 0.13056379821958458
0 0.05583333333333333 0.5727002967359051 0.06 0.14540059347181009
0 0.6725 0.5727002967359051 0.045 0.11869436201780416
0 0.3625 0.5741839762611276 0.051666666666666666 0.13649851632047477
0 0.6341666666666667 0.5741839762611276 0.02666666666666667 0.11275964391691394
0 0.7166666666666667 0.5741839762611276 0.045 0.12166172106824925
0 0.76 0.5741839762611276 0.03833333333333333 0.10979228486646884
0 0.8466666666666667 0.5741839762611276 0.045 0.10385756676557864
0 0.9583333333333334 0.5741839762611276 0.035 0.10385756676557864
0 0.185 0.5756676557863502 0.06 0.14836795252225518
0 0.8016666666666666 0.5756676557863502 0.043333333333333335 0.11275964391691394
0 0.9225 0.5756676557863502 0.035 0.10089020771513353
0 0.8883333333333333 0.5771513353115727 0.035 0.10979228486646884
0 0.9875 0.5816023738872403 0.021666666666666667 0.10089020771513353
0 0.8833333333333333 0.7270029673590505 0.03333333333333333 0.11275964391691394
0 0.9225 0.728486646884273 0.04 0.10979228486646884
0 0.8466666666666667 0.7329376854599406 0.041666666666666664 0.11275964391691394
0 0.8033333333333333 0.7359050445103857 0.045 0.11275964391691394
0 0.7191666666666666 0.7373887240356083 0.045 0.11572700296735905
0 0.6783333333333333 0.7403560830860534 0.03666666666666667 0.12462908011869436
0 0.7616666666666667 0.7403560830860534 0.035 0.12166172106824925
0 0.6408333333333334 0.7418397626112759 0.035 0.13056379821958458
0 0.2475 0.7655786350148368 0.055 0.142433234421365
0 0.18333333333333332 0.7700296735905044 0.056666666666666664 0.14836795252225518
0 0.1225 0.7744807121661721 0.06166666666666667 0.14836795252225518
0 0.0525 0.7833827893175074 0.06166666666666667 0.16023738872403562
0 0.5779833333333334 0.7876854599406528 0.03859999999999995 0.10952522255192869
0 0.35375 0.7885459940652819 0.042466666666666694 0.1145697329376855
0 0.40625 0.7885459940652819 0.03959999999999998 0.1044510385756677
0 0.4970833333333333 0.7952818991097923 0.03956666666666668 0.11121661721068254
0 0.53825 0.7961127596439169 0.040499999999999925 0.10952522255192869
0 0.45403333333333334 0.8037091988130565 0.040533333333333414 0.11121661721068254
0 0.9253333333333335 0.8429970326409495 0.03441666666666682 0.12679525222551935
0 0.8866666666666667 0.844213649851632 0.03333333333333333 0.12462908011869436
0 0.8475 0.8516320474777448 0.04666666666666667 0.11869436201780416
0 0.805 0.8531157270029673 0.041666666666666664 0.12166172106824925
0 0.72 0.8590504451038575 0.041666666666666664 0.11869436201780416
0 0.7616666666666667 0.8605341246290801 0.041666666666666664 0.11275964391691394
0 0.6766666666666666 0.8664688427299704 0.03833333333333333 0.11869436201780416
0 0.6408333333333334 0.8694362017804155 0.03333333333333333 0.12166172106824925
0 0.5770500000000001 0.8938575667655787 0.03859999999999995 0.09940652818991098
0 0.5344666666666666 0.8997329376854599 0.0386166666666666 0.09771513353115713
0 0.4568833333333333 0.9056379821958457 0.03674999999999992 0.10614243323442131
0 0.245 0.9065281899109793 0.06166666666666667 0.13353115727002968
0 0.49615 0.9073293768545994 0.045249999999999964 0.09605341246290802
0 0.18416666666666667 0.9124629080118695 0.055 0.13056379821958458
0 0.1175 0.9198813056379822 0.065 0.13649851632047477
0 0.05 0.93026706231454 0.065 0.13649851632047477