0 0.10385756676557864 0.17333333333333334 0.10385756676557864 0.095
0 0.2433234421364985 0.17416666666666666 0.10682492581602374 0.09166666666666666
0 0.3620178041543027 0.19166666666666668 0.10385756676557864 0.09
0 0.4762611275964392 0.1925 0.09792284866468842 0.095
0 0.5890207715133531 0.1975 0.10089020771513353 0.09166666666666666
0 0.8189910979228486 0.19916666666666666 0.10089020771513353 0.09333333333333334
0 0.6973293768545994 0.2 0.09792284866468842 0.09
0 0.10089020771513353 0.26916666666666667 0.12166172106824925 0.10166666666666667
0 0.23738872403560832 0.27 0.12462908011869436 0.09833333333333333
0 0.9510385756676558 0.2791666666666667 0.09198813056379822 0.07166666666666667
0 0.3620178041543027 0.2833333333333333 0.09792284866468842 0.09
0 0.4732937685459941 0.28583333333333333 0.09792284866468842 0.09
0 0.5830860534124629 0.28833333333333333 0.09198813056379822 0.09
0 0.6973293768545994 0.2891666666666667 0.09792284866468842 0.08666666666666667
0 0.8100890207715133 0.29 0.10682492581602374 0.08666666666666667
0 0.9486646884272997 0.3443833333333333 0.09504451038575659 0.06438333333333332
0 0.10089020771513353 0.3641666666666667 0.12462908011869436 0.08666666666666667
0 0.23293768545994065 0.365 0.12462908011869436 0.09
0 0.36053412462908013 0.37083333333333335 0.10089020771513353 0.085
0 0.47032640949554894 0.3725 0.10089020771513353 0.08333333333333333
0 0.5801186943620178 0.375 0.09495548961424333 0.08333333333333333
0 0.798219584569733 0.375 0.09495548961424333 0.085
0 0.6869436201780416 0.37666666666666665 0.10089020771513353 0.08666666666666667
0 0.956973293768546 0.4075 0.08011869436201781 0.06833333333333333
0 0.9122255192878339 0.4078333333333333 0.03255192878338287 0.06470000000000004
0 0.9718100890207715 0.47 0.050445103857566766 0.07
0 0.41839762611275966 0.48 0.10385756676557864 0.08833333333333333
0 0.5237388724035609 0.48083333333333333 0.10385756676557864 0.09
0 0.6350148367952523 0.48333333333333334 0.10385756676557864 0.09
0 0.05192878338278932 0.5016666666666667 0.06231454005934718 0.075
0 0.3189910979228487 0.5033333333333333 0.0830860534124629 0.07166666666666667
0 0.22700296735905046 0.5033333333333333 0.08605341246290801 0.07166666666666667
0 0.13056379821958458 0.505 0.08902077151335312 0.07166666666666667
0 0.9710979228486647 0.5607 0.05777448071216625 0.06976666666666669
0 0.4124629080118694 0.5675 0.10089020771513353 0.08666666666666667
0 0.5207715133531158 0.5691666666666667 0.10385756676557864 0.085
0 0.6305637982195845 0.5716666666666667 0.11572700296735905 0.08666666666666667
0 0.31305637982195844 0.5725 0.08605341246290801 0.065
0 0.04896142433234421 0.5733333333333334 0.07418397626112759 0.06833333333333333
0 0.744807121661721 0.5733333333333334 0.08902077151335312 0.08166666666666667
0 0.22403560830860533 0.5733333333333334 0.0830860534124629 0.06833333333333333
0 0.13204747774480713 0.5741666666666667 0.08605341246290801 0.06666666666666667
0 0.973293768545994 0.63 0.04747774480712166 0.07
0 0.06676557863501484 0.6675 0.09198813056379822 0.09333333333333334
0 0.17507418397626112 0.67 0.10979228486646884 0.09
0 0.28635014836795253 0.6708333333333333 0.10089020771513353 0.09
0 0.5178041543026706 0.6716666666666666 0.10385756676557864 0.08833333333333333
0 0.4094955489614243 0.6733333333333333 0.10089020771513353 0.08666666666666667
0 0.629080118694362 0.6766666666666666 0.10979228486646884 0.09
0 0.7373887240356083 0.6783333333333333 0.09792284866468842 0.09166666666666666
0 0.40059347181008903 0.7566666666666667 0.10089020771513353 0.08
0 0.5089020771513353 0.7575 0.10682492581602374 0.08333333333333333
0 0.2789317507418398 0.7575 0.10089020771513353 0.08333333333333333
0 0.06379821958456973 0.7591666666666667 0.10385756676557864 0.08333333333333333
0 0.17210682492581603 0.7591666666666667 0.10682492581602374 0.08166666666666667
0 0.6216617210682492 0.7625 0.10979228486646884 0.07666666666666666
0 0.7270029673590505 0.7658333333333334 0.09495548961424333 0.08333333333333333