0 0.3383333333333333 0.43768545994065283 0.07333333333333333 0.19881305637982197
0 0.49083333333333334 0.43768545994065283 0.07333333333333333 0.19287833827893175
0 0.41333333333333333 0.4421364985163205 0.07166666666666667 0.18694362017804153
0 0.7233333333333334 0.4465875370919881 0.075 0.18991097922848665
0 0.6466666666666666 0.44807121661721067 0.07666666666666666 0.18100890207715134
0 0.5691666666666667 0.4495548961424332 0.08 0.18694362017804153
0 0.7941666666666667 0.45845697329376855 0.07 0.17210682492581603
0 0.9793833333333333 0.46204747774480714 0.0412166666666667 0.16531157270029673
0 0.32666666666666666 0.6320474777448071 0.07666666666666666 0.20474777448071216
0 0.4125 0.6364985163204748 0.075 0.19881305637982197
0 0.6508333333333334 0.6364985163204748 0.08 0.19881305637982197
0 0.49 0.6379821958456974 0.07666666666666666 0.19881305637982197
0 0.5733333333333334 0.6409495548961425 0.075 0.19584569732937684
0 0.7316666666666667 0.6409495548961425 0.08333333333333333 0.18694362017804153
0 0.8033333333333333 0.6409495548961425 0.07666666666666666 0.19287833827893175
0 0.8783333333333333 0.6409495548961425 0.08333333333333333 0.18991097922848665
0 0.9583333333333334 0.6409495548961425 0.07833333333333334 0.18694362017804153
0 0.9625 0.8353115727002968 0.07 0.20178041543026706
0 0.48833333333333334 0.8382789317507419 0.08333333333333333 0.20178041543026706
0 0.7408333333333333 0.8397626112759644 0.07666666666666666 0.21364985163204747
0 0.32083333333333336 0.841246290801187 0.075 0.2166172106824926
0 0.5733333333333334 0.8427299703264095 0.08166666666666667 0.20474777448071216
0 0.8916666666666667 0.8427299703264095 0.09 0.21068249258160238
0 0.4041666666666667 0.844213649851632 0.08 0.22255192878338279
0 0.6575 0.844213649851632 0.08333333333333333 0.21068249258160238
0 0.8133333333333334 0.844213649851632 0.07833333333333334 0.20771513353115728