0 0.18 0.1661721068249258 0.08333333333333333 0.22551928783382788
0 0.17916666666666667 0.39020771513353114 0.085 0.22255192878338279
0 0.17583333333333334 0.6261127596439169 0.08166666666666667 0.23738872403560832
0 0.1725 0.8724035608308606 0.08333333333333333 0.24629080118694363
0 0.5316666666666666 0.09347181008902077 0.10666666666666667 0.17804154302670624
0 0.5375 0.3219584569732938 0.11166666666666666 0.26409495548961426
0 0.5466666666666666 0.5979228486646885 0.11166666666666666 0.27299703264094954
0 0.555 0.8664688427299704 0.11666666666666667 0.26112759643916916
0 0.26666666666666666 0.14094955489614244 0.09166666666666666 0.2403560830860534
0 0.26166666666666666 0.3827893175074184 0.07833333333333334 0.2344213649851632
0 0.25916666666666666 0.6231454005934718 0.08 0.24925816023738873
0 0.25416666666666665 0.870919881305638 0.08333333333333333 0.2433234421364985
0 0.35083333333333333 0.3620178041543027 0.09833333333333333 0.2551928783382789
0 0.35083333333333333 0.615727002967359 0.09666666666666666 0.24629080118694363
0 0.34833333333333333 0.8694362017804155 0.105 0.24925816023738873
0 0.44416666666666665 0.3427299703264095 0.085 0.24925816023738873
0 0.44416666666666665 0.6038575667655787 0.09 0.26409495548961426
0 0.4508333333333333 0.8664688427299704 0.09 0.2551928783382789
0 0.6416666666666667 0.08160237388724036 0.11333333333333333 0.1632047477744807
0 0.6483333333333333 0.3026706231454006 0.12166666666666667 0.27596439169139464
0 0.6575 0.5845697329376854 0.11833333333333333 0.2818991097922849
0 0.6733333333333333 0.8649851632047477 0.12333333333333334 0.26706231454005935
0 0.7941666666666667 0.8649851632047477 0.13833333333333334 0.26706231454005935
0 0.93 0.8620178041543026 0.13833333333333334 0.27002967359050445
0 0.9158333333333334 0.5667655786350149 0.14833333333333334 0.3086053412462908
0 0.7791666666666667 0.5712166172106825 0.13833333333333334 0.29376854599406527
0 0.77 0.2789317507418398 0.13666666666666666 0.29080118694362017
0 0.895 0.25667655786350146 0.135 0.3115727002967359
0 0.76 0.06824925816023739 0.11833333333333333 0.13649851632047477
0 0.8858333333333334 0.050445103857566766 0.12666666666666668 0.10089020771513353
0 0.9766666666666667 0.2403560830860534 0.045 0.3086053412462908