0 0.8175 0.6543026706231454 0.06333333333333334 0.13056379821958458
0 0.7525 0.6646884272997032 0.06 0.13056379821958458
0 0.6916666666666667 0.6795252225519288 0.058333333333333334 0.12462908011869436
0 0.6341666666666667 0.685459940652819 0.056666666666666664 0.12462908011869436
0 0.52 0.6899109792284867 0.05 0.12462908011869436
0 0.575 0.6899109792284867 0.055 0.12759643916913946
0 0.46416666666666667 0.6928783382789317 0.04833333333333333 0.11869436201780416
0 0.3591666666666667 0.7032640949554896 0.045 0.12166172106824925
0 0.4125 0.7032640949554896 0.05 0.11572700296735905
0 0.30833333333333335 0.7077151335311572 0.05333333333333334 0.12166172106824925
0 0.24666666666666667 0.7106824925816023 0.055 0.11572700296735905
0 0.19833333333333333 0.7166172106824926 0.05 0.10682492581602374
0 0.1525 0.7240356083086054 0.043333333333333335 0.10979228486646884
0 0.1025 0.7255192878338279 0.055 0.11275964391691394
0 0.0571 0.7472700296735906 0.06061666666666665 0.1061424332344214
0 0.02051666666666667 0.762433234421365 0.04103333333333334 0.09267062314540064
0 0.8983333333333333 0.7774480712166172 0.07333333333333333 0.13353115727002968
0 0.8291666666666667 0.7863501483679525 0.06833333333333333 0.13649851632047477
0 0.7608333333333334 0.7908011869436202 0.06333333333333334 0.12462908011869436
0 0.6966666666666667 0.8026706231454006 0.06333333333333334 0.11572700296735905
0 0.635 0.8056379821958457 0.058333333333333334 0.10979228486646884
0 0.5175 0.8086053412462908 0.06166666666666667 0.11572700296735905
0 0.5766666666666667 0.8086053412462908 0.055 0.10979228486646884
0 0.4575 0.8100890207715133 0.051666666666666666 0.12462908011869436
0 0.4058333333333333 0.8175074183976261 0.04833333333333333 0.11275964391691394
0 0.2891666666666667 0.8264094955489614 0.05333333333333334 0.11572700296735905
0 0.3491666666666667 0.8293768545994066 0.06 0.11572700296735905
0 0.18 0.8308605341246291 0.05 0.11275964391691394
0 0.23083333333333333 0.8308605341246291 0.05 0.12462908011869436
0 0.12916666666666668 0.8367952522255193 0.05 0.11572700296735905
0 0.07666666666666666 0.841246290801187 0.055 0.11275964391691394
0 0.03391666666666667 0.8601483679525223 0.05966666666666666 0.10278931750741836