0 0.20666666666666667 0.314540059347181 0.06 0.1394658753709199
0 0.27 0.31750741839762614 0.06333333333333334 0.1394658753709199
0 0.3325 0.32344213649851633 0.04666666666666667 0.13056379821958458
0 0.38666666666666666 0.3264094955489614 0.05333333333333334 0.12759643916913946
0 0.4375 0.3293768545994065 0.04666666666666667 0.12166172106824925
0 0.4866666666666667 0.3323442136498516 0.045 0.12759643916913946
0 0.5366666666666666 0.3367952522255193 0.045 0.11572700296735905
0 0.58645 0.3732344213649852 0.015366666666666712 0.09201780415430265
0 0.6120166666666667 0.3732344213649852 0.03879999999999995 0.09581602373887242
0 0.6530333333333334 0.3732344213649852 0.0387833333333333 0.09391691394658751
0 0.6921833333333334 0.37513353115727005 0.035033333333333305 0.09391691394658755
0 0.6122833333333333 0.4662017804154303 0.03720000000000008 0.086320474777448
0 0.6503833333333333 0.4671513353115727 0.03771666666666666 0.08821958456973299
0 0.6898 0.4681008902077151 0.03450000000000008 0.09011869436201782
0 0.46416666666666667 0.48516320474777447 0.045 0.12759643916913946
0 0.5183333333333333 0.48516320474777447 0.05 0.13056379821958458
0 0.41333333333333333 0.48813056379821956 0.04833333333333333 0.13353115727002968
0 0.3616666666666667 0.4896142433234421 0.05 0.13649851632047477
0 0.22916666666666666 0.526706231454006 0.043333333333333335 0.10979228486646884
0 0.27416666666666667 0.526706231454006 0.041666666666666664 0.10979228486646884
0 0.315 0.5281899109792285 0.03833333333333333 0.10089020771513353
0 0.18583333333333332 0.5311572700296736 0.03833333333333333 0.11275964391691394
0 0.20333333333333334 0.05489614243323442 0.05 0.10089020771513353
0 0.27416666666666667 0.05489614243323442 0.04833333333333333 0.10385756676557864
0 0.64 0.5862017804154303 0.031866666666666675 0.08727002967359059
0 0.6040333333333333 0.5890504451038575 0.03879999999999995 0.09486646884273005
0 0.32916666666666666 0.05934718100890208 0.04833333333333333 0.10979228486646884
0 0.5158333333333334 0.612759643916914 0.045 0.11572700296735905
0 0.41333333333333333 0.6172106824925816 0.04666666666666667 0.12166172106824925
0 0.4658333333333333 0.6172106824925816 0.04666666666666667 0.12166172106824925
0 0.3625 0.6216617210682492 0.04833333333333333 0.12759643916913946
0 0.38416666666666666 0.06231454005934718 0.045 0.11275964391691394
0 0.31583333333333335 0.6305637982195845 0.041666666666666664 0.09495548961424333
0 0.23083333333333333 0.6320474777448071 0.03833333333333333 0.08902077151335312
0 0.185 0.6335311572700296 0.045 0.08902077151335312
0 0.2725 0.6335311572700296 0.03833333333333333 0.09495548961424333
0 0.6690333333333334 0.6563798219584569 0.029399999999999978 0.09486646884273005
0 0.6378666666666667 0.6791394658753709 0.034183333333333316 0.09486646884273005
0 0.6021833333333333 0.685786350148368 0.03523333333333331 0.09296735905044505
0 0.43666666666666665 0.0712166172106825 0.045 0.11275964391691394
0 0.4891666666666667 0.07418397626112759 0.04666666666666667 0.10979228486646884
0 0.41333333333333333 0.7670623145400594 0.043333333333333335 0.13649851632047477
0 0.3625 0.7685459940652819 0.045 0.13353115727002968
0 0.515 0.7700296735905044 0.04666666666666667 0.1394658753709199
0 0.54 0.0771513353115727 0.05 0.12759643916913946
0 0.4625 0.7744807121661721 0.045 0.13056379821958458
0 0.3075 0.7774480712166172 0.05 0.13056379821958458
0 0.25083333333333335 0.7789317507418397 0.056666666666666664 0.12462908011869436
0 0.19333333333333333 0.7818991097922848 0.056666666666666664 0.13056379821958458
0 0.41083333333333333 0.8753709198813057 0.045 0.06824925816023739
0 0.3625 0.884272997032641 0.05333333333333334 0.09198813056379822
0 0.6051 0.09106824925816023 0.03879999999999995 0.09486646884272995
0 0.5116666666666667 0.8902077151335311 0.04666666666666667 0.10385756676557864
0 0.4608333333333333 0.8961424332344213 0.051666666666666666 0.10682492581602374
0 0.30416666666666664 0.9094955489614244 0.051666666666666666 0.12759643916913946
0 0.25 0.9109792284866469 0.04833333333333333 0.12759643916913946
0 0.19333333333333333 0.913946587537092 0.051666666666666666 0.13056379821958458
0 0.6455833333333334 0.09391691394658754 0.036650000000000016 0.09296735905044509
0 0.6818 0.09486646884272996 0.031316666666666604 0.09106824925816023
0 0.205 0.17804154302670624 0.065 0.13353115727002968
0 0.2708333333333333 0.1795252225519288 0.06 0.13353115727002968
0 0.6029666666666667 0.18448071216617212 0.03773333333333331 0.08821958456973293
0 0.6431833333333333 0.18448071216617212 0.03398333333333331 0.08821958456973293
0 0.6786000000000001 0.18495548961424332 0.033450000000000084 0.08537091988130564
0 0.3308333333333333 0.1884272997032641 0.04833333333333333 0.1394658753709199
0 0.38416666666666666 0.19287833827893175 0.04833333333333333 0.142433234421365
0 0.435 0.19584569732937684 0.05 0.13649851632047477
0 0.4866666666666667 0.19732937685459942 0.045 0.13056379821958458
0 0.5366666666666666 0.21068249258160238 0.04666666666666667 0.1394658753709199
0 0.6128166666666667 0.2764985163204748 0.03613333333333325 0.09391691394658755
0 0.6538333333333334 0.27839762611275964 0.038250000000000076 0.09768545994065286
0 0.6940500000000001 0.2793471810089021 0.036633333333333365 0.0995845697329377