0 0.09738333333333334 0.30486646884272994 0.09108333333333332 0.13219584569732934
0 0.5225 0.31602373887240354 0.051666666666666666 0.11275964391691394
0 0.24333333333333335 0.31750741839762614 0.06 0.10979228486646884
0 0.30583333333333335 0.33086053412462907 0.056666666666666664 0.11869436201780416
0 0.5716666666666667 0.3353115727002967 0.04 0.11869436201780416
0 0.6125 0.34718100890207715 0.04 0.11275964391691394
0 0.36666666666666664 0.3545994065281899 0.055 0.11869436201780416
0 0.6566666666666666 0.3664688427299703 0.041666666666666664 0.09792284866468842
0 0.42083333333333334 0.37091988130563797 0.051666666666666666 0.10682492581602374
0 0.47333333333333333 0.4020771513353116 0.05 0.10979228486646884
0 0.02505 0.4108605341246291 0.0501 0.14620178041543025
0 0.5266666666666666 0.41839762611275966 0.05 0.08605341246290801
0 0.175 0.42433234421364985 0.075 0.13649851632047477
0 0.08601666666666667 0.43599406528189916 0.09706666666666668 0.14284866468842725
0 0.24083333333333334 0.4391691394658754 0.058333333333333334 0.13353115727002968
0 0.5758333333333333 0.4406528189910979 0.045 0.09792284866468842
0 0.98 0.443620178041543 0.03833333333333333 0.14836795252225518
0 0.30333333333333334 0.4540059347181009 0.056666666666666664 0.11572700296735905
0 0.6208333333333333 0.45548961424332346 0.045 0.10385756676557864
0 0.6641666666666667 0.4688427299703264 0.04 0.10385756676557864
0 0.36333333333333334 0.4732937685459941 0.055 0.12166172106824925
0 0.9558333333333333 0.47774480712166173 0.051666666666666666 0.10682492581602374
0 0.7066666666666667 0.4836795252225519 0.041666666666666664 0.10979228486646884
0 0.42083333333333334 0.4910979228486647 0.056666666666666664 0.12462908011869436
0 0.75 0.49851632047477745 0.03833333333333333 0.10089020771513353
0 0.4766666666666667 0.5148367952522255 0.051666666666666666 0.10979228486646884
0 0.7916666666666666 0.5148367952522255 0.051666666666666666 0.09792284866468842
0 0.8325 0.5207715133531158 0.041666666666666664 0.09495548961424333
0 0.8675 0.5207715133531158 0.043333333333333335 0.09792284866468842
0 0.9183333333333333 0.5207715133531158 0.058333333333333334 0.10979228486646884
0 0.53 0.5222551928783383 0.04833333333333333 0.11572700296735905
0 0.5808333333333333 0.5356083086053413 0.04666666666666667 0.09792284866468842
0 0.6283333333333333 0.5623145400593472 0.04666666666666667 0.10385756676557864
0 0.9725 0.5682492581602374 0.04666666666666667 0.0830860534124629
0 0.0151 0.5691097922848665 0.0302 0.1801483679525222
0 0.06805 0.5735014836795252 0.09706666666666668 0.13643916913946594
0 0.6741666666666667 0.5741839762611276 0.043333333333333335 0.10089020771513353
0 0.1725 0.5771513353115727 0.07666666666666666 0.1513353115727003
0 0.7183333333333334 0.5830860534124629 0.045 0.10089020771513353
0 0.24666666666666667 0.5934718100890207 0.065 0.1543026706231454
0 0.7633333333333333 0.5979228486646885 0.045 0.09495548961424333
0 0.31583333333333335 0.6053412462908012 0.065 0.1513353115727003
0 0.93 0.6097922848664689 0.04833333333333333 0.06231454005934718
0 0.8033333333333333 0.6112759643916914 0.04666666666666667 0.09495548961424333
0 0.8491666666666666 0.6216617210682492 0.045 0.10385756676557864
0 0.38166666666666665 0.6231454005934718 0.06166666666666667 0.1543026706231454
0 0.885 0.6231454005934718 0.04666666666666667 0.10089020771513353
0 0.4425 0.6409495548961425 0.056666666666666664 0.1513353115727003
0 0.9791666666666666 0.6528189910979229 0.03833333333333333 0.0830860534124629
0 0.49833333333333335 0.658753709198813 0.04666666666666667 0.13056379821958458
0 0.5525 0.6691394658753709 0.05333333333333334 0.12462908011869436
0 0.61 0.6780415430267063 0.05333333333333334 0.13353115727002968
0 0.9316666666666666 0.6869436201780416 0.05333333333333334 0.09198813056379822
0 0.6566666666666666 0.6913946587537092 0.045 0.12166172106824925
0 0.7008333333333333 0.7002967359050445 0.041666666666666664 0.11572700296735905
0 0.8316666666666667 0.701780415430267 0.04666666666666667 0.05934718100890208
0 0.7416666666666667 0.7195845697329377 0.045 0.11275964391691394
0 0.8658333333333333 0.7210682492581603 0.041666666666666664 0.10089020771513353
0 0.8966666666666666 0.7210682492581603 0.041666666666666664 0.08605341246290801
0 0.05248333333333333 0.7248664688427299 0.10185 0.16201780415430264
0 0.7866666666666666 0.7255192878338279 0.041666666666666664 0.11869436201780416
0 0.165 0.7403560830860534 0.07333333333333333 0.17210682492581603
0 0.24166666666666667 0.7507418397626113 0.07166666666666667 0.1661721068249258
0 0.3125 0.7626112759643917 0.06666666666666667 0.1632047477744807
0 0.3775 0.7804154302670623 0.06166666666666667 0.16023738872403562
0 0.78 0.7863501483679525 0.0016666666666666668 0.002967359050445104
0 0.44333333333333336 0.7922848664688428 0.058333333333333334 0.14836795252225518
0 0.5041666666666667 0.8026706231454006 0.058333333333333334 0.14540059347181009
0 0.5608333333333333 0.8086053412462908 0.06 0.1513353115727003
0 0.6191666666666666 0.8219584569732937 0.05 0.14836795252225518
0 0.6675 0.827893175074184 0.045 0.1394658753709199
0 0.7133333333333334 0.8367952522255193 0.041666666666666664 0.14540059347181009
0 0.7558333333333334 0.8456973293768546 0.04666666666666667 0.142433234421365
0 0.8058333333333333 0.8560830860534124 0.04833333333333333 0.13353115727002968
0 0.8541666666666666 0.8931750741839762 0.04666666666666667 0.06824925816023739
0 0.36833333333333335 0.23590504451038577 0.058333333333333334 0.11869436201780416
0 0.4225 0.258160237388724 0.04666666666666667 0.10682492581602374
0 0.03435 0.267566765578635 0.06868333333333335 0.125786350148368
0 0.4708333333333333 0.2893175074183976 0.04666666666666667 0.11275964391691394
0 0.18083333333333335 0.2922848664688427 0.06166666666666667 0.13353115727002968