0 0.22583333333333333 0.3397626112759644 0.05333333333333334 0.11275964391691394
0 0.2175 0.4495548961424332 0.05333333333333334 0.10385756676557864
0 0.20333333333333334 0.5637982195845698 0.05333333333333334 0.12166172106824925
0 0.1975 0.6884272997032641 0.058333333333333334 0.11869436201780416
0 0.2816666666666667 0.34421364985163205 0.05 0.11275964391691394
0 0.27416666666666667 0.44807121661721067 0.056666666666666664 0.09792284866468842
0 0.265 0.5608308605341247 0.05 0.12462908011869436
0 0.26 0.6884272997032641 0.05333333333333334 0.13056379821958458
0 0.3325 0.3456973293768546 0.045 0.10979228486646884
0 0.38333333333333336 0.3397626112759644 0.041666666666666664 0.11275964391691394
0 0.43666666666666665 0.34124629080118696 0.05 0.11869436201780416
0 0.49 0.34124629080118696 0.04833333333333333 0.10979228486646884
0 0.5441666666666667 0.3323442136498516 0.05 0.10979228486646884
0 0.5975 0.33086053412462907 0.04666666666666667 0.10979228486646884
0 0.65 0.32344213649851633 0.051666666666666666 0.11275964391691394
0 0.7008333333333333 0.31750741839762614 0.05 0.11869436201780416
0 0.32666666666666666 0.4465875370919881 0.051666666666666666 0.10089020771513353
0 0.325 0.5623145400593472 0.05 0.12462908011869436
0 0.38166666666666665 0.45103857566765576 0.04833333333333333 0.10682492581602374
0 0.38 0.5637982195845698 0.04833333333333333 0.11869436201780416
0 0.37916666666666665 0.6869436201780416 0.051666666666666666 0.13056379821958458
0 0.435 0.45252225519287836 0.04833333333333333 0.10682492581602374
0 0.435 0.56973293768546 0.05333333333333334 0.11869436201780416
0 0.435 0.6884272997032641 0.05333333333333334 0.11572700296735905
0 0.4925 0.45252225519287836 0.051666666666666666 0.10979228486646884
0 0.49416666666666664 0.5667655786350149 0.05333333333333334 0.12759643916913946
0 0.4925 0.6884272997032641 0.055 0.11572700296735905
0 0.5483333333333333 0.4495548961424332 0.056666666666666664 0.11275964391691394
0 0.5508333333333333 0.5652818991097923 0.055 0.12166172106824925
0 0.5483333333333333 0.6824925816023739 0.05333333333333334 0.11572700296735905
0 0.6008333333333333 0.4421364985163205 0.051666666666666666 0.11275964391691394
0 0.6033333333333334 0.5593471810089021 0.051666666666666666 0.11869436201780416
0 0.6041666666666666 0.6795252225519288 0.05 0.12462908011869436
0 0.6525 0.4406528189910979 0.056666666666666664 0.12462908011869436
0 0.6591666666666667 0.5608308605341247 0.058333333333333334 0.12166172106824925
0 0.6633333333333333 0.6810089020771514 0.065 0.12166172106824925
0 0.7083333333333334 0.4362017804154303 0.056666666666666664 0.11275964391691394
0 0.7191666666666666 0.5534124629080118 0.058333333333333334 0.12462908011869436
0 0.7233333333333334 0.6810089020771514 0.058333333333333334 0.12166172106824925
0 0.32166666666666666 0.6884272997032641 0.051666666666666666 0.12462908011869436
0 0.16166666666666665 0.456973293768546 0.05 0.12166172106824925
0 0.14666666666666667 0.56973293768546 0.05 0.10979228486646884
0 0.1375 0.6899109792284867 0.058333333333333334 0.12462908011869436