0 0.27666666666666667 0.4228486646884273 0.125 0.3323442136498516
0 0.6441666666666667 0.4228486646884273 0.13666666666666666 0.3353115727002967
0 0.5075 0.42433234421364985 0.12333333333333334 0.3264094955489614
0 0.39166666666666666 0.43768545994065283 0.1 0.3026706231454006
0 0.9328833333333334 0.49231454005934716 0.1253000000000001 0.23468842729970324
0 0.7897333333333333 0.5017507418397626 0.1298999999999999 0.24818991097922843
0 0.39166666666666666 0.7581602373887241 0.1 0.3293768545994065
0 0.2733333333333333 0.7596439169139466 0.13333333333333333 0.3293768545994065
0 0.5083333333333333 0.7685459940652819 0.12833333333333333 0.35311572700296734
0 0.645 0.7685459940652819 0.13666666666666666 0.35311572700296734
0 0.7882166666666667 0.7944510385756677 0.15109999999999996 0.3533827893175075
0 0.92835 0.795786350148368 0.1253000000000001 0.3722551928783383
0 0.2816666666666667 0.1261127596439169 0.12 0.24925816023738873
0 0.6425 0.12759643916913946 0.12833333333333333 0.2522255192878338
0 0.5083333333333333 0.13204747774480713 0.12333333333333334 0.2551928783382789
0 0.39666666666666667 0.14540059347181009 0.095 0.27596439169139464
0 0.7852 0.2643620178041543 0.12081666666666668 0.23198813056379824
0 0.9344 0.2643620178041543 0.1222666666666665 0.23738872403560832