0 0.17359050445103857 0.19583333333333333 0.11869436201780416 0.085
0 0.8857566765578635 0.19666666666666666 0.11572700296735905 0.10666666666666667
0 0.973293768545994 0.19666666666666666 0.04747774480712166 0.1
0 0.7640949554896143 0.20166666666666666 0.12166172106824925 0.105
0 0.6483679525222552 0.20416666666666666 0.10682492581602374 0.095
0 0.5400593471810089 0.20666666666666667 0.10089020771513353 0.095
0 0.44510385756676557 0.21833333333333332 0.09198813056379822 0.08333333333333333
0 0.35311572700296734 0.21916666666666668 0.08902077151335312 0.08
0 0.27002967359050445 0.2866666666666667 0.08011869436201781 0.1
0 0.17655786350148367 0.2875 0.10979228486646884 0.095
0 0.5445103857566765 0.29833333333333334 0.10089020771513353 0.08833333333333333
0 0.6468842729970327 0.2991666666666667 0.10385756676557864 0.09166666666666666
0 0.9599406528189911 0.3 0.04154302670623145 0.10166666666666667
0 0.7640949554896143 0.30083333333333334 0.11572700296735905 0.09333333333333334
0 0.4495548961424332 0.3016666666666667 0.08605341246290801 0.08
0 0.3590504451038576 0.3025 0.09198813056379822 0.08166666666666667
0 0.8813056379821959 0.3025 0.11572700296735905 0.09833333333333333
0 0.09198813056379822 0.395 0.10385756676557864 0.095
0 0.18694362017804153 0.4 0.0830860534124629 0.095
0 0.28635014836795253 0.405 0.11275964391691394 0.1
0 0.39465875370919884 0.41333333333333333 0.10089020771513353 0.10166666666666667
0 0.5059347181008902 0.4175 0.11869436201780416 0.105
0 0.6112759643916914 0.4708333333333333 0.08902077151335312 0.085
0 0.7032640949554896 0.47583333333333333 0.09198813056379822 0.09
0 0.8086053412462908 0.4825 0.10385756676557864 0.09
0 0.09643916913946587 0.4866666666666667 0.08902077151335312 0.08833333333333333
0 0.9050445103857567 0.49 0.0830860534124629 0.09833333333333333
0 0.18545994065281898 0.49416666666666664 0.08605341246290801 0.09333333333333334
0 0.28635014836795253 0.49916666666666665 0.11275964391691394 0.08833333333333333
0 0.39465875370919884 0.5108333333333334 0.10385756676557864 0.09333333333333334
0 0.5074183976261127 0.5183333333333333 0.11869436201780416 0.09666666666666666
0 0.612759643916914 0.5525 0.08902077151335312 0.08
0 0.701780415430267 0.5608333333333333 0.08902077151335312 0.07833333333333334
0 0.798219584569733 0.5708333333333333 0.10385756676557864 0.08333333333333333
0 0.10237388724035608 0.5725 0.08902077151335312 0.07833333333333334
0 0.8991097922848664 0.5816666666666667 0.08902077151335312 0.08333333333333333
0 0.18694362017804153 0.5816666666666667 0.08605341246290801 0.08166666666666667
0 0.28635014836795253 0.5916666666666667 0.11572700296735905 0.09333333333333334
0 0.39317507418397624 0.6033333333333334 0.10089020771513353 0.09
0 0.5044510385756676 0.6141666666666666 0.11275964391691394 0.09333333333333334
0 0.6083086053412463 0.6316666666666667 0.08902077151335312 0.07666666666666666
0 0.6958456973293768 0.6441666666666667 0.08902077151335312 0.08833333333333333
0 0.7952522255192879 0.6533333333333333 0.09495548961424333 0.08666666666666667
0 0.8887240356083086 0.665 0.0830860534124629 0.08333333333333333
0 0.11127596439169139 0.6691666666666667 0.0771513353115727 0.08166666666666667
0 0.017804154302670624 0.6733333333333333 0.032640949554896145 0.06833333333333333
0 0.19287833827893175 0.6808333333333333 0.08605341246290801 0.08
0 0.28635014836795253 0.6983333333333334 0.09495548961424333 0.08
0 0.38130563798219586 0.71 0.09198813056379822 0.08333333333333333
0 0.4896142433234421 0.7258333333333333 0.11275964391691394 0.095
0 0.6068249258160238 0.7433333333333333 0.10385756676557864 0.09666666666666666
0 0.01483679525222552 0.7433333333333333 0.02967359050445104 0.07
0 0.11572700296735905 0.7458333333333333 0.0771513353115727 0.07333333333333333
0 0.19584569732937684 0.7591666666666667 0.0771513353115727 0.07333333333333333
0 0.7255192878338279 0.76 0.11572700296735905 0.10166666666666667
0 0.28486646884273 0.7783333333333333 0.09792284866468842 0.07833333333333334
0 0.8516320474777448 0.78 0.11869436201780416 0.105
0 0.3798219584569733 0.7925 0.09495548961424333 0.08166666666666667
0 0.9777448071216617 0.8033333333333333 0.03857566765578635 0.11
0 0.01483679525222552 0.8075 0.02967359050445104 0.06166666666666667
0 0.48813056379821956 0.8158333333333333 0.11275964391691394 0.08833333333333333
0 0.11869436201780416 0.8191666666666667 0.0712166172106825 0.07333333333333333
0 0.6008902077151336 0.8308333333333333 0.10682492581602374 0.08666666666666667
0 0.19732937685459942 0.8366666666666667 0.08605341246290801 0.07833333333333334
0 0.7136498516320475 0.8466666666666667 0.12166172106824925 0.09
0 0.2878338278931751 0.8558333333333333 0.08902077151335312 0.075
0 0.844213649851632 0.8708333333333333 0.11275964391691394 0.1
0 0.3798219584569733 0.8741666666666666 0.09792284866468842 0.08166666666666667
0 0.4821958456973294 0.8991666666666667 0.10385756676557864 0.07666666666666666
0 0.599406528189911 0.9125 0.09792284866468842 0.08166666666666667
0 0.9703264094955489 0.9166666666666666 0.05341246290801187 0.11666666666666667
0 0.712166172106825 0.9383333333333334 0.11275964391691394 0.09166666666666666
0 0.8338278931750742 0.9541666666666667 0.10979228486646884 0.08666666666666667