0 0.8733333333333333 0.31008902077151335 0.058333333333333334 0.142433234421365
0 0.8091666666666667 0.3219584569732938 0.06166666666666667 0.142433234421365
0 0.7466666666666667 0.3249258160237389 0.06333333333333334 0.14836795252225518
0 0.6791666666666667 0.33086053412462907 0.06166666666666667 0.1394658753709199
0 0.6233333333333333 0.33827893175074186 0.056666666666666664 0.14540059347181009
0 0.565 0.34718100890207715 0.06166666666666667 0.1543026706231454
0 0.5025 0.3516320474777448 0.058333333333333334 0.14836795252225518
0 0.445 0.3545994065281899 0.055 0.14836795252225518
0 0.3875 0.3560830860534125 0.06 0.14836795252225518
0 0.325 0.3590504451038576 0.056666666666666664 0.16023738872403562
0 0.2575 0.3649851632047478 0.07166666666666667 0.1543026706231454
0 0.19583333333333333 0.37388724035608306 0.04833333333333333 0.13649851632047477
0 0.14083333333333334 0.3768545994065282 0.055 0.13056379821958458
0 0.865 0.5326409495548962 0.045 0.16023738872403562
0 0.6208333333333333 0.5356083086053413 0.065 0.1513353115727003
0 0.7475 0.5356083086053413 0.055 0.13649851632047477
0 0.8091666666666667 0.5370919881305638 0.056666666666666664 0.1513353115727003
0 0.6816666666666666 0.543026706231454 0.058333333333333334 0.14540059347181009
0 0.56 0.5519287833827893 0.055 0.142433234421365
0 0.5041666666666667 0.5548961424332344 0.058333333333333334 0.14540059347181009
0 0.38916666666666666 0.5608308605341247 0.06 0.1394658753709199
0 0.44583333333333336 0.5623145400593472 0.051666666666666666 0.142433234421365
0 0.3275 0.5667655786350149 0.056666666666666664 0.1394658753709199
0 0.15333333333333332 0.56973293768546 0.05333333333333334 0.12166172106824925
0 0.21166666666666667 0.5756676557863502 0.055 0.14836795252225518
0 0.26916666666666667 0.5771513353115727 0.055 0.142433234421365
0 0.8691000000000001 0.6546884272997032 0.04826666666666673 0.07688427299703271
0 0.6225 0.6869436201780416 0.06333333333333334 0.1513353115727003
0 0.7541666666666667 0.6899109792284867 0.06333333333333334 0.1543026706231454
0 0.685 0.6913946587537092 0.06166666666666667 0.1513353115727003
0 0.8158333333333333 0.6913946587537092 0.055 0.1513353115727003
0 0.5641666666666667 0.7002967359050445 0.055 0.14836795252225518
0 0.5066666666666667 0.7032640949554896 0.058333333333333334 0.14836795252225518
0 0.39 0.7091988130563798 0.056666666666666664 0.14836795252225518
0 0.4475 0.7106824925816023 0.06 0.14836795252225518
0 0.3308333333333333 0.712166172106825 0.056666666666666664 0.1513353115727003
0 0.2708333333333333 0.7181008902077152 0.058333333333333334 0.142433234421365
0 0.215 0.7210682492581603 0.055 0.1394658753709199
0 0.7541666666666667 0.8353115727002968 0.06 0.14540059347181009
0 0.8158333333333333 0.8367952522255193 0.058333333333333334 0.14836795252225518
0 0.69 0.8382789317507419 0.06166666666666667 0.142433234421365
0 0.6258333333333334 0.841246290801187 0.06333333333333334 0.16023738872403562
0 0.51 0.8486646884272997 0.06 0.14540059347181009
0 0.565 0.8486646884272997 0.051666666666666666 0.1394658753709199
0 0.44916666666666666 0.8545994065281899 0.056666666666666664 0.142433234421365
0 0.3908333333333333 0.8560830860534124 0.05333333333333334 0.1394658753709199
0 0.335 0.8605341246290801 0.05333333333333334 0.14540059347181009
0 0.16 0.8605341246290801 0.055 0.14540059347181009
0 0.2733333333333333 0.8620178041543026 0.055 0.142433234421365
0 0.21666666666666667 0.8664688427299704 0.05333333333333334 0.14836795252225518
0 0.8691666666666666 0.15875370919881307 0.058333333333333334 0.1572700296735905
0 0.8066666666666666 0.16913946587537093 0.06166666666666667 0.1543026706231454
0 0.745 0.17210682492581603 0.06 0.1572700296735905
0 0.6808333333333333 0.1795252225519288 0.06 0.1632047477744807
0 0.6225 0.18991097922848665 0.06166666666666667 0.1513353115727003
0 0.5625 0.19584569732937684 0.056666666666666664 0.14540059347181009
0 0.5016666666666667 0.19881305637982197 0.06 0.14836795252225518
0 0.3258333333333333 0.20474777448071216 0.05333333333333334 0.1513353115727003
0 0.44583333333333336 0.2062314540059347 0.04833333333333333 0.1513353115727003
0 0.38666666666666666 0.21068249258160238 0.056666666666666664 0.142433234421365
0 0.26 0.21364985163204747 0.07666666666666666 0.142433234421365
0 0.195 0.22997032640949555 0.05 0.14540059347181009
0 0.14083333333333334 0.2344213649851632 0.05 0.142433234421365