0 0.6233333333333333 0.2288888888888889 0.03166666666666667 0.1111111111111111
0 0.8308333333333333 0.23555555555555555 0.01 0.08888888888888889
0 0.6575 0.23777777777777778 0.035 0.1
0 0.8416666666666667 0.2477777777777778 0.011666666666666667 0.08444444444444445
0 0.6891666666666667 0.2544444444444444 0.02666666666666667 0.11333333333333333
0 0.8541666666666666 0.2577777777777778 0.013333333333333334 0.08
0 0.8675 0.26666666666666666 0.011666666666666667 0.07111111111111111
0 0.7141666666666666 0.2722222222222222 0.021666666666666667 0.09333333333333334
0 0.8816666666666667 0.2777777777777778 0.013333333333333334 0.06888888888888889
0 0.7366666666666667 0.2822222222222222 0.023333333333333334 0.1
0 0.895 0.28444444444444444 0.013333333333333334 0.06666666666666667
0 0.7591666666666667 0.2911111111111111 0.021666666666666667 0.09111111111111111
0 0.9091666666666667 0.29333333333333333 0.013333333333333334 0.07111111111111111
0 0.23666666666666666 0.3 0.056666666666666664 0.19777777777777777
0 0.7841666666666667 0.3011111111111111 0.02666666666666667 0.08444444444444445
0 0.9225 0.30333333333333334 0.013333333333333334 0.06666666666666667
0 0.9416666666666667 0.3111111111111111 0.02 0.06
0 0.31166666666666665 0.31333333333333335 0.08666666666666667 0.18666666666666668
0 0.9575 0.31555555555555553 0.011666666666666667 0.06222222222222222
0 0.8266666666666667 0.31777777777777777 0.006666666666666667 0.08444444444444445
0 0.9716666666666667 0.32666666666666666 0.013333333333333334 0.05333333333333334
0 0.8358333333333333 0.3277777777777778 0.01 0.08444444444444445
0 0.445 0.03333333333333333 0.065 0.06666666666666667
0 0.3925 0.3333333333333333 0.07333333333333333 0.16
0 0.8491666666666666 0.33444444444444443 0.015 0.07777777777777778
0 0.8616666666666667 0.3377777777777778 0.016666666666666666 0.07777777777777778
0 0.4525 0.34444444444444444 0.04666666666666667 0.14444444444444443
0 0.8758333333333334 0.34555555555555556 0.011666666666666667 0.07111111111111111
0 0.8908333333333334 0.35333333333333333 0.016666666666666666 0.06888888888888889
0 0.9025 0.35777777777777775 0.01 0.06444444444444444
0 0.4975 0.3622222222222222 0.041666666666666664 0.13333333333333333
0 0.9191666666666667 0.3655555555555556 0.016666666666666666 0.06666666666666667
0 0.9358333333333333 0.37 0.015 0.057777777777777775
0 0.95 0.37333333333333335 0.008333333333333333 0.057777777777777775
0 0.9583333333333334 0.37444444444444447 0.011666666666666667 0.06
0 0.545 0.37555555555555553 0.05 0.12444444444444444
0 0.5891666666666666 0.38222222222222224 0.03666666666666667 0.12222222222222222
0 0.97 0.38333333333333336 0.013333333333333334 0.05555555555555555
0 0.6275 0.3933333333333333 0.035 0.1111111111111111
0 0.6616666666666666 0.4033333333333333 0.03 0.10444444444444445
0 0.69 0.4066666666666667 0.023333333333333334 0.10666666666666667
0 0.715 0.4111111111111111 0.02666666666666667 0.1
0 0.7416666666666667 0.4166666666666667 0.021666666666666667 0.09555555555555556
0 0.7641666666666667 0.4211111111111111 0.016666666666666666 0.08666666666666667
0 0.8233333333333334 0.4211111111111111 0.011666666666666667 0.07777777777777778
0 0.7875 0.42444444444444446 0.023333333333333334 0.08666666666666667
0 0.8341666666666666 0.42777777777777776 0.011666666666666667 0.07333333333333333
0 0.85 0.43555555555555553 0.016666666666666666 0.07555555555555556
0 0.8658333333333333 0.43666666666666665 0.011666666666666667 0.06888888888888889
0 0.8883333333333333 0.44333333333333336 0.008333333333333333 0.07111111111111111
0 0.8783333333333333 0.4444444444444444 0.008333333333333333 0.06888888888888889
0 0.9033333333333333 0.4488888888888889 0.018333333333333333 0.07111111111111111
0 0.9208333333333333 0.45222222222222225 0.011666666666666667 0.06666666666666667
0 0.9375 0.45666666666666667 0.02 0.06444444444444444
0 0.9516666666666667 0.46 0.01 0.06222222222222222
0 0.9908333333333333 0.4866666666666667 0.015 0.057777777777777775
0 0.4425 0.48777777777777775 0.045 0.13333333333333333
0 0.38333333333333336 0.49 0.07333333333333333 0.14888888888888888
0 0.49 0.49 0.04666666666666667 0.1288888888888889
0 0.5416666666666666 0.49777777777777776 0.05 0.11333333333333333
0 0.5866666666666667 0.4988888888888889 0.03833333333333333 0.10888888888888888
0 0.6225 0.5 0.03666666666666667 0.10444444444444445
0 0.8208333333333333 0.5044444444444445 0.008333333333333333 0.08666666666666667
0 0.6558333333333334 0.5055555555555555 0.03333333333333333 0.1
0 0.6858333333333333 0.5066666666666667 0.03 0.09111111111111111
0 0.8325 0.5077777777777778 0.013333333333333334 0.08
0 0.715 0.5088888888888888 0.03166666666666667 0.08666666666666667
0 0.7425 0.5088888888888888 0.023333333333333334 0.08666666666666667
0 0.7625 0.5088888888888888 0.015 0.08444444444444445
0 0.7791666666666667 0.5111111111111111 0.015 0.08
0 0.8475 0.5111111111111111 0.011666666666666667 0.07111111111111111
0 0.8616666666666667 0.5133333333333333 0.016666666666666666 0.07333333333333333
0 0.8875 0.5155555555555555 0.013333333333333334 0.06888888888888889
0 0.8758333333333334 0.5166666666666667 0.01 0.07333333333333333
0 0.9033333333333333 0.5188888888888888 0.016666666666666666 0.06666666666666667
0 0.9358333333333333 0.5188888888888888 0.021666666666666667 0.06222222222222222
0 0.9533333333333334 0.5188888888888888 0.015 0.057777777777777775
0 0.9191666666666667 0.52 0.011666666666666667 0.06444444444444444
0 0.9908333333333333 0.5388888888888889 0.015 0.04666666666666667
0 0.9469166666666666 0.6002444444444445 0.025283333333333456 0.0725111111111111
0 0.9197333333333334 0.6094222222222222 0.023550000000000182 0.051133333333333315
0 0.5341666666666667 0.06333333333333334 0.065 0.12666666666666668
0 0.9016833333333333 0.6265777777777777 0.010433333333333319 0.08088888888888884
0 0.8825 0.6315555555555555 0.02588333333333329 0.08624444444444458
0 0.8584833333333334 0.640311111111111 0.014400000000000072 0.07937777777777784
0 0.8425 0.6433333333333333 0.015 0.07555555555555556
0 0.8216666666666667 0.6522222222222223 0.02666666666666667 0.08444444444444445
0 0.9202999999999999 0.6616888888888889 0.025849999999999984 0.04731111111111103
0 0.7616666666666667 0.6633333333333333 0.02666666666666667 0.09777777777777778
0 0.725 0.6755555555555556 0.02666666666666667 0.1
0 0.9941666666666666 0.68 0.008333333333333333 0.07555555555555556
0 0.6966666666666667 0.6811111111111111 0.03 0.10444444444444445
0 0.6666666666666666 0.6855555555555556 0.028333333333333332 0.10666666666666667
0 0.9729666666666666 0.6895555555555556 0.03368333333333339 0.0709777777777779
0 0.6375 0.6955555555555556 0.028333333333333332 0.10888888888888888
0 0.95665 0.6968 0.029683333333333242 0.05953333333333325
0 0.90085 0.7006222222222221 0.0075166666666666515 0.06411111111111116
0 0.6025 0.7022222222222222 0.04 0.12444444444444444
0 0.88795 0.7055777777777777 0.01615000000000009 0.05875555555555568
0 0.5641666666666667 0.7111111111111111 0.03666666666666667 0.12666666666666668
0 0.8716333333333334 0.7112888888888889 0.01306666666666653 0.06715555555555562
0 0.8573333333333333 0.715488888888889 0.012116666666666637 0.06944444444444445
0 0.9202999999999999 0.715488888888889 0.028133333333333514 0.05417777777777777
0 0.8433333333333334 0.7211111111111111 0.011666666666666667 0.07333333333333333
0 0.5233333333333333 0.7233333333333334 0.041666666666666664 0.13555555555555557
0 0.8191666666666667 0.7322222222222222 0.03166666666666667 0.08
0 0.47833333333333333 0.7366666666666667 0.04666666666666667 0.1511111111111111
0 0.9586500000000001 0.7490666666666667 0.02911666666666671 0.041977777777777746
0 0.7583333333333333 0.75 0.023333333333333334 0.08444444444444445
0 0.42 0.7555555555555555 0.065 0.1622222222222222
0 0.7383333333333333 0.7555555555555555 0.013333333333333334 0.09333333333333334
0 0.9202999999999999 0.7662444444444444 0.029283333333333227 0.04273333333333337
0 0.8991333333333333 0.7674 0.008666666666666743 0.0648666666666668
0 0.35333333333333333 0.7688888888888888 0.065 0.1688888888888889
0 0.7208333333333333 0.7711111111111111 0.023333333333333334 0.09555555555555556
0 0.8876666666666667 0.7738888888888888 0.013266666666666727 0.07022222222222227
0 0.2808333333333333 0.7811111111111111 0.07833333333333334 0.17777777777777778
0 0.8708333333333333 0.7822222222222223 0.016666666666666666 0.07111111111111111
0 0.6941666666666667 0.7833333333333333 0.02666666666666667 0.09777777777777778
0 0.95695 0.788 0.026966666666666774 0.03433333333333344
0 0.8533333333333334 0.7888888888888889 0.016666666666666666 0.07111111111111111
0 0.21166666666666667 0.79 0.058333333333333334 0.17777777777777778
0 0.6666666666666666 0.7922222222222223 0.028333333333333332 0.1111111111111111
0 0.8383333333333334 0.7977777777777778 0.013333333333333334 0.07111111111111111
0 0.635 0.8088888888888889 0.03166666666666667 0.11555555555555555
0 0.8175 0.8155555555555556 0.03 0.08444444444444445
0 0.5983333333333334 0.8188888888888889 0.041666666666666664 0.12
0 0.5875 0.08333333333333333 0.04 0.14
0 0.7583333333333333 0.8311111111111111 0.021666666666666667 0.08222222222222222
0 0.9563666666666667 0.8360888888888889 0.02009999999999991 0.052666666666666764
0 0.5575 0.8377777777777777 0.04 0.12666666666666668
0 0.7408333333333333 0.8455555555555555 0.015 0.09111111111111111
0 0.5183333333333333 0.8588888888888889 0.03666666666666667 0.13333333333333333
0 0.7208333333333333 0.8655555555555555 0.025 0.09555555555555556
0 0.47333333333333333 0.88 0.04833333333333333 0.13333333333333333
0 0.695 0.8833333333333333 0.02666666666666667 0.10222222222222223
0 0.6641666666666667 0.9 0.03333333333333333 0.10888888888888888
0 0.415 0.9066666666666666 0.06333333333333334 0.14444444444444443
0 0.6308333333333334 0.9177777777777778 0.03 0.10666666666666667
0 0.3516666666666667 0.9255555555555556 0.06333333333333334 0.14444444444444443
0 0.2791666666666667 0.9344444444444444 0.07833333333333334 0.12666666666666668
0 0.21083333333333334 0.9377777777777778 0.06 0.11777777777777777
0 0.595 0.9377777777777778 0.03666666666666667 0.11555555555555555
0 0.5583333333333333 0.9477777777777778 0.03666666666666667 0.1
0 0.5158333333333334 0.9633333333333334 0.04 0.07111111111111111
0 0.4708333333333333 0.9744444444444444 0.051666666666666666 0.04666666666666667
0 0.625 0.11 0.03166666666666667 0.12222222222222222
0 0.3775 0.11444444444444445 0.058333333333333334 0.13333333333333333
0 0.6616666666666666 0.13555555555555557 0.035 0.11777777777777777
0 0.44083333333333335 0.1411111111111111 0.065 0.14444444444444443
0 0.6925 0.14888888888888888 0.025 0.10444444444444445
0 0.495 0.16777777777777778 0.043333333333333335 0.13111111111111112
0 0.7175 0.17 0.025 0.10666666666666667
0 0.7425 0.18333333333333332 0.018333333333333333 0.09555555555555556
0 0.5391666666666667 0.18777777777777777 0.045 0.12666666666666668
0 0.7641666666666667 0.2 0.023333333333333334 0.08888888888888889
0 0.585 0.2111111111111111 0.041666666666666664 0.12
0 0.7891666666666667 0.21333333333333335 0.021666666666666667 0.08666666666666667