0 0.4216666666666667 0.29673590504451036 0.03833333333333333 0.09495548961424333
0 0.7998833333333334 0.2973293768545994 0.02930000000000007 0.09735905044510386
0 0.8369 0.30032640949554895 0.037699999999999914 0.07937685459940653
0 0.8693500000000001 0.316973293768546 0.027966666666666622 0.06866468842729967
0 0.4533333333333333 0.3189910979228487 0.02 0.09198813056379822
0 0.5666666666666667 0.3189910979228487 0.045 0.09495548961424333
0 0.9042 0.3227893175074184 0.04103333333333315 0.09436201780415433
0 0.9449833333333334 0.33403560830860535 0.03513333333333321 0.09287833827893179
0 0.7259666666666666 0.3344213649851632 0.04479999999999999 0.1002373887240356
0 0.6016666666666667 0.33827893175074186 0.03 0.08605341246290801
0 0.9816666666666667 0.33827893175074186 0.03333333333333333 0.0830860534124629
0 0.6366666666666667 0.34421364985163205 0.03666666666666667 0.0771513353115727
0 0.6907166666666666 0.35335311572700295 0.02191666666666663 0.07560830860534122
0 0.3383333333333333 0.3694362017804154 0.03 0.0830860534124629
0 0.8015666666666666 0.38047477744807123 0.025933333333333242 0.08388724035608307
0 0.8352166666666666 0.3879525222551929 0.037699999999999914 0.07489614243323445
0 0.8709666666666668 0.38943620178041544 0.03514999999999986 0.07189910979228488
0 0.9091333333333333 0.39364985163204746 0.03533333333333341 0.07302670623145405
0 0.37666666666666665 0.39465875370919884 0.045 0.10385756676557864
0 0.4225 0.39465875370919884 0.041666666666666664 0.10089020771513353
0 0.9740166666666666 0.3962017804154303 0.03428333333333323 0.076379821958457
0 0.9421499999999999 0.40863501483679526 0.02839999999999994 0.057685459940652814
0 0.4525 0.4094955489614243 0.021666666666666667 0.08902077151335312
0 0.47833333333333333 0.4124629080118694 0.03 0.09495548961424333
0 0.74285 0.41275964391691394 0.041716666666666624 0.07836795252225523
0 0.5141666666666667 0.413946587537092 0.03833333333333333 0.09792284866468842
0 0.5641666666666667 0.4169139465875371 0.04666666666666667 0.09198813056379822
0 0.6516666666666666 0.4258160237388724 0.04 0.08902077151335312
0 0.60805 0.4260237388724035 0.04193333333333328 0.0847774480712166
0 0.6858333333333333 0.4332344213649852 0.03 0.08605341246290801
0 0.7142666666666667 0.44210682492581604 0.02100000000000004 0.10848664688427301
0 0.33666666666666667 0.45252225519287836 0.02666666666666667 0.0830860534124629
0 0.37583333333333335 0.49851632047477745 0.043333333333333335 0.10682492581602374
0 0.42 0.5014836795252225 0.03666666666666667 0.10979228486646884
0 0.4508333333333333 0.5044510385756676 0.025 0.09792284866468842
0 0.74285 0.511186943620178 0.04991666666666674 0.10388724035608306
0 0.4775 0.5118694362017804 0.02666666666666667 0.10089020771513353
0 0.5166666666666667 0.516320474777448 0.045 0.10682492581602374
0 0.5633333333333334 0.5192878338278932 0.045 0.10979228486646884
0 0.6091666666666666 0.5222551928783383 0.04 0.10089020771513353
0 0.6508333333333334 0.5237388724035609 0.043333333333333335 0.10089020771513353
0 0.6875 0.5252225519287834 0.03333333333333333 0.09495548961424333
0 0.9155500000000001 0.5302373887240356 0.0452333333333335 0.10186943620178036
0 0.9542333333333333 0.5317507418397626 0.03679999999999988 0.10186943620178036
0 0.9843166666666667 0.5324925816023739 0.031349999999999906 0.1153412462908012
0 0.8844333333333333 0.5340059347181009 0.026733333333333272 0.08537091988130559
0 0.8102833333333334 0.5341543026706231 0.02103333333333334 0.0756083086053413
0 0.3333333333333333 0.5370919881305638 0.03333333333333333 0.0830860534124629
0 0.8619666666666665 0.5374480712166172 0.019166666666666665 0.08545994065281902
0 0.8368666666666666 0.5407418397626113 0.02921666666666662 0.08988130563798226
0 0.37333333333333335 0.6068249258160238 0.04666666666666667 0.10979228486646884
0 0.42 0.6097922848664689 0.04666666666666667 0.10979228486646884
0 0.3308333333333333 0.615727002967359 0.03 0.08011869436201781
0 0.4691666666666667 0.615727002967359 0.04666666666666667 0.10089020771513353
0 0.5175 0.6186943620178041 0.045 0.10385756676557864
0 0.8158333333333333 0.6201780415430267 0.03 0.10682492581602374
0 0.8873666666666666 0.6216320474777448 0.020849999999999983 0.09587537091988131
0 0.5633333333333334 0.6231454005934718 0.045 0.09792284866468842
0 0.6083333333333333 0.6275964391691394 0.045 0.10682492581602374
0 0.6891666666666667 0.6275964391691394 0.03 0.10979228486646884
0 0.7459166666666667 0.6278041543026706 0.051949999999999934 0.1293768545994066
0 0.86 0.6298516320474777 0.03844999999999999 0.09436201780415433
0 0.9176500000000001 0.6298516320474777 0.04269999999999982 0.10335311572700293
0 0.6525 0.6305637982195845 0.04 0.10682492581602374
0 0.9571833333333333 0.6335905044510386 0.037649999999999864 0.10486646884272989
0 0.9876833333333334 0.6455786350148368 0.024616666666666637 0.11982195845697328
0 0.82 0.7255192878338279 0.028333333333333332 0.10682492581602374
0 0.8574833333333334 0.7272106824925816 0.03844999999999999 0.10335311572700301
0 0.9248 0.7309792284866468 0.04186666666666648 0.11083086053412461
0 0.8915666666666667 0.7347181008902077 0.024199999999999968 0.09735905044510386
0 0.9635 0.7377151335311574 0.03511666666666656 0.09735905044510378
0 0.9875 0.744807121661721 0.021666666666666667 0.09495548961424333
0 0.7961 0.20670623145400593 0.028450000000000083 0.08988130563798218
0 0.9025166666666666 0.22842729970326411 0.04440000000000017 0.09136498516320472
0 0.86635 0.23741839762611278 0.029266666666666576 0.09136498516320472
0 0.9754833333333333 0.2516320474777448 0.049016666666666805 0.08388724035608312
0 0.9388666666666667 0.2559940652818991 0.023449999999999895 0.06353115727002967
0 0.37916666666666665 0.28338278931750743 0.043333333333333335 0.12166172106824925