0 0.21364985163204747 0.3125 0.07418397626112759 0.065
0 0.2952522255192878 0.3375 0.08011869436201781 0.08833333333333333
0 0.37537091988130566 0.3408333333333333 0.07418397626112759 0.07
0 0.4421364985163205 0.3491666666666667 0.06528189910979229 0.06666666666666667
0 0.5103857566765578 0.3591666666666667 0.06824925816023739 0.06166666666666667
0 0.5698813056379822 0.3685 0.0582789317507418 0.06459999999999999
0 0.6246290801186943 0.38 0.03857566765578635 0.058333333333333334
0 0.6824925816023739 0.3825 0.07418397626112759 0.06
0 0.7432344213649853 0.38948333333333335 0.046824925816023745 0.06
0 0.7922848664688428 0.39416666666666667 0.04451038575667656 0.056666666666666664
0 0.8323442136498517 0.4 0.032640949554896145 0.05333333333333334
0 0.8694362017804155 0.4041666666666667 0.04154302670623145 0.04833333333333333
0 0.913946587537092 0.4083333333333333 0.03857566765578635 0.05
0 0.2893175074183976 0.4141666666666667 0.0830860534124629 0.06666666666666667
0 0.37537091988130566 0.415 0.0771513353115727 0.07833333333333334
0 0.44807121661721067 0.42083333333333334 0.05934718100890208 0.07666666666666666
0 0.5059347181008902 0.4275 0.06528189910979229 0.07
0 0.5727002967359051 0.43666666666666665 0.05341246290801187 0.065
0 0.6320474777448071 0.44 0.05637982195845697 0.06
0 0.6913946587537092 0.4425 0.06528189910979229 0.056666666666666664
0 0.7451632047477745 0.45030000000000003 0.046824925816023655 0.06055000000000002
0 0.7893175074183977 0.4525 0.03857566765578635 0.056666666666666664
0 0.827893175074184 0.4558333333333333 0.03560830860534125 0.056666666666666664
0 0.8694362017804155 0.46 0.03857566765578635 0.056666666666666664
0 0.9094955489614244 0.46166666666666667 0.03857566765578635 0.05333333333333334
0 0.11869436201780416 0.515 0.07418397626112759 0.10166666666666667
0 0.20771513353115728 0.5208333333333334 0.10385756676557864 0.09166666666666666
0 0.37537091988130566 0.5216666666666666 0.0830860534124629 0.07833333333333334
0 0.29673590504451036 0.5225 0.07418397626112759 0.085
0 0.4540059347181009 0.5241666666666667 0.06231454005934718 0.07166666666666667
0 0.5192878338278932 0.5266666666666666 0.07418397626112759 0.07
0 0.5905044510385756 0.5275 0.06528189910979229 0.06833333333333333
0 0.6498516320474778 0.5291666666666667 0.05341246290801187 0.06333333333333334
0 0.7507418397626113 0.53 0.04451038575667656 0.06
0 0.701780415430267 0.5308333333333334 0.04747774480712166 0.06
0 0.7952522255192879 0.5308333333333334 0.04154302670623145 0.058333333333333334
0 0.884272997032641 0.5308333333333334 0.04154302670623145 0.05333333333333334
0 0.8397626112759644 0.5316666666666666 0.03857566765578635 0.05333333333333334
0 0.9198813056379822 0.5316666666666666 0.032640949554896145 0.051666666666666666
0 0.884272997032641 0.5816666666666667 0.04451038575667656 0.04833333333333333
0 0.8397626112759644 0.585 0.04154302670623145 0.051666666666666666
0 0.7477744807121661 0.5875 0.04747774480712166 0.055
0 0.7952522255192879 0.5875 0.04154302670623145 0.05333333333333334
0 0.6439169139465876 0.59 0.06231454005934718 0.058333333333333334
0 0.6988130563798219 0.59 0.04747774480712166 0.05333333333333334
0 0.5875370919881305 0.5925 0.05341246290801187 0.06
0 0.45252225519287836 0.5933333333333334 0.06231454005934718 0.06666666666666667
0 0.5207715133531158 0.5933333333333334 0.0771513353115727 0.06166666666666667
0 0.3768545994065282 0.595 0.0830860534124629 0.06833333333333333
0 0.28635014836795253 0.6 0.08902077151335312 0.06833333333333333
0 0.8620178041543026 0.6783333333333333 0.04451038575667656 0.06
0 0.9124629080118695 0.6791666666666667 0.03857566765578635 0.065
0 0.8130563798219584 0.6825 0.04154302670623145 0.065
0 0.7685459940652819 0.6891666666666667 0.03857566765578635 0.06833333333333333
0 0.7225519287833828 0.6908333333333333 0.04451038575667656 0.06666666666666667
0 0.6706231454005934 0.6958333333333333 0.04747774480712166 0.07
0 0.6186943620178041 0.7066666666666667 0.03857566765578635 0.075
0 0.5667655786350149 0.7091666666666666 0.06231454005934718 0.08166666666666667
0 0.4970326409495549 0.7208333333333333 0.0771513353115727 0.07833333333333334
0 0.4258160237388724 0.7225 0.050445103857566766 0.08
0 0.35311572700296734 0.7358333333333333 0.08011869436201781 0.08666666666666667
0 0.8590504451038575 0.74 0.050445103857566766 0.06166666666666667
0 0.9080118694362018 0.7408333333333333 0.04747774480712166 0.055
0 0.2685459940652819 0.7425 0.0771513353115727 0.095
0 0.8100890207715133 0.7466666666666667 0.04451038575667656 0.065
0 0.17655786350148367 0.7475 0.09495548961424333 0.095
0 0.7626112759643917 0.7533333333333333 0.04154302670623145 0.051666666666666666
0 0.09198813056379822 0.755 0.06824925816023739 0.1
0 0.7195845697329377 0.7583333333333333 0.04154302670623145 0.06333333333333334
0 0.6691394658753709 0.7625 0.050445103857566766 0.06333333333333334
0 0.6186943620178041 0.7725 0.04451038575667656 0.058333333333333334
0 0.5623145400593472 0.7858333333333334 0.05637982195845697 0.065
0 0.9109792284866469 0.7933333333333333 0.04747774480712166 0.04666666666666667
0 0.4910979228486647 0.7975 0.0712166172106825 0.07
0 0.8635014836795252 0.7991666666666667 0.04451038575667656 0.05333333333333334
0 0.4228486646884273 0.8 0.05934718100890208 0.07166666666666667
0 0.8100890207715133 0.8083333333333333 0.050445103857566766 0.056666666666666664
0 0.7640949554896143 0.8091666666666667 0.03560830860534125 0.055
0 0.7210682492581603 0.8175 0.04451038575667656 0.05333333333333334
0 0.34421364985163205 0.8233333333333334 0.08605341246290801 0.07666666666666666
0 0.6676557863501483 0.83 0.04451038575667656 0.056666666666666664
0 0.26409495548961426 0.8341666666666666 0.08011869436201781 0.08166666666666667
0 0.615727002967359 0.8366666666666667 0.04747774480712166 0.06666666666666667
0 0.08753709198813056 0.84 0.0712166172106825 0.06666666666666667
0 0.17062314540059348 0.8416666666666667 0.08902077151335312 0.085
0 0.5578635014836796 0.8525 0.05341246290801187 0.06166666666666667
0 0.48813056379821956 0.8658333333333333 0.07418397626112759 0.065
0 0.413946587537092 0.875 0.05637982195845697 0.07333333333333333
0 0.33827893175074186 0.8966666666666666 0.07418397626112759 0.065
0 0.2507418397626113 0.9108333333333334 0.08605341246290801 0.07
0 0.16023738872403562 0.9283333333333333 0.0830860534124629 0.08166666666666667