0 0.2916666666666667 0.27596439169139464 0.03333333333333333 0.10385756676557864
0 0.2866666666666667 0.37537091988130566 0.03 0.09495548961424333
0 0.27666666666666667 0.46735905044510384 0.035 0.09495548961424333
0 0.2725 0.5474777448071216 0.03333333333333333 0.06528189910979229
0 0.3325 0.27002967359050445 0.03833333333333333 0.10089020771513353
0 0.3275 0.36795252225519287 0.041666666666666664 0.09792284866468842
0 0.32166666666666666 0.4658753709198813 0.043333333333333335 0.09495548961424333
0 0.315 0.5459940652818991 0.041666666666666664 0.06528189910979229
0 0.3591666666666667 0.5445103857566765 0.03833333333333333 0.06824925816023739
0 0.4025 0.5459940652818991 0.041666666666666664 0.05934718100890208
0 0.445 0.5445103857566765 0.041666666666666664 0.06824925816023739
0 0.49083333333333334 0.5400593471810089 0.04666666666666667 0.08011869436201781
0 0.5283333333333333 0.5875370919881305 0.03166666666666667 0.10089020771513353
0 0.3725 0.26706231454005935 0.03666666666666667 0.10089020771513353
0 0.36916666666666664 0.3664688427299703 0.03333333333333333 0.09495548961424333
0 0.3616666666666667 0.46439169139465875 0.03666666666666667 0.10089020771513353
0 0.4033333333333333 0.45845697329376855 0.04666666666666667 0.10385756676557864
0 0.44916666666666666 0.4540059347181009 0.041666666666666664 0.10979228486646884
0 0.49333333333333335 0.4495548961424332 0.043333333333333335 0.10979228486646884
0 0.5308333333333334 0.47774480712166173 0.02666666666666667 0.10385756676557864
0 0.5308333333333334 0.2685459940652819 0.023333333333333334 0.09792284866468842
0 0.5325 0.37091988130563797 0.02666666666666667 0.10385756676557864
0 0.49666666666666665 0.3456973293768546 0.041666666666666664 0.09495548961424333
0 0.45416666666666666 0.35014836795252224 0.043333333333333335 0.10682492581602374
0 0.41 0.36053412462908013 0.04 0.09792284866468842
0 0.41333333333333333 0.2596439169139466 0.041666666666666664 0.10089020771513353
0 0.4575 0.24629080118694363 0.04 0.10089020771513353
0 0.5 0.24480712166172106 0.03833333333333333 0.10089020771513353
0 0.5683333333333334 0.3323442136498516 0.041666666666666664 0.09792284866468842
0 0.5675 0.4421364985163205 0.041666666666666664 0.10682492581602374
0 0.5666666666666667 0.5563798219584569 0.041666666666666664 0.11869436201780416
0 0.565 0.6543026706231454 0.04 0.0712166172106825
0 0.6116666666666667 0.33086053412462907 0.04 0.10385756676557864
0 0.6116666666666667 0.43768545994065283 0.043333333333333335 0.10979228486646884
0 0.6108333333333333 0.5459940652818991 0.04666666666666667 0.10385756676557864
0 0.6108333333333333 0.6483679525222552 0.043333333333333335 0.09792284866468842
0 0.6583333333333333 0.3249258160237389 0.04666666666666667 0.11275964391691394
0 0.6575 0.4406528189910979 0.043333333333333335 0.11275964391691394
0 0.6575 0.5489614243323442 0.04666666666666667 0.10682492581602374
0 0.6583333333333333 0.6498516320474778 0.051666666666666666 0.09198813056379822
0 0.7058333333333333 0.3249258160237389 0.05 0.11275964391691394
0 0.7075 0.43471810089020774 0.051666666666666666 0.11275964391691394
0 0.71 0.5445103857566765 0.055 0.10682492581602374
0 0.7108333333333333 0.6483679525222552 0.056666666666666664 0.09495548961424333
0 0.21916666666666668 0.28338278931750743 0.03833333333333333 0.0830860534124629
0 0.2575 0.2818991097922849 0.03166666666666667 0.08605341246290801
0 0.21833333333333332 0.37537091988130566 0.035 0.0830860534124629
0 0.2525 0.3724035608308605 0.03166666666666667 0.08902077151335312
0 0.2075 0.4658753709198813 0.035 0.09495548961424333
0 0.2425 0.4688427299703264 0.035 0.09792284866468842
0 0.2 0.5459940652818991 0.03166666666666667 0.05934718100890208
0 0.23666666666666666 0.5504451038575667 0.03333333333333333 0.06528189910979229