0 0.41286666666666666 0.0328486646884273 0.11803333333333332 0.0656973293768546
0 0.04083333333333333 0.34421364985163205 0.08 0.27596439169139464
0 0.8266666666666667 0.3456973293768546 0.14333333333333334 0.3768545994065282
0 0.30724999999999997 0.3493471810089021 0.11038333333333336 0.28863501483679527
0 0.20833333333333334 0.3516320474777448 0.09 0.28486646884273
0 0.9533333333333334 0.3516320474777448 0.09166666666666666 0.4035608308605341
0 0.1225 0.3545994065281899 0.075 0.27002967359050445
0 0.6575 0.35756676557863504 0.13166666666666665 0.35311572700296734
0 0.5291666666666667 0.36053412462908013 0.11833333333333333 0.3293768545994065
0 0.4166666666666667 0.3620178041543027 0.09833333333333333 0.3086053412462908
0 0.2975 0.040059347181008904 0.10166666666666667 0.08011869436201781
0 0.20098333333333335 0.04451038575667656 0.09178333333333333 0.08902077151335312
0 0.10933333333333332 0.04768545994065282 0.08459999999999998 0.09537091988130564
0 0.031966666666666664 0.05192878338278932 0.06315 0.10385756676557864
0 0.03916666666666667 0.612759643916914 0.07666666666666666 0.2433234421364985
0 0.11833333333333333 0.6216617210682492 0.075 0.27299703264094954
0 0.20583333333333334 0.6275964391691394 0.09666666666666666 0.28486646884273
0 0.30666666666666664 0.642433234421365 0.10666666666666667 0.29673590504451036
0 0.41583333333333333 0.6780415430267063 0.10166666666666667 0.3115727002967359
0 0.5283333333333333 0.6928783382789317 0.11833333333333333 0.32047477744807124
0 0.6591666666666667 0.7077151335311572 0.135 0.34124629080118696
0 0.8125 0.7255192878338279 0.15666666666666668 0.37388724035608306
0 0.9491666666666667 0.7537091988130564 0.09333333333333334 0.3916913946587537
0 0.37 0.9465875370919882 0.06333333333333334 0.10089020771513353