0 0.43488333333333334 0.030741839762611273 0.12160000000000001 0.0614540059347181
0 0.6414 0.3613946587537092 0.14191666666666664 0.3666765578635014
0 0.2611 0.36243323442136505 0.12391666666666663 0.330652818991098
0 0.1575 0.36350148367952523 0.08333333333333333 0.2997032640949555
0 0.49833333333333335 0.3694362017804154 0.12333333333333334 0.34718100890207715
0 0.8091666666666667 0.3694362017804154 0.155 0.4094955489614243
0 0.02165 0.36985163204747773 0.0433 0.2903857566765578
0 0.38 0.37091988130563797 0.10833333333333334 0.3293768545994065
0 0.945 0.37388724035608306 0.10666666666666667 0.42729970326409494
0 0.08305 0.3790207715133531 0.08016666666666666 0.2832344213649852
0 0.323 0.041335311572700296 0.10015000000000006 0.08267062314540059
0 0.21833333333333332 0.04747774480712166 0.10333333333333333 0.09495548961424333
0 0.07666666666666666 0.6572700296735905 0.08833333333333333 0.2789317507418398
0 0.2575 0.6973293768545994 0.13 0.32047477744807124
0 0.33881666666666665 0.7005044510385756 0.029316666666666626 0.31115727002967364
0 0.5025 0.7210682492581603 0.12333333333333334 0.35311572700296734
0 0.64885 0.7418397626112759 0.08148333333333331 0.38305637982195856
0 0.8083333333333333 0.7759643916913946 0.155 0.4065281899109792
0 0.9441666666666667 0.7848664688427299 0.10833333333333334 0.4065281899109792
0 0.06563333333333334 0.9612759643916914 0.09986666666666667 0.07741839762611286