0 0.04747774480712166 0.43 0.09495548961424333 0.2833333333333333
0 0.2596439169139466 0.43583333333333335 0.2878338278931751 0.27666666666666667
0 0.5727002967359051 0.43833333333333335 0.2878338278931751 0.24666666666666667
0 0.04747774480712166 0.6833333333333333 0.09495548961424333 0.20833333333333334
0 0.24925816023738873 0.6841666666666667 0.29673590504451036 0.22
0 0.5445103857566765 0.6908333333333333 0.2789317507418398 0.23
0 0.30415430267062316 0.925 0.2433234421364985 0.14333333333333334
0 0.06824925816023739 0.095 0.13649851632047477 0.18833333333333332
0 0.09050445103857567 0.9491666666666667 0.18100890207715134 0.09833333333333333
0 0.29821958456973297 0.10166666666666667 0.3115727002967359 0.2
0 0.6083086053412463 0.10833333333333334 0.3086053412462908 0.20833333333333334