0 0.6391666666666667 0.3026706231454006 0.043333333333333335 0.09198813056379822
0 0.6808333333333333 0.31008902077151335 0.03666666666666667 0.10089020771513353
0 0.7158333333333333 0.31305637982195844 0.028333333333333332 0.09792284866468842
0 0.6058333333333333 0.314540059347181 0.025 0.06231454005934718
0 0.7458333333333333 0.314540059347181 0.03 0.09198813056379822
0 0.7716666666666666 0.32344213649851633 0.021666666666666667 0.09198813056379822
0 0.795 0.3264094955489614 0.02666666666666667 0.08605341246290801
0 0.8208333333333333 0.3293768545994065 0.025 0.08011869436201781
0 0.845 0.3323442136498516 0.023333333333333334 0.07418397626112759
0 0.2991833333333333 0.03816023738872403 0.04508333333333335 0.07629080118694362
0 0.9490833333333334 0.4155192878338279 0.04671666666666662 0.07632047477744802
0 0.811 0.42495548961424334 0.026516666666666612 0.0529970326409496
0 0.25083333333333335 0.4317507418397626 0.06 0.12759643916913946
0 0.18166666666666667 0.43471810089020774 0.058333333333333334 0.11572700296735905
0 0.5358333333333334 0.4391691394658754 0.051666666666666666 0.10682492581602374
0 0.3075 0.443620178041543 0.05 0.10979228486646884
0 0.34833333333333333 0.04747774480712166 0.04666666666666667 0.09495548961424333
0 0.06583333333333333 0.04747774480712166 0.058333333333333334 0.09495548961424333
0 0.3575 0.44510385756676557 0.04666666666666667 0.11275964391691394
0 0.4066666666666667 0.45103857566765576 0.04666666666666667 0.10682492581602374
0 0.4533333333333333 0.45103857566765576 0.043333333333333335 0.10979228486646884
0 0.75 0.45103857566765576 0.03 0.09495548961424333
0 0.7108333333333333 0.45252225519287836 0.045 0.09495548961424333
0 0.7783333333333333 0.45252225519287836 0.03 0.09792284866468842
0 0.8858333333333334 0.45548961424332346 0.028333333333333332 0.08605341246290801
0 0.8508333333333333 0.4629080118694362 0.04 0.08011869436201781
0 0.39618333333333333 0.04768545994065282 0.04385000000000001 0.09537091988130564
0 0.94465 0.48572700296735905 0.0472333333333332 0.08448071216617219
0 0.43606666666666666 0.05299703264094955 0.03589999999999999 0.10596439169139468
0 0.060833333333333336 0.543026706231454 0.06 0.1543026706231454
0 0.8725 0.5489614243323442 0.021666666666666667 0.09198813056379822
0 0.8958333333333334 0.5489614243323442 0.02666666666666667 0.08902077151335312
0 0.5841666666666666 0.5504451038575667 0.035 0.12759643916913946
0 0.8166666666666667 0.5504451038575667 0.03 0.10089020771513353
0 0.76 0.5519287833827893 0.03333333333333333 0.09495548961424333
0 0.8483333333333334 0.5519287833827893 0.03 0.09198813056379822
0 0.5383333333333333 0.5534124629080118 0.05333333333333334 0.10979228486646884
0 0.6916666666666667 0.5534124629080118 0.045 0.10089020771513353
0 0.7308333333333333 0.5534124629080118 0.028333333333333332 0.09495548961424333
0 0.015 0.5534124629080118 0.028333333333333332 0.1394658753709199
0 0.7891666666666667 0.5548961424332344 0.03 0.10089020771513353
0 0.19 0.5593471810089021 0.058333333333333334 0.13649851632047477
0 0.2525 0.5608308605341247 0.055 0.12166172106824925
0 0.3075 0.5637982195845698 0.051666666666666666 0.11869436201780416
0 0.3616666666666667 0.5637982195845698 0.05 0.11869436201780416
0 0.41 0.5637982195845698 0.043333333333333335 0.11275964391691394
0 0.45666666666666667 0.5667655786350149 0.04666666666666667 0.11275964391691394
0 0.9689000000000001 0.5712166172106825 0.01931666666666653 0.07928783382789326
0 0.9405666666666668 0.5748071216617211 0.03761666666666656 0.08314540059347175
0 0.4775 0.05934718100890208 0.04833333333333333 0.11572700296735905
0 0.855 0.6439169139465876 0.02666666666666667 0.09495548961424333
0 0.8823666666666666 0.6459643916913946 0.028133333333333514 0.09362017804154306
0 0.8266666666666667 0.6498516320474778 0.028333333333333332 0.09495548961424333
0 0.9909500000000001 0.6499109792284867 0.01808333333333318 0.08899109792284869
0 0.765 0.6543026706231454 0.03333333333333333 0.10682492581602374
0 0.7333333333333333 0.655786350148368 0.03166666666666667 0.10385756676557864
0 0.7966666666666666 0.655786350148368 0.03 0.09495548961424333
0 0.31166666666666665 0.6572700296735905 0.051666666666666666 0.06528189910979229
0 0.6933333333333334 0.6572700296735905 0.04 0.10089020771513353
0 0.9568833333333333 0.6599406528189912 0.023166666666666818 0.07655786350148372
0 0.9765666666666668 0.6604154302670623 0.023483333333333196 0.09664688427299702
0 0.9190666666666668 0.6619287833827893 0.05096666666666654 0.08842729970326413
0 0.5466666666666666 0.6706231454005934 0.04666666666666667 0.10682492581602374
0 0.5883333333333334 0.6706231454005934 0.03166666666666667 0.10682492581602374
0 0.25583333333333336 0.6780415430267063 0.056666666666666664 0.10089020771513353
0 0.36333333333333334 0.6810089020771514 0.04833333333333333 0.11275964391691394
0 0.46166666666666667 0.6810089020771514 0.045 0.10682492581602374
0 0.4141666666666667 0.6839762611275965 0.04666666666666667 0.10979228486646884
0 0.19416666666666665 0.6899109792284867 0.065 0.14836795252225518
0 0.13916666666666666 0.6973293768545994 0.041666666666666664 0.13649851632047477
0 0.015 0.701780415430267 0.03 0.1572700296735905
0 0.07183333333333333 0.7036795252225518 0.04755 0.13563798219584572
0 0.52 0.0712166172106825 0.03333333333333333 0.10089020771513353
0 0.9631833333333333 0.7450741839762612 0.023916666666666517 0.08050445103857574
0 0.9835166666666667 0.7477744807121661 0.02070000000000012 0.08053412462908008
0 0.9302 0.7529970326409495 0.03650000000000015 0.08842729970326405
0 0.8790333333333332 0.7642136498516321 0.03058333333333318 0.09768545994065278
0 0.765 0.7937685459940653 0.03 0.10385756676557864
0 0.7966666666666666 0.7937685459940653 0.04666666666666667 0.10385756676557864
0 0.8341666666666666 0.7952522255192879 0.03333333333333333 0.10979228486646884
0 0.7291666666666666 0.8041543026706232 0.05 0.10979228486646884
0 0.8634666666666667 0.8143620178041543 0.023983333333333405 0.08284866468842718
0 0.6625 0.814540059347181 0.051666666666666666 0.10979228486646884
0 0.5858333333333333 0.8264094955489614 0.051666666666666666 0.10979228486646884
0 0.5591666666666667 0.08456973293768547 0.04 0.10089020771513353
0 0.93835 0.8454005934718101 0.04540000000000002 0.08314540059347175
0 0.4617166666666666 0.8528189910979228 0.015033333333333303 0.13178041543026697
0 0.43870000000000003 0.8555192878338279 0.026650000000000014 0.13715133531157278
0 0.8979666666666666 0.8673887240356083 0.035400000000000015 0.08774480712166187
0 0.8075 0.8976261127596439 0.045 0.10385756676557864
0 0.8417833333333333 0.9000296735905045 0.019266666666666574 0.09127596439169136
0 0.8662333333333333 0.9000296735905045 0.02161666666666671 0.07721068249258155
0 0.7716666666666666 0.9065281899109793 0.03333333333333333 0.10979228486646884
0 0.5927333333333333 0.9171810089020771 0.03951666666666673 0.06130563798219575
0 0.5520833333333334 0.9221661721068248 0.03995000000000005 0.05747774480712167
0 0.675 0.9228486646884273 0.04 0.10385756676557864
0 0.6341666666666667 0.9258160237388724 0.043333333333333335 0.0830860534124629
0 0.9505833333333333 0.9430563798219584 0.04318333333333347 0.0989910979228487
0 0.19266666666666665 0.09643916913946587 0.048899999999999985 0.13353115727002968
0 0.5058333333333334 0.9510385756676558 0.04833333333333333 0.09198813056379822
0 0.9066666666666666 0.9554896142433235 0.041666666666666664 0.08605341246290801
0 0.46416666666666667 0.9599406528189911 0.015 0.07418397626112759
0 0.4425 0.9643916913946587 0.028333333333333332 0.06528189910979229
0 0.8166666666666667 0.9747774480712166 0.04666666666666667 0.04451038575667656
0 0.6275 0.10089020771513353 0.04 0.10682492581602374
0 0.6675 0.10089020771513353 0.03333333333333333 0.08902077151335312
0 0.7008333333333333 0.1083086053412463 0.028333333333333332 0.09495548961424333
0 0.24561666666666668 0.1155192878338279 0.05463333333333329 0.10810089020771511
0 0.7325 0.12462908011869436 0.028333333333333332 0.08011869436201781
0 0.29858333333333337 0.13246290801186944 0.05341666666666669 0.09961424332344211
0 0.7583333333333333 0.14391691394658754 0.02 0.09495548961424333
0 0.35036666666666666 0.14943620178041542 0.04540000000000002 0.09961424332344211
0 0.3979666666666667 0.16002967359050446 0.03790000000000002 0.10385756676557865
0 0.8033333333333333 0.1632047477744807 0.041666666666666664 0.08902077151335312
0 0.43963333333333326 0.17169139465875372 0.04265000000000001 0.10175074183976258
0 0.485 0.17210682492581603 0.04666666666666667 0.10979228486646884
0 0.8325 0.17507418397626112 0.016666666666666666 0.09198813056379822
0 0.5258333333333334 0.17804154302670624 0.03166666666666667 0.10979228486646884
0 0.8583333333333333 0.17804154302670624 0.028333333333333332 0.0830860534124629
0 0.5616666666666666 0.18991097922848665 0.035 0.09792284866468842
0 0.6716666666666666 0.2032640949554896 0.03833333333333333 0.10089020771513353
0 0.6308333333333334 0.20474777448071216 0.04 0.09495548961424333
0 0.7075 0.21068249258160238 0.028333333333333332 0.09495548961424333
0 0.7391666666666666 0.21513353115727002 0.03 0.09495548961424333
0 0.24741666666666665 0.2267952522255193 0.048933333333333356 0.10596439169139468
0 0.7641666666666667 0.23590504451038577 0.023333333333333334 0.0830860534124629
0 0.30335 0.2394955489614243 0.05341666666666669 0.09326409495548964
0 0.7908333333333334 0.24183976261127596 0.028333333333333332 0.0771513353115727
0 0.8166666666666667 0.2507418397626113 0.02666666666666667 0.08011869436201781
0 0.84 0.2551928783382789 0.02 0.07418397626112759
0 0.8633333333333333 0.2551928783382789 0.02666666666666667 0.07418397626112759
0 0.35156666666666664 0.25540059347181004 0.04540000000000002 0.10810089020771516
0 0.40095 0.2617507418397626 0.04421666666666662 0.10810089020771516
0 0.24333333333333335 0.02967359050445104 0.04666666666666667 0.05934718100890208
0 0.44320000000000004 0.27341246290801186 0.037883333333333366 0.09750741839762607
0 0.485 0.2818991097922849 0.045 0.10385756676557864
0 0.5275 0.2878338278931751 0.03666666666666667 0.10682492581602374
0 0.5658333333333333 0.2922848664688427 0.035 0.09495548961424333