0 0.9436201780415431 0.21666666666666667 0.10682492581602374 0.16333333333333333
0 0.7729970326409495 0.21833333333333332 0.2403560830860534 0.21666666666666667
0 0.20474777448071216 0.2633333333333333 0.29673590504451036 0.235
0 0.5014836795252225 0.2733333333333333 0.28486646884273 0.225
0 0.9258160237388724 0.3625 0.142433234421365 0.13166666666666665
0 0.7537091988130564 0.4008333333333333 0.20474777448071216 0.15
0 0.2403560830860534 0.4625 0.26706231454005935 0.15833333333333333
0 0.4940652818991098 0.4658333333333333 0.2433234421364985 0.16
0 0.9028486646884273 0.4841666666666667 0.13121661721068256 0.10833333333333334
0 0.7344213649851632 0.5416666666666666 0.19287833827893175 0.13
0 0.9688427299703264 0.5541666666666667 0.05637982195845697 0.10166666666666667
0 0.880593471810089 0.5716666666666667 0.11044510385756684 0.1
0 0.2626112759643917 0.6066666666666667 0.2314540059347181 0.13666666666666666
0 0.4970326409495549 0.6116666666666667 0.21068249258160238 0.12666666666666668
0 0.9545103857566766 0.64925 0.09094955489614237 0.10283333333333342
0 0.7181008902077152 0.6566666666666666 0.17210682492581603 0.1
0 0.8598219584569733 0.6608333333333334 0.09857566765578643 0.09833333333333333
0 0.29673590504451036 0.71 0.18991097922848665 0.08666666666666667
0 0.4970326409495549 0.7275 0.19287833827893175 0.10833333333333334
0 0.7062314540059347 0.7491666666666666 0.142433234421365 0.08833333333333333