0 0.12416666666666666 0.31750741839762614 0.15 0.4124629080118694
0 0.4175 0.3293768545994065 0.17 0.486646884272997
0 0.2658333333333333 0.33382789317507416 0.13666666666666666 0.3620178041543027
0 0.5925 0.3516320474777448 0.17333333333333334 0.4836795252225519
0 0.031183333333333334 0.6687240356083086 0.062349999999999996 0.3327596439169139
0 0.13333333333333333 0.7047477744807121 0.13 0.3590504451038576
0 0.2683333333333333 0.7151335311572701 0.14 0.4065281899109792
0 0.4225 0.7759643916913946 0.165 0.4065281899109792
0 0.7675 0.7818991097922848 0.19333333333333333 0.4332344213649852
0 0.5858333333333333 0.7908011869436202 0.16833333333333333 0.4065281899109792
0 0.026383333333333335 0.2840059347181008 0.05276666666666667 0.4069436201780415