0 0.03412462908011869 0.27166666666666667 0.06824925816023739 0.07
0 0.10385756676557864 0.275 0.07418397626112759 0.06666666666666667
0 0.25370919881305637 0.275 0.08011869436201781 0.06166666666666667
0 0.3249258160237389 0.2758333333333333 0.07418397626112759 0.06333333333333334
0 0.17655786350148367 0.2758333333333333 0.0830860534124629 0.06333333333333334
0 0.8916913946587537 0.2783333333333333 0.06528189910979229 0.06166666666666667
0 0.9451038575667656 0.2783333333333333 0.04154302670623145 0.06166666666666667
0 0.5979228486646885 0.28 0.06824925816023739 0.06333333333333334
0 0.6602373887240356 0.28 0.05637982195845697 0.06333333333333334
0 0.7181008902077152 0.28 0.05934718100890208 0.06333333333333334
0 0.7729970326409495 0.28 0.050445103857566766 0.06166666666666667
0 0.5296735905044511 0.2808333333333333 0.06824925816023739 0.065
0 0.827893175074184 0.2808333333333333 0.05637982195845697 0.06166666666666667
0 0.39762611275964393 0.2816666666666667 0.0712166172106825 0.056666666666666664
0 0.46735905044510384 0.2841666666666667 0.06528189910979229 0.058333333333333334
0 0.9436201780415431 0.33 0.03560830860534125 0.041666666666666664
0 0.8916913946587537 0.3308333333333333 0.06528189910979229 0.045
0 0.8308605341246291 0.33416666666666667 0.05341246290801187 0.045
0 0.771513353115727 0.335 0.050445103857566766 0.043333333333333335
0 0.6632047477744807 0.3358333333333333 0.050445103857566766 0.04666666666666667
0 0.7181008902077152 0.3358333333333333 0.05637982195845697 0.04666666666666667
0 0.6038575667655787 0.33666666666666667 0.06528189910979229 0.04666666666666667
0 0.40059347181008903 0.3375 0.0712166172106825 0.056666666666666664
0 0.327893175074184 0.3383333333333333 0.07418397626112759 0.056666666666666664
0 0.04451038575667656 0.3383333333333333 0.08011869436201781 0.06666666666666667
0 0.46735905044510384 0.3383333333333333 0.0712166172106825 0.05
0 0.5370919881305638 0.3383333333333333 0.06824925816023739 0.04833333333333333
0 0.258160237388724 0.3383333333333333 0.07418397626112759 0.058333333333333334
0 0.11127596439169139 0.33916666666666667 0.06824925816023739 0.06
0 0.18100890207715134 0.34 0.08902077151335312 0.06166666666666667
0 0.9213649851632048 0.5466666666666666 0.04747774480712166 0.056666666666666664
0 0.8649851632047477 0.5508333333333333 0.05637982195845697 0.056666666666666664
0 0.8056379821958457 0.5533333333333333 0.05637982195845697 0.055
0 0.7492581602373887 0.5616666666666666 0.050445103857566766 0.056666666666666664
0 0.6988130563798219 0.5633333333333334 0.05341246290801187 0.055
0 0.642433234421365 0.5691666666666667 0.06528189910979229 0.05333333333333334
0 0.5830860534124629 0.5733333333333334 0.05637982195845697 0.056666666666666664
0 0.5207715133531158 0.5775 0.06231454005934718 0.058333333333333334
0 0.456973293768546 0.58 0.0712166172106825 0.065
0 0.1273887240356083 0.5869166666666666 0.040534124629080105 0.04991666666666674
0 0.07471810089020771 0.5890666666666666 0.05451038575667657 0.04991666666666674
0 0.3293768545994065 0.59 0.04747774480712166 0.058333333333333334
0 0.38724035608308605 0.59 0.05637982195845697 0.056666666666666664
0 0.9228486646884273 0.595 0.05341246290801187 0.041666666666666664
0 0.8664688427299704 0.5991666666666666 0.05934718100890208 0.043333333333333335
0 0.8100890207715133 0.6033333333333334 0.050445103857566766 0.043333333333333335
0 0.755192878338279 0.61 0.05637982195845697 0.045
0 0.701780415430267 0.6125 0.05341246290801187 0.045
0 0.6439169139465876 0.62 0.05934718100890208 0.05
0 0.5875370919881305 0.625 0.05637982195845697 0.04833333333333333
0 0.5252225519287834 0.6316666666666667 0.06231454005934718 0.05
0 0.13311572700296737 0.6329166666666667 0.039465875370919876 0.04064999999999998
0 0.45845697329376855 0.6375 0.0712166172106825 0.05
0 0.08234421364985163 0.63755 0.054658753709198815 0.045633333333333324
0 0.4035014836795252 0.6414833333333333 0.034065281899109845 0.05063333333333333
0 0.19089020771513351 0.6646500000000001 0.025519287833827876 0.048500000000000036
0 0.14833827893175075 0.6767833333333333 0.049614243323442137 0.04136666666666675
0 0.8798219584569733 0.68 0.04451038575667656 0.05
0 0.08869436201780416 0.6846166666666667 0.057210682492581606 0.04706666666666668
0 0.8234421364985163 0.685 0.05934718100890208 0.05333333333333334
0 0.7744807121661721 0.6916666666666667 0.050445103857566766 0.056666666666666664
0 0.7225519287833828 0.7008333333333333 0.06528189910979229 0.05333333333333334
0 0.6602373887240356 0.7066666666666667 0.05934718100890208 0.056666666666666664
0 0.6038575667655787 0.715 0.05934718100890208 0.058333333333333334
0 0.9272997032640949 0.7158333333333333 0.04451038575667656 0.04666666666666667
0 0.5415430267062314 0.7225 0.05934718100890208 0.058333333333333334
0 0.8827893175074184 0.7258333333333333 0.04154302670623145 0.043333333333333335
0 0.47774480712166173 0.7291666666666666 0.0712166172106825 0.06
0 0.827893175074184 0.7341666666666666 0.05341246290801187 0.045
0 0.4124629080118694 0.7358333333333333 0.05637982195845697 0.05333333333333334
0 0.7789317507418397 0.7408333333333333 0.04154302670623145 0.04833333333333333
0 0.7255192878338279 0.7516666666666667 0.06528189910979229 0.051666666666666666
0 0.6646884272997032 0.7566666666666667 0.05637982195845697 0.05
0 0.21068249258160238 0.7658333333333334 0.06824925816023739 0.06166666666666667
0 0.6097922848664689 0.7675 0.05637982195845697 0.04833333333333333
0 0.5489614243323442 0.7741666666666667 0.06528189910979229 0.05
0 0.4792284866468843 0.7816666666666666 0.06528189910979229 0.05
0 0.413946587537092 0.7875 0.05934718100890208 0.051666666666666666