0 0.11583333333333333 0.5845697329376854 0.04666666666666667 0.12166172106824925
0 0.17083333333333334 0.5875370919881305 0.055 0.11869436201780416
0 0.2808333333333333 0.5890207715133531 0.05 0.11572700296735905
0 0.5866666666666667 0.5905044510385756 0.04833333333333333 0.11275964391691394
0 0.7758333333333334 0.5905044510385756 0.05333333333333334 0.12166172106824925
0 0.6358333333333334 0.5919881305637982 0.04833333333333333 0.10979228486646884
0 0.8258333333333333 0.5919881305637982 0.05 0.10682492581602374
0 0.43916666666666665 0.5934718100890207 0.045 0.10682492581602374
0 0.49166666666666664 0.5934718100890207 0.05 0.10682492581602374
0 0.5408333333333334 0.5979228486646885 0.045 0.11275964391691394
0 0.6858333333333333 0.5979228486646885 0.051666666666666666 0.11275964391691394
0 0.3883333333333333 0.599406528189911 0.05 0.10979228486646884
0 0.7316666666666667 0.6053412462908012 0.03833333333333333 0.08902077151335312
0 0.27666666666666667 0.7062314540059347 0.05 0.12166172106824925
0 0.6391666666666667 0.7077151335311572 0.05 0.12166172106824925
0 0.7408333333333333 0.7077151335311572 0.05 0.11275964391691394
0 0.4375 0.7091988130563798 0.05 0.12166172106824925
0 0.21916666666666668 0.7106824925816023 0.05 0.12462908011869436
0 0.33166666666666667 0.7106824925816023 0.051666666666666666 0.12462908011869436
0 0.3883333333333333 0.7106824925816023 0.05 0.10385756676557864
0 0.49333333333333335 0.7106824925816023 0.05 0.11572700296735905
0 0.5925 0.7106824925816023 0.051666666666666666 0.11572700296735905
0 0.84 0.7106824925816023 0.058333333333333334 0.12166172106824925
0 0.16416666666666666 0.7106824925816023 0.051666666666666666 0.12759643916913946
0 0.545 0.712166172106825 0.04833333333333333 0.12166172106824925
0 0.7908333333333334 0.712166172106825 0.05333333333333334 0.11572700296735905
0 0.10916666666666666 0.712166172106825 0.055 0.12759643916913946
0 0.69 0.7136498516320475 0.04666666666666667 0.11572700296735905
0 0.8541666666666666 0.8234421364985163 0.04666666666666667 0.09198813056379822
0 0.3875 0.8249258160237388 0.051666666666666666 0.11572700296735905
0 0.27416666666666667 0.8264094955489614 0.051666666666666666 0.11869436201780416
0 0.4375 0.8264094955489614 0.051666666666666666 0.11572700296735905
0 0.495 0.8264094955489614 0.05 0.10979228486646884
0 0.5983333333333334 0.8264094955489614 0.05333333333333334 0.11275964391691394
0 0.6508333333333334 0.827893175074184 0.055 0.11275964391691394
0 0.7025 0.8293768545994066 0.04833333333333333 0.12166172106824925
0 0.7516666666666667 0.8293768545994066 0.051666666666666666 0.11869436201780416
0 0.8016666666666666 0.8293768545994066 0.051666666666666666 0.10682492581602374
0 0.5483333333333333 0.8308605341246291 0.051666666666666666 0.10979228486646884
0 0.21166666666666667 0.8323442136498517 0.056666666666666664 0.10682492581602374
0 0.33 0.8323442136498517 0.051666666666666666 0.11275964391691394
0 0.10083333333333333 0.8323442136498517 0.056666666666666664 0.10979228486646884
0 0.15666666666666668 0.8338278931750742 0.04833333333333333 0.10979228486646884
0 0.8625 0.956973293768546 0.051666666666666666 0.08011869436201781
0 0.9608333333333333 0.956973293768546 0.051666666666666666 0.08011869436201781
0 0.9133333333333333 0.9584569732937686 0.05 0.0771513353115727
0 0.7006833333333333 0.9629376854599406 0.05191666666666663 0.07409495548961433
0 0.7529333333333333 0.9629376854599406 0.051899999999999974 0.07409495548961433
0 0.8084666666666667 0.9629376854599406 0.05058333333333337 0.07409495548961433
0 0.465 0.9629080118694362 0.043333333333333335 0.06824925816023739
0 0.5158333333333334 0.9629080118694362 0.04833333333333333 0.06824925816023739
0 0.34963333333333335 0.9653115727002968 0.045383333333333366 0.06676557863501484
0 0.5725 0.9658753709198813 0.03833333333333333 0.06231454005934718