0 0.17416666666666666 0.31008902077151335 0.11 0.27299703264094954
0 0.2808333333333333 0.32047477744807124 0.1 0.27002967359050445
0 0.38333333333333336 0.3353115727002967 0.09333333333333334 0.24629080118694363
0 0.47333333333333333 0.34718100890207715 0.08333333333333333 0.22551928783382788
0 0.5608333333333333 0.3560830860534125 0.08 0.2166172106824926
0 0.6416666666666667 0.3590504451038576 0.075 0.22255192878338279
0 0.71 0.3664688427299703 0.06 0.20771513353115728
0 0.7758333333333334 0.37091988130563797 0.065 0.19584569732937684
0 0.4691666666666667 0.6216617210682492 0.105 0.258160237388724
0 0.2708333333333333 0.6231454005934718 0.105 0.27002967359050445
0 0.6391666666666667 0.6275964391691394 0.07833333333333334 0.2166172106824926
0 0.56 0.629080118694362 0.075 0.22551928783382788
0 0.035 0.6409495548961425 0.07 0.28486646884273
0 0.15083333333333335 0.6513353115727003 0.11333333333333333 0.27596439169139464
0 0.05 0.06824925816023739 0.095 0.13649851632047477
0 0.7616666666666667 0.6839762611275965 0.056666666666666664 0.16023738872403562
0 0.37666666666666665 0.6869436201780416 0.07333333333333333 0.21068249258160238
0 0.7058333333333333 0.6899109792284867 0.055 0.1661721068249258
0 0.17583333333333334 0.08456973293768547 0.10666666666666667 0.16913946587537093
0 0.64 0.8397626112759644 0.07666666666666666 0.21068249258160238
0 0.7608333333333334 0.8427299703264095 0.056666666666666664 0.1513353115727003
0 0.705 0.8501483679525222 0.05333333333333334 0.1543026706231454
0 0.5591666666666667 0.8531157270029673 0.07833333333333334 0.2166172106824926
0 0.4658333333333333 0.8649851632047477 0.09833333333333333 0.228486646884273
0 0.26416666666666666 0.8738872403560831 0.10333333333333333 0.24629080118694363
0 0.034166666666666665 0.8931750741839762 0.06166666666666667 0.21068249258160238
0 0.36916666666666664 0.8931750741839762 0.07 0.20474777448071216
0 0.14416666666666667 0.8976261127596439 0.10666666666666667 0.20178041543026706
0 0.28583333333333333 0.09198813056379822 0.09833333333333333 0.18397626112759644
0 0.38666666666666666 0.10682492581602374 0.09333333333333334 0.21364985163204747
0 0.4766666666666667 0.1172106824925816 0.08333333333333333 0.228486646884273
0 0.5616666666666666 0.12759643916913946 0.08333333333333333 0.2344213649851632
0 0.6433333333333333 0.13798219584569732 0.07833333333333334 0.2195845697329377
0 0.7133333333333334 0.1543026706231454 0.06 0.21364985163204747
0 0.7825 0.16172106824925817 0.07166666666666667 0.2166172106824926
0 0.0525 0.28635014836795253 0.1 0.29376854599406527