0 0.7746833333333334 0.2978041543026706 0.10323333333333323 0.2056083086053412
0 0.8966833333333333 0.4355786350148368 0.12818333333333337 0.2437388724035608
0 0.6408333333333334 0.47181008902077154 0.125 0.27596439169139464
0 0.5191666666666667 0.5044510385756676 0.12166666666666667 0.2314540059347181
0 0.7770833333333333 0.5076261127596439 0.11578333333333338 0.22255192878338279
0 0.415 0.5415430267062314 0.1 0.2195845697329377
0 0.3225 0.5578635014836796 0.10833333333333334 0.2195845697329377
0 0.23416666666666666 0.5786350148367952 0.10166666666666667 0.22551928783382788
0 0.16083333333333333 0.599406528189911 0.11 0.19881305637982197
0 0.09083333333333334 0.6142433234421365 0.11166666666666666 0.19287833827893175
0 0.03666666666666667 0.6201780415430267 0.07333333333333333 0.16913946587537093
0 0.9139666666666667 0.6729673590504451 0.15153333333333335 0.25646884272997034
0 0.6441666666666667 0.7166172106824926 0.13 0.27299703264094954
0 0.78185 0.7270029673590505 0.11816666666666663 0.2162017804154303
0 0.5133333333333333 0.7388724035608308 0.13 0.26112759643916916
0 0.39666666666666667 0.7640949554896143 0.10666666666666667 0.2403560830860534
0 0.2975 0.7789317507418397 0.10833333333333334 0.23738872403560832
0 0.20416666666666666 0.7893175074183977 0.11833333333333333 0.2314540059347181
0 0.11916666666666667 0.8011869436201781 0.11666666666666667 0.22255192878338279
0 0.050833333333333335 0.8130563798219584 0.10166666666666667 0.20178041543026706