0 0.5964391691394659 0.19083333333333333 0.09198813056379822 0.08166666666666667
0 0.7106824925816023 0.19166666666666668 0.10385756676557864 0.08333333333333333
0 0.4970326409495549 0.1925 0.09792284866468842 0.08333333333333333
0 0.39762611275964393 0.19333333333333333 0.09495548961424333 0.08
0 0.2997032640949555 0.20083333333333334 0.09495548961424333 0.07666666666666666
0 0.030118694362017806 0.20321666666666668 0.06023738872403561 0.07566666666666665
0 0.1083086053412463 0.20333333333333334 0.09198813056379822 0.08
0 0.20474777448071216 0.205 0.08605341246290801 0.08
0 0.5964391691394659 0.2708333333333333 0.09792284866468842 0.075
0 0.39465875370919884 0.2725 0.08902077151335312 0.075
0 0.7091988130563798 0.2725 0.10089020771513353 0.07166666666666667
0 0.4910979228486647 0.2733333333333333 0.08902077151335312 0.07666666666666666
0 0.29376854599406527 0.27416666666666667 0.09495548961424333 0.07
0 0.10089020771513353 0.275 0.09198813056379822 0.07
0 0.19732937685459942 0.275 0.0830860534124629 0.065
0 0.02967359050445104 0.2783333333333333 0.05934718100890208 0.07
0 0.09495548961424333 0.38416666666666666 0.08011869436201781 0.08333333333333333
0 0.1884272997032641 0.38416666666666666 0.09198813056379822 0.08666666666666667
0 0.2878338278931751 0.385 0.09198813056379822 0.085
0 0.3857566765578635 0.3875 0.09198813056379822 0.08333333333333333
0 0.48516320474777447 0.39 0.09198813056379822 0.08333333333333333
0 0.685459940652819 0.3933333333333333 0.09495548961424333 0.075
0 0.02587537091988131 0.4037166666666666 0.05172106824925816 0.06163333333333332
0 0.7759643916913946 0.415 0.08605341246290801 0.06666666666666667
0 0.09347181008902077 0.4625 0.0771513353115727 0.07
0 0.18991097922848665 0.4625 0.08902077151335312 0.07333333333333333
0 0.28338278931750743 0.4633333333333333 0.08902077151335312 0.075
0 0.5771513353115727 0.4658333333333333 0.08902077151335312 0.08
0 0.025222551928783383 0.4658333333333333 0.04747774480712166 0.06
0 0.38130563798219586 0.4666666666666667 0.08902077151335312 0.075
0 0.4792284866468843 0.4675 0.08902077151335312 0.07
0 0.6810089020771514 0.47 0.10682492581602374 0.07666666666666666
0 0.7700296735905044 0.4791666666666667 0.08011869436201781 0.06166666666666667
0 0.06231454005934718 0.5666666666666667 0.08902077151335312 0.07833333333333334
0 0.15875370919881307 0.5708333333333333 0.08902077151335312 0.08166666666666667
0 0.2522255192878338 0.5733333333333334 0.09495548961424333 0.07833333333333334
0 0.3560830860534125 0.5758333333333333 0.09198813056379822 0.08
0 0.45103857566765576 0.5783333333333334 0.08902077151335312 0.08333333333333333
0 0.5578635014836796 0.5783333333333334 0.08605341246290801 0.08166666666666667
0 0.6632047477744807 0.5783333333333334 0.10979228486646884 0.08833333333333333
0 0.7655786350148368 0.6125 0.08011869436201781 0.07666666666666666
0 0.05934718100890208 0.6425 0.09495548961424333 0.075
0 0.15875370919881307 0.65 0.08902077151335312 0.075
0 0.24925816023738873 0.6525 0.09198813056379822 0.07166666666666667
0 0.3545994065281899 0.6541666666666667 0.09495548961424333 0.07
0 0.45252225519287836 0.6591666666666667 0.08902077151335312 0.07833333333333334
0 0.5504451038575667 0.6616666666666666 0.08605341246290801 0.08166666666666667
0 0.6602373887240356 0.6633333333333333 0.11572700296735905 0.08333333333333333
0 0.7640949554896143 0.6783333333333333 0.08011869436201781 0.06
0 0.5237388724035609 0.7675 0.10385756676557864 0.08833333333333333
0 0.32047477744807124 0.7683333333333333 0.09792284866468842 0.08
0 0.41839762611275966 0.77 0.0830860534124629 0.08166666666666667
0 0.6305637982195845 0.7841666666666667 0.10089020771513353 0.09833333333333333
0 0.728486646884273 0.7866666666666666 0.08605341246290801 0.08166666666666667
0 0.3189910979228487 0.8483333333333334 0.09198813056379822 0.06833333333333333
0 0.413946587537092 0.8508333333333333 0.09792284866468842 0.07666666666666666
0 0.5192878338278932 0.8558333333333333 0.10089020771513353 0.08666666666666667
0 0.6186943620178041 0.8666666666666667 0.08902077151335312 0.07666666666666666
0 0.7225519287833828 0.8683333333333333 0.09495548961424333 0.07833333333333334
0 0.7106824925816023 0.10083333333333333 0.10089020771513353 0.09166666666666666
0 0.6023738872403561 0.10416666666666667 0.09792284866468842 0.09333333333333334
0 0.4035608308605341 0.105 0.09198813056379822 0.095
0 0.5029673590504451 0.10916666666666666 0.09198813056379822 0.08666666666666667
0 0.03115727002967359 0.12 0.06231454005934718 0.09
0 0.29821958456973297 0.1225 0.08902077151335312 0.075
0 0.1083086053412463 0.1225 0.09495548961424333 0.08166666666666667
0 0.20474777448071216 0.1275 0.09198813056379822 0.07833333333333334