0 0.9658333333333333 0.29 0.05333333333333334 0.09111111111111111
0 0.9183333333333333 0.31666666666666665 0.043333333333333335 0.08222222222222222
0 0.8758333333333334 0.3377777777777778 0.045 0.07111111111111111
0 0.9725 0.36333333333333334 0.04666666666666667 0.057777777777777775
0 0.9208333333333333 0.3811111111111111 0.04666666666666667 0.05555555555555555
0 0.8033333333333333 0.38222222222222224 0.05 0.06444444444444444
0 0.2791666666666667 0.39666666666666667 0.055 0.09555555555555556
0 0.3308333333333333 0.40444444444444444 0.045 0.08888888888888889
0 0.8808333333333334 0.40444444444444444 0.03833333333333333 0.051111111111111114
0 0.3775 0.4222222222222222 0.041666666666666664 0.08666666666666667
0 0.4241666666666667 0.4266666666666667 0.04666666666666667 0.08222222222222222
0 0.8458333333333333 0.42777777777777776 0.03666666666666667 0.04888888888888889
0 0.8066666666666666 0.44222222222222224 0.03833333333333333 0.04666666666666667
0 0.47 0.4444444444444444 0.041666666666666664 0.08444444444444445
0 0.51 0.45666666666666667 0.03666666666666667 0.08444444444444445
0 0.5483333333333333 0.4633333333333333 0.04 0.08666666666666667
0 0.5883333333333334 0.4711111111111111 0.03333333333333333 0.07777777777777778
0 0.6258333333333334 0.4777777777777778 0.03833333333333333 0.07333333333333333
0 0.6608333333333334 0.48777777777777775 0.03 0.07111111111111111
0 0.27416666666666667 0.4922222222222222 0.05333333333333334 0.09555555555555556
0 0.3275 0.49777777777777776 0.05333333333333334 0.09333333333333334
0 0.37833333333333335 0.5077777777777778 0.043333333333333335 0.08222222222222222
0 0.42333333333333334 0.5088888888888888 0.04666666666666667 0.08444444444444445
0 0.4708333333333333 0.5277777777777778 0.043333333333333335 0.08222222222222222
0 0.9858333333333333 0.5288888888888889 0.021666666666666667 0.06888888888888889
0 0.9516666666666667 0.5344444444444445 0.04 0.07111111111111111
0 0.5125 0.5422222222222223 0.035 0.08222222222222222
0 0.5525 0.5455555555555556 0.03833333333333333 0.07333333333333333
0 0.5916666666666667 0.5466666666666666 0.035 0.07111111111111111
0 0.9083333333333333 0.5466666666666666 0.04 0.07111111111111111
0 0.6266666666666667 0.5533333333333333 0.03333333333333333 0.07333333333333333
0 0.6641666666666667 0.5577777777777778 0.03666666666666667 0.06888888888888889
0 0.8675 0.5611111111111111 0.03666666666666667 0.07111111111111111
0 0.83 0.5711111111111111 0.03166666666666667 0.06888888888888889
0 0.27 0.5811111111111111 0.058333333333333334 0.07555555555555556
0 0.795 0.5844444444444444 0.041666666666666664 0.06666666666666667
0 0.32416666666666666 0.5855555555555556 0.05333333333333334 0.07555555555555556
0 0.37666666666666665 0.59 0.045 0.08222222222222222
0 0.4216666666666667 0.5955555555555555 0.051666666666666666 0.08888888888888889
0 0.47333333333333333 0.6077777777777778 0.045 0.07777777777777778
0 0.5141666666666667 0.6155555555555555 0.035 0.06666666666666667
0 0.6308333333333334 0.6166666666666667 0.035 0.051111111111111114
0 0.5533333333333333 0.6177777777777778 0.043333333333333335 0.06888888888888889
0 0.5933333333333334 0.6188888888888889 0.03833333333333333 0.06666666666666667
0 0.9775 0.6377777777777778 0.043333333333333335 0.09555555555555556
0 0.9341666666666667 0.6466666666666666 0.05 0.08666666666666667
0 0.8866666666666667 0.6566666666666666 0.04833333333333333 0.08888888888888889
0 0.845 0.6666666666666666 0.041666666666666664 0.08666666666666667
0 0.8066666666666666 0.6733333333333333 0.035 0.08
0 0.7691666666666667 0.6777777777777778 0.041666666666666664 0.08222222222222222
0 0.9541666666666667 0.8111111111111111 0.06166666666666667 0.08222222222222222
0 0.86 0.8133333333333334 0.03666666666666667 0.08
0 0.9016666666666666 0.8166666666666667 0.043333333333333335 0.07555555555555556
0 0.8233333333333334 0.82 0.03333333333333333 0.06888888888888889
0 0.8709666666666668 0.9506444444444445 0.04591666666666659 0.09115555555555552