0 0.044033333333333334 0.22306666666666666 0.08468333333333333 0.15897777777777783
0 0.7908333333333334 0.22333333333333333 0.021666666666666667 0.07333333333333333
0 0.8108333333333333 0.22555555555555556 0.015 0.07555555555555556
0 0.8383333333333334 0.23444444444444446 0.035 0.06666666666666667
0 0.8616666666666667 0.24 0.013333333333333334 0.06222222222222222
0 0.3132166666666667 0.24017777777777777 0.048883333333333306 0.10426666666666663
0 0.88 0.24333333333333335 0.023333333333333334 0.057777777777777775
0 0.36256666666666665 0.24786666666666668 0.047616666666666654 0.11282222222222224
0 0.4164 0.2547111111111111 0.05235000000000004 0.10255555555555554
0 0.46575 0.26495555555555556 0.04125 0.10939999999999998
0 0.5067666666666667 0.26922222222222225 0.03356666666666664 0.1042666666666667
0 0.5413833333333333 0.26922222222222225 0.03101666666666669 0.10084444444444443
0 0.5766666666666667 0.2722222222222222 0.03666666666666667 0.09333333333333334
0 0.6116666666666667 0.27666666666666667 0.03833333333333333 0.08888888888888889
0 0.6466666666666666 0.2822222222222222 0.03166666666666667 0.08444444444444445
0 0.7358333333333333 0.2877777777777778 0.023333333333333334 0.08222222222222222
0 0.7608333333333334 0.29 0.02 0.07555555555555556
0 0.7025 0.29333333333333333 0.041666666666666664 0.08444444444444445
0 0.7866666666666666 0.29333333333333333 0.028333333333333332 0.07777777777777778
0 0.8183333333333334 0.3022222222222222 0.025 0.06666666666666667
0 0.8416666666666667 0.3022222222222222 0.025 0.06666666666666667
0 0.8608333333333333 0.3022222222222222 0.013333333333333334 0.06444444444444444
0 0.8766666666666667 0.3055555555555556 0.02 0.057777777777777775
0 0.1376 0.3461555555555556 0.03599999999999999 0.13162222222222222
0 0.18696666666666667 0.34786666666666666 0.05781666666666666 0.1282
0 0.3728166666666667 0.35128888888888893 0.02455000000000003 0.08717777777777781
0 0.4119166666666667 0.3615333333333333 0.05106666666666669 0.10084444444444443
0 0.46254999999999996 0.3641111111111111 0.0399666666666667 0.0957333333333333
0 0.5029333333333333 0.36666666666666664 0.03870000000000005 0.09402222222222223
0 0.5733333333333334 0.36666666666666664 0.043333333333333335 0.09555555555555556
0 0.61 0.36666666666666664 0.03333333333333333 0.08888888888888889
0 0.5381833333333333 0.3675111111111111 0.029733333333333386 0.09915555555555557
0 0.6416666666666667 0.3688888888888889 0.02666666666666667 0.08444444444444445
0 0.7325 0.3688888888888889 0.025 0.08
0 0.785 0.3688888888888889 0.025 0.07555555555555556
0 0.8583333333333333 0.3688888888888889 0.015 0.06444444444444444
0 0.6666666666666666 0.37 0.018333333333333333 0.08
0 0.8391666666666666 0.37 0.023333333333333334 0.06444444444444444
0 0.7583333333333333 0.3711111111111111 0.02666666666666667 0.08
0 0.815 0.3711111111111111 0.025 0.06888888888888889
0 0.7 0.37333333333333335 0.043333333333333335 0.07555555555555556
0 0.87 0.4577777777777778 0.021666666666666667 0.06222222222222222
0 0.8416666666666667 0.4622222222222222 0.028333333333333332 0.06666666666666667
0 0.815 0.4677777777777778 0.02 0.07555555555555556
0 0.77 0.4688888888888889 0.025 0.07555555555555556
0 0.7941666666666667 0.47 0.02 0.07111111111111111
0 0.7391666666666666 0.4722222222222222 0.035 0.07333333333333333
0 0.039349999999999996 0.47606666666666664 0.07868333333333334 0.15555555555555556
0 0.6016666666666667 0.48333333333333334 0.045 0.08888888888888889
0 0.9190666666666668 0.49237777777777775 0.0352333333333335 0.060511111111111154
0 0.2725 0.5044444444444445 0.051666666666666666 0.09777777777777778
0 0.5375 0.5111111111111111 0.035 0.09333333333333334
0 0.49833333333333335 0.5144444444444445 0.041666666666666664 0.09333333333333334
0 0.45666666666666667 0.5166666666666667 0.04 0.08888888888888889
0 0.41083333333333333 0.52 0.04666666666666667 0.09555555555555556
0 0.8691666666666666 0.5222222222222223 0.018333333333333333 0.06444444444444444
0 0.3566666666666667 0.5233333333333333 0.056666666666666664 0.1
0 0.8358333333333333 0.5322222222222223 0.018333333333333333 0.07111111111111111
0 0.7916666666666666 0.54 0.02 0.06666666666666667
0 0.7458333333333333 0.5455555555555556 0.028333333333333332 0.06888888888888889
0 0.77 0.5455555555555556 0.02 0.07111111111111111
0 0.7116666666666667 0.5488888888888889 0.03833333333333333 0.07555555555555556
0 0.9069833333333335 0.5587777777777777 0.03464999999999994 0.06444444444444444
0 0.635 0.5677777777777778 0.023333333333333334 0.09111111111111111
0 0.6 0.5722222222222222 0.045 0.08666666666666667
0 0.535 0.6022222222222222 0.03333333333333333 0.08222222222222222
0 0.49583333333333335 0.6033333333333334 0.04 0.08444444444444445
0 0.81 0.6044444444444445 0.021666666666666667 0.06666666666666667
0 0.8325 0.6044444444444445 0.021666666666666667 0.06
0 0.9517833333333334 0.6067111111111111 0.035816666666666684 0.0660222222222223
0 0.4533333333333333 0.6111111111111112 0.041666666666666664 0.08888888888888889
0 0.79 0.6111111111111112 0.018333333333333333 0.06888888888888889
0 0.2576 0.6111555555555556 0.03816666666666663 0.0998222222222222
0 0.4091666666666667 0.6166666666666667 0.043333333333333335 0.09333333333333334
0 0.7666666666666667 0.6177777777777778 0.025 0.06222222222222222
0 0.7416666666666667 0.62 0.02666666666666667 0.06888888888888889
0 0.8843000000000001 0.6208666666666667 0.036416666666666514 0.0660222222222223
0 0.91465 0.624 0.02193333333333347 0.061311111111111184
0 0.3591666666666667 0.6244444444444445 0.05 0.09555555555555556
0 0.31 0.6255555555555555 0.045 0.10222222222222223
0 0.71 0.6266666666666667 0.03833333333333333 0.07333333333333333
0 0.043333333333333335 0.63 0.08666666666666667 0.14888888888888888
0 0.17916666666666667 0.6377777777777778 0.06166666666666667 0.12444444444444444
0 0.6325 0.6533333333333333 0.025 0.07111111111111111
0 0.5975 0.6588888888888889 0.04 0.08222222222222222
0 0.1376 0.06837777777777777 0.03599999999999999 0.13333333333333333
0 0.9476500000000001 0.6692 0.03463333333333329 0.05737777777777789
0 0.8536333333333332 0.675088888888889 0.022533333333333305 0.07073333333333343
0 0.9137666666666666 0.6837333333333333 0.016633333333333365 0.0550222222222222
0 0.8852 0.6864888888888889 0.03959999999999998 0.06208888888888901
0 0.5325 0.6866666666666666 0.04 0.07777777777777778
0 0.043333333333333335 0.07 0.08666666666666667 0.14
0 0.4925 0.6944444444444444 0.03666666666666667 0.08888888888888889
0 0.45 0.7033333333333334 0.041666666666666664 0.08888888888888889
0 0.8058333333333333 0.7066666666666667 0.02 0.06888888888888889
0 0.7791666666666667 0.71 0.03166666666666667 0.07111111111111111
0 0.405 0.7111111111111111 0.041666666666666664 0.08888888888888889
0 0.7525 0.7133333333333334 0.018333333333333333 0.06888888888888889
0 0.35833333333333334 0.7233333333333334 0.04833333333333333 0.09555555555555556
0 0.7266666666666667 0.7255555555555555 0.03333333333333333 0.07333333333333333
0 0.9456 0.7265777777777778 0.03639999999999986 0.05422222222222217
0 0.31166666666666665 0.7355555555555555 0.045 0.1111111111111111
0 0.23833333333333334 0.7388888888888889 0.05 0.11777777777777777
0 0.8445 0.7426888888888888 0.020483333333333367 0.06286666666666658
0 0.6808333333333333 0.7444444444444445 0.041666666666666664 0.07777777777777778
0 0.8834166666666666 0.747 0.037233333333333195 0.05737777777777789
0 0.9097999999999999 0.7472444444444444 0.015033333333333303 0.06586666666666664
0 0.6074666666666667 0.7507555555555555 0.04821666666666658 0.06284444444444438
0 0.19333333333333333 0.7644444444444445 0.035 0.12444444444444444
0 0.19016666666666665 0.07862222222222225 0.05909999999999999 0.14700000000000002
0 0.13 0.7777777777777778 0.03166666666666667 0.1288888888888889
0 0.04575 0.7786222222222222 0.0915 0.14528888888888888
0 0.7783333333333333 0.7811111111111111 0.03166666666666667 0.06666666666666667
0 0.9426500000000001 0.7831555555555556 0.03521666666666685 0.05422222222222217
0 0.7516666666666667 0.7888888888888889 0.016666666666666666 0.07111111111111111
0 0.5000333333333333 0.7953333333333333 0.05299999999999992 0.05815555555555547
0 0.7225 0.7988888888888889 0.03666666666666667 0.07555555555555556
0 0.9082833333333333 0.8004444444444444 0.01808333333333318 0.06080000000000003
0 0.8822500000000001 0.8059333333333334 0.03488333333333344 0.058933333333333296
0 0.8458333333333333 0.8122222222222222 0.03 0.07333333333333333
0 0.6825 0.8288888888888889 0.03 0.08
0 0.6491666666666667 0.8322222222222222 0.03166666666666667 0.08444444444444445
0 0.94 0.8373777777777778 0.035816666666666684 0.051088888888888906
0 0.8008333333333333 0.8433333333333334 0.021666666666666667 0.06444444444444444
0 0.6191666666666666 0.8477777777777777 0.03 0.08666666666666667
0 0.7758333333333334 0.8555555555555555 0.03 0.07111111111111111
0 0.5858333333333333 0.86 0.035 0.08222222222222222
0 0.7491666666666666 0.86 0.02 0.07333333333333333
0 0.8787833333333332 0.8626444444444444 0.035049999999999956 0.05917777777777777
0 0.9063833333333334 0.8627555555555556 0.017316666666666834 0.057755555555555574
0 0.7283333333333334 0.8722222222222222 0.023333333333333334 0.06666666666666667
0 0.7066666666666667 0.88 0.023333333333333334 0.07111111111111111
0 0.8408333333333333 0.8811111111111111 0.023333333333333334 0.06222222222222222
0 0.2574666666666667 0.09060000000000001 0.06296666666666671 0.13675555555555557
0 0.9382333333333335 0.8912222222222222 0.03608333333333349 0.051866666666666734
0 0.906 0.9139111111111111 0.016566666666666757 0.05066666666666657
0 0.77435 0.9148000000000001 0.028716666666666696 0.0439999999999999
0 0.87665 0.9214666666666668 0.03546666666666662 0.058933333333333296
0 0.7266666666666667 0.9388888888888889 0.02666666666666667 0.06666666666666667
0 0.035 0.9444444444444444 0.07 0.10666666666666667
0 0.3177 0.1111111111111111 0.05016666666666671 0.1264888888888889
0 0.37025 0.12477777777777778 0.042099999999999985 0.1264888888888889
0 0.42345 0.14444444444444443 0.048500000000000036 0.12137777777777779
0 0.46896666666666664 0.14957777777777778 0.04509999999999991 0.11795555555555554
0 0.5099833333333333 0.16068888888888888 0.034849999999999944 0.11282222222222224
0 0.5452166666666667 0.17093333333333333 0.02794999999999997 0.09915555555555557
0 0.58 0.17777777777777778 0.04 0.09555555555555556
0 0.6183333333333333 0.18888888888888888 0.03166666666666667 0.09111111111111111
0 0.6491666666666667 0.1922222222222222 0.03166666666666667 0.08888888888888889
0 0.7425 0.2 0.021666666666666667 0.08666666666666667
0 0.7658333333333334 0.2088888888888889 0.023333333333333334 0.08
0 0.13311666666666666 0.2094 0.037066666666666685 0.13504444444444447
0 0.71 0.21 0.043333333333333335 0.08666666666666667
0 0.18375 0.21453333333333335 0.059100000000000014 0.1316222222222222
0 0.25105 0.2188 0.060400000000000016 0.11624444444444446