0 0.3925 0.2411111111111111 0.056666666666666664 0.1111111111111111
0 0.5566666666666666 0.2544444444444444 0.07833333333333334 0.14444444444444443
0 0.4841666666666667 0.2866666666666667 0.07166666666666667 0.13333333333333333
0 0.7990166666666667 0.28804444444444444 0.09450000000000007 0.13162222222222222
0 0.42583333333333334 0.31222222222222223 0.07166666666666667 0.13555555555555557
0 0.7035166666666667 0.3384666666666667 0.07788333333333336 0.11282222222222221
0 0.37333333333333335 0.34555555555555556 0.04666666666666667 0.09777777777777778
0 0.3225 0.36444444444444446 0.07166666666666667 0.11333333333333333
0 0.6137999999999999 0.3709333333333333 0.07278333333333327 0.11966666666666671
0 0.54265 0.40426666666666666 0.06383333333333326 0.10084444444444443
0 0.47665 0.43504444444444446 0.05488333333333325 0.10084444444444443
0 0.9092499999999999 0.4452888888888889 0.10985000000000014 0.1897333333333333
0 0.7996500000000001 0.45384444444444444 0.11630000000000006 0.21366666666666675
0 0.41383333333333333 0.4666666666666667 0.0600333333333333 0.08888888888888889
0 0.13248333333333331 0.48119999999999996 0.07166666666666667 0.0974444444444445
0 0.35358333333333336 0.48633333333333334 0.0549333333333333 0.08375555555555556
0 0.6932666666666666 0.49315555555555546 0.09326666666666673 0.19999999999999993
0 0.3010333333333333 0.5008444444444444 0.052383333333333344 0.0957333333333333
0 0.6016166666666667 0.5222222222222223 0.08431666666666672 0.1760666666666667
0 0.2516833333333333 0.5273555555555556 0.04341666666666669 0.08375555555555549
0 0.20104999999999998 0.5290666666666667 0.05498333333333335 0.09744444444444443
0 0.5247166666666666 0.5452888888888889 0.07459999999999999 0.1709333333333333
0 0.7216666666666667 0.056666666666666664 0.08333333333333333 0.11333333333333333
0 0.4523 0.5769333333333333 0.07584999999999999 0.1726444444444445
0 0.38755000000000006 0.5948666666666667 0.08440000000000003 0.16068888888888896
0 0.10811666666666668 0.5965777777777778 0.09474999999999999 0.14699999999999994
0 0.33243333333333336 0.6111111111111112 0.06135 0.15897777777777777
0 0.2715666666666667 0.6196666666666667 0.05783333333333331 0.1384666666666666
0 0.1735 0.6316222222222223 0.07165000000000002 0.1384666666666666
0 0.22541666666666665 0.6401777777777777 0.06038333333333334 0.14188888888888895
0 0.6458333333333334 0.07222222222222222 0.07 0.10222222222222223
0 0.5208333333333334 0.07777777777777778 0.07 0.09111111111111111
0 0.9216666666666666 0.7855555555555556 0.14833333333333334 0.2644444444444444
0 0.78 0.7966666666666666 0.13166666666666665 0.24222222222222223
0 0.6575 0.8122222222222222 0.11 0.21777777777777776
0 0.4483333333333333 0.8255555555555556 0.105 0.19555555555555557
0 0.5508333333333333 0.83 0.10166666666666667 0.18222222222222223
0 0.36833333333333335 0.8422222222222222 0.09166666666666666 0.17333333333333334
0 0.24416666666666667 0.8466666666666667 0.09666666666666666 0.1622222222222222
0 0.30416666666666664 0.8477777777777777 0.085 0.15777777777777777
0 0.1875 0.86 0.075 0.14444444444444443
0 0.13833333333333334 0.8622222222222222 0.08 0.13555555555555557
0 0.08916666666666667 0.8644444444444445 0.058333333333333334 0.12666666666666668
0 0.8133333333333334 0.10111111111111111 0.1 0.18
0 0.5733333333333334 0.14444444444444443 0.08 0.12666666666666668
0 0.7175 0.16444444444444445 0.09333333333333334 0.15555555555555556
0 0.5033333333333333 0.18333333333333332 0.07166666666666667 0.10888888888888888
0 0.44333333333333336 0.2 0.07 0.10888888888888888
0 0.6366666666666667 0.20333333333333334 0.08333333333333333 0.15333333333333332