0 0.21333333333333335 0.16111111111111112 0.13333333333333333 0.24888888888888888
0 0.37833333333333335 0.18 0.12 0.24222222222222223
0 0.5208333333333334 0.18666666666666668 0.115 0.24222222222222223
0 0.6458333333333334 0.2011111111111111 0.11166666666666666 0.22444444444444445
0 0.7575 0.21888888888888888 0.105 0.19111111111111112
0 0.8558333333333333 0.23 0.095 0.17777777777777778
0 0.21416666666666667 0.4477777777777778 0.17333333333333334 0.32
0 0.38333333333333336 0.4533333333333333 0.155 0.29777777777777775
0 0.5275 0.45111111111111113 0.135 0.2777777777777778
0 0.6583333333333333 0.45 0.125 0.26222222222222225
0 0.775 0.44555555555555554 0.10833333333333334 0.24888888888888888
0 0.8766666666666667 0.44222222222222224 0.09333333333333334 0.2311111111111111
0 0.22333333333333333 0.7766666666666666 0.175 0.33111111111111113
0 0.38916666666666666 0.7566666666666667 0.15166666666666667 0.3
0 0.5333333333333333 0.7311111111111112 0.135 0.27111111111111114
0 0.6625 0.7111111111111111 0.12666666666666668 0.25333333333333335
0 0.7791666666666667 0.6955555555555556 0.11 0.24
0 0.8783333333333333 0.6755555555555556 0.09666666666666666 0.22666666666666666
0 0.12416666666666666 0.16111111111111112 0.041666666666666664 0.24444444444444444
0 0.3016666666666667 0.17777777777777778 0.035 0.24222222222222223
0 0.45166666666666666 0.19444444444444445 0.02 0.21777777777777776