0 0.11666666666666667 0.2774480712166172 0.17 0.4391691394658754
0 0.12333333333333334 0.7002967359050445 0.165 0.39762611275964393
0 0.30083333333333334 0.3961424332344214 0.11666666666666667 0.32344213649851633
0 0.3 0.7166172106824926 0.11666666666666667 0.3026706231454006
0 0.4508333333333333 0.29080118694362017 0.15833333333333333 0.3827893175074184
0 0.44916666666666666 0.6513353115727003 0.14833333333333334 0.3353115727002967
0 0.59 0.3026706231454006 0.11 0.34421364985163205
0 0.5858333333333333 0.6261127596439169 0.11 0.314540059347181
0 0.7083333333333334 0.2997032640949555 0.11833333333333333 0.31750741839762614
0 0.7025 0.6112759643916914 0.11166666666666666 0.29673590504451036
0 0.8008333333333333 0.38724035608308605 0.07166666666666667 0.23738872403560832
0 0.7916666666666666 0.6142433234421365 0.07 0.22255192878338279
0 0.8758333333333334 0.3827893175074184 0.07666666666666666 0.2314540059347181
0 0.8675 0.599406528189911 0.07166666666666667 0.21364985163204747