0 0.7175 0.30712166172106825 0.03666666666666667 0.08605341246290801
0 0.5841666666666666 0.3264094955489614 0.03666666666666667 0.10089020771513353
0 0.5483333333333333 0.33382789317507416 0.03333333333333333 0.09495548961424333
0 0.515 0.34124629080118696 0.03166666666666667 0.09495548961424333
0 0.2163 0.3451038575667656 0.01969999999999999 0.08581602373887237
0 0.19471666666666668 0.3504451038575668 0.0237 0.08225519287833824
0 0.17211666666666667 0.35136498516320475 0.02771666666666666 0.07866468842729968
0 0.3 0.3545994065281899 0.03333333333333333 0.08902077151335312
0 0.4716666666666667 0.3545994065281899 0.03166666666666667 0.07418397626112759
0 0.3566666666666667 0.35756676557863504 0.02666666666666667 0.08902077151335312
0 0.38333333333333336 0.3590504451038576 0.02666666666666667 0.08605341246290801
0 0.44 0.3590504451038576 0.028333333333333332 0.0771513353115727
0 0.12895 0.35985163204747767 0.03556666666666667 0.0795548961424332
0 0.3308333333333333 0.36350148367952523 0.028333333333333332 0.08902077151335312
0 0.41083333333333333 0.37091988130563797 0.028333333333333332 0.08902077151335312
0 0.03155 0.38086053412462906 0.033683333333333336 0.07151335311572703
0 0.007949999999999999 0.3826409495548961 0.01551666666666667 0.06973293768545995
0 0.7466666666666667 0.4094955489614243 0.03833333333333333 0.12759643916913946
0 0.7058333333333333 0.4124629080118694 0.043333333333333335 0.11572700296735905
0 0.21455 0.4197329376854599 0.023216666666666677 0.06884272997032638
0 0.665 0.4198813056379822 0.04 0.10979228486646884
0 0.1927 0.42198813056379825 0.02069999999999998 0.06617210682492584
0 0.6241666666666666 0.42433234421364985 0.03666666666666667 0.10385756676557864
0 0.17036666666666667 0.4268842729970327 0.025999999999999992 0.07240356083086047
0 0.5866666666666667 0.4287833827893175 0.04 0.08902077151335312
0 0.12618333333333331 0.4331454005934718 0.03321666666666668 0.07240356083086047
0 0.55 0.4332344213649852 0.035 0.09198813056379822
0 0.5125 0.4391691394658754 0.03333333333333333 0.09495548961424333
0 0.29833333333333334 0.4406528189910979 0.03333333333333333 0.08011869436201781
0 0.44666666666666666 0.4421364985163205 0.03166666666666667 0.08902077151335312
0 0.48 0.4421364985163205 0.03166666666666667 0.08902077151335312
0 0.33166666666666667 0.4465875370919881 0.02666666666666667 0.0771513353115727
0 0.3575 0.4465875370919881 0.021666666666666667 0.08902077151335312
0 0.38083333333333336 0.4465875370919881 0.023333333333333334 0.0830860534124629
0 0.029283333333333335 0.44833827893175077 0.032183333333333335 0.06884272997032638
0 0.0075 0.4495548961424332 0.015 0.06824925816023739
0 0.4116666666666667 0.45252225519287836 0.03166666666666667 0.0830860534124629
0 0.1965 0.522106824925816 0.022166666666666685 0.08225519287833837
0 0.21708333333333332 0.5225519287833827 0.01513333333333333 0.08492581602373889
0 0.17365 0.5238872403560831 0.02253333333333335 0.07866468842729968
0 0.3016666666666667 0.5252225519287834 0.03166666666666667 0.0830860534124629
0 0.6633333333333333 0.5281899109792285 0.04 0.09792284866468842
0 0.3325 0.5296735905044511 0.023333333333333334 0.09198813056379822
0 0.6233333333333333 0.5296735905044511 0.03666666666666667 0.10385756676557864
0 0.705 0.5296735905044511 0.043333333333333335 0.10385756676557864
0 0.585 0.5311572700296736 0.03666666666666667 0.10385756676557864
0 0.3575 0.5326409495548962 0.023333333333333334 0.08011869436201781
0 0.48083333333333333 0.5341246290801187 0.03333333333333333 0.09198813056379822
0 0.5141666666666667 0.5341246290801187 0.03 0.09198813056379822
0 0.5483333333333333 0.5341246290801187 0.03833333333333333 0.09792284866468842
0 0.38083333333333336 0.5356083086053413 0.021666666666666667 0.09792284866468842
0 0.44583333333333336 0.5356083086053413 0.03333333333333333 0.08902077151335312
0 0.7483333333333333 0.5356083086053413 0.03333333333333333 0.11572700296735905
0 0.4116666666666667 0.543026706231454 0.03166666666666667 0.08902077151335312
0 0.12593333333333334 0.5779821958456973 0.03556666666666667 0.08851632047477741
0 0.06568333333333333 0.580652818991098 0.034583333333333334 0.08670623145400602
0 0.029033333333333335 0.5824629080118694 0.030549999999999997 0.08314540059347175
0 0.17063333333333333 0.6007715133531157 0.021650000000000016 0.08047477744807123
0 0.1924833333333333 0.6021364985163205 0.019150000000000014 0.0813649851632048
0 0.21331666666666668 0.6052522255192878 0.01865000000000002 0.07866468842729968
0 0.2975 0.615727002967359 0.03166666666666667 0.09495548961424333
0 0.3283333333333333 0.615727002967359 0.02666666666666667 0.09495548961424333
0 0.35833333333333334 0.6186943620178041 0.028333333333333332 0.08605341246290801
0 0.4075 0.6275964391691394 0.02666666666666667 0.08011869436201781
0 0.4816666666666667 0.6275964391691394 0.03666666666666667 0.09792284866468842
0 0.38416666666666666 0.629080118694362 0.023333333333333334 0.08011869436201781
0 0.5158333333333334 0.629080118694362 0.03333333333333333 0.10385756676557864
0 0.44583333333333336 0.6305637982195845 0.03166666666666667 0.09495548961424333
0 0.5491666666666667 0.6305637982195845 0.03166666666666667 0.08902077151335312
0 0.585 0.6350148367952523 0.03833333333333333 0.11275964391691394
0 0.6233333333333333 0.6364985163204748 0.03666666666666667 0.10979228486646884
0 0.7058333333333333 0.6379821958456974 0.04 0.11572700296735905
0 0.665 0.6394658753709199 0.04 0.11869436201780416
0 0.07721666666666667 0.6615727002967359 0.019500000000000003 0.08047477744807123
0 0.01575 0.6620178041543027 0.017083333333333332 0.07421364985163202
0 0.035833333333333335 0.6624629080118695 0.019100000000000002 0.07510385756676559
0 0.05541666666666667 0.6629080118694363 0.02011666666666666 0.07599406528189916
0 0.14578333333333332 0.6629080118694363 0.024150000000000015 0.08314540059347175
0 0.12143333333333334 0.663353115727003 0.02255 0.08047477744807123
0 0.09731666666666666 0.6673887240356083 0.02151666666666666 0.0706231454005935
0 0.16963333333333333 0.6732047477744807 0.022650000000000007 0.06795252225519281
0 0.19046666666666667 0.6758753709198814 0.019150000000000014 0.06795252225519281
0 0.21005000000000001 0.676320474777448 0.019150000000000014 0.06525222551928786
0 0.32408333333333333 0.6877744807121662 0.028600000000000042 0.04421364985163198
0 0.35768333333333335 0.6884272997032641 0.035900000000000036 0.04551928783382782
0 0.39308333333333334 0.6923442136498517 0.036650000000000016 0.04029673590504446
0 0.442 0.6981899109792284 0.038133333333333325 0.0416023738872403
0 0.2925 0.7062314540059347 0.021666666666666667 0.08605341246290801
0 0.5492333333333334 0.7344510385756676 0.0325333333333333 0.1081899109792285
0 0.6641666666666667 0.7507418397626113 0.03666666666666667 0.08902077151335312
0 0.03531666666666667 0.763946587537092 0.020033333333333337 0.08136498516320471
0 0.056666666666666664 0.767507418397626 0.01961666666666666 0.08314540059347175
0 0.08 0.7728783382789317 0.027166666666666662 0.0777744807121662
0 0.2811 0.818486646884273 0.03456666666666668 0.0920771513353115
0 0.030549999999999997 0.8412759643916914 0.02055 0.07151335311572707
0 0.05315 0.8417210682492582 0.02255 0.06706231454005941
0 0.0785 0.842166172106825 0.029066666666666664 0.06258160237388734
0 0.4266666666666667 0.8531157270029673 0.028333333333333332 0.10385756676557864
0 0.4525 0.8605341246290801 0.02 0.10385756676557864
0 0.3125 0.8620178041543026 0.025 0.09198813056379822
0 0.3375 0.8649851632047477 0.025 0.09792284866468842
0 0.5108333333333334 0.8679525222551929 0.043333333333333335 0.10089020771513353
0 0.365 0.8724035608308606 0.028333333333333332 0.09495548961424333
0 0.395 0.8768545994065282 0.03 0.10089020771513353
0 0.6428666666666667 0.8828486646884273 0.037016666666666725 0.12605341246290808
0 0.6727333333333333 0.891780415430267 0.01943333333333328 0.12605341246290808
0 0.026166666666666664 0.9016617210682493 0.016866666666666662 0.06632047477744814
0 0.2791666666666667 0.913946587537092 0.03666666666666667 0.09495548961424333
0 0.046233333333333335 0.9153115727002967 0.01906666666666667 0.07540059347181
0 0.06595 0.9185756676557864 0.014700000000000012 0.08189910979228493
0 0.31083333333333335 0.9525222551928784 0.025 0.0830860534124629
0 0.33666666666666667 0.9540059347181009 0.02 0.08605341246290801
0 0.3616666666666667 0.956973293768546 0.028333333333333332 0.08011869436201781
0 0.3933333333333333 0.9614243323442137 0.028333333333333332 0.05934718100890208
0 0.51 0.9599406528189911 0.03666666666666667 0.07418397626112759
0 0.5466666666666666 0.9614243323442137 0.03666666666666667 0.0712166172106825
0 0.585 0.9614243323442137 0.04 0.0712166172106825