0 0.07668333333333333 0.25064444444444445 0.03768333333333333 0.06688888888888887
0 0.2312 0.25146666666666667 0.035783333333333306 0.0636
0 0.11725 0.25146666666666667 0.04076666666666668 0.06688888888888891
0 0.19186666666666669 0.2527111111111111 0.03641666666666666 0.06442222222222224
0 0.3025 0.2788888888888889 0.03333333333333333 0.06222222222222222
0 0.33416666666666667 0.2811111111111111 0.028333333333333332 0.057777777777777775
0 0.36666666666666664 0.2811111111111111 0.03166666666666667 0.05555555555555555
0 0.5633333333333334 0.2922222222222222 0.03333333333333333 0.06222222222222222
0 0.5991666666666666 0.2922222222222222 0.03166666666666667 0.06222222222222222
0 0.4 0.29444444444444445 0.03166666666666667 0.06
0 0.7566666666666667 0.29444444444444445 0.025 0.05333333333333334
0 0.5275 0.29555555555555557 0.028333333333333332 0.051111111111111114
0 0.6291666666666667 0.29555555555555557 0.028333333333333332 0.04888888888888889
0 0.4633333333333333 0.3 0.03166666666666667 0.06222222222222222
0 0.4325 0.3011111111111111 0.03 0.057777777777777775
0 0.49666666666666665 0.3022222222222222 0.03 0.05555555555555555
0 0.013433333333333334 0.3088666666666667 0.026866666666666667 0.06111111111111111
0 0.07636666666666667 0.3121777777777778 0.03706666666666666 0.05451111111111118
0 0.11631666666666668 0.3125777777777778 0.04035000000000001 0.05533333333333328
0 0.19186666666666669 0.31424444444444444 0.03641666666666666 0.06028888888888888
0 0.22996666666666665 0.31464444444444445 0.03481666666666664 0.06111111111111111
0 0.325 0.34 0.03166666666666667 0.06666666666666667
0 0.36333333333333334 0.3422222222222222 0.03666666666666667 0.06222222222222222
0 0.2975 0.3433333333333333 0.025 0.06
0 0.6991666666666667 0.35 0.03333333333333333 0.06
0 0.565 0.3511111111111111 0.03333333333333333 0.057777777777777775
0 0.5975 0.3511111111111111 0.03166666666666667 0.06
0 0.6316666666666667 0.3511111111111111 0.03333333333333333 0.06
0 0.6658333333333334 0.3511111111111111 0.03166666666666667 0.06
0 0.7333333333333333 0.3511111111111111 0.03333333333333333 0.06
0 0.7641666666666667 0.3522222222222222 0.03 0.06
0 0.53 0.35333333333333333 0.03333333333333333 0.06444444444444444
0 0.4 0.35444444444444445 0.03166666666666667 0.06222222222222222
0 0.495 0.35888888888888887 0.03166666666666667 0.06
0 0.4325 0.36 0.03166666666666667 0.06
0 0.465 0.36 0.03166666666666667 0.057777777777777775
0 0.22933333333333333 0.39599999999999996 0.03729999999999999 0.06524444444444448
0 0.32666666666666666 0.40555555555555556 0.035 0.06
0 0.3625 0.40555555555555556 0.03666666666666667 0.06444444444444444
0 0.2966666666666667 0.4077777777777778 0.023333333333333334 0.06444444444444444
0 0.7325 0.4088888888888889 0.03333333333333333 0.06
0 0.6 0.4111111111111111 0.028333333333333332 0.06
0 0.5658333333333333 0.4122222222222222 0.03666666666666667 0.06222222222222222
0 0.6333333333333333 0.4122222222222222 0.03333333333333333 0.06
0 0.6683333333333333 0.4122222222222222 0.03333333333333333 0.06222222222222222
0 0.7 0.4122222222222222 0.03 0.057777777777777775
0 0.7675 0.41333333333333333 0.03166666666666667 0.06222222222222222
0 0.3983333333333333 0.41444444444444445 0.03166666666666667 0.057777777777777775
0 0.4975 0.41444444444444445 0.028333333333333332 0.057777777777777775
0 0.5308333333333334 0.4166666666666667 0.035 0.06
0 0.43166666666666664 0.42 0.03 0.06
0 0.46416666666666667 0.42 0.03333333333333333 0.06
0 0.011666666666666667 0.4388888888888889 0.023333333333333334 0.07333333333333333
0 0.08535 0.4414222222222222 0.04388333333333333 0.0718444444444444
0 0.22933333333333333 0.4579333333333333 0.03729999999999999 0.06028888888888888
0 0.6666666666666666 0.4633333333333333 0.03333333333333333 0.035555555555555556
0 0.32416666666666666 0.4711111111111111 0.035 0.06888888888888889
0 0.36 0.4711111111111111 0.035 0.06222222222222222
0 0.3975 0.4722222222222222 0.03833333333333333 0.06222222222222222
0 0.5991666666666666 0.4722222222222222 0.03333333333333333 0.06222222222222222
0 0.6325 0.47333333333333333 0.03166666666666667 0.06
0 0.7333333333333333 0.47333333333333333 0.028333333333333332 0.06222222222222222
0 0.7666666666666667 0.47333333333333333 0.03 0.057777777777777775
0 0.5316666666666666 0.47444444444444445 0.035 0.06222222222222222
0 0.5675 0.47444444444444445 0.03166666666666667 0.06444444444444444
0 0.49916666666666665 0.47555555555555556 0.03333333333333333 0.06444444444444444
0 0.4325 0.4777777777777778 0.03 0.06
0 0.46416666666666667 0.4777777777777778 0.035 0.06222222222222222
0 0.7016666666666667 0.4777777777777778 0.03333333333333333 0.06888888888888889
0 0.03178333333333334 0.5079111111111111 0.04328333333333333 0.07102222222222218
0 0.18908333333333333 0.5103777777777777 0.03826666666666668 0.06442222222222224
0 0.08535000000000001 0.5108 0.04406666666666668 0.0636
0 0.22593333333333335 0.5136888888888889 0.030483333333333345 0.056155555555555514
0 0.5337833333333333 0.5186444444444445 0.03294999999999997 0.02477777777777773
0 0.3597666666666667 0.5198888888888888 0.03523333333333331 0.03220000000000002
0 0.3987833333333333 0.5202888888888889 0.03908333333333332 0.029733333333333323
0 0.3233333333333333 0.5388888888888889 0.03333333333333333 0.06444444444444444
0 0.4633333333333333 0.5388888888888889 0.03166666666666667 0.06
0 0.49833333333333335 0.54 0.03666666666666667 0.06666666666666667
0 0.30583333333333335 0.6166666666666667 0.043333333333333335 0.06888888888888889
0 0.7741666666666667 0.6188888888888889 0.03 0.06444444444444444
0 0.6333333333333333 0.62 0.025 0.06222222222222222
0 0.74 0.62 0.035 0.06222222222222222
0 0.5675 0.6211111111111111 0.03166666666666667 0.06444444444444444
0 0.6025 0.6211111111111111 0.03166666666666667 0.06222222222222222
0 0.5175 0.6222222222222222 0.03333333333333333 0.06444444444444444
0 0.4825 0.6277777777777778 0.03333333333333333 0.06222222222222222
0 0.3458333333333333 0.6333333333333333 0.03333333333333333 0.06222222222222222
0 0.4475 0.6388888888888888 0.03 0.057777777777777775
0 0.4141666666666667 0.64 0.03333333333333333 0.06444444444444444
0 0.38083333333333336 0.6444444444444445 0.03333333333333333 0.06
0 0.30666666666666664 0.6777777777777778 0.03666666666666667 0.05333333333333334
0 0.6933333333333334 0.6788888888888889 0.03666666666666667 0.06666666666666667
0 0.7725 0.6811111111111111 0.035 0.05555555555555555
0 0.57 0.6844444444444444 0.03333333333333333 0.06444444444444444
0 0.64 0.6844444444444444 0.03166666666666667 0.06666666666666667
0 0.735 0.6844444444444444 0.035 0.06666666666666667
0 0.6025 0.6855555555555556 0.035 0.06
0 0.48333333333333334 0.6888888888888889 0.03333333333333333 0.06222222222222222
0 0.44916666666666666 0.6988888888888889 0.03333333333333333 0.06222222222222222
0 0.415 0.7 0.035 0.06
0 0.38 0.7011111111111111 0.03166666666666667 0.05333333333333334
0 0.6041666666666666 0.7366666666666667 0.03333333333333333 0.04
0 0.6958333333333333 0.7444444444444445 0.03 0.057777777777777775
0 0.6425 0.7477777777777778 0.03166666666666667 0.06222222222222222
0 0.475 0.7555555555555555 0.02 0.06888888888888889
0 0.41333333333333333 0.7611111111111111 0.03666666666666667 0.051111111111111114
0 0.4483333333333333 0.7611111111111111 0.03166666666666667 0.057777777777777775
0 0.077 0.8134666666666667 0.03846666666666666 0.06111111111111111
0 0.1541 0.8283333333333334 0.02548333333333332 0.08093333333333325
0 0.11726666666666667 0.8547555555555555 0.05086666666666667 0.07928888888888878
0 0.0736 0.8791333333333333 0.03908333333333334 0.06524444444444448