0 0.7691666666666667 0.2288888888888889 0.07166666666666667 0.14222222222222222
0 0.625 0.23222222222222222 0.06833333333333333 0.14666666666666667
0 0.4766666666666667 0.23333333333333334 0.07333333333333333 0.14222222222222222
0 0.6958333333333333 0.23444444444444446 0.07 0.14222222222222222
0 0.8391666666666666 0.23444444444444446 0.065 0.13555555555555557
0 0.9125 0.23777777777777778 0.06833333333333333 0.14
0 0.5491666666666667 0.24333333333333335 0.07333333333333333 0.1288888888888889
0 0.4008333333333333 0.2866666666666667 0.06166666666666667 0.09333333333333334
0 0.3416666666666667 0.28888888888888886 0.055 0.09333333333333334
0 0.8341666666666666 0.3711111111111111 0.06666666666666667 0.14
0 0.6916666666666667 0.37333333333333335 0.06666666666666667 0.13333333333333333
0 0.7641666666666667 0.37333333333333335 0.07 0.14222222222222222
0 0.4725 0.37444444444444447 0.075 0.13777777777777778
0 0.6216666666666667 0.37444444444444447 0.06833333333333333 0.13333333333333333
0 0.9041666666666667 0.37555555555555553 0.06666666666666667 0.13333333333333333
0 0.5491666666666667 0.37666666666666665 0.06833333333333333 0.13333333333333333
0 0.4042333333333333 0.3914444444444445 0.06686666666666663 0.10597777777777777
0 0.34 0.3933333333333333 0.06 0.10222222222222223
0 0.3958333333333333 0.1811111111111111 0.056666666666666664 0.11555555555555555