0 0.23916666666666667 0.22555555555555556 0.04666666666666667 0.10444444444444445
0 0.16068333333333332 0.22564444444444445 0.06421666666666667 0.11966666666666666
0 0.2791666666666667 0.23666666666666666 0.03666666666666667 0.09777777777777778
0 0.3275 0.2411111111111111 0.04666666666666667 0.1
0 0.0214 0.2495777777777778 0.04278333333333333 0.16411111111111112
0 0.08888333333333333 0.2538444444444445 0.08706666666666668 0.16582222222222226
0 0.42 0.26666666666666666 0.045 0.09777777777777778
0 0.5618833333333333 0.2675111111111111 0.03563333333333332 0.07693333333333334
0 0.375 0.2722222222222222 0.045 0.09333333333333334
0 0.5991666666666666 0.28888888888888886 0.03333333333333333 0.07111111111111111
0 0.5216666666666666 0.30777777777777776 0.04833333333333333 0.10888888888888888
0 0.4683333333333333 0.31222222222222223 0.056666666666666664 0.12444444444444444
0 0.16453333333333334 0.3264888888888889 0.053966666666666656 0.08888888888888889
0 0.23666666666666666 0.32666666666666666 0.03666666666666667 0.09777777777777778
0 0.7375 0.3277777777777778 0.041666666666666664 0.08
0 0.2783333333333333 0.33 0.04666666666666667 0.09111111111111111
0 0.3283333333333333 0.33666666666666667 0.04833333333333333 0.08666666666666667
0 0.6333333333333333 0.34 0.035 0.08222222222222222
0 0.6683333333333333 0.34 0.03666666666666667 0.08222222222222222
0 0.5641666666666667 0.3477777777777778 0.03833333333333333 0.08222222222222222
0 0.7008333333333333 0.35 0.03 0.07333333333333333
0 0.42 0.35444444444444445 0.04666666666666667 0.07777777777777778
0 0.375 0.35555555555555557 0.041666666666666664 0.06888888888888889
0 0.6008333333333333 0.36444444444444446 0.03333333333333333 0.07111111111111111
0 0.09275 0.40684444444444445 0.08981666666666667 0.15726666666666664
0 0.02396666666666667 0.4111111111111111 0.04791666666666667 0.1521333333333333
0 0.7416666666666667 0.4111111111111111 0.043333333333333335 0.08222222222222222
0 0.7825 0.4122222222222222 0.03333333333333333 0.08666666666666667
0 0.5216666666666666 0.41555555555555557 0.04666666666666667 0.1
0 0.8308333333333333 0.41555555555555557 0.045 0.07555555555555556
0 0.6375 0.42 0.03333333333333333 0.07777777777777778
0 0.4708333333333333 0.4222222222222222 0.04833333333333333 0.08888888888888889
0 0.6708333333333333 0.4222222222222222 0.03333333333333333 0.07777777777777778
0 0.24083333333333334 0.42333333333333334 0.03666666666666667 0.09777777777777778
0 0.2825 0.4255555555555556 0.045 0.09333333333333334
0 0.705 0.4255555555555556 0.03166666666666667 0.06888888888888889
0 0.3283333333333333 0.4266666666666667 0.04666666666666667 0.08888888888888889
0 0.5658333333333333 0.42777777777777776 0.03666666666666667 0.07111111111111111
0 0.37666666666666665 0.43 0.045 0.07777777777777778
0 0.16838333333333333 0.43077777777777776 0.06421666666666667 0.11282222222222218
0 0.4216666666666667 0.4311111111111111 0.045 0.07333333333333333
0 0.6016666666666667 0.43222222222222223 0.035 0.06222222222222222