0 0.5558333333333333 0.22333333333333333 0.023333333333333334 0.042222222222222223
0 0.6266666666666667 0.22333333333333333 0.025 0.04
0 0.6783333333333333 0.22333333333333333 0.02666666666666667 0.044444444444444446
0 0.15108333333333335 0.2240888888888889 0.023249999999999982 0.0375111111111111
0 0.5791666666666667 0.22444444444444445 0.02 0.035555555555555556
0 0.6033333333333334 0.22555555555555556 0.023333333333333334 0.03777777777777778
0 0.7041666666666667 0.22555555555555556 0.023333333333333334 0.04666666666666667
0 0.73 0.22555555555555556 0.02666666666666667 0.051111111111111114
0 0.17533333333333334 0.22644444444444445 0.022566666666666655 0.03844444444444447
0 0.19713333333333333 0.22784444444444446 0.022566666666666655 0.04126666666666665
0 0.2228 0.22877777777777777 0.02610000000000002 0.039377777777777775
0 0.6525 0.2288888888888889 0.023333333333333334 0.042222222222222223
0 0.34268333333333334 0.23299999999999998 0.026833333333333372 0.03844444444444447
0 0.4172166666666666 0.23675555555555558 0.026866666666666626 0.04220000000000002
0 0.39225 0.23722222222222222 0.024466666666666678 0.04126666666666665
0 0.4432333333333333 0.2386222222222222 0.02546666666666662 0.04031111111111108
0 0.5075 0.2588888888888889 0.015 0.04
0 0.4866666666666667 0.26 0.021666666666666667 0.042222222222222223
0 0.5266666666666666 0.26 0.021666666666666667 0.04888888888888889
0 0.5783333333333334 0.2633333333333333 0.023333333333333334 0.044444444444444446
0 0.5533333333333333 0.2644444444444444 0.021666666666666667 0.044444444444444446
0 0.6033333333333334 0.2677777777777778 0.021666666666666667 0.04666666666666667
0 0.6275 0.2688888888888889 0.025 0.051111111111111114
0 0.05333333333333334 0.27111111111111114 0.06166666666666667 0.1
0 0.6758333333333333 0.27111111111111114 0.025 0.04888888888888889
0 0.7533333333333333 0.27111111111111114 0.025 0.04888888888888889
0 0.010833333333333334 0.27111111111111114 0.021666666666666667 0.10444444444444445
0 0.7033333333333334 0.2722222222222222 0.023333333333333334 0.044444444444444446
0 0.7283333333333334 0.2722222222222222 0.025 0.04888888888888889
0 0.7816666666666666 0.2722222222222222 0.025 0.04888888888888889
0 0.6508333333333334 0.2733333333333333 0.025 0.04666666666666667
0 0.8075 0.2733333333333333 0.023333333333333334 0.04888888888888889
0 0.8325 0.2733333333333333 0.025 0.04666666666666667
0 0.1025 0.27666666666666667 0.035 0.09333333333333334
0 0.394 0.29302222222222224 0.02544999999999997 0.04406666666666663
0 0.41826666666666673 0.29442222222222225 0.023350000000000034 0.045
0 0.44181666666666664 0.29442222222222225 0.024066666666666757 0.045
0 0.13666666666666666 0.2966666666666667 0.03333333333333333 0.1
0 0.5008333333333334 0.3055555555555556 0.025 0.044444444444444446
0 0.5741666666666667 0.3055555555555556 0.023333333333333334 0.044444444444444446
0 0.5266666666666666 0.30777777777777776 0.021666666666666667 0.04888888888888889
0 0.5525 0.3088888888888889 0.02 0.04
0 0.6 0.3088888888888889 0.021666666666666667 0.04666666666666667
0 0.17270000000000002 0.3113777777777778 0.022316666666666644 0.04815555555555559
0 0.6233333333333333 0.31222222222222223 0.021666666666666667 0.042222222222222223
0 0.19721666666666665 0.3134 0.023916666666666656 0.0474444444444445
0 0.26930000000000004 0.3134888888888889 0.024466666666666678 0.04606666666666671
0 0.22243333333333334 0.3138666666666667 0.026883333333333325 0.048399999999999936
0 0.6483333333333333 0.31666666666666665 0.025 0.042222222222222223
0 0.6741666666666667 0.31666666666666665 0.02666666666666667 0.042222222222222223
0 0.3433833333333333 0.31880000000000003 0.023783333333333302 0.05062222222222229
0 0.7008333333333333 0.3188888888888889 0.023333333333333334 0.04666666666666667
0 0.7258333333333333 0.3188888888888889 0.02666666666666667 0.04888888888888889
0 0.7525 0.3188888888888889 0.021666666666666667 0.04666666666666667
0 0.7775 0.3188888888888889 0.028333333333333332 0.04888888888888889
0 0.8058333333333333 0.3188888888888889 0.023333333333333334 0.04666666666666667
0 0.8308333333333333 0.3188888888888889 0.025 0.04666666666666667
0 0.3926 0.3361555555555556 0.024050000000000012 0.04031111111111108
0 0.41686666666666666 0.3366222222222222 0.02475000000000004 0.04313333333333339
0 0.4411166666666667 0.33755555555555555 0.024066666666666757 0.045
0 0.5008333333333334 0.3522222222222222 0.025 0.04666666666666667
0 0.5241666666666667 0.35333333333333333 0.021666666666666667 0.044444444444444446
0 0.5491666666666667 0.35444444444444445 0.021666666666666667 0.044444444444444446
0 0.575 0.35444444444444445 0.02666666666666667 0.04888888888888889
0 0.5991666666666666 0.35444444444444445 0.02 0.04888888888888889
0 0.1726 0.35766666666666663 0.023916666666666656 0.044377777777777835
0 0.19623333333333332 0.3582444444444445 0.023050000000000022 0.043199999999999995
0 0.22128333333333336 0.3582444444444445 0.02564999999999998 0.041311111111111055
0 0.6725 0.35888888888888887 0.023333333333333334 0.04888888888888889
0 0.2441333333333333 0.35946666666666666 0.02100000000000004 0.04686666666666661
0 0.6225 0.36 0.023333333333333334 0.04666666666666667
0 0.26733333333333337 0.3608888888888889 0.023216666666666677 0.04695555555555554
0 0.2917166666666667 0.3608888888888889 0.025983333333333292 0.04695555555555554
0 0.6475 0.3611111111111111 0.023333333333333334 0.044444444444444446
0 0.6975 0.36333333333333334 0.025 0.044444444444444446
0 0.7783333333333333 0.36444444444444446 0.025 0.044444444444444446
0 0.8041666666666667 0.36444444444444446 0.025 0.042222222222222223
0 0.7258333333333333 0.3655555555555556 0.023333333333333334 0.04666666666666667
0 0.7508333333333334 0.3655555555555556 0.023333333333333334 0.04666666666666667
0 0.31698333333333334 0.3659777777777778 0.023999999999999962 0.04257777777777783
0 0.3416333333333333 0.3666222222222222 0.023316666666666683 0.04313333333333339
0 0.36623333333333336 0.36895555555555554 0.021666666666666667 0.03844444444444447
0 0.3904833333333333 0.3727111111111111 0.022366666666666694 0.03282222222222218
0 0.41405000000000003 0.3741111111111111 0.023049999999999973 0.03562222222222229
0 0.43971666666666664 0.37553333333333333 0.02546666666666662 0.03844444444444447
0 0.01 0.3811111111111111 0.018333333333333333 0.1111111111111111
0 0.1 0.3811111111111111 0.03833333333333333 0.1111111111111111
0 0.050833333333333335 0.38222222222222224 0.058333333333333334 0.11333333333333333
0 0.5237666666666666 0.38584444444444443 0.02189999999999998 0.01968888888888892
0 0.5480333333333334 0.3867777777777778 0.025433333333333318 0.01968888888888892
0 0.5758 0.3896 0.027549999999999953 0.02155555555555553
0 0.13825 0.39486666666666664 0.03471666666666669 0.09231111111111116
0 0.49705000000000005 0.39851111111111115 0.016066666666666642 0.045
0 0.6208333333333333 0.40444444444444444 0.021666666666666667 0.04
0 0.6717666666666666 0.40553333333333336 0.011416666666666705 0.04220000000000002
0 0.7761833333333333 0.41115555555555555 0.014983333333333348 0.04595555555555557
0 0.17313333333333333 0.4169111111111111 0.02651666666666666 0.04488888888888887
0 0.24295000000000003 0.42073333333333335 0.02296666666666662 0.04488888888888887
0 0.2666 0.42144444444444445 0.0236833333333333 0.045377777777777815
0 0.2913 0.4216888888888889 0.025133333333333306 0.04584444444444444
0 0.4875 0.45 0.03 0.044444444444444446
0 0.19855 0.45797777777777776 0.024333333333333325 0.04488888888888887
0 0.24223333333333333 0.45966666666666667 0.022250000000000037 0.035822222222222234
0 0.26516666666666666 0.4615777777777778 0.02296666666666662 0.035822222222222234
0 0.28968333333333335 0.4615777777777778 0.025483333333333368 0.034866666666666664
0 0.6016666666666667 0.4622222222222222 0.02666666666666667 0.051111111111111114
0 0.6275 0.46444444444444444 0.023333333333333334 0.051111111111111114
0 0.6691666666666667 0.46555555555555556 0.028333333333333332 0.044444444444444446
0 0.7633333333333333 0.4666666666666667 0.02666666666666667 0.03111111111111111
0 0.7925 0.4666666666666667 0.025 0.03333333333333333
0 0.5116666666666667 0.4711111111111111 0.018333333333333333 0.044444444444444446
0 0.5566666666666666 0.4711111111111111 0.02 0.044444444444444446
0 0.5341666666666667 0.4722222222222222 0.023333333333333334 0.042222222222222223
0 0.58 0.4722222222222222 0.021666666666666667 0.04888888888888889
0 0.82 0.4766666666666667 0.02666666666666667 0.04666666666666667
0 0.23991666666666664 0.5007333333333334 0.021799999999999972 0.046333333333333386
0 0.26371666666666665 0.5016888888888889 0.025016666666666652 0.043466666666666674
0 0.2879 0.5021555555555556 0.022616666666666656 0.044422222222222245
0 0.6 0.5044444444444445 0.018333333333333333 0.03333333333333333
0 0.0175 0.051111111111111114 0.03333333333333333 0.09777777777777778
0 0.5066666666666667 0.5122222222222222 0.018333333333333333 0.03777777777777778
0 0.555 0.5133333333333333 0.021666666666666667 0.042222222222222223
0 0.5783333333333334 0.5166666666666667 0.023333333333333334 0.03777777777777778
0 0.7175 0.5166666666666667 0.025 0.04888888888888889
0 0.6994 0.5168666666666667 0.010766666666666728 0.04840000000000007
0 0.73585 0.5215555555555556 0.00988333333333325 0.05464444444444439
0 0.12666666666666668 0.5288888888888889 0.035 0.09111111111111111
0 0.09166666666666666 0.5344444444444445 0.035 0.10222222222222223
0 0.05333333333333334 0.5388888888888889 0.041666666666666664 0.10222222222222223
0 0.48 0.5433333333333333 0.028333333333333332 0.051111111111111114
0 0.5604 0.5469777777777778 0.013766666666666651 0.021288888888888854
0 0.5789666666666666 0.5471111111111111 0.01979999999999999 0.02155555555555553
0 0.5075 0.55 0.021666666666666667 0.03333333333333333
0 0.0175 0.5533333333333333 0.03166666666666667 0.12222222222222222
0 0.8183333333333334 0.5577777777777778 0.025 0.035555555555555556
0 0.05416666666666667 0.06333333333333334 0.035 0.07555555555555556
0 0.12416666666666666 0.6233333333333333 0.03166666666666667 0.09555555555555556
0 0.08916666666666667 0.6355555555555555 0.03833333333333333 0.09777777777777778
0 0.05333333333333334 0.65 0.03666666666666667 0.11333333333333333
0 0.016666666666666666 0.67 0.03333333333333333 0.10888888888888888
0 0.11666666666666667 0.76 0.035 0.09111111111111111
0 0.5367666666666667 0.7651111111111112 0.022366666666666597 0.05437777777777784
0 0.0825 0.7833333333333333 0.03666666666666667 0.10444444444444445
0 0.5329 0.8054222222222223 0.026099999999999946 0.03295555555555565
0 0.0425 0.8111111111111111 0.043333333333333335 0.1
0 0.5065333333333334 0.8148222222222222 0.025183333333333356 0.05626666666666678
0 0.55645 0.8162222222222223 0.021233333333333347 0.05157777777777786
0 0.010833333333333334 0.83 0.02 0.12
0 0.115 0.8611111111111112 0.03333333333333333 0.10888888888888888
0 0.08953333333333333 0.08804444444444444 0.029383333333333327 0.07351111111111111
0 0.5044166666666666 0.8870222222222223 0.024033333333333264 0.05813333333333326
0 0.08 0.8888888888888888 0.03833333333333333 0.10444444444444445
0 0.041666666666666664 0.9222222222222223 0.03833333333333333 0.12
0 0.4959833333333333 0.9385777777777778 0.028250000000000077 0.0525111111111111
0 0.5452 0.9385777777777778 0.027983333333333273 0.06188888888888894
0 0.010833333333333334 0.9455555555555556 0.02 0.10222222222222223
0 0.05583333333333333 0.15888888888888889 0.06 0.12
0 0.011666666666666667 0.15888888888888889 0.018333333333333333 0.11333333333333333
0 0.10416666666666667 0.17777777777777778 0.03333333333333333 0.10444444444444445
0 0.15108333333333335 0.1837777777777778 0.02454999999999998 0.046888888888888876
0 0.17568333333333333 0.18471111111111113 0.020333333333333314 0.04313333333333333
0 0.19783333333333333 0.18564444444444445 0.022433333333333347 0.04313333333333333
0 0.2245666666666667 0.18613333333333335 0.026799999999999973 0.04406666666666669
0 0.39295 0.1922222222222222 0.023066666666666624 0.04313333333333333
0 0.3430333333333333 0.19268888888888888 0.02729999999999999 0.04406666666666669
0 0.41791666666666666 0.19362222222222222 0.02375 0.04406666666666663
0 0.44463333333333327 0.19548888888888888 0.02546666666666662 0.04406666666666663
0 0.48833333333333334 0.21555555555555556 0.025 0.04888888888888889
0 0.5116666666666667 0.21555555555555556 0.02 0.042222222222222223
0 0.5333333333333333 0.21555555555555556 0.02 0.04