0 0.03 0.43768545994065283 0.058333333333333334 0.2997032640949555
0 0.10333333333333333 0.443620178041543 0.08 0.2997032640949555
0 0.19916666666666666 0.45252225519287836 0.11 0.3026706231454006
0 0.30666666666666664 0.45252225519287836 0.10666666666666667 0.3264094955489614
0 0.4191666666666667 0.456973293768546 0.11666666666666667 0.34718100890207715
0 0.545 0.46439169139465875 0.12333333333333334 0.35311572700296734
0 0.6833333333333333 0.46735905044510384 0.14833333333333334 0.3916913946587537
0 0.8425 0.4732937685459941 0.16833333333333333 0.41543026706231456
0 0.9691666666666666 0.4821958456973294 0.06 0.43026706231454004
0 0.0275 0.7255192878338279 0.051666666666666666 0.26706231454005935
0 0.09333333333333334 0.7359050445103857 0.07833333333333334 0.29080118694362017
0 0.18666666666666668 0.7566765578635015 0.10666666666666667 0.3086053412462908
0 0.2891666666666667 0.7759643916913946 0.1 0.34718100890207715
0 0.40166666666666667 0.7952522255192879 0.13 0.37091988130563797
0 0.5308333333333334 0.8160237388724035 0.12833333333333333 0.3620178041543027
0 0.6708333333333333 0.8249258160237388 0.15166666666666667 0.34124629080118696
0 0.8383333333333334 0.8382789317507419 0.175 0.314540059347181
0 0.9625 0.8427299703264095 0.06666666666666667 0.3086053412462908
0 0.9683333333333334 0.12759643916913946 0.06166666666666667 0.2522255192878338
0 0.85 0.13204747774480713 0.16333333333333333 0.26112759643916916
0 0.6916666666666667 0.13798219584569732 0.145 0.27002967359050445
0 0.315 0.142433234421365 0.095 0.28486646884273
0 0.5541666666666667 0.14540059347181009 0.12166666666666667 0.2789317507418398
0 0.4275 0.14688427299703263 0.12166666666666667 0.2878338278931751
0 0.21416666666666667 0.14836795252225518 0.10166666666666667 0.28486646884273
0 0.125 0.15281899109792285 0.08666666666666667 0.2818991097922849
0 0.05 0.15875370919881307 0.09 0.26112759643916916