0 0.6133333333333333 0.3026706231454006 0.11166666666666666 0.3353115727002967
0 0.36333333333333334 0.3397626112759644 0.13666666666666666 0.3264094955489614
0 0.08708333333333333 0.5913649851632047 0.17415000000000003 0.4917210682492581
0 0.7558333333333334 0.6053412462908012 0.17333333333333334 0.44807121661721067
0 0.8991666666666667 0.6379821958456974 0.13833333333333334 0.4065281899109792
0 0.22583333333333333 0.6409495548961425 0.115 0.37388724035608306
0 0.9758333333333333 0.6439169139465876 0.04666666666666667 0.3768545994065282
0 0.6166666666666667 0.6528189910979229 0.12 0.3590504451038576
0 0.4975 0.6543026706231454 0.12333333333333334 0.3590504451038576
0 0.3591666666666667 0.6691394658753709 0.14666666666666667 0.3353115727002967
0 0.0575 0.18545994065281898 0.11 0.31750741839762614
0 0.2175 0.2522255192878338 0.145 0.3916913946587537
0 0.49083333333333334 0.28338278931750743 0.12666666666666668 0.37388724035608306