0 0.08583333333333333 0.2222222222222222 0.043333333333333335 0.13777777777777778
0 0.034166666666666665 0.23 0.058333333333333334 0.1288888888888889
0 0.9008333333333334 0.30444444444444446 0.11 0.2111111111111111
0 0.7908333333333334 0.32666666666666666 0.105 0.19111111111111112
0 0.5066666666666667 0.33444444444444443 0.08333333333333333 0.16666666666666666
0 0.5933333333333334 0.33444444444444443 0.09 0.17777777777777778
0 0.6883333333333334 0.33666666666666667 0.09 0.18
0 0.4216666666666667 0.3477777777777778 0.08333333333333333 0.1622222222222222
0 0.3475 0.3488888888888889 0.06833333333333333 0.15333333333333332
0 0.2758333333333333 0.35555555555555557 0.07166666666666667 0.1511111111111111
0 0.20666666666666667 0.3566666666666667 0.065 0.14888888888888888
0 0.0325 0.3611111111111111 0.055 0.13111111111111112
0 0.1425 0.3622222222222222 0.065 0.14
0 0.08583333333333333 0.36444444444444446 0.04666666666666667 0.13777777777777778
0 0.8983333333333333 0.4588888888888889 0.11 0.09333333333333334
0 0.03 0.4955555555555556 0.055 0.14222222222222222
0 0.0825 0.5011111111111111 0.051666666666666666 0.13777777777777778
0 0.20833333333333334 0.5055555555555555 0.06833333333333333 0.14888888888888888
0 0.14166666666666666 0.5055555555555555 0.065 0.13777777777777778
0 0.27666666666666667 0.5066666666666667 0.07333333333333333 0.15555555555555556
0 0.42083333333333334 0.5066666666666667 0.08166666666666667 0.1622222222222222
0 0.34833333333333333 0.5077777777777778 0.06833333333333333 0.15555555555555556
0 0.5933333333333334 0.5088888888888888 0.08833333333333333 0.17777777777777778
0 0.505 0.51 0.085 0.18222222222222223
0 0.6858333333333333 0.5177777777777778 0.09833333333333333 0.18444444444444444
0 0.7883333333333333 0.5222222222222223 0.10333333333333333 0.19111111111111112
0 0.0475 0.7511111111111111 0.06333333333333334 0.06888888888888889
0 0.1 0.7577777777777778 0.04 0.051111111111111114
0 0.1425 0.7677777777777778 0.041666666666666664 0.05333333333333334
0 0.18333333333333332 0.7755555555555556 0.035 0.04888888888888889
0 0.25833333333333336 0.7855555555555556 0.056666666666666664 0.051111111111111114
0 0.31916666666666665 0.7988888888888889 0.06166666666666667 0.06222222222222222
0 0.39 0.81 0.07333333333333333 0.06222222222222222
0 0.4625 0.8266666666666667 0.06833333333333333 0.07555555555555556
0 0.535 0.8377777777777777 0.07 0.07555555555555556
0 0.065 0.8433333333333334 0.04833333333333333 0.11333333333333333
0 0.11166666666666666 0.8488888888888889 0.035 0.11777777777777777
0 0.6258333333333334 0.8644444444444445 0.08 0.09555555555555556
0 0.15083333333333335 0.8677777777777778 0.045 0.11777777777777777
0 0.20363333333333333 0.8727555555555556 0.05133333333333335 0.1349333333333334
0 0.25316666666666665 0.8873777777777777 0.05415000000000002 0.13993333333333338
0 0.3107 0.9077333333333334 0.06093333333333334 0.1549111111111112
0 0.6907166666666666 0.9118222222222222 0.04696666666666658 0.15528888888888887
0 0.36933333333333335 0.9148666666666667 0.05524999999999996 0.14777777777777779
0 0.42686666666666667 0.9262888888888888 0.05794999999999997 0.14635555555555557
0 0.7733333333333333 0.9288888888888889 0.04 0.13111111111111112
0 0.4919166666666666 0.9352222222222223 0.07136666666666674 0.12564444444444436
0 0.5616666666666666 0.9355555555555556 0.07 0.12444444444444444
0 0.060833333333333336 0.9488888888888889 0.05333333333333334 0.09333333333333334
0 0.105 0.9522222222222222 0.03333333333333333 0.08888888888888889
0 0.63 0.9611111111111111 0.07166666666666667 0.07333333333333333
0 0.1475 0.9622222222222222 0.04833333333333333 0.07111111111111111
0 0.19833333333333333 0.9711111111111111 0.05 0.05333333333333334
0 0.895 0.10888888888888888 0.115 0.17555555555555555
0 0.7891666666666667 0.13333333333333333 0.10666666666666667 0.18666666666666668
0 0.685 0.15 0.09166666666666666 0.18222222222222223
0 0.5916666666666667 0.15555555555555556 0.09 0.18
0 0.49916666666666665 0.16777777777777778 0.085 0.16444444444444445
0 0.4216666666666667 0.18888888888888888 0.07833333333333334 0.15555555555555556
0 0.34833333333333333 0.19666666666666666 0.065 0.14888888888888888
0 0.27666666666666667 0.2011111111111111 0.08166666666666667 0.15777777777777777
0 0.20666666666666667 0.2088888888888889 0.06333333333333334 0.14666666666666667
0 0.14083333333333334 0.21555555555555556 0.065 0.14222222222222222