0 0.06916666666666667 0.5255555555555556 0.1 0.1688888888888889
0 0.056666666666666664 0.7 0.105 0.18
0 0.17666666666666667 0.44333333333333336 0.09833333333333333 0.20666666666666667
0 0.16833333333333333 0.6633333333333333 0.11 0.2311111111111111
0 0.2833333333333333 0.6377777777777778 0.11666666666666667 0.23555555555555555
0 0.2875 0.41 0.11 0.21333333333333335
0 0.4008333333333333 0.41888888888888887 0.10666666666666667 0.20444444444444446
0 0.4041666666666667 0.6277777777777778 0.11666666666666667 0.21555555555555556
0 0.5391666666666667 0.5733333333333334 0.145 0.2866666666666667
0 0.7075 0.5466666666666666 0.17166666666666666 0.3022222222222222
0 0.875 0.5211111111111111 0.19166666666666668 0.3111111111111111
0 0.5241666666666667 0.33555555555555555 0.11333333333333333 0.18444444444444444