0 0.049166666666666664 0.2544444444444444 0.043333333333333335 0.1111111111111111
0 0.09583333333333334 0.26 0.04833333333333333 0.07333333333333333
0 0.1425 0.3211111111111111 0.045 0.10444444444444445
0 0.185 0.33666666666666667 0.03666666666666667 0.09777777777777778
0 0.2225 0.35777777777777775 0.035 0.10222222222222223
0 0.08333333333333333 0.3622222222222222 0.065 0.1288888888888889
0 0.255 0.37 0.03166666666666667 0.09111111111111111
0 0.32 0.37444444444444447 0.04666666666666667 0.09111111111111111
0 0.36083333333333334 0.39222222222222225 0.03333333333333333 0.09555555555555556
0 0.39166666666666666 0.4022222222222222 0.028333333333333332 0.09111111111111111
0 0.4175 0.41 0.023333333333333334 0.08
0 0.13833333333333334 0.4255555555555556 0.043333333333333335 0.1111111111111111
0 0.18 0.4411111111111111 0.043333333333333335 0.10888888888888888
0 0.22 0.45666666666666667 0.03833333333333333 0.09555555555555556
0 0.2875 0.45666666666666667 0.05333333333333334 0.1
0 0.0475 0.4688888888888889 0.04666666666666667 0.14
0 0.33416666666666667 0.4722222222222222 0.03666666666666667 0.1
0 0.36583333333333334 0.4811111111111111 0.023333333333333334 0.08222222222222222
0 0.39166666666666666 0.48777777777777775 0.028333333333333332 0.08222222222222222
0 0.09 0.4911111111111111 0.041666666666666664 0.12666666666666668
0 0.4191666666666667 0.4988888888888889 0.023333333333333334 0.09111111111111111
0 0.44416666666666665 0.5066666666666667 0.025 0.08444444444444445
0 0.4683333333333333 0.5166666666666667 0.018333333333333333 0.08444444444444445
0 0.49 0.5266666666666666 0.021666666666666667 0.08222222222222222
0 0.13666666666666666 0.5277777777777778 0.04833333333333333 0.09333333333333334
0 0.18 0.5477777777777778 0.035 0.10666666666666667
0 0.255 0.5511111111111111 0.056666666666666664 0.10888888888888888
0 0.3016666666666667 0.5544444444444444 0.03166666666666667 0.09777777777777778
0 0.2125 0.5622222222222222 0.023333333333333334 0.10444444444444445
0 0.3333333333333333 0.5677777777777778 0.02666666666666667 0.1
0 0.36333333333333334 0.57 0.03 0.09555555555555556
0 0.3933333333333333 0.58 0.028333333333333332 0.10222222222222223
0 0.4191666666666667 0.5888888888888889 0.025 0.08888888888888889
0 0.445 0.5944444444444444 0.03 0.09333333333333334
0 0.4708333333333333 0.6 0.018333333333333333 0.08222222222222222
0 0.49166666666666664 0.61 0.02 0.08
0 0.0425 0.6111111111111112 0.041666666666666664 0.14
0 0.0825 0.6211111111111111 0.041666666666666664 0.13555555555555557
0 0.13166666666666665 0.6322222222222222 0.04833333333333333 0.12
0 0.17666666666666667 0.65 0.04 0.09555555555555556
0 0.25583333333333336 0.6588888888888889 0.056666666666666664 0.10666666666666667
0 0.3016666666666667 0.6588888888888889 0.03166666666666667 0.10666666666666667
0 0.2125 0.66 0.02666666666666667 0.09333333333333334
0 0.335 0.6666666666666666 0.03333333333333333 0.10222222222222223
0 0.36666666666666664 0.6677777777777778 0.02666666666666667 0.09777777777777778
0 0.395 0.6777777777777778 0.03 0.09333333333333334
0 0.42083333333333334 0.6777777777777778 0.025 0.09333333333333334
0 0.4725 0.6833333333333333 0.021666666666666667 0.08
0 0.4475 0.6844444444444444 0.02666666666666667 0.08444444444444445
0 0.08613333333333333 0.7186888888888889 0.047133333333333326 0.05766666666666677
0 0.13276666666666667 0.7224444444444444 0.04836666666666668 0.056177777777777715
0 0.18725 0.7262000000000001 0.061866666666666674 0.056177777777777715
0 0.30146666666666666 0.7399555555555556 0.037450000000000046 0.047644444444444566
0 0.4728 0.7493333333333333 0.02181666666666672 0.04619999999999992
0 0.03833333333333333 0.7544444444444445 0.04666666666666667 0.14222222222222222
0 0.4369166666666666 0.8724222222222222 0.027416666666666697 0.039066666666666756
0 0.4606666666666666 0.8978666666666667 0.020966666666666734 0.09588888888888884
0 0.34481666666666666 0.9164444444444444 0.023133333333333325 0.110111111111111
0 0.2808333333333333 0.92 0.045 0.11333333333333333
0 0.23916666666666667 0.9255555555555556 0.041666666666666664 0.12
0 0.145 0.9511111111111111 0.06 0.09333333333333334
0 0.19916666666666666 0.9644444444444444 0.04 0.06444444444444444
0 0.43 0.9733333333333334 0.03333333333333333 0.04888888888888889
0 0.4008333333333333 0.9733333333333334 0.028333333333333332 0.04888888888888889
0 0.37083333333333335 0.9777777777777777 0.03166666666666667 0.04