0 0.02666666666666667 0.4169139465875371 0.05333333333333334 0.22551928783382788
0 0.19916666666666666 0.5044510385756676 0.12 0.2997032640949555
0 0.10100000000000002 0.5086943620178042 0.08681666666666668 0.2543323442136498
0 0.3233333333333333 0.5103857566765578 0.12 0.3086053412462908
0 0.4425 0.5222551928783383 0.12166666666666667 0.32344213649851633
0 0.5708333333333333 0.5237388724035609 0.13166666666666665 0.34421364985163205
0 0.7075 0.5281899109792285 0.13833333333333334 0.34718100890207715
0 0.8541666666666666 0.5415430267062314 0.14833333333333334 0.3560830860534125
0 0.028333333333333332 0.6379821958456974 0.056666666666666664 0.21364985163204747
0 0.10333333333333333 0.7759643916913946 0.10333333333333333 0.2818991097922849
0 0.20833333333333334 0.8056379821958457 0.12 0.29376854599406527
0 0.32416666666666666 0.8249258160237388 0.11833333333333333 0.314540059347181
0 0.4425 0.8353115727002968 0.12666666666666668 0.3115727002967359
0 0.5691666666666667 0.844213649851632 0.125 0.3026706231454006
0 0.7010166666666667 0.848160237388724 0.1300999999999999 0.3036498516320475
0 0.028333333333333332 0.8486646884272997 0.055 0.19881305637982197
0 0.8425 0.8605341246290801 0.14333333333333334 0.27002967359050445
0 0.025833333333333333 0.17359050445103857 0.04666666666666667 0.2403560830860534
0 0.5759000000000001 0.17486646884272997 0.13663333333333336 0.34973293768545993
0 0.7166666666666667 0.1824925816023739 0.13666666666666666 0.3560830860534125
0 0.19083333333333333 0.18545994065281898 0.135 0.3264094955489614
0 0.3175 0.18694362017804153 0.11666666666666667 0.35311572700296734
0 0.8691666666666666 0.18694362017804153 0.15666666666666668 0.3620178041543027
0 0.44 0.1943620178041543 0.13 0.34718100890207715
0 0.07125 0.19498516320474776 0.04886666666666666 0.22465875370919883
0 0.11945 0.2108902077151335 0.04038333333333333 0.2056083086053413