0 0.22106824925816024 0.205 0.18991097922848665 0.155
0 0.06379821958456973 0.20416666666666666 0.12462908011869436 0.15333333333333332
0 0.6068249258160238 0.19166666666666668 0.1572700296735905 0.14
0 0.4836795252225519 0.6125 0.11572700296735905 0.075
0 0.3590504451038576 0.6058333333333333 0.12166172106824925 0.07833333333333334
0 0.4050445103857567 0.35333333333333333 0.17210682492581603 0.145
0 0.4020771513353116 0.20166666666666666 0.18100890207715134 0.165
0 0.5949554896142433 0.3225 0.1543026706231454 0.12666666666666668
0 0.7507418397626113 0.3233333333333333 0.1543026706231454 0.125
0 0.9213649851632048 0.355 0.1513353115727003 0.15333333333333332
0 0.9362017804154302 0.2 0.12166172106824925 0.14666666666666667
0 0.771513353115727 0.19083333333333333 0.1632047477744807 0.14
0 0.5756676557863502 0.4816666666666667 0.1632047477744807 0.13166666666666665
0 0.7388724035608308 0.4816666666666667 0.1632047477744807 0.12833333333333333
0 0.8991097922848664 0.49083333333333334 0.142433234421365 0.12
0 0.4065281899109792 0.48583333333333334 0.16023738872403562 0.11666666666666667
0 0.2314540059347181 0.3458333333333333 0.17210682492581603 0.12666666666666668
0 0.24629080118694363 0.4666666666666667 0.1543026706231454 0.10833333333333334
0 0.07270029673590504 0.3458333333333333 0.14540059347181009 0.12833333333333333
0 0.2314540059347181 0.6066666666666667 0.12166172106824925 0.07666666666666666
0 0.2433234421364985 0.6833333333333333 0.10979228486646884 0.07
0 0.3649851632047478 0.7541666666666667 0.10979228486646884 0.075
0 0.3620178041543027 0.6816666666666666 0.10979228486646884 0.07
0 0.4836795252225519 0.69 0.11572700296735905 0.075
0 0.4836795252225519 0.7608333333333334 0.10682492581602374 0.06166666666666667
0 0.6053412462908012 0.685 0.11572700296735905 0.07833333333333334
0 0.7255192878338279 0.6841666666666667 0.11275964391691394 0.07666666666666666
0 0.8471810089020771 0.685 0.11572700296735905 0.09333333333333334
0 0.8293768545994066 0.765 0.11572700296735905 0.07166666666666667
0 0.7151335311572701 0.76 0.10385756676557864 0.06666666666666667
0 0.7329376854599406 0.6091666666666666 0.11869436201780416 0.07166666666666667
0 0.6008902077151336 0.7516666666666667 0.10979228486646884 0.04833333333333333
0 0.2551928783382789 0.75 0.10682492581602374 0.056666666666666664
0 0.09643916913946587 0.4683333333333333 0.13649851632047477 0.11
0 0.612759643916914 0.6083333333333333 0.11572700296735905 0.07833333333333334
0 0.17210682492581603 0.035 0.20474777448071216 0.07
0 0.3724035608308605 0.0375 0.19287833827893175 0.07166666666666667
0 0.5875370919881305 0.03916666666666667 0.19287833827893175 0.07333333333333333
0 0.798219584569733 0.04 0.20178041543026706 0.07833333333333334
0 0.17062314540059348 0.7533333333333333 0.05637982195845697 0.06666666666666667