0 0.844213649851632 0.20916666666666667 0.10682492581602374 0.07333333333333333
0 0.7477744807121661 0.21416666666666667 0.08902077151335312 0.07166666666666667
0 0.6602373887240356 0.215 0.09198813056379822 0.065
0 0.5816023738872403 0.22166666666666668 0.0712166172106825 0.07
0 0.5014836795252225 0.225 0.09198813056379822 0.06833333333333333
0 0.4228486646884273 0.23 0.08011869436201781 0.065
0 0.34124629080118696 0.23416666666666666 0.0830860534124629 0.065
0 0.8590504451038575 0.3225 0.12759643916913946 0.1
0 0.7403560830860534 0.3233333333333333 0.11275964391691394 0.09333333333333334
0 0.6335311572700296 0.32416666666666666 0.10682492581602374 0.085
0 0.5311572700296736 0.32666666666666666 0.10682492581602374 0.085
0 0.4362017804154303 0.3275 0.08605341246290801 0.08333333333333333
0 0.1943620178041543 0.3283333333333333 0.0771513353115727 0.08
0 0.2685459940652819 0.3283333333333333 0.0830860534124629 0.08166666666666667
0 0.3516320474777448 0.32916666666666666 0.09198813056379822 0.08
0 0.11869436201780416 0.33 0.08902077151335312 0.07666666666666666
0 0.2195845697329377 0.4025 0.0771513353115727 0.06833333333333333
0 0.14540059347181009 0.4033333333333333 0.08605341246290801 0.065
0 0.29080118694362017 0.4058333333333333 0.0712166172106825 0.06833333333333333
0 0.36795252225519287 0.4083333333333333 0.08011869436201781 0.075
0 0.45845697329376855 0.4083333333333333 0.09792284866468842 0.075
0 0.5489614243323442 0.4091666666666667 0.09792284866468842 0.07666666666666666
0 0.6454005934718101 0.4125 0.10089020771513353 0.085
0 0.7522255192878339 0.4166666666666667 0.11572700296735905 0.08833333333333333
0 0.8679525222551929 0.4166666666666667 0.10979228486646884 0.08666666666666667
0 0.16765578635014836 0.4675 0.06824925816023739 0.065
0 0.23887240356083086 0.47 0.07418397626112759 0.06333333333333334
0 0.314540059347181 0.47583333333333333 0.0771513353115727 0.06833333333333333
0 0.39317507418397624 0.48083333333333333 0.08605341246290801 0.06833333333333333
0 0.4792284866468843 0.4816666666666667 0.08902077151335312 0.06833333333333333
0 0.5652818991097923 0.4875 0.08902077151335312 0.07166666666666667
0 0.6617210682492581 0.49083333333333334 0.09792284866468842 0.07666666666666666
0 0.7670623145400594 0.49916666666666665 0.10385756676557864 0.07166666666666667
0 0.8783382789317508 0.49916666666666665 0.11572700296735905 0.08333333333333333
0 0.029495548961424332 0.5087166666666667 0.058991097922848665 0.07919999999999996
0 0.04341246290801187 0.5758333333333333 0.07181008902077152 0.06711666666666663
0 0.258160237388724 0.5991666666666666 0.07418397626112759 0.06333333333333334
0 0.33827893175074186 0.6075 0.08011869436201781 0.06666666666666667
0 0.4124629080118694 0.6125 0.0712166172106825 0.06666666666666667
0 0.49258160237388726 0.6241666666666666 0.09792284866468842 0.07
0 0.9599406528189911 0.6308333333333334 0.04154302670623145 0.08
0 0.5890207715133531 0.6316666666666667 0.09792284866468842 0.07166666666666667
0 0.06729970326409496 0.6365666666666666 0.07181008902077152 0.06778333333333326
0 0.6839762611275965 0.6391666666666667 0.0830860534124629 0.075
0 0.7848664688427299 0.6466666666666666 0.10385756676557864 0.07833333333333334
0 0.024124629080118698 0.6536833333333333 0.048249258160237396 0.07651666666666661
0 0.2062314540059347 0.6558333333333334 0.06528189910979229 0.06
0 0.2744807121661721 0.6633333333333333 0.06824925816023739 0.06333333333333334
0 0.8887240356083086 0.665 0.10089020771513353 0.08
0 0.3545994065281899 0.6725 0.08011869436201781 0.065
0 0.4317507418397626 0.6791666666666667 0.07418397626112759 0.06666666666666667
0 0.5133531157270029 0.6941666666666667 0.08011869436201781 0.06833333333333333
0 0.08640949554896142 0.6949500000000001 0.07183976261127596 0.06509999999999991
0 0.6008902077151336 0.7025 0.09495548961424333 0.07
0 0.9629080118694362 0.7025 0.03857566765578635 0.065
0 0.6958456973293768 0.7133333333333334 0.08902077151335312 0.07333333333333333
0 0.22997032640949555 0.7158333333333333 0.0712166172106825 0.058333333333333334
0 0.9643916913946587 0.0725 0.06528189910979229 0.058333333333333334
0 0.031899109792284865 0.7218 0.06376854599406527 0.062416666666666745
0 0.2997032640949555 0.7241666666666666 0.06528189910979229 0.056666666666666664
0 0.7922848664688428 0.7258333333333333 0.09792284866468842 0.075
0 0.37537091988130566 0.735 0.08011869436201781 0.06333333333333334
0 0.8961424332344213 0.7416666666666667 0.10682492581602374 0.07333333333333333
0 0.4540059347181009 0.7441666666666666 0.07418397626112759 0.06
0 0.1055192878338279 0.7452833333333334 0.059881305637982205 0.05973333333333339
0 0.5281899109792285 0.7591666666666667 0.08011869436201781 0.06333333333333334
0 0.973293768545994 0.765 0.04154302670623145 0.07166666666666667
0 0.6112759643916914 0.7708333333333334 0.08605341246290801 0.065
0 0.04519287833827893 0.7744833333333333 0.08017804154302671 0.06576666666666672
0 0.7062314540059347 0.7833333333333333 0.09198813056379822 0.065
0 0.7997032640949555 0.7966666666666666 0.09495548961424333 0.06666666666666667
0 0.9035608308605341 0.8158333333333333 0.11275964391691394 0.07166666666666667
0 0.9658753709198813 0.13 0.06231454005934718 0.06
0 0.7403560830860534 0.13666666666666666 0.09792284866468842 0.08166666666666667
0 0.6528189910979229 0.14166666666666666 0.0830860534124629 0.07666666666666666
0 0.5637982195845698 0.1475 0.08605341246290801 0.07666666666666666
0 0.48813056379821956 0.15333333333333332 0.0830860534124629 0.07166666666666667
0 0.4050445103857567 0.15916666666666668 0.08902077151335312 0.06833333333333333
0 0.3264094955489614 0.16333333333333333 0.0830860534124629 0.06833333333333333