0 0.7865833333333333 0.3115727002967359 0.09370000000000005 0.1271810089020772
0 0.6925 0.31750741839762614 0.09 0.12759643916913946
0 0.6 0.32344213649851633 0.08666666666666667 0.12166172106824925
0 0.45933333333333337 0.03424332344213649 0.07206666666666668 0.06848664688427299
0 0.5122333333333333 0.3380712166172107 0.08071666666666659 0.11234421364985167
0 0.38685 0.04083086053412463 0.07401666666666662 0.08166172106824926
0 0.43333333333333335 0.38724035608308605 0.07166666666666667 0.19287833827893175
0 0.2816666666666667 0.3991097922848665 0.075 0.19287833827893175
0 0.36 0.3991097922848665 0.08333333333333333 0.19287833827893175
0 0.20333333333333334 0.4020771513353116 0.07833333333333334 0.19881305637982197
0 0.13333333333333333 0.4065281899109792 0.06166666666666667 0.18100890207715134
0 0.9609333333333332 0.4291988130563798 0.07811666666666649 0.2056083086053413
0 0.8818166666666667 0.44192878338278935 0.07058333333333328 0.18863501483679523
0 0.24901666666666666 0.04451038575667656 0.0674 0.08902077151335312
0 0.3153333333333333 0.04611275964391691 0.06711666666666663 0.08694362017804154
0 0.9608333333333333 0.05489614243323442 0.075 0.10979228486646884
0 0.87585 0.060415430267062316 0.08415000000000002 0.1208011869436202
0 0.34541666666666665 0.6358456973293769 0.06146666666666666 0.16884272997032634
0 0.21786666666666665 0.6364688427299704 0.06415000000000001 0.16519287833827898
0 0.28335 0.6389020771513353 0.06689999999999997 0.16762611275964395
0 0.40885 0.6389020771513353 0.06558333333333337 0.17976261127596435
0 0.5490166666666667 0.6413353115727003 0.07041666666666667 0.18706231454005942
0 0.4757 0.6425222551928783 0.07243333333333339 0.18706231454005942
0 0.6203 0.6473887240356083 0.0738500000000001 0.19676557863501484
0 0.7734666666666666 0.6473887240356083 0.0636166666666666 0.19919881305637982
0 0.9601500000000001 0.6475074183976262 0.07968333333333324 0.21830860534124627
0 0.6997666666666666 0.6480118694362018 0.0813833333333334 0.19554896142433228
0 0.14083333333333334 0.841246290801187 0.06833333333333333 0.19287833827893175
0 0.20916666666666667 0.8486646884272997 0.07 0.19584569732937684
0 0.2816666666666667 0.8620178041543026 0.07666666666666666 0.20474777448071216
0 0.35833333333333334 0.8635014836795252 0.075 0.21068249258160238
0 0.435 0.8664688427299704 0.08 0.2166172106824926
0 0.5158333333333334 0.8798219584569733 0.08333333333333333 0.228486646884273
0 0.6008333333333333 0.8827893175074184 0.08333333333333333 0.2314540059347181
0 0.6891666666666667 0.884272997032641 0.09166666666666666 0.22551928783382788
0 0.7875 0.884272997032641 0.09666666666666666 0.2166172106824926
0 0.7833333333333333 0.13353115727002968 0.09666666666666666 0.22255192878338279
0 0.6866666666666666 0.13798219584569732 0.08666666666666667 0.22551928783382788
0 0.5958333333333333 0.14985163204747776 0.09 0.22551928783382788
0 0.5108333333333334 0.16913946587537093 0.08333333333333333 0.2166172106824926
0 0.42916666666666664 0.17655786350148367 0.07666666666666666 0.21364985163204747
0 0.3516666666666667 0.18991097922848665 0.08166666666666667 0.21364985163204747
0 0.2758333333333333 0.19584569732937684 0.07 0.20771513353115728
0 0.20083333333333334 0.2032640949554896 0.08166666666666667 0.18991097922848665
0 0.12666666666666668 0.20919881305637983 0.06666666666666667 0.18991097922848665
0 0.9583333333333334 0.2195845697329377 0.08 0.2195845697329377
0 0.8776333333333334 0.23421364985163207 0.08533333333333341 0.21406528189910976