0 0.3258333333333333 0.032640949554896145 0.085 0.06528189910979229
0 0.635 0.36795252225519287 0.095 0.26409495548961426
0 0.9116666666666666 0.37091988130563797 0.115 0.26706231454005935
0 0.7975 0.3798219584569733 0.11166666666666666 0.26112759643916916
0 0.245 0.040059347181008904 0.08 0.08011869436201781
0 0.5391666666666667 0.3961424332344214 0.09333333333333334 0.24629080118694363
0 0.44333333333333336 0.4020771513353116 0.08833333333333333 0.23738872403560832
0 0.3525 0.4065281899109792 0.08833333333333333 0.22551928783382788
0 0.18083333333333335 0.413946587537092 0.08333333333333333 0.22551928783382788
0 0.265 0.413946587537092 0.085 0.2314540059347181
0 0.05 0.42433234421364985 0.055 0.22255192878338279
0 0.0125 0.4317507418397626 0.021666666666666667 0.20474777448071216
0 0.165 0.04747774480712166 0.08333333333333333 0.09495548961424333
0 0.09266666666666667 0.050860534124629084 0.06555 0.10172106824925817
0 0.02998333333333333 0.05192878338278932 0.05996666666666666 0.10385756676557864
0 0.17776666666666666 0.5691097922848665 0.07844999999999999 0.07418397626112759
0 0.3525 0.5949554896142433 0.09 0.142433234421365
0 0.26166666666666666 0.599406528189911 0.08666666666666667 0.13056379821958458
0 0.6391666666666667 0.6335311572700296 0.095 0.258160237388724
0 0.445 0.6350148367952523 0.09 0.22551928783382788
0 0.0425 0.6394658753709199 0.056666666666666664 0.20178041543026706
0 0.5416666666666666 0.6394658753709199 0.09666666666666666 0.2403560830860534
0 0.8 0.6409495548961425 0.11166666666666666 0.258160237388724
0 0.9191666666666667 0.642433234421365 0.12 0.27299703264094954
0 0.0075 0.6646884272997032 0.015 0.20771513353115728
0 0.40928333333333333 0.025430267062314542 0.08708333333333333 0.050860534124629084