0 0.35756676557863504 0.2475 0.1394658753709199 0.11833333333333333
0 0.2626112759643917 0.26916666666666667 0.06528189910979229 0.10833333333333334
0 0.7685459940652819 0.285 0.18694362017804153 0.15166666666666667
0 0.5890207715133531 0.30333333333333334 0.18991097922848665 0.155
0 0.21364985163204747 0.3125 0.05637982195845697 0.09
0 0.4495548961424332 0.3175 0.10682492581602374 0.14166666666666666
0 0.36053412462908013 0.365 0.11275964391691394 0.11
0 0.2789317507418398 0.37916666666666665 0.06824925816023739 0.10166666666666667
0 0.22255192878338279 0.4041666666666667 0.04747774480712166 0.09166666666666666
0 0.17655786350148367 0.4225 0.04747774480712166 0.08333333333333333
0 0.7908011869436202 0.43666666666666665 0.18397626112759644 0.14833333333333334
0 0.6083086053412463 0.4525 0.18991097922848665 0.155
0 0.4688427299703264 0.46166666666666667 0.10385756676557864 0.13833333333333334
0 0.37388724035608306 0.48 0.11572700296735905 0.11333333333333333
0 0.28635014836795253 0.4875 0.0712166172106825 0.10833333333333334
0 0.22255192878338279 0.49916666666666665 0.04747774480712166 0.09166666666666666
0 0.1824925816023739 0.5066666666666667 0.04154302670623145 0.08
0 0.8071216617210683 0.5866666666666667 0.19287833827893175 0.155
0 0.23590504451038577 0.5925 0.050445103857566766 0.09
0 0.29080118694362017 0.595 0.06528189910979229 0.10166666666666667
0 0.18545994065281898 0.5958333333333333 0.04154302670623145 0.08333333333333333
0 0.36053412462908013 0.5975 0.0830860534124629 0.115
0 0.42433234421364985 0.6016666666666667 0.04747774480712166 0.12666666666666668
0 0.48516320474777447 0.6041666666666666 0.08605341246290801 0.13833333333333334
0 0.6231454005934718 0.61 0.18694362017804153 0.15333333333333332
0 0.3597626112759644 0.6913999999999999 0.08264094955489612 0.06310000000000002
0 0.42813056379821957 0.7030666666666666 0.05332344213649843 0.06721666666666673
0 0.49258160237388726 0.7158333333333333 0.0712166172106825 0.08
0 0.814540059347181 0.7466666666666667 0.18100890207715134 0.15833333333333333
0 0.6305637982195845 0.7675 0.19287833827893175 0.16
0 0.20474777448071216 0.825 0.04747774480712166 0.07
0 0.27299703264094954 0.8575 0.06231454005934718 0.08333333333333333
0 0.32047477744807124 0.8633333333333333 0.03857566765578635 0.085
0 0.37388724035608306 0.8841666666666667 0.06824925816023739 0.09833333333333333
0 0.20474777448071216 0.8991666666666667 0.04451038575667656 0.075
0 0.47774480712166173 0.9041666666666667 0.13056379821958458 0.10166666666666667
0 0.24183976261127596 0.92 0.032640949554896145 0.07833333333333334
0 0.28486646884273 0.9391666666666667 0.04747774480712166 0.07666666666666666
0 0.6335311572700296 0.9466666666666667 0.14836795252225518 0.105
0 0.37537091988130566 0.9658333333333333 0.06824925816023739 0.06
0 0.755192878338279 0.12916666666666668 0.18397626112759644 0.155
0 0.5682492581602374 0.1425 0.18991097922848665 0.16166666666666665