0 0.8716666666666667 0.6439169139465876 0.028333333333333332 0.06824925816023739
0 0.9241666666666667 0.6439169139465876 0.02666666666666667 0.06824925816023739
0 0.3983333333333333 0.6468842729970327 0.02666666666666667 0.06231454005934718
0 0.7641666666666667 0.6468842729970327 0.025 0.06231454005934718
0 0.18333333333333332 0.6483679525222552 0.02666666666666667 0.05934718100890208
0 0.4575 0.6483679525222552 0.025 0.06824925816023739
0 0.5441666666666667 0.6483679525222552 0.025 0.06824925816023739
0 0.6283333333333333 0.6483679525222552 0.02666666666666667 0.06528189910979229
0 0.6558333333333334 0.6483679525222552 0.025 0.06528189910979229
0 0.6825 0.6483679525222552 0.025 0.05934718100890208
0 0.7091666666666666 0.6483679525222552 0.025 0.06231454005934718
0 0.7375 0.6483679525222552 0.02666666666666667 0.05637982195845697
0 0.7925 0.6483679525222552 0.02666666666666667 0.06231454005934718
0 0.845 0.6483679525222552 0.02666666666666667 0.06528189910979229
0 0.8975 0.6483679525222552 0.02666666666666667 0.06528189910979229
0 0.36833333333333335 0.6498516320474778 0.025 0.06824925816023739
0 0.5991666666666666 0.6498516320474778 0.02666666666666667 0.06824925816023739
0 0.215 0.6513353115727003 0.02666666666666667 0.05934718100890208
0 0.2475 0.6513353115727003 0.028333333333333332 0.0712166172106825
0 0.43 0.6513353115727003 0.028333333333333332 0.06824925816023739
0 0.48583333333333334 0.6513353115727003 0.02666666666666667 0.06528189910979229
0 0.5158333333333334 0.6513353115727003 0.025 0.06824925816023739
0 0.8175 0.6513353115727003 0.02666666666666667 0.06231454005934718
0 0.30833333333333335 0.6528189910979229 0.028333333333333332 0.0771513353115727
0 0.3416666666666667 0.6528189910979229 0.02666666666666667 0.06528189910979229
0 0.1525 0.6528189910979229 0.028333333333333332 0.0712166172106825
0 0.5708333333333333 0.6543026706231454 0.025 0.06231454005934718
0 0.2783333333333333 0.6572700296735905 0.028333333333333332 0.0771513353115727
0 0.9291666666666667 0.7077151335311572 0.02666666666666667 0.06824925816023739
0 0.63 0.7091988130563798 0.028333333333333332 0.05934718100890208
0 0.18 0.712166172106825 0.028333333333333332 0.06528189910979229
0 0.66 0.712166172106825 0.028333333333333332 0.06528189910979229
0 0.6883333333333334 0.712166172106825 0.02666666666666667 0.05934718100890208
0 0.9066666666666666 0.712166172106825 0.03 0.06231454005934718
0 0.48583333333333334 0.7136498516320475 0.028333333333333332 0.06231454005934718
0 0.6033333333333334 0.7136498516320475 0.02666666666666667 0.05934718100890208
0 0.7158333333333333 0.7136498516320475 0.025 0.05637982195845697
0 0.7433333333333333 0.7136498516320475 0.03 0.07418397626112759
0 0.8791666666666667 0.7136498516320475 0.028333333333333332 0.06231454005934718
0 0.21166666666666667 0.7151335311572701 0.02666666666666667 0.06824925816023739
0 0.36833333333333335 0.7151335311572701 0.028333333333333332 0.06824925816023739
0 0.3983333333333333 0.7151335311572701 0.02666666666666667 0.06824925816023739
0 0.7991666666666667 0.7151335311572701 0.03 0.06528189910979229
0 0.8283333333333334 0.7151335311572701 0.025 0.06824925816023739
0 0.8533333333333334 0.7151335311572701 0.025 0.06528189910979229
0 0.4583333333333333 0.7166172106824926 0.02666666666666667 0.05934718100890208
0 0.545 0.7166172106824926 0.025 0.06231454005934718
0 0.7733333333333333 0.7166172106824926 0.021666666666666667 0.06824925816023739
0 0.43083333333333335 0.7181008902077152 0.02666666666666667 0.06528189910979229
0 0.5175 0.7181008902077152 0.02666666666666667 0.06528189910979229
0 0.575 0.7181008902077152 0.02666666666666667 0.05934718100890208
0 0.3383333333333333 0.7195845697329377 0.03 0.06824925816023739
0 0.24333333333333335 0.7210682492581603 0.03 0.06824925816023739
0 0.30666666666666664 0.7210682492581603 0.03166666666666667 0.06231454005934718
0 0.15 0.7240356083086054 0.023333333333333334 0.0712166172106825
0 0.2758333333333333 0.7270029673590505 0.03 0.06528189910979229
0 0.9116666666666666 0.7685459940652819 0.025 0.050445103857566766
0 0.9375 0.7685459940652819 0.028333333333333332 0.050445103857566766
0 0.6033333333333334 0.7700296735905044 0.03 0.05934718100890208
0 0.6333333333333333 0.7700296735905044 0.02666666666666667 0.06231454005934718
0 0.6925 0.7700296735905044 0.028333333333333332 0.05637982195845697
0 0.6633333333333333 0.771513353115727 0.028333333333333332 0.05637982195845697
0 0.8841666666666667 0.771513353115727 0.028333333333333332 0.05341246290801187
0 0.5758333333333333 0.7729970326409495 0.02666666666666667 0.050445103857566766
0 0.7216666666666667 0.7729970326409495 0.025 0.05637982195845697
0 0.7491666666666666 0.7729970326409495 0.02666666666666667 0.050445103857566766
0 0.8058333333333333 0.7729970326409495 0.025 0.04747774480712166
0 0.8316666666666667 0.7729970326409495 0.025 0.050445103857566766
0 0.4608333333333333 0.7744807121661721 0.02666666666666667 0.05934718100890208
0 0.4891666666666667 0.7744807121661721 0.028333333333333332 0.05341246290801187
0 0.7791666666666667 0.7744807121661721 0.028333333333333332 0.050445103857566766
0 0.8591666666666666 0.7744807121661721 0.02666666666666667 0.04747774480712166
0 0.5208333333333334 0.7759643916913946 0.02666666666666667 0.050445103857566766
0 0.43083333333333335 0.7774480712166172 0.028333333333333332 0.050445103857566766
0 0.5483333333333333 0.7774480712166172 0.028333333333333332 0.05637982195845697
0 0.36916666666666664 0.7789317507418397 0.028333333333333332 0.05341246290801187
0 0.17666666666666667 0.7804154302670623 0.03 0.06528189910979229
0 0.30333333333333334 0.7804154302670623 0.035 0.05934718100890208
0 0.3383333333333333 0.7804154302670623 0.03166666666666667 0.05341246290801187
0 0.3983333333333333 0.7804154302670623 0.028333333333333332 0.050445103857566766
0 0.21 0.7818991097922848 0.03 0.06231454005934718
0 0.24083333333333334 0.7848664688427299 0.02666666666666667 0.05637982195845697
0 0.2733333333333333 0.7848664688427299 0.03 0.050445103857566766
0 0.14583333333333334 0.7863501483679525 0.03 0.06528189910979229
0 0.9783333333333334 0.844213649851632 0.023333333333333334 0.0830860534124629
0 0.9525 0.8456973293768546 0.03 0.07418397626112759
0 0.8658333333333333 0.8516320474777448 0.028333333333333332 0.0771513353115727
0 0.8941666666666667 0.8516320474777448 0.03166666666666667 0.0830860534124629
0 0.7741666666666667 0.8531157270029673 0.03333333333333333 0.0771513353115727
0 0.8041666666666667 0.8531157270029673 0.03 0.0771513353115727
0 0.7441666666666666 0.8545994065281899 0.03 0.08011869436201781
0 0.9266666666666666 0.8545994065281899 0.03 0.08011869436201781
0 0.8366666666666667 0.8560830860534124 0.03666666666666667 0.07418397626112759
0 0.7133333333333334 0.857566765578635 0.03 0.08011869436201781
0 0.5925 0.8590504451038575 0.03333333333333333 0.0771513353115727
0 0.6841666666666667 0.8590504451038575 0.03 0.08011869436201781
0 0.6225 0.8605341246290801 0.028333333333333332 0.08011869436201781
0 0.5283333333333333 0.8620178041543026 0.03 0.0712166172106825
0 0.6525 0.8620178041543026 0.03 0.0830860534124629
0 0.56 0.8635014836795252 0.03166666666666667 0.0830860534124629
0 0.49583333333333335 0.8649851632047477 0.02666666666666667 0.08605341246290801
0 0.4325 0.8664688427299704 0.028333333333333332 0.08011869436201781
0 0.36916666666666664 0.8679525222551929 0.03 0.0830860534124629
0 0.40166666666666667 0.8694362017804155 0.03166666666666667 0.08011869436201781
0 0.4658333333333333 0.8694362017804155 0.03166666666666667 0.08605341246290801
0 0.3358333333333333 0.870919881305638 0.03166666666666667 0.08011869436201781
0 0.3 0.8724035608308606 0.03166666666666667 0.0830860534124629
0 0.2683333333333333 0.8768545994065282 0.03 0.08902077151335312
0 0.2 0.8798219584569733 0.03333333333333333 0.08605341246290801
0 0.23166666666666666 0.8798219584569733 0.028333333333333332 0.0830860534124629
0 0.16583333333333333 0.8798219584569733 0.03166666666666667 0.08011869436201781
0 0.13083333333333333 0.8813056379821959 0.03 0.08011869436201781
0 0.9641666666666666 0.9258160237388724 0.03333333333333333 0.08011869436201781
0 0.9875 0.9272997032640949 0.021666666666666667 0.08605341246290801
0 0.9033333333333333 0.9287833827893175 0.03 0.06824925816023739
0 0.8733333333333333 0.93026706231454 0.03166666666666667 0.07418397626112759
0 0.935 0.93026706231454 0.03166666666666667 0.07418397626112759
0 0.8125 0.9317507418397626 0.03333333333333333 0.07418397626112759
0 0.8408333333333333 0.9332344213649851 0.02666666666666667 0.0771513353115727
0 0.7525 0.9347181008902077 0.028333333333333332 0.0712166172106825
0 0.7191666666666666 0.9362017804154302 0.03166666666666667 0.08011869436201781
0 0.6875 0.9376854599406528 0.03 0.0771513353115727
0 0.7816666666666666 0.9376854599406528 0.03333333333333333 0.0771513353115727
0 0.6575 0.9421364985163204 0.03166666666666667 0.08011869436201781
0 0.5958333333333333 0.9436201780415431 0.03 0.0830860534124629
0 0.5633333333333334 0.9451038575667656 0.03166666666666667 0.08011869436201781
0 0.6266666666666667 0.9451038575667656 0.03166666666666667 0.0830860534124629
0 0.49916666666666665 0.9495548961424333 0.03 0.07418397626112759
0 0.43333333333333335 0.9525222551928784 0.03166666666666667 0.08902077151335312
0 0.4 0.9540059347181009 0.03 0.0830860534124629
0 0.335 0.9554896142433235 0.03166666666666667 0.0830860534124629
0 0.3675 0.9554896142433235 0.03333333333333333 0.08605341246290801
0 0.4658333333333333 0.9554896142433235 0.028333333333333332 0.08011869436201781
0 0.3016666666666667 0.956973293768546 0.03 0.0830860534124629
0 0.16166666666666665 0.9584569732937686 0.03 0.0771513353115727
0 0.19583333333333333 0.9599406528189911 0.03333333333333333 0.0771513353115727
0 0.23083333333333333 0.9599406528189911 0.03333333333333333 0.07418397626112759
0 0.2675 0.9599406528189911 0.035 0.0771513353115727
0 0.12575 0.9627002967359051 0.030333333333333313 0.07456973293768544
0 0.5366666666666666 0.9643916913946587 0.03 0.06528189910979229
0 0.9425 0.9807121661721068 0.03166666666666667 0.032640949554896145
0 0.9725 0.9807121661721068 0.03166666666666667 0.032640949554896145
0 0.9925 0.9821958456973294 0.011666666666666667 0.02967359050445104
0 0.82 0.9821958456973294 0.03666666666666667 0.02967359050445104
0 0.8508333333333333 0.9821958456973294 0.03166666666666667 0.02967359050445104
0 0.9108333333333334 0.9821958456973294 0.03166666666666667 0.02967359050445104
0 0.8800833333333332 0.9848961424332345 0.030499999999999923 0.027655786350148516
0 0.7566666666666667 0.9851632047477745 0.03 0.02373887240356083
0 0.7883333333333333 0.9851632047477745 0.03 0.02373887240356083