0 0.7658333333333334 0.31602373887240354 0.115 0.2522255192878338
0 0.9433333333333334 0.32047477744807124 0.10166666666666667 0.2314540059347181
0 0.26855 0.33376854599406536 0.13313333333333333 0.26370919881305643
0 0.4125 0.43471810089020774 0.17833333333333334 0.3353115727002967
0 0.12169999999999999 0.45685459940652823 0.15203333333333333 0.34890207715133525
0 0.54325 0.04872403560830861 0.09609999999999995 0.09744807121661722
0 0.56 0.5103857566765578 0.12 0.32344213649851633
0 0.6758333333333333 0.526706231454006 0.13 0.3026706231454006
0 0.8858333333333334 0.5578635014836796 0.11833333333333333 0.2878338278931751
0 0.9625 0.5771513353115727 0.07 0.27002967359050445
0 0.7883333333333333 0.5786350148367952 0.11833333333333333 0.26112759643916916
0 0.0275 0.755192878338279 0.055 0.4836795252225519
0 0.305 0.7611275964391692 0.17666666666666667 0.4688427299703264
0 0.11 0.787833827893175 0.17 0.41839762611275966
0 0.4525 0.8011869436201781 0.11833333333333333 0.3916913946587537
0 0.5766666666666667 0.8353115727002968 0.14333333333333334 0.32344213649851633
0 0.7033333333333334 0.8367952522255193 0.14666666666666667 0.32047477744807124
0 0.9183333333333333 0.844213649851632 0.12666666666666668 0.27596439169139464
0 0.8141666666666667 0.8590504451038575 0.11833333333333333 0.27002967359050445
0 0.8258333333333333 0.11275964391691394 0.09666666666666666 0.12759643916913946
0 0.2791666666666667 0.12166172106824925 0.115 0.2433234421364985
0 0.7491666666666666 0.13204747774480713 0.065 0.10385756676557864
0 0.9125 0.14985163204747776 0.075 0.10979228486646884
0 0.4166666666666667 0.1513353115727003 0.155 0.3026706231454006
0 0.13706666666666667 0.19551928783382788 0.12335000000000003 0.3229673590504451
0 0.5491666666666667 0.20919881305637983 0.10333333333333333 0.2789317507418398
0 0.6591666666666667 0.23590504451038577 0.10833333333333334 0.28486646884273
0 0.04203333333333333 0.28181008902077154 0.08406666666666666 0.5001780415430267
0 0.8525 0.2893175074183976 0.11 0.2433234421364985