0 0.09333333333333334 0.5522222222222222 0.105 0.19777777777777777
0 0.1975 0.5533333333333333 0.10166666666666667 0.20444444444444446
0 0.30083333333333334 0.5466666666666666 0.10166666666666667 0.19777777777777777
0 0.29833333333333334 0.7022222222222222 0.1 0.10888888888888888
0 0.19416666666666665 0.7066666666666667 0.10666666666666667 0.10222222222222223
0 0.405 0.5444444444444444 0.10166666666666667 0.19777777777777777
0 0.405 0.7344444444444445 0.10833333333333334 0.18888888888888888
0 0.5075 0.54 0.1 0.18888888888888888
0 0.5083333333333333 0.7366666666666667 0.10166666666666667 0.19777777777777777
0 0.6108333333333333 0.5288888888888889 0.105 0.19333333333333333
0 0.6133333333333333 0.7288888888888889 0.10833333333333334 0.20666666666666667
0 0.7616666666666667 0.5355555555555556 0.11 0.18666666666666668
0 0.7808333333333334 0.7333333333333333 0.1 0.19777777777777777
0 0.8708333333333333 0.5344444444444445 0.10333333333333333 0.19777777777777777
0 0.8825 0.7322222222222222 0.10833333333333334 0.2
0 0.9608333333333333 0.5344444444444445 0.075 0.18888888888888888
0 0.9683333333333334 0.7311111111111112 0.06 0.2
0 0.02 0.2 0.03833333333333333 0.14888888888888888
0 0.08833333333333333 0.19777777777777777 0.09333333333333334 0.15555555555555556
0 0.18166666666666667 0.19666666666666666 0.09 0.15777777777777777
0 0.27416666666666667 0.19333333333333333 0.09333333333333334 0.15777777777777777
0 0.36916666666666664 0.19 0.09333333333333334 0.15777777777777777
0 0.465 0.19 0.09333333333333334 0.15777777777777777
0 0.56 0.18555555555555556 0.09333333333333334 0.1511111111111111
0 0.6558333333333334 0.18444444444444444 0.09333333333333334 0.15555555555555556
0 0.7508333333333334 0.18444444444444444 0.09333333333333334 0.1511111111111111
0 0.8475 0.18222222222222223 0.09333333333333334 0.14888888888888888
0 0.9441666666666667 0.18333333333333332 0.09833333333333333 0.14444444444444443
0 0.84 0.05444444444444444 0.09666666666666666 0.10444444444444445
0 0.9366666666666666 0.05444444444444444 0.09166666666666666 0.10666666666666667