0 0.022633333333333335 0.34419999999999995 0.04526666666666667 0.09124444444444445
0 0.33680000000000004 0.3549333333333333 0.06643333333333336 0.12480000000000005
0 0.6483333333333333 0.35555555555555557 0.055 0.10222222222222223
0 0.71 0.3566666666666667 0.056666666666666664 0.1
0 0.5258333333333334 0.35777777777777775 0.056666666666666664 0.1
0 0.7758333333333334 0.35777777777777775 0.056666666666666664 0.10666666666666667
0 0.27680000000000005 0.3581555555555555 0.055549999999999974 0.13126666666666664
0 0.0679 0.3593777777777778 0.05894999999999998 0.10944444444444444
0 0.22271666666666665 0.3595777777777778 0.05949999999999998 0.12197777777777774
0 0.5825 0.36333333333333334 0.05 0.09333333333333334
0 0.4708333333333333 0.36666666666666664 0.041666666666666664 0.07111111111111111
0 0.4266666666666667 0.37222222222222223 0.04 0.07777777777777778
0 0.1688 0.4274666666666667 0.04861666666666669 0.09615555555555552
0 0.04881666666666667 0.43051111111111107 0.0632 0.12242222222222217
0 0.7166666666666667 0.44222222222222224 0.06333333333333334 0.06444444444444444
0 0.22666666666666666 0.4477777777777778 0.07666666666666666 0.10888888888888888
0 0.4666666666666667 0.4588888888888889 0.06 0.1111111111111111
0 0.28833333333333333 0.46111111111111114 0.056666666666666664 0.10888888888888888
0 0.3475 0.46111111111111114 0.056666666666666664 0.12
0 0.6558333333333334 0.46111111111111114 0.058333333333333334 0.10666666666666667
0 0.7891666666666667 0.46111111111111114 0.04833333333333333 0.07555555555555556
0 0.5316666666666666 0.4633333333333333 0.056666666666666664 0.10222222222222223
0 0.4066666666666667 0.4766666666666667 0.055 0.10666666666666667
0 0.11591666666666667 0.48304444444444444 0.05498333333333335 0.0982
0 0.5925 0.48333333333333334 0.058333333333333334 0.10222222222222223
0 0.16349999999999998 0.5155777777777778 0.04709999999999998 0.09457777777777779
0 0.7291666666666666 0.5277777777777778 0.055 0.10444444444444445
0 0.7933333333333333 0.54 0.055 0.08444444444444445
0 0.03656666666666667 0.5458888888888889 0.07313333333333334 0.13097777777777778
0 0.21416666666666667 0.5588888888888889 0.07666666666666666 0.11777777777777777
0 0.465 0.5688888888888889 0.055 0.10888888888888888
0 0.2825 0.5711111111111111 0.055 0.11333333333333333
0 0.10865 0.5729555555555556 0.05256666666666665 0.09622222222222218
0 0.5266666666666666 0.5744444444444444 0.06166666666666667 0.11555555555555555
0 0.3425 0.5788888888888889 0.06333333333333334 0.10888888888888888
0 0.4033333333333333 0.5822222222222222 0.05333333333333334 0.10888888888888888
0 0.16016666666666665 0.5871111111111111 0.04650000000000001 0.06795555555555559
0 0.5925 0.5877777777777777 0.06333333333333334 0.1
0 0.675 0.5955555555555555 0.05333333333333334 0.1
0 0.8558333333333333 0.6066666666666667 0.056666666666666664 0.10888888888888888
0 0.7991666666666667 0.6222222222222222 0.058333333333333334 0.08222222222222222
0 0.7341666666666666 0.6244444444444445 0.051666666666666666 0.08666666666666667
0 0.037149999999999996 0.6580444444444444 0.06713333333333334 0.13306666666666667
0 0.09123333333333333 0.6715777777777777 0.038933333333333334 0.13184444444444454
0 0.14083333333333334 0.6733333333333333 0.06833333333333333 0.1288888888888889
0 0.2125 0.68 0.07 0.12666666666666668
0 0.4575 0.6833333333333333 0.058333333333333334 0.12
0 0.275 0.6844444444444444 0.055 0.11777777777777777
0 0.39916666666666667 0.6877777777777778 0.056666666666666664 0.10666666666666667
0 0.5208333333333334 0.6888888888888889 0.058333333333333334 0.11333333333333333
0 0.33666666666666667 0.6911111111111111 0.06333333333333334 0.10888888888888888
0 0.5883333333333334 0.6933333333333334 0.06166666666666667 0.10888888888888888
0 0.6391666666666667 0.6944444444444444 0.021666666666666667 0.11333333333333333
0 0.6766666666666666 0.7 0.05333333333333334 0.10444444444444445
0 0.8633333333333333 0.7077777777777777 0.051666666666666666 0.09555555555555556
0 0.7366666666666667 0.7088888888888889 0.05333333333333334 0.08666666666666667
0 0.8008333333333333 0.7111111111111111 0.056666666666666664 0.09333333333333334
0 0.3387 0.8175333333333333 0.06669999999999997 0.06679999999999987
0 0.4063833333333334 0.8187111111111112 0.06139999999999996 0.06915555555555557
0 0.6511833333333333 0.8398000000000001 0.06928333333333342 0.09728888888888883
0 0.5655 0.8714444444444444 0.07194999999999993 0.05977777777777773
0 0.7105166666666667 0.8767333333333333 0.05783333333333341 0.060955555555555443
0 0.9758333333333333 0.8844444444444445 0.045 0.10222222222222223
0 0.7742333333333333 0.8931333333333333 0.06396666666666666 0.10548888888888895