0 0.43666666666666665 0.7888888888888889 0.03 0.09333333333333334
0 0.47 0.7811111111111111 0.03666666666666667 0.09555555555555556
0 0.5166666666666667 0.7733333333333333 0.05 0.1
0 0.4375 0.6966666666666667 0.028333333333333332 0.08888888888888889
0 0.47 0.6866666666666666 0.03333333333333333 0.09111111111111111
0 0.5133333333333333 0.6722222222222223 0.05333333333333334 0.09777777777777778
0 0.43833333333333335 0.6088888888888889 0.03 0.08222222222222222
0 0.47 0.5955555555555555 0.03333333333333333 0.08666666666666667
0 0.5116666666666667 0.5788888888888889 0.051666666666666666 0.09111111111111111
0 0.4375 0.5222222222222223 0.03 0.08444444444444445
0 0.4683333333333333 0.5077777777777778 0.035 0.08666666666666667
0 0.5091666666666667 0.48777777777777775 0.05 0.09333333333333334
0 0.55 0.4633333333333333 0.03833333333333333 0.09111111111111111
0 0.5841666666666666 0.43777777777777777 0.03833333333333333 0.09555555555555556
0 0.6275 0.41 0.06 0.09333333333333334
0 0.5525 0.5533333333333333 0.03833333333333333 0.09111111111111111
0 0.5891666666666666 0.5377777777777778 0.03666666666666667 0.10444444444444445
0 0.5541666666666667 0.6533333333333333 0.03333333333333333 0.10888888888888888
0 0.56 0.76 0.03666666666666667 0.10888888888888888
0 0.5916666666666667 0.6411111111111111 0.04 0.10888888888888888
0 0.5958333333333333 0.7511111111111111 0.045 0.11555555555555555
0 0.6308333333333334 0.5122222222222222 0.05333333333333334 0.1111111111111111
0 0.6366666666666667 0.6244444444444445 0.05333333333333334 0.11333333333333333
0 0.6425 0.7433333333333333 0.06 0.12444444444444444
0 0.6816666666666666 0.4922222222222222 0.041666666666666664 0.12
0 0.6841666666666667 0.6111111111111112 0.05 0.12
0 0.6941666666666667 0.7311111111111112 0.045 0.12666666666666668
0 0.7241666666666666 0.35333333333333333 0.06166666666666667 0.10888888888888888
0 0.7325 0.46555555555555556 0.06166666666666667 0.11333333333333333
0 0.7383333333333333 0.5855555555555556 0.07 0.12666666666666668
0 0.7483333333333333 0.7177777777777777 0.07333333333333333 0.13555555555555557
0 0.785 0.31666666666666665 0.065 0.1111111111111111
0 0.7925 0.43444444444444447 0.07166666666666667 0.12666666666666668
0 0.8058333333333333 0.5622222222222222 0.07333333333333333 0.1288888888888889
0 0.82 0.7033333333333334 0.07333333333333333 0.14222222222222222
0 0.85 0.2777777777777778 0.07 0.12444444444444444
0 0.8591666666666666 0.4033333333333333 0.07833333333333334 0.12444444444444444
0 0.8758333333333334 0.5366666666666666 0.08333333333333333 0.14444444444444443
0 0.8916666666666667 0.6844444444444444 0.08 0.1511111111111111