0 0.12583333333333332 0.16777777777777778 0.13166666666666665 0.27555555555555555
0 0.12 0.42444444444444446 0.14 0.26
0 0.12083333333333333 0.6722222222222223 0.13666666666666666 0.24
0 0.5325 0.42444444444444446 0.13666666666666666 0.24
0 0.5325 0.6622222222222223 0.13666666666666666 0.23555555555555555
0 0.2708333333333333 0.41333333333333333 0.13 0.26222222222222225
0 0.40166666666666667 0.4177777777777778 0.11333333333333333 0.25555555555555554
0 0.2683333333333333 0.6677777777777778 0.12833333333333333 0.24444444444444444
0 0.3975 0.6633333333333333 0.11666666666666667 0.24
0 0.4033333333333333 0.1622222222222222 0.11833333333333333 0.2577777777777778
0 0.8541666666666666 0.22555555555555556 0.105 0.2088888888888889
0 0.5425 0.18222222222222223 0.10833333333333334 0.24222222222222223
0 0.6808333333333333 0.4255555555555556 0.13666666666666666 0.22
0 0.6733333333333333 0.6566666666666666 0.13166666666666665 0.23555555555555555
0 0.27166666666666667 0.15666666666666668 0.125 0.25333333333333335
0 0.69 0.19666666666666666 0.11333333333333333 0.23777777777777778
0 0.835 0.45 0.13333333333333333 0.24222222222222223
0 0.8233333333333334 0.68 0.12833333333333333 0.23555555555555555
0 0.925 0.6855555555555556 0.07666666666666666 0.19555555555555557
0 0.94 0.4988888888888889 0.07333333333333333 0.18666666666666668
0 0.9516666666666667 0.3055555555555556 0.08666666666666667 0.20444444444444446
0 0.7675 0.23333333333333334 0.04 0.18666666666666668