0 0.15333333333333332 0.3456973293768546 0.145 0.34124629080118696
0 0.16 0.6750741839762612 0.14666666666666667 0.31750741839762614
0 0.17 0.913946587537092 0.13166666666666665 0.1661721068249258
0 0.5308333333333334 0.5548961424332344 0.125 0.2878338278931751
0 0.5258333333333334 0.827893175074184 0.11166666666666666 0.2551928783382789
0 0.3 0.612759643916914 0.12166666666666667 0.32047477744807124
0 0.415 0.8620178041543026 0.10166666666666667 0.27299703264094954
0 0.30416666666666664 0.8857566765578635 0.11333333333333333 0.22551928783382788
0 0.415 0.5816023738872403 0.09666666666666666 0.28486646884273
0 0.42083333333333334 0.28486646884273 0.10833333333333334 0.29376854599406527
0 0.7908333333333334 0.3115727002967359 0.09666666666666666 0.23738872403560832
0 0.2991666666666667 0.29821958456973297 0.125 0.3293768545994065
0 0.6566666666666666 0.26706231454005935 0.10333333333333333 0.27002967359050445
0 0.6466666666666666 0.5311572700296736 0.105 0.2789317507418398
0 0.6366666666666667 0.7848664688427299 0.10166666666666667 0.24629080118694363
0 0.7475 0.7967359050445104 0.105 0.22255192878338279
0 0.7691666666666667 0.5489614243323442 0.11833333333333333 0.26706231454005935
0 0.8258333333333333 0.7759643916913946 0.051666666666666666 0.19287833827893175
0 0.8383333333333334 0.5845697329376854 0.06166666666666667 0.18397626112759644
0 0.8616666666666667 0.38130563798219586 0.065 0.2166172106824926
0 0.5341666666666667 0.27002967359050445 0.105 0.27596439169139464