0 0.245 0.33382789317507416 0.04 0.18991097922848665
0 0.9650166666666666 0.3354599406528189 0.02375 0.1459643916913946
0 0.9422666666666667 0.34955489614243324 0.027149999999999938 0.15364985163204747
0 0.2941666666666667 0.3516320474777448 0.05333333333333334 0.22255192878338279
0 0.85925 0.35415430267062314 0.03838333333333329 0.22735905044510388
0 0.9200166666666667 0.35997032640949556 0.02964999999999994 0.16543026706231453
0 0.34833333333333333 0.3649851632047478 0.05333333333333334 0.2433234421364985
0 0.8902666666666667 0.3701483679525222 0.03203333333333338 0.18581602373887238
0 0.8198 0.38237388724035615 0.04206666666666668 0.2286350148367953
0 0.4033333333333333 0.3827893175074184 0.05333333333333334 0.2433234421364985
0 0.6941666666666667 0.39465875370919884 0.07833333333333334 0.24925816023738873
0 0.4608333333333333 0.4020771513353116 0.065 0.27002967359050445
0 0.6283333333333333 0.4124629080118694 0.06166666666666667 0.258160237388724
0 0.5441666666666667 0.43026706231454004 0.10166666666666667 0.29673590504451036
0 0.6334000000000001 0.04572700296735905 0.0659166666666666 0.0914540059347181
0 0.45916666666666667 0.050445103857566766 0.07166666666666667 0.10089020771513353
0 0.9311166666666666 0.5006231454005935 0.027866666666666713 0.14596439169139466
0 0.5457833333333334 0.050830860534124625 0.10023333333333331 0.10166172106824925
0 0.2869 0.05169139465875371 0.04675000000000002 0.10335311572700297
0 0.3897333333333333 0.052522255192878335 0.061950000000000026 0.10504451038575667
0 0.33558333333333334 0.0533827893175074 0.046499999999999965 0.10673590504451039
0 0.9106166666666666 0.518753709198813 0.0275 0.17359050445103857
0 0.8812166666666666 0.53 0.032983333333333274 0.17486646884273
0 0.23833333333333334 0.5326409495548962 0.03833333333333333 0.20178041543026706
0 0.24083333333333334 0.05489614243323442 0.045 0.10682492581602374
0 0.2866666666666667 0.5623145400593472 0.06166666666666667 0.21068249258160238
0 0.3466666666666667 0.5905044510385756 0.055 0.20771513353115728
0 0.4008333333333333 0.6201780415430267 0.04833333333333333 0.228486646884273
0 0.6866666666666666 0.6231454005934718 0.051666666666666666 0.22255192878338279
0 0.6258333333333334 0.6543026706231454 0.065 0.228486646884273
0 0.4575 0.6632047477744807 0.06833333333333333 0.24925816023738873
0 0.5425 0.7062314540059347 0.09666666666666666 0.26409495548961426
0 0.87455 0.07204747774480713 0.03870000000000005 0.14406528189910978
0 0.9206166666666666 0.07204747774480713 0.0475 0.14406528189910978
0 0.8041666666666667 0.07418397626112759 0.04833333333333333 0.14836795252225518
0 0.8428833333333333 0.07629080118694362 0.027766666666666707 0.15255192878338278
0 0.9762000000000001 0.07798219584569734 0.037249999999999846 0.15596439169139467