0 0.021433333333333332 0.34124629080118696 0.042866666666666664 0.29403560830860537
0 0.3415333333333333 0.3658160237388724 0.06314999999999998 0.1644510385756677
0 0.2738 0.3679228486646884 0.06341666666666669 0.16020771513353113
0 0.5983333333333334 0.3694362017804154 0.058333333333333334 0.1513353115727003
0 0.47583333333333333 0.37091988130563797 0.056666666666666664 0.14540059347181009
0 0.4115166666666667 0.37195845697329377 0.06980000000000004 0.17249258160237388
0 0.64375 0.3764094955489614 0.031883333333333326 0.12629080118694364
0 0.53 0.3961424332344214 0.045 0.142433234421365
0 0.6666666666666666 0.516320474777448 0.06 0.1513353115727003
0 0.4141666666666667 0.5237388724035609 0.06333333333333334 0.13649851632047477
0 0.48083333333333333 0.5237388724035609 0.06166666666666667 0.14540059347181009
0 0.605 0.5237388724035609 0.065 0.14540059347181009
0 0.27893333333333337 0.5265281899109793 0.06651666666666661 0.1552225519287834
0 0.3470166666666667 0.528219584569733 0.06935000000000002 0.15860534124629078
0 0.0975 0.5296735905044511 0.05 0.12759643916913946
0 0.5312666666666667 0.530326409495549 0.04738333333333325 0.13738872403560834
0 0.3233333333333333 0.2433234421364985 0.06166666666666667 0.09198813056379822