0 0.4558333333333333 0.1913946587537092 0.05 0.13649851632047477
0 0.51 0.1795252225519288 0.056666666666666664 0.1572700296735905
0 0.5716666666666667 0.16765578635014836 0.065 0.1513353115727003
0 0.4508333333333333 0.33382789317507416 0.05 0.1394658753709199
0 0.505 0.3293768545994065 0.055 0.13649851632047477
0 0.5675 0.3219584569732938 0.065 0.1513353115727003
0 0.3516666666666667 0.3516320474777448 0.03333333333333333 0.11572700296735905
0 0.3958333333333333 0.34421364985163205 0.055 0.13649851632047477
0 0.25666666666666665 0.23590504451038577 0.03166666666666667 0.13649851632047477
0 0.24833333333333332 0.36053412462908013 0.03333333333333333 0.11869436201780416
0 0.2941666666666667 0.3560830860534125 0.05 0.13056379821958458
0 0.30083333333333334 0.2195845697329377 0.055 0.13353115727002968
0 0.635 0.31602373887240354 0.06666666666666667 0.14540059347181009
0 0.705 0.3026706231454006 0.07333333333333333 0.1543026706231454
0 0.7816666666666666 0.2952522255192878 0.075 0.1572700296735905
0 0.6708333333333333 0.14836795252225518 0.07333333333333333 0.1661721068249258
0 0.7466666666666667 0.12759643916913946 0.07333333333333333 0.17507418397626112