0 0.31583333333333335 0.3724035608308605 0.07333333333333333 0.17804154302670624
0 0.71 0.37537091988130566 0.08166666666666667 0.17507418397626112
0 0.6275 0.3827893175074184 0.08166666666666667 0.18694362017804153
0 0.8130000000000001 0.39 0.07609999999999995 0.1805637982195846
0 0.8906166666666667 0.40483679525222555 0.08464999999999993 0.19501483679525228
0 0.3933333333333333 0.4050445103857567 0.07333333333333333 0.17507418397626112
0 0.96 0.413946587537092 0.07666666666666666 0.17507418397626112
0 0.30416666666666664 0.5608308605341247 0.075 0.19881305637982197
0 0.7216666666666667 0.56973293768546 0.085 0.21364985163204747
0 0.6341666666666667 0.5727002967359051 0.08333333333333333 0.18694362017804153
0 0.8286 0.5780415430267063 0.09443333333333329 0.17771513353115723
0 0.385 0.5830860534124629 0.07333333333333333 0.18397626112759644
0 0.91835 0.5901483679525222 0.10155000000000011 0.19762611275964398
0 0.9716666666666667 0.6023738872403561 0.05333333333333334 0.19584569732937684
0 0.29083333333333333 0.7640949554896143 0.08833333333333333 0.21364985163204747
0 0.4683333333333333 0.771513353115727 0.07666666666666666 0.19584569732937684
0 0.5558333333333333 0.771513353115727 0.08333333333333333 0.19584569732937684
0 0.6433333333333333 0.771513353115727 0.085 0.20474777448071216
0 0.37916666666666665 0.7744807121661721 0.08166666666666667 0.20178041543026706
0 0.7366666666666667 0.7804154302670623 0.09333333333333334 0.20178041543026706
0 0.8540666666666668 0.7805341246290802 0.09488333333333335 0.21047477744807117
0 0.9369166666666666 0.7902967359050445 0.10629999999999995 0.20115727002967357
0 0.6941666666666667 0.20771513353115728 0.07333333333333333 0.16023738872403562
0 0.6158333333333333 0.20919881305637983 0.07666666666666666 0.1572700296735905