0 0.8566666666666667 0.2733333333333333 0.12666666666666668 0.24666666666666667
0 0.07416666666666667 0.2811111111111111 0.14333333333333334 0.33111111111111113
0 0.215 0.2833333333333333 0.13666666666666666 0.25333333333333335
0 0.38166666666666665 0.28888888888888886 0.12833333333333333 0.24444444444444444
0 0.7058333333333333 0.28888888888888886 0.11666666666666667 0.2288888888888889
0 0.5458333333333333 0.29888888888888887 0.12166666666666667 0.23777777777777778
0 0.9725 0.5111111111111111 0.05333333333333334 0.28888888888888886
0 0.7 0.5455555555555556 0.14666666666666667 0.27111111111111114
0 0.8491666666666666 0.5466666666666666 0.15666666666666668 0.2866666666666667
0 0.4041666666666667 0.5566666666666666 0.15333333333333332 0.28444444444444444
0 0.2375 0.5622222222222222 0.175 0.3088888888888889
0 0.5533333333333333 0.5644444444444444 0.14166666666666666 0.29333333333333333
0 0.06166666666666667 0.06222222222222222 0.12333333333333334 0.12444444444444444
0 0.08416666666666667 0.6011111111111112 0.16333333333333333 0.29777777777777775
0 0.9633333333333334 0.78 0.06833333333333333 0.32
0 0.8375 0.8144444444444444 0.13166666666666665 0.2511111111111111
0 0.6966666666666667 0.8211111111111111 0.13833333333333334 0.2777777777777778
0 0.41 0.8444444444444444 0.15333333333333332 0.28444444444444444
0 0.5575 0.8455555555555555 0.14166666666666666 0.27111111111111114
0 0.25166666666666665 0.8533333333333334 0.16833333333333333 0.26666666666666666
0 0.09166666666666666 0.8744444444444445 0.17 0.24666666666666667