0 0.91445 0.22737777777777776 0.06856666666666683 0.10524444444444447
0 0.9589666666666666 0.2350888888888889 0.075 0.09924444444444444
0 0.6975 0.24 0.08166666666666667 0.14888888888888888
0 0.745 0.29555555555555557 0.05333333333333334 0.08444444444444445
0 0.7858333333333334 0.29555555555555557 0.035 0.10222222222222223
0 0.22666666666666666 0.3 0.06333333333333334 0.1511111111111111
0 0.30083333333333334 0.3 0.07833333333333334 0.15333333333333332
0 0.825 0.3088888888888889 0.04 0.09777777777777778
0 0.37833333333333335 0.31 0.07166666666666667 0.14888888888888888
0 0.8845833333333334 0.3215777777777778 0.0589833333333335 0.10415555555555557
0 0.9221499999999999 0.3256222222222222 0.06866666666666674 0.10255555555555554
0 0.9642166666666666 0.3401777777777778 0.0715500000000001 0.11548888888888885
0 0.455 0.3411111111111111 0.08 0.13555555555555557
0 0.5366666666666666 0.3411111111111111 0.07833333333333334 0.13555555555555557
0 0.6075 0.34444444444444444 0.065 0.13333333333333333
0 0.6725 0.3711111111111111 0.07333333333333333 0.1111111111111111
0 0.7666666666666667 0.3844444444444444 0.03666666666666667 0.1
0 0.7241666666666666 0.39444444444444443 0.05 0.10222222222222223
0 0.7966666666666666 0.4 0.05 0.1
0 0.8532333333333333 0.4123111111111111 0.0538500000000001 0.11028888888888888
0 0.8958 0.4183777777777778 0.05353333333333315 0.0981555555555556
0 0.9342833333333335 0.4242444444444444 0.04928333333333323 0.10584444444444444
0 0.9708333333333333 0.43 0.055 0.10444444444444445
0 0.3458333333333333 0.5422222222222223 0.06666666666666667 0.12666666666666668
0 0.819 0.5422444444444444 0.052033333333333376 0.11562222222222217
0 0.21083333333333334 0.5433333333333333 0.04666666666666667 0.11777777777777777
0 0.27166666666666667 0.5477777777777778 0.07666666666666666 0.12666666666666668
0 0.41333333333333333 0.5477777777777778 0.065 0.11555555555555555
0 0.4766666666666667 0.55 0.056666666666666664 0.1111111111111111
0 0.5375 0.57 0.065 0.09777777777777778
0 0.9277666666666666 0.5796444444444444 0.08653333333333345 0.12491111111111113
0 0.6591666666666667 0.5822222222222222 0.05333333333333334 0.09555555555555556
0 0.6008333333333333 0.5833333333333334 0.06333333333333334 0.09111111111111111
0 0.7125 0.5855555555555556 0.055 0.09555555555555556
0 0.9708333333333333 0.5888888888888889 0.055 0.12
0 0.84915 0.5911555555555555 0.0647333333333333 0.1075333333333333
0 0.7900499999999999 0.6194444444444445 0.061433333333333354 0.08737777777777789
0 0.4508333333333333 0.65 0.05 0.09555555555555556
0 0.19583333333333333 0.6544444444444445 0.05 0.1111111111111111
0 0.32666666666666666 0.6544444444444445 0.06166666666666667 0.10888888888888888
0 0.39416666666666667 0.6566666666666666 0.06333333333333334 0.1111111111111111
0 0.2608333333333333 0.6577777777777778 0.07333333333333333 0.10888888888888888
0 0.5075 0.6611111111111111 0.06166666666666667 0.10222222222222223
0 0.5733333333333334 0.6744444444444444 0.065 0.1
0 0.6341666666666667 0.6766666666666666 0.05333333333333334 0.09777777777777778
0 0.8715666666666667 0.6796666666666668 0.05838333333333329 0.09304444444444446
0 0.6866666666666666 0.68 0.05 0.09333333333333334
0 0.8144833333333333 0.6821555555555556 0.06598333333333338 0.07631111111111118
0 0.9444166666666667 0.6822888888888888 0.07501666666666665 0.09426666666666658
0 0.7687166666666667 0.6907777777777778 0.04596666666666673 0.06435555555555564
0 0.9801833333333334 0.696 0.03961666666666663 0.07353333333333341
0 0.4191666666666667 0.7733333333333333 0.06166666666666667 0.06888888888888889
0 0.5792833333333334 0.7777555555555555 0.04354999999999999 0.06720000000000002
0 0.80885 0.7966666666666666 0.05294999999999997 0.09515555555555566
0 0.8530833333333334 0.8015111111111112 0.044450000000000024 0.10484444444444434
0 0.3172 0.8083777777777778 0.075 0.1321333333333334
0 0.24401666666666666 0.8169555555555555 0.065 0.15335555555555552
0 0.1875 0.8377777777777777 0.041666666666666664 0.09555555555555556
0 0.5213 0.8405111111111111 0.030266666666666612 0.0786
0 0.5555333333333333 0.8443111111111111 0.03024999999999996 0.06593333333333325
0 0.4141666666666667 0.8522222222222222 0.058333333333333334 0.08
0 0.3749166666666666 0.8804 0.05939999999999998 0.1204222222222221
0 0.5835666666666667 0.8912222222222222 0.04640000000000005 0.05577777777777783
0 0.7192833333333333 0.9074666666666666 0.06778333333333326 0.1064222222222222
0 0.7935166666666666 0.9119555555555555 0.05978333333333334 0.07873333333333322
0 0.3025 0.92 0.06666666666666667 0.08666666666666667
0 0.235 0.9244444444444444 0.058333333333333334 0.08444444444444445
0 0.18083333333333335 0.9255555555555556 0.041666666666666664 0.08222222222222222
0 0.23833333333333334 0.1411111111111111 0.06333333333333334 0.14666666666666667
0 0.31333333333333335 0.15444444444444444 0.085 0.15777777777777777
0 0.39166666666666666 0.16333333333333333 0.07333333333333333 0.1622222222222222
0 0.8216666666666667 0.1811111111111111 0.04666666666666667 0.1288888888888889
0 0.5533333333333333 0.1922222222222222 0.07166666666666667 0.15777777777777777
0 0.47583333333333333 0.19666666666666666 0.08166666666666667 0.1511111111111111
0 0.77 0.19666666666666666 0.055 0.10444444444444445
0 0.6233333333333333 0.21333333333333335 0.065 0.13333333333333333
0 0.8566666666666667 0.21444444444444444 0.04666666666666667 0.1