0 0.53 0.23 0.1288888888888889 0.14
0 0.4011111111111111 0.2325 0.11777777777777777 0.12166666666666667
0 0.6544444444444445 0.23416666666666666 0.11333333333333333 0.12666666666666668
0 0.3188888888888889 0.24583333333333332 0.051111111111111114 0.11166666666666666
0 0.7277777777777777 0.24916666666666668 0.024444444444444446 0.11
0 0.13666666666666666 0.29613333333333336 0.031555555555555545 0.024916666666666646
0 0.222 0.2989833333333333 0.03537777777777775 0.023833333333333352
0 0.18206666666666668 0.2997666666666667 0.035711111111111096 0.02103333333333334
0 0.27040000000000003 0.3002333333333333 0.03111111111111111 0.023649999999999997
0 0.2227111111111111 0.36006666666666665 0.03993333333333333 0.03511666666666666
0 0.07646666666666666 0.36006666666666665 0.035977777777777775 0.03511666666666666
0 0.11133333333333334 0.36261666666666664 0.03355555555555554 0.031216666666666698
0 0.14377777777777778 0.36300000000000004 0.03435555555555558 0.03646666666666666
0 0.18135555555555555 0.3635166666666667 0.039355555555555574 0.03301666666666667
0 0.07697777777777778 0.3887333333333334 0.03435555555555556 0.023316666666666683
0 0.22235555555555556 0.38893333333333335 0.03266666666666664 0.02373333333333335
0 0.1864222222222222 0.3889833333333333 0.035266666666666675 0.022816666666666662
0 0.11204444444444445 0.38965 0.03135555555555555 0.023116666666666674
0 0.14824444444444443 0.3897 0.034733333333333324 0.022199999999999987
0 0.31668888888888885 0.3932833333333333 0.029133333333333365 0.0324333333333333
0 0.3468 0.3940166666666667 0.02844444444444447 0.029833333333333295
0 0.08888888888888889 0.43179999999999996 0.04191111111111111 0.03228333333333334
0 0.13497777777777778 0.43261666666666665 0.04068888888888888 0.033900000000000007
0 0.17768888888888887 0.43423333333333336 0.04079999999999997 0.033100000000000025
0 0.1353777777777778 0.46795 0.04420000000000002 0.03555000000000007
0 0.3188888888888889 0.4683333333333333 0.08 0.115
0 0.09213333333333333 0.4686166666666667 0.04300000000000001 0.03991666666666674
0 0.1751111111111111 0.46978333333333333 0.0383777777777778 0.035150000000000056
0 0.4111111111111111 0.4825 0.10222222222222223 0.10833333333333334
0 0.0916 0.5224666666666667 0.03973333333333332 0.03756666666666661
0 0.1278 0.5233 0.026955555555555545 0.03238333333333325
0 0.16184444444444443 0.5239833333333334 0.03531111111111115 0.034616666666666636
0 0.2696222222222222 0.52475 0.018244444444444462 0.03194999999999993
0 0.23866666666666667 0.5260333333333334 0.037977777777777784 0.03450000000000008
0 0.2016 0.5262833333333333 0.031866666666666675 0.035016666666666654
0 0.164 0.5601 0.03482222222222219 0.036983333333333424
0 0.129 0.5606333333333333 0.029355555555555572 0.03805000000000007
0 0.23757777777777778 0.5612999999999999 0.0374666666666667 0.0374666666666667
0 0.20120000000000002 0.5615333333333333 0.03397777777777776 0.03626666666666665
0 0.2669111111111111 0.5623333333333332 0.019599999999999985 0.03950000000000008
0 0.7288888888888889 0.565 0.06 0.11666666666666667
0 0.6444444444444445 0.5775 0.11333333333333333 0.13333333333333333
0 0.3211111111111111 0.5825 0.07333333333333333 0.10666666666666667
0 0.5211111111111111 0.5841666666666666 0.12222222222222222 0.13833333333333334
0 0.40444444444444444 0.59 0.09777777777777778 0.11
0 0.7454222222222222 0.6502333333333333 0.008488888888889 0.002216666666666735
0 0.7872222222222223 0.71675 0.03320000000000012 0.11316666666666662
0 0.27666666666666667 0.7516666666666667 0.08222222222222222 0.12833333333333333
0 0.7333333333333333 0.7591666666666667 0.07555555555555556 0.12166666666666667
0 0.37555555555555553 0.7825 0.1111111111111111 0.13333333333333333
0 0.6322222222222222 0.7925 0.12 0.13833333333333334
0 0.5322222222222223 0.08 0.13333333333333333 0.16
0 0.4988888888888889 0.8008333333333333 0.1288888888888889 0.15
0 0.784 0.83065 0.03262222222222211 0.1134499999999999
0 0.27444444444444444 0.875 0.08444444444444445 0.11666666666666667
0 0.7244444444444444 0.8858333333333334 0.08 0.12
0 0.37555555555555553 0.9141666666666667 0.11333333333333333 0.125
0 0.6277777777777778 0.9258333333333333 0.11777777777777777 0.12333333333333334
0 0.4022222222222222 0.09416666666666666 0.12222222222222222 0.15
0 0.49777777777777776 0.9358333333333333 0.13111111111111112 0.115
0 0.6633333333333333 0.09583333333333334 0.12666666666666668 0.15