0 0.6033333333333334 0.29821958456973297 0.07 0.17507418397626112
0 0.6716666666666666 0.29821958456973297 0.065 0.1661721068249258
0 0.5158333333333334 0.32344213649851633 0.10166666666666667 0.21068249258160238
0 0.3858333333333333 0.33382789317507416 0.155 0.24925816023738873
0 0.24666666666666667 0.35311572700296734 0.10666666666666667 0.2789317507418398
0 0.9432666666666667 0.359406528189911 0.03716666666666659 0.08928783382789314
0 0.9106166666666666 0.3850148367952522 0.03998333333333335 0.14997032640949556
0 0.8147666666666666 0.456973293768546 0.10379999999999995 0.21830860534124627
0 0.7508333333333334 0.4599406528189911 0.056666666666666664 0.18694362017804153
0 0.6966666666666667 0.4792284866468843 0.05 0.20178041543026706
0 0.6408333333333334 0.5 0.058333333333333334 0.21068249258160238
0 0.5758333333333333 0.516320474777448 0.07333333333333333 0.22255192878338279
0 0.48 0.5608308605341247 0.11 0.258160237388724
0 0.35333333333333333 0.599406528189911 0.14 0.2789317507418398
0 0.23583333333333334 0.6454005934718101 0.08666666666666667 0.3086053412462908
0 0.4408166666666667 0.07777448071216618 0.09351666666666669 0.14878338278931752
0 0.32453333333333334 0.07925816023738873 0.1446666666666667 0.15851632047477746
0 0.7236333333333334 0.08032640949554896 0.10121666666666669 0.16065281899109793
0 0.6372166666666667 0.08124629080118694 0.09786666666666671 0.15884272997032642
0 0.9088166666666666 0.08320474777448071 0.06536666666666671 0.15961424332344215
0 0.54865 0.08774480712166172 0.11306666666666672 0.17548961424332343
0 0.9437333333333333 0.23083086053412466 0.038116666666666486 0.15836795252225522
0 0.9642666666666666 0.2703857566765579 0.0374666666666667 0.08267062314540063
0 0.8275 0.27299703264094954 0.03333333333333333 0.12462908011869436
0 0.7825 0.28338278931750743 0.051666666666666666 0.14540059347181009
0 0.7283333333333334 0.2878338278931751 0.05333333333333334 0.1513353115727003