0 0.8975 0.3323442136498516 0.20166666666666666 0.36795252225519287
0 0.051366666666666665 0.3440059347181009 0.10271666666666668 0.4387833827893175
0 0.1856 0.37474777448071217 0.16556666666666667 0.41124629080118696
0 0.3825 0.6988130563798219 0.18333333333333332 0.49554896142433236
0 0.575 0.7002967359050445 0.195 0.4629080118694362
0 0.9141666666666667 0.7210682492581603 0.16833333333333333 0.4094955489614243
0 0.2756 0.7428189910979229 0.04080000000000003 0.41824925816023734
0 0.038983333333333335 0.7470623145400593 0.07796666666666667 0.46065281899109795
0 0.16893333333333332 0.7476854599406528 0.17033333333333336 0.41528189910979224
0 0.7656166666666667 0.8010979228486648 0.19943333333333338 0.28468842729970334
0 0.5516666666666666 0.2626112759643917 0.16833333333333333 0.4065281899109792