0 0.31728333333333336 0.3000593471810089 0.03725000000000004 0.08519287833827896
0 0.16536666666666666 0.30602373887240353 0.034649999999999986 0.12115727002967354
0 0.8481166666666666 0.3117507418397626 0.05728333333333325 0.08596439169139465
0 0.12943333333333332 0.315786350148368 0.034183333333333316 0.11522255192878342
0 0.7909833333333333 0.32403560830860534 0.05729999999999999 0.08513353115727003
0 0.09765 0.32617210682492576 0.025383333333333327 0.11480712166172102
0 0.7343333333333334 0.32890207715133535 0.05826666666666673 0.08216617210682492
0 0.6843333333333333 0.3393175074183976 0.05353333333333334 0.08175074183976265
0 0.5241666666666667 0.3456973293768546 0.041666666666666664 0.11869436201780416
0 0.6335166666666667 0.3524629080118694 0.04473333333333339 0.08261127596439166
0 0.5871 0.3537091988130564 0.0423666666666666 0.0766765578635015
0 0.9078666666666667 0.035697329376854596 0.07678333333333323 0.07139465875370919
0 0.47833333333333333 0.3560830860534125 0.05 0.11572700296735905
0 0.42333333333333334 0.3664688427299703 0.06166666666666667 0.11869436201780416
0 0.36583333333333334 0.37537091988130566 0.055 0.11572700296735905
0 0.31816666666666665 0.3902967359050445 0.034183333333333316 0.09955489614243326
0 0.26666666666666666 0.3961424332344214 0.058333333333333334 0.10979228486646884
0 0.21666666666666667 0.41097922848664686 0.04 0.10682492581602374
0 0.16121666666666667 0.4310979228486647 0.033466666666666686 0.10851632047477743
0 0.1261 0.433026706231454 0.037033333333333335 0.10810089020771516
0 0.08978333333333333 0.43513353115727 0.03348333333333334 0.10385756676557864
0 0.67625 0.052670623145400594 0.0563833333333334 0.10531157270029676
0 0.9808333333333333 0.5074183976261127 0.035 0.1661721068249258
0 0.8519333333333333 0.526320474777448 0.08395000000000001 0.1590207715133532
0 0.78265 0.5294955489614244 0.06444999999999994 0.15267062314540056
0 0.9429833333333333 0.5307715133531158 0.0636833333333334 0.11281899109792279
0 0.7129 0.5362908011869436 0.07256666666666661 0.14928783382789318
0 0.44583333333333336 0.5385756676557863 0.045 0.13649851632047477
0 0.3375 0.5415430267062314 0.041666666666666664 0.11572700296735905
0 0.38333333333333336 0.5415430267062314 0.05 0.12759643916913946
0 0.295 0.5445103857566765 0.041666666666666664 0.11869436201780416
0 0.5950666666666667 0.5498516320474778 0.060699999999999935 0.14249258160237382
0 0.2525 0.5519287833827893 0.045 0.11572700296735905
0 0.21083333333333334 0.5548961424332344 0.03333333333333333 0.11572700296735905
0 0.67815 0.555786350148368 0.03163333333333336 0.1035014836795252
0 0.6422 0.5646884272997033 0.031166666666666742 0.09587537091988131
0 0.49166666666666664 0.5816023738872403 0.041666666666666664 0.11869436201780416
0 0.5283333333333333 0.5979228486646885 0.03333333333333333 0.10089020771513353
0 0.15698333333333334 0.6409495548961425 0.02626666666666665 0.11964391691394657
0 0.12575 0.6448664688427299 0.02856666666666669 0.1237388724035608
0 0.09728333333333333 0.6493471810089021 0.022833333333333337 0.12522255192878334
0 0.07195 0.65 0.02336666666666666 0.12094955489614241
0 0.048133333333333334 0.6513946587537093 0.021700000000000004 0.11816023738872401
0 0.020550000000000002 0.6521364985163205 0.029233333333333333 0.11964391691394657
0 0.9350166666666666 0.6745103857566765 0.08343333333333325 0.1714243323442136
0 0.3375 0.6750741839762612 0.041666666666666664 0.142433234421365
0 0.29583333333333334 0.6765578635014837 0.03833333333333333 0.13649851632047477
0 0.20333333333333334 0.6795252225519288 0.03833333333333333 0.12462908011869436
0 0.24833333333333332 0.6795252225519288 0.05 0.12759643916913946
0 0.3875 0.6795252225519288 0.05 0.13649851632047477
0 0.9883333333333333 0.6795252225519288 0.02 0.1661721068249258
0 0.7864666666666666 0.6800296735905044 0.07206666666666668 0.15700296735905053
0 0.8585999999999999 0.6806528189910979 0.07823333333333342 0.14554896142433238
0 0.44416666666666665 0.6824925816023739 0.045 0.14540059347181009
0 0.7198 0.6859643916913947 0.0625666666666666 0.15189910979228485
0 0.6564833333333333 0.6870326409495549 0.05971666666666674 0.1497922848664688
0 0.5984 0.6885163204747774 0.05783333333333341 0.15700296735905053
0 0.48833333333333334 0.7032640949554896 0.045 0.11275964391691394
0 0.53 0.7106824925816023 0.03166666666666667 0.11275964391691394
0 0.0649 0.7562314540059348 0.024933333333333342 0.09905044510385763
0 0.15333333333333332 0.756973293768546 0.029399999999999978 0.11543026706231456
0 0.01345 0.7574480712166172 0.023383333333333336 0.09216617210682485
0 0.037733333333333334 0.758753709198813 0.024949999999999996 0.09103857566765572
0 0.12146666666666665 0.7613649851632047 0.030450000000000005 0.11115727002967361
0 0.09179999999999999 0.7616320474777448 0.025449999999999993 0.10611275964391689
0 0.20166666666666666 0.8160237388724035 0.03833333333333333 0.1394658753709199
0 0.24666666666666667 0.8160237388724035 0.04666666666666667 0.1394658753709199
0 0.2925 0.8189910979228486 0.041666666666666664 0.13649851632047477
0 0.38416666666666666 0.8204747774480712 0.05 0.13649851632047477
0 0.3358333333333333 0.8219584569732937 0.041666666666666664 0.14540059347181009
0 0.4425 0.8234421364985163 0.04833333333333333 0.14540059347181009
0 0.48833333333333334 0.8293768545994066 0.03833333333333333 0.13649851632047477
0 0.6576666666666667 0.8330860534124629 0.06686666666666667 0.1494658753709199
0 0.6017333333333333 0.8335311572700296 0.05498333333333335 0.1418100890207714
0 0.53 0.8367952522255193 0.03833333333333333 0.12462908011869436
0 0.7226666666666667 0.8371216617210683 0.06826666666666673 0.1617507418397626
0 0.79205 0.8386053412462908 0.07609999999999995 0.1689614243323443
0 0.9454833333333332 0.8400890207715134 0.08535000000000006 0.17617210682492582
0 0.011666666666666667 0.841246290801187 0.023333333333333334 0.08605341246290801
0 0.05905 0.8423738872403561 0.025766666666666663 0.08160237388724036
0 0.03465 0.8435905044510387 0.021916666666666664 0.07471810089020757
0 0.8647833333333333 0.844540059347181 0.0810833333333334 0.1808308605341247
0 0.14863333333333334 0.8464688427299703 0.03045000000000002 0.07489614243323445
0 0.11989999999999999 0.8472106824925816 0.029416666666666678 0.06896142433234424
0 0.08866666666666667 0.849080118694362 0.03171666666666667 0.07118694362017806
0 0.24333333333333335 0.9599406528189911 0.04666666666666667 0.07418397626112759
0 0.2783333333333333 0.9599406528189911 0.043333333333333335 0.07418397626112759
0 0.0771 0.9638872403560831 0.03336666666666666 0.0721958456973295
0 0.018333333333333333 0.9629080118694362 0.03666666666666667 0.06824925816023739
0 0.3233333333333333 0.9643916913946587 0.05333333333333334 0.06528189910979229
0 0.3725 0.9643916913946587 0.051666666666666666 0.06528189910979229
0 0.4241666666666667 0.9673590504451038 0.06166666666666667 0.05934718100890208
0 0.5275 0.9688427299703264 0.055 0.05637982195845697
0 0.47833333333333333 0.9718100890207715 0.05 0.050445103857566766
0 0.8415666666666668 0.1113946587537092 0.06085000000000008 0.11341246290801187
0 0.7852666666666667 0.11394658753709198 0.05540000000000001 0.11851632047477745
0 0.7293333333333334 0.12367952522255193 0.05303333333333342 0.11258160237388723
0 0.9107333333333334 0.1442433234421365 0.0825 0.13252225519287833
0 0.9758333333333333 0.15578635014836795 0.045 0.14540059347181009
0 0.6801666666666667 0.16183976261127597 0.052333333333333294 0.12106824925816023
0 0.6332666666666666 0.1629080118694362 0.04901666666666661 0.13590504451038574
0 0.5876833333333333 0.20341246290801185 0.05069999999999993 0.10243323442136501
0 0.5233333333333333 0.21364985163204747 0.04 0.14540059347181009
0 0.8446666666666667 0.22035608308605342 0.06228333333333334 0.10246290801186944
0 0.7308833333333333 0.22629080118694364 0.05375 0.11433234421364985
0 0.7911 0.22652818991097923 0.05515000000000005 0.11050445103857569
0 0.4766666666666667 0.23738872403560832 0.05 0.11869436201780416
0 0.425 0.24480712166172106 0.055 0.12759643916913946
0 0.68125 0.24857566765578634 0.05209999999999999 0.10373887240356086
0 0.37166666666666665 0.2596439169139466 0.05 0.10979228486646884
0 0.6338666666666667 0.2651038575667656 0.04783333333333341 0.09442136498516318
0 0.8368166666666668 0.02890207715133531 0.06085000000000008 0.05780415430267062
0 0.9766666666666667 0.27299703264094954 0.043333333333333335 0.10682492581602374
0 0.9168000000000001 0.27548961424332347 0.0875 0.12792284866468848
0 0.2708333333333333 0.28041543026706234 0.056666666666666664 0.11275964391691394
0 0.5892333333333334 0.28735905044510385 0.05141666666666671 0.08382789317507418
0 0.2225 0.2922848664688427 0.04 0.11572700296735905