0 0.5 0.3115727002967359 0.13666666666666666 0.3620178041543027
0 0.9691666666666666 0.31750741839762614 0.058333333333333334 0.37388724035608306
0 0.037083333333333336 0.46673590504451035 0.07416666666666667 0.12887240356083088
0 0.14133333333333334 0.4724629080118694 0.11701666666666669 0.27347181008902083
0 0.2456 0.4792581602373887 0.12554999999999997 0.28026706231454
0 0.041833333333333333 0.6510089020771513 0.08366666666666667 0.2727299703264094
0 0.8588166666666666 0.678160237388724 0.20724999999999993 0.44575667655786344
0 0.49083333333333334 0.6899109792284867 0.14666666666666667 0.3887240356083086
0 0.34833333333333333 0.6928783382789317 0.13333333333333333 0.3649851632047478
0 0.9766666666666667 0.6943620178041543 0.043333333333333335 0.3857566765578635
0 0.22511666666666666 0.7451335311572701 0.1074666666666667 0.29483679525222556
0 0.11418333333333335 0.7487240356083086 0.10846666666666668 0.27406528189910984
0 0.6651666666666667 0.761246290801187 0.17946666666666677 0.27281899109792274
0 0.8565666666666668 0.28124629080118696 0.1984499999999999 0.44210682492581604