0 0.44 0.30415430267062316 0.08666666666666667 0.2403560830860534
0 0.3475 0.3056379821958457 0.08833333333333333 0.2195845697329377
0 0.25333333333333335 0.31602373887240354 0.10166666666666667 0.2314540059347181
0 0.1625 0.3189910979228487 0.08333333333333333 0.2314540059347181
0 0.9508333333333333 0.5311572700296736 0.08833333333333333 0.28486646884273
0 0.635 0.5341246290801187 0.09666666666666666 0.24629080118694363
0 0.7358333333333333 0.5341246290801187 0.10166666666666667 0.258160237388724
0 0.5358333333333334 0.5356083086053413 0.10166666666666667 0.23738872403560832
0 0.8466666666666667 0.5385756676557863 0.11833333333333333 0.27299703264094954
0 0.44083333333333335 0.543026706231454 0.09333333333333334 0.23738872403560832
0 0.3475 0.5445103857566765 0.085 0.2344213649851632
0 0.25166666666666665 0.5489614243323442 0.095 0.228486646884273
0 0.16333333333333333 0.5519287833827893 0.08666666666666667 0.22255192878338279
0 0.83265 0.8487833827893175 0.09774999999999996 0.20629080118694357
0 0.9435833333333333 0.8524035608308606 0.08915000000000002 0.20925816023738866
0 0.315 0.9495548961424333 0.09 0.09792284866468842
0 0.4025 0.9495548961424333 0.09333333333333334 0.09198813056379822
0 0.8491666666666666 0.26706231454005935 0.11166666666666666 0.26409495548961426
0 0.635 0.2893175074183976 0.09666666666666666 0.24925816023738873
0 0.5325 0.2922848664688427 0.09666666666666666 0.2433234421364985