0 0.20433234421364985 0.020633333333333337 0.12074183976261127 0.04125
0 0.1824925816023739 0.21833333333333332 0.10682492581602374 0.09333333333333334
0 0.2878338278931751 0.225 0.09198813056379822 0.085
0 0.07566765578635015 0.22666666666666666 0.10089020771513353 0.08166666666666667
0 0.3589910979228487 0.23456666666666667 0.053442136498516334 0.06989999999999999
0 0.4732937685459941 0.23666666666666666 0.09198813056379822 0.08333333333333333
0 0.5637982195845698 0.24166666666666667 0.0830860534124629 0.07833333333333334
0 0.6439169139465876 0.245 0.07418397626112759 0.075
0 0.7240356083086054 0.25 0.0771513353115727 0.07166666666666667
0 0.8874480712166172 0.26515 0.07338278931750747 0.07696666666666668
0 0.9584569732937686 0.27 0.0771513353115727 0.08
0 0.3056379821958457 0.028333333333333332 0.08902077151335312 0.05333333333333334
0 0.0771513353115727 0.30916666666666665 0.10385756676557864 0.08166666666666667
0 0.1824925816023739 0.30916666666666665 0.10089020771513353 0.085
0 0.3887240356083086 0.31083333333333335 0.09198813056379822 0.08166666666666667
0 0.28635014836795253 0.31083333333333335 0.10089020771513353 0.08333333333333333
0 0.47774480712166173 0.3175 0.0771513353115727 0.075
0 0.5608308605341247 0.32 0.0830860534124629 0.075
0 0.6439169139465876 0.32166666666666666 0.07418397626112759 0.075
0 0.7225519287833828 0.3233333333333333 0.0771513353115727 0.07
0 0.4035608308605341 0.03333333333333333 0.09792284866468842 0.058333333333333334
0 0.8926409495548961 0.33621666666666666 0.06893175074183981 0.06491666666666665
0 0.9619881305637982 0.3383 0.06667655786350156 0.06074999999999998
0 0.8492284866468842 0.3416333333333333 0.04890207715133536 0.08409999999999997
0 0.4970326409495549 0.03916666666666667 0.08605341246290801 0.075
0 0.1824925816023739 0.3975 0.0771513353115727 0.065
0 0.9430563798219584 0.41895 0.0807715133531158 0.0662166666666667
0 0.8859643916913946 0.41978333333333334 0.07041543026706237 0.0612166666666667
0 0.7418397626112759 0.43166666666666664 0.07418397626112759 0.06833333333333333
0 0.6617210682492581 0.4325 0.0771513353115727 0.07333333333333333
0 0.5771513353115727 0.43333333333333335 0.0830860534124629 0.07166666666666667
0 0.4035608308605341 0.435 0.08902077151335312 0.07833333333333334
0 0.4910979228486647 0.435 0.0830860534124629 0.075
0 0.2818991097922849 0.46 0.10385756676557864 0.06
0 0.1913946587537092 0.4633333333333333 0.08011869436201781 0.06
0 0.586053412462908 0.0475 0.08605341246290801 0.07833333333333334
0 0.8805637982195845 0.49105 0.054688427299703114 0.06451666666666672
0 0.9379821958456974 0.4918666666666667 0.06727002967359039 0.0661166666666666
0 0.7403560830860534 0.5008333333333334 0.07418397626112759 0.06666666666666667
0 0.6632047477744807 0.5025 0.0771513353115727 0.06666666666666667
0 0.5786350148367952 0.505 0.08902077151335312 0.07
0 0.4940652818991098 0.5083333333333333 0.0830860534124629 0.07
0 0.4050445103857567 0.5108333333333334 0.09495548961424333 0.075
0 0.3486646884272997 0.5216666666666666 0.07418397626112759 0.06666666666666667
0 0.27002967359050445 0.525 0.0771513353115727 0.06333333333333334
0 0.19584569732937684 0.5258333333333334 0.07418397626112759 0.06333333333333334
0 0.6706231454005934 0.055 0.07418397626112759 0.07333333333333333
0 0.969139465875371 0.57845 0.05824925816023738 0.04693333333333328
0 0.910860534124629 0.5856 0.05112759643916919 0.05186666666666667
0 0.7373887240356083 0.6091666666666666 0.0830860534124629 0.06833333333333333
0 0.658753709198813 0.6125 0.06824925816023739 0.06833333333333333
0 0.586053412462908 0.6175 0.0771513353115727 0.075
0 0.49554896142433236 0.6216666666666667 0.09198813056379822 0.07166666666666667
0 0.9680712166172107 0.6223500000000001 0.0584866468842731 0.042533333333333305
0 0.4035608308605341 0.6266666666666667 0.09198813056379822 0.075
0 0.3115727002967359 0.6283333333333333 0.09495548961424333 0.07833333333333334
0 0.9087240356083086 0.6288333333333334 0.051602373887240316 0.04348333333333339
0 0.863293768545994 0.6299166666666667 0.06065281899109808 0.04561666666666667
0 0.7477744807121661 0.06333333333333334 0.0771513353115727 0.07166666666666667
0 0.9641543026706232 0.6633166666666667 0.0529970326409496 0.04296666666666662
0 0.8295845697329377 0.06738333333333334 0.07635014836795258 0.0856
0 0.9113649851632047 0.6684666666666667 0.05207715133531144 0.03588333333333329
0 0.8604451038575669 0.6736166666666666 0.05495548961424327 0.044849999999999945
0 0.7359050445103857 0.6766666666666666 0.08011869436201781 0.06333333333333334
0 0.658753709198813 0.6791666666666667 0.06528189910979229 0.06
0 0.5830860534124629 0.6891666666666667 0.0771513353115727 0.06
0 0.49851632047477745 0.6941666666666667 0.08605341246290801 0.06833333333333333
0 0.40801186943620177 0.7008333333333333 0.09495548961424333 0.07166666666666667
0 0.31750741839762614 0.7066666666666667 0.08011869436201781 0.07166666666666667
0 0.9551038575667656 0.7403666666666667 0.07299703264094962 0.07546666666666663
0 0.08902077151335312 0.07583333333333334 0.12462908011869436 0.08666666666666667
0 0.7299703264094956 0.7875 0.0830860534124629 0.07
0 0.6468842729970327 0.7958333333333333 0.0830860534124629 0.06333333333333334
0 0.5682492581602374 0.8008333333333333 0.06824925816023739 0.06
0 0.5014836795252225 0.8166666666666667 0.0771513353115727 0.065
0 0.4124629080118694 0.8216666666666667 0.09792284866468842 0.07333333333333333
0 0.2997032640949555 0.8358333333333333 0.11572700296735905 0.075
0 0.20474777448071216 0.085 0.10385756676557864 0.09
0 0.9747774480712166 0.08666666666666667 0.04451038575667656 0.09333333333333334
0 0.17655786350148367 0.8583333333333333 0.11869436201780416 0.08666666666666667
0 0.6483679525222552 0.8591666666666666 0.0771513353115727 0.06333333333333334
0 0.9215430267062314 0.08821666666666667 0.08225519287833837 0.07728333333333332
0 0.5771513353115727 0.8675 0.0712166172106825 0.075
0 0.5014836795252225 0.8841666666666667 0.0771513353115727 0.075
0 0.413946587537092 0.9016666666666666 0.09495548961424333 0.085
0 0.30118694362017806 0.92 0.11869436201780416 0.08666666666666667
0 0.17655786350148367 0.9341666666666667 0.12166172106824925 0.06333333333333334
0 0.05637982195845697 0.9375 0.10682492581602374 0.04666666666666667
0 0.30712166172106825 0.095 0.09198813056379822 0.07833333333333334
0 0.4035608308605341 0.10416666666666667 0.09495548961424333 0.08166666666666667
0 0.49554896142433236 0.11583333333333333 0.08605341246290801 0.075
0 0.5830860534124629 0.12416666666666666 0.08011869436201781 0.07166666666666667
0 0.6646884272997032 0.12833333333333333 0.0771513353115727 0.07166666666666667
0 0.761513353115727 0.014933333333333335 0.10590504451038583 0.02986666666666667
0 0.7477744807121661 0.13583333333333333 0.07418397626112759 0.07166666666666667
0 0.826973293768546 0.14991666666666667 0.09341246290801192 0.08398333333333335
0 0.07305637982195845 0.015416666666666667 0.13106824925816024 0.030833333333333334
0 0.9186053412462908 0.16261666666666666 0.07632047477744815 0.08858333333333335
0 0.9747774480712166 0.16583333333333333 0.04451038575667656 0.075