0 0.16142433234421363 0.18289999999999998 0.0935905044510386 0.07913333333333332
0 0.3427299703264095 0.195 0.0830860534124629 0.06833333333333333
0 0.5118694362017804 0.19833333333333333 0.0771513353115727 0.06666666666666667
0 0.2522255192878338 0.19833333333333333 0.08902077151335312 0.05333333333333334
0 0.5979228486646885 0.19916666666666666 0.0712166172106825 0.05333333333333334
0 0.43026706231454004 0.20166666666666666 0.0771513353115727 0.06666666666666667
0 0.744807121661721 0.20333333333333334 0.06528189910979229 0.041666666666666664
0 0.8249258160237388 0.20666666666666667 0.0771513353115727 0.041666666666666664
0 0.17759643916913948 0.27540000000000003 0.07664688427299703 0.05350000000000004
0 0.25667655786350146 0.2791666666666667 0.0771513353115727 0.051666666666666666
0 0.34421364985163205 0.28 0.08605341246290801 0.056666666666666664
0 0.4287833827893175 0.28 0.07418397626112759 0.06
0 0.5148367952522255 0.2816666666666667 0.08011869436201781 0.06
0 0.5934718100890207 0.2825 0.06824925816023739 0.058333333333333334
0 0.27299703264094954 0.3408333333333333 0.0771513353115727 0.05333333333333334
0 0.34718100890207715 0.3441666666666667 0.06231454005934718 0.05333333333333334
0 0.41543026706231456 0.345 0.06231454005934718 0.055
0 0.47774480712166173 0.3466666666666667 0.06231454005934718 0.056666666666666664
0 0.5459940652818991 0.36583333333333334 0.06824925816023739 0.07
0 0.7626112759643917 0.37083333333333335 0.04747774480712166 0.058333333333333334
0 0.8234421364985163 0.37166666666666665 0.06231454005934718 0.058333333333333334
0 0.6083086053412463 0.3725 0.06231454005934718 0.058333333333333334
0 0.21299703264094955 0.3942333333333333 0.06302670623145401 0.056683333333333315
0 0.3456973293768546 0.3958333333333333 0.06528189910979229 0.051666666666666666
0 0.413946587537092 0.39666666666666667 0.05637982195845697 0.04666666666666667
0 0.4762611275964392 0.39666666666666667 0.06231454005934718 0.043333333333333335
0 0.2774480712166172 0.39666666666666667 0.06231454005934718 0.051666666666666666
0 0.6869436201780416 0.43333333333333335 0.04747774480712166 0.06166666666666667
0 0.8219584569732937 0.43333333333333335 0.06231454005934718 0.06333333333333334
0 0.5400593471810089 0.43416666666666665 0.06231454005934718 0.065
0 0.7596439169139466 0.435 0.05637982195845697 0.06166666666666667
0 0.6053412462908012 0.43583333333333335 0.06824925816023739 0.065
0 0.47477744807121663 0.44416666666666665 0.05934718100890208 0.051666666666666666
0 0.2800890207715134 0.4479666666666666 0.07305637982195846 0.05068333333333333
0 0.41543026706231456 0.4483333333333333 0.05637982195845697 0.051666666666666666
0 0.21810089020771514 0.4483333333333333 0.050445103857566766 0.05
0 0.3486646884272997 0.44916666666666666 0.06231454005934718 0.051666666666666666
0 0.8175074183976261 0.5241666666666667 0.07418397626112759 0.056666666666666664
0 0.5118694362017804 0.5258333333333334 0.050445103857566766 0.055
0 0.7477744807121661 0.53 0.06824925816023739 0.058333333333333334
0 0.6038575667655787 0.5316666666666666 0.06231454005934718 0.06333333333333334
0 0.45252225519287836 0.535 0.0712166172106825 0.056666666666666664
0 0.3694362017804154 0.5383333333333333 0.0830860534124629 0.06166666666666667
0 0.2893175074183976 0.54 0.0771513353115727 0.06166666666666667
0 0.21810089020771514 0.5458333333333333 0.05934718100890208 0.065
0 0.8175074183976261 0.5816666666666667 0.06528189910979229 0.058333333333333334
0 0.7492581602373887 0.5866666666666667 0.06231454005934718 0.05333333333333334
0 0.5296735905044511 0.59 0.0771513353115727 0.06333333333333334
0 0.6824925816023739 0.59 0.04747774480712166 0.06
0 0.6038575667655787 0.5916666666666667 0.06231454005934718 0.06
0 0.45103857566765576 0.595 0.07418397626112759 0.06166666666666667
0 0.37091988130563797 0.6 0.08902077151335312 0.056666666666666664
0 0.2878338278931751 0.6016666666666667 0.0771513353115727 0.06
0 0.2195845697329377 0.6125 0.05934718100890208 0.056666666666666664
0 0.7433234421364985 0.6775 0.06231454005934718 0.06
0 0.8026706231454006 0.6775 0.05341246290801187 0.06333333333333334
0 0.43471810089020774 0.6991666666666667 0.08902077151335312 0.06333333333333334
0 0.3353115727002967 0.7075 0.10089020771513353 0.06833333333333333
0 0.2403560830860534 0.7083333333333334 0.08011869436201781 0.07166666666666667
0 0.8100890207715133 0.7358333333333333 0.0712166172106825 0.056666666666666664
0 0.7403560830860534 0.7366666666666667 0.06528189910979229 0.056666666666666664
0 0.6008902077151336 0.7483333333333333 0.050445103857566766 0.058333333333333334
0 0.5296735905044511 0.7575 0.08902077151335312 0.07
0 0.4317507418397626 0.7658333333333334 0.09198813056379822 0.06833333333333333
0 0.33382789317507416 0.775 0.09495548961424333 0.07