0 0.798219584569733 0.0175 0.08902077151335312 0.035
0 0.4287833827893175 0.16833333333333333 0.10089020771513353 0.095
0 0.5222551928783383 0.17666666666666667 0.0830860534124629 0.09333333333333334
0 0.6097922848664689 0.18166666666666667 0.08902077151335312 0.09
0 0.7002967359050445 0.19083333333333333 0.08605341246290801 0.085
0 0.862166172106825 0.19155 0.05154302670623147 0.07828333333333336
0 0.928486646884273 0.19521666666666665 0.07335311572700305 0.07316666666666666
0 0.9762611275964391 0.2 0.04154302670623145 0.06333333333333334
0 0.21172106824925815 0.0208 0.11270029673590501 0.0416
0 0.8730563798219585 0.023583333333333335 0.07332344213649862 0.04716666666666667
0 0.944540059347181 0.023583333333333335 0.06106824925816036 0.04716666666666667
0 0.2032640949554896 0.2525 0.12462908011869436 0.09833333333333333
0 0.3219584569732938 0.2575 0.10682492581602374 0.09333333333333334
0 0.4258160237388724 0.26 0.09495548961424333 0.09
0 0.516320474777448 0.26416666666666666 0.09198813056379822 0.085
0 0.9777448071216617 0.2683333333333333 0.03857566765578635 0.06666666666666667
0 0.6097922848664689 0.2683333333333333 0.09495548961424333 0.08
0 0.9261127596439169 0.2711 0.07810089020771528 0.07713333333333339
0 0.7002967359050445 0.27166666666666667 0.08011869436201781 0.075
0 0.8534421364985164 0.2751 0.053115727002967295 0.07801666666666666
0 0.32062314540059345 0.03136666666666667 0.09293768545994063 0.06273333333333334
0 0.4287833827893175 0.03333333333333333 0.09792284866468842 0.06666666666666667
0 0.16765578635014836 0.35583333333333333 0.08605341246290801 0.06833333333333333
0 0.5326409495548962 0.0397 0.09495548961424333 0.0794
0 0.5370919881305638 0.3925 0.09198813056379822 0.08
0 0.7047477744807121 0.3933333333333333 0.08605341246290801 0.07666666666666666
0 0.6231454005934718 0.39416666666666667 0.0771513353115727 0.07833333333333334
0 0.4406528189910979 0.3958333333333333 0.09792284866468842 0.08833333333333333
0 0.33827893175074186 0.3983333333333333 0.10979228486646884 0.09
0 0.9367952522255193 0.40508333333333335 0.06210682492581587 0.06625
0 0.983679525222552 0.405 0.026706231454005934 0.06666666666666667
0 0.8688724035608308 0.4064166666666666 0.06489614243323444 0.0689333333333333
0 0.8112462908011869 0.40675 0.04074183976261133 0.07181666666666672
0 0.26409495548961426 0.4266666666666667 0.08902077151335312 0.07333333333333333
0 0.17359050445103857 0.42916666666666664 0.09198813056379822 0.07833333333333334
0 0.6275964391691394 0.045 0.0830860534124629 0.09
0 0.9807121661721068 0.4633333333333333 0.032640949554896145 0.05
0 0.8138278931750742 0.4690833333333333 0.041928783382789304 0.056333333333333256
0 0.931454005934718 0.4690833333333333 0.06329376854599418 0.056333333333333256
0 0.7062314540059347 0.4708333333333333 0.0830860534124629 0.07833333333333334
0 0.6201780415430267 0.4716666666666667 0.08605341246290801 0.075
0 0.8681008902077152 0.47176666666666667 0.06329376854599418 0.06168333333333332
0 0.5356083086053413 0.47583333333333333 0.08902077151335312 0.08
0 0.44510385756676557 0.48 0.08902077151335312 0.08
0 0.3560830860534125 0.4866666666666667 0.0830860534124629 0.085
0 0.26706231454005935 0.49916666666666665 0.09495548961424333 0.07
0 0.17804154302670624 0.5033333333333333 0.09198813056379822 0.06833333333333333
0 0.7106824925816023 0.051666666666666666 0.0771513353115727 0.08666666666666667
0 0.9756379821958457 0.5735666666666667 0.04869436201780406 0.07174999999999992
0 0.914213649851632 0.5798 0.07240356083086047 0.07531666666666675
0 0.8425519287833828 0.5838 0.06370919881305646 0.07443333333333328
0 0.7647181008902076 0.5884833333333332 0.07047477744807122 0.07043333333333332
0 0.6810089020771514 0.5891666666666666 0.08605341246290801 0.07666666666666666
0 0.6023738872403561 0.5925 0.08011869436201781 0.07666666666666666
0 0.5148367952522255 0.6041666666666666 0.09198813056379822 0.07666666666666666
0 0.4169139465875371 0.6091666666666666 0.09495548961424333 0.08
0 0.31750741839762614 0.6175 0.10385756676557864 0.08
0 0.21068249258160238 0.6233333333333333 0.11275964391691394 0.08666666666666667
0 0.9718100890207715 0.635 0.050445103857566766 0.05333333333333334
0 0.10534124629080119 0.6375 0.10089020771513353 0.075
0 0.9229376854599406 0.6412166666666667 0.05813056379821968 0.046866666666666675
0 0.8453115727002968 0.64855 0.07718100890207713 0.057116666666666635
0 0.7661127596439169 0.6566833333333333 0.07721068249258155 0.062233333333333384
0 0.6780415430267063 0.66 0.0771513353115727 0.065
0 0.599406528189911 0.6658333333333334 0.0771513353115727 0.07
0 0.7922551928783383 0.06771666666666668 0.09231454005934722 0.06568333333333333
0 0.5178041543026706 0.6791666666666667 0.09198813056379822 0.075
0 0.4198813056379822 0.6866666666666666 0.09495548961424333 0.075
0 0.3219584569732938 0.6975 0.10385756676557864 0.07833333333333334
0 0.22551928783382788 0.71 0.08902077151335312 0.085
0 0.1201780415430267 0.7225 0.11572700296735905 0.09833333333333333
0 0.9587833827893175 0.7372166666666666 0.062492581602373726 0.0676000000000001
0 0.8839169139465876 0.7434499999999999 0.09498516320474774 0.07116666666666674
0 0.8417507418397626 0.7619166666666666 0.06213649851632064 0.059166666666666666
0 0.5489614243323442 0.8083333333333333 0.08605341246290801 0.07833333333333334
0 0.4465875370919881 0.8225 0.10682492581602374 0.08166666666666667
0 0.3323442136498516 0.8408333333333333 0.11572700296735905 0.08166666666666667
0 0.6928783382789317 0.845 0.0712166172106825 0.06833333333333333
0 0.09495548961424333 0.8558333333333333 0.0771513353115727 0.06
0 0.6261127596439169 0.8591666666666666 0.06528189910979229 0.07166666666666667
0 0.2032640949554896 0.86 0.1394658753709199 0.09833333333333333
0 0.5504451038575667 0.8816666666666667 0.08902077151335312 0.06666666666666667
0 0.8704747774480713 0.09051666666666668 0.0745103857566766 0.08458333333333333
0 0.9417507418397626 0.09051666666666668 0.07454005934718103 0.09348333333333333
0 0.44807121661721067 0.9033333333333333 0.10682492581602374 0.07333333333333333
0 0.3353115727002967 0.925 0.11869436201780416 0.08166666666666667
0 0.2195845697329377 0.9441666666666667 0.10682492581602374 0.07
0 0.5890207715133531 0.9591666666666666 0.11572700296735905 0.07833333333333334
0 0.08519287833827893 0.014683333333333335 0.1320771513353116 0.02936666666666667
0 0.06083086053412463 0.13833333333333334 0.11869436201780416 0.11666666666666667
0 0.20178041543026706 0.15166666666666667 0.12462908011869436 0.10333333333333333
0 0.3219584569732938 0.15833333333333333 0.10682492581602374 0.1