0 0.973293768545994 0.16666666666666666 0.04747774480712166 0.09333333333333334
0 0.6483679525222552 0.24416666666666667 0.10385756676557864 0.12333333333333334
0 0.8722255192878339 0.2487 0.10973293768546 0.13323333333333334
0 0.5252225519287834 0.24916666666666668 0.13353115727002968 0.115
0 0.3827893175074184 0.25 0.13649851632047477 0.11833333333333333
0 0.23590504451038577 0.25083333333333335 0.1513353115727003 0.12
0 0.08456973293768547 0.2525 0.142433234421365 0.11666666666666667
0 0.9673590504451038 0.25333333333333335 0.05934718100890208 0.08666666666666667
0 0.10385756676557864 0.4325 0.1394658753709199 0.11666666666666667
0 0.2507418397626113 0.43416666666666665 0.13056379821958458 0.11833333333333333
0 0.4035608308605341 0.435 0.14836795252225518 0.11833333333333333
0 0.5474777448071216 0.44166666666666665 0.13649851632047477 0.12166666666666667
0 0.6617210682492581 0.44333333333333336 0.0712166172106825 0.12333333333333334
0 0.8878931750741841 0.4660833333333333 0.15192878338278945 0.12338333333333329
0 0.8833531157270029 0.04925000000000001 0.11715133531157275 0.08851666666666666
0 0.10682492581602374 0.5466666666666666 0.13056379821958458 0.10666666666666667
0 0.24777448071216618 0.5475 0.1394658753709199 0.10833333333333334
0 0.39465875370919884 0.55 0.142433234421365 0.11166666666666666
0 0.5370919881305638 0.5591666666666667 0.12759643916913946 0.11
0 0.6439169139465876 0.5625 0.0771513353115727 0.11
0 0.8729673590504451 0.5825333333333333 0.15569732937685468 0.10924999999999993
0 0.08433234421364985 0.6985333333333333 0.1396439169139466 0.12511666666666657
0 0.20919881305637983 0.7175 0.11572700296735905 0.115
0 0.3427299703264095 0.7275 0.14540059347181009 0.11666666666666667
0 0.49258160237388726 0.735 0.13353115727002968 0.11166666666666666
0 0.6186943620178041 0.7475 0.09792284866468842 0.11833333333333333
0 0.9436201780415431 0.775 0.10682492581602374 0.13
0 0.8162314540059347 0.78115 0.10899109792284872 0.10226666666666669
0 0.07863501483679525 0.8141666666666667 0.12759643916913946 0.10166666666666667
0 0.20474777448071216 0.8275 0.12462908011869436 0.10166666666666667
0 0.3427299703264095 0.84 0.1513353115727003 0.10833333333333334
0 0.48516320474777447 0.8491666666666666 0.12759643916913946 0.11833333333333333
0 0.6053412462908012 0.8708333333333333 0.08902077151335312 0.12333333333333334
0 0.7928783382789317 0.8886666666666667 0.11421364985163207 0.11735000000000004
0 0.93026706231454 0.8975 0.13353115727002968 0.12166666666666667
0 0.04896142433234421 0.9408333333333333 0.09792284866468842 0.115
0 0.1913946587537092 0.9533333333333334 0.1513353115727003 0.09
0 0.6632047477744807 0.11166666666666666 0.10682492581602374 0.135
0 0.23293768545994065 0.12 0.14540059347181009 0.14
0 0.5252225519287834 0.12083333333333333 0.12759643916913946 0.13666666666666666
0 0.3857566765578635 0.12416666666666666 0.13649851632047477 0.13
0 0.09198813056379822 0.125 0.12759643916913946 0.12833333333333333
0 0.8800296735905044 0.13344999999999999 0.11789317507418404 0.09023333333333332