0 0.0575 0.2966666666666667 0.06166666666666667 0.1622222222222222
0 0.12666666666666668 0.3288888888888889 0.07 0.15555555555555556
0 0.19485 0.3731111111111111 0.05223333333333331 0.1143111111111111
0 0.2425 0.4177777777777778 0.045 0.13777777777777778
0 0.395 0.4388888888888889 0.07 0.14
0 0.31916666666666665 0.44555555555555554 0.06833333333333333 0.1288888888888889
0 0.45416666666666666 0.4533333333333333 0.045 0.1288888888888889
0 0.0525 0.4666666666666667 0.07666666666666666 0.1688888888888889
0 0.49916666666666665 0.4711111111111111 0.041666666666666664 0.1288888888888889
0 0.54 0.4822222222222222 0.041666666666666664 0.13555555555555557
0 0.13 0.49 0.075 0.16444444444444445
0 0.5833333333333334 0.49777777777777776 0.03833333333333333 0.12
0 0.6191666666666666 0.5033333333333333 0.03166666666666667 0.10666666666666667
0 0.19666666666666666 0.5066666666666667 0.055 0.15333333333333332
0 0.24583333333333332 0.5422222222222223 0.041666666666666664 0.11777777777777777
0 0.6475 0.5455555555555556 0.023333333333333334 0.08888888888888889
0 0.7483333333333333 0.5477777777777778 0.056666666666666664 0.12
0 0.67 0.5533333333333333 0.03 0.09333333333333334
0 0.7833333333333333 0.5622222222222222 0.015 0.10888888888888888
0 0.39916666666666667 0.5688888888888889 0.06833333333333333 0.12444444444444444
0 0.8116666666666666 0.5688888888888889 0.03333333333333333 0.10222222222222223
0 0.31583333333333335 0.5844444444444444 0.065 0.14444444444444443
0 0.4558333333333333 0.5855555555555556 0.043333333333333335 0.1288888888888889
0 0.84 0.5855555555555556 0.021666666666666667 0.08666666666666667
0 0.86 0.59 0.021666666666666667 0.07555555555555556
0 0.5025 0.5922222222222222 0.045 0.1111111111111111
0 0.5458333333333333 0.6033333333333334 0.04 0.10888888888888888
0 0.9133333333333333 0.6066666666666667 0.04833333333333333 0.09333333333333334
0 0.585 0.6155555555555555 0.03833333333333333 0.11777777777777777
0 0.62 0.62 0.03166666666666667 0.12
0 0.6466666666666666 0.6377777777777778 0.028333333333333332 0.09777777777777778
0 0.675 0.6433333333333333 0.023333333333333334 0.08666666666666667
0 0.049166666666666664 0.6477777777777778 0.07666666666666666 0.18666666666666668
0 0.7516666666666667 0.6522222222222223 0.051666666666666666 0.10222222222222223
0 0.7025 0.6588888888888889 0.02666666666666667 0.1
0 0.12416666666666666 0.6588888888888889 0.07 0.16666666666666666
0 0.7883333333333333 0.6633333333333333 0.013333333333333334 0.09333333333333334
0 0.8158333333333333 0.6666666666666666 0.03166666666666667 0.09333333333333334
0 0.19166666666666668 0.6677777777777778 0.06166666666666667 0.1688888888888889
0 0.865 0.6722222222222223 0.02 0.08
0 0.8441666666666666 0.6744444444444444 0.025 0.08666666666666667
0 0.255 0.68 0.058333333333333334 0.1622222222222222
0 0.30833333333333335 0.6911111111111111 0.04666666666666667 0.14
0 0.8975 0.6933333333333334 0.045 0.09333333333333334
0 0.9325 0.6988888888888889 0.021666666666666667 0.08666666666666667
0 0.955 0.6988888888888889 0.025 0.08444444444444445
0 0.39916666666666667 0.7044444444444444 0.07 0.14444444444444443
0 0.4583333333333333 0.7155555555555555 0.045 0.12666666666666668
0 0.5025 0.7166666666666667 0.04833333333333333 0.13111111111111112
0 0.5466666666666666 0.7211111111111111 0.041666666666666664 0.1288888888888889
0 0.5875 0.7333333333333333 0.03833333333333333 0.11333333333333333
0 0.625 0.7388888888888889 0.04 0.11333333333333333
0 0.6641666666666667 0.7433333333333333 0.03 0.1111111111111111
0 0.7041666666666667 0.7466666666666667 0.023333333333333334 0.09333333333333334
0 0.7883333333333333 0.7477777777777778 0.016666666666666666 0.08444444444444445
0 0.7516666666666667 0.7488888888888889 0.056666666666666664 0.08666666666666667
0 0.8666666666666667 0.7488888888888889 0.023333333333333334 0.07333333333333333
0 0.845 0.7511111111111111 0.028333333333333332 0.06666666666666667
0 0.8175 0.7522222222222222 0.03 0.06666666666666667
0 0.9091666666666667 0.7833333333333333 0.03 0.08666666666666667
0 0.9391666666666667 0.7855555555555556 0.021666666666666667 0.08222222222222222
0 0.9625 0.7855555555555556 0.021666666666666667 0.08222222222222222