0 0.21222222222222223 0.25833333333333336 0.10222222222222223 0.11166666666666666
0 0.31777777777777777 0.25916666666666666 0.10666666666666667 0.10666666666666667
0 0.42444444444444446 0.265 0.10444444444444445 0.10833333333333334
0 0.5288888888888889 0.26916666666666667 0.09111111111111111 0.11333333333333333
0 0.6311111111111111 0.2708333333333333 0.09777777777777778 0.10833333333333334
0 0.3244444444444444 0.39 0.10222222222222223 0.10333333333333333
0 0.21888888888888888 0.39 0.10666666666666667 0.10166666666666667
0 0.42333333333333334 0.3958333333333333 0.09555555555555556 0.1
0 0.5211111111111111 0.3975 0.09555555555555556 0.10166666666666667
0 0.6122222222222222 0.3983333333333333 0.08666666666666667 0.1
0 0.2222222222222222 0.4925 0.09777777777777778 0.09833333333333333
0 0.3211111111111111 0.49333333333333335 0.09777777777777778 0.09833333333333333
0 0.42444444444444446 0.49333333333333335 0.08888888888888889 0.09166666666666666
0 0.5177777777777778 0.495 0.09777777777777778 0.09333333333333334
0 0.6133333333333333 0.49583333333333335 0.08222222222222222 0.09166666666666666
0 0.6044444444444445 0.6158333333333333 0.09111111111111111 0.08333333333333333
0 0.5133333333333333 0.6175 0.08222222222222222 0.085
0 0.24 0.6216666666666667 0.08888888888888889 0.09833333333333333
0 0.33111111111111113 0.6233333333333333 0.08444444444444445 0.09666666666666666
0 0.42444444444444446 0.6233333333333333 0.08666666666666667 0.09333333333333334
0 0.5988888888888889 0.705 0.08 0.09166666666666666
0 0.5088888888888888 0.7058333333333333 0.07777777777777778 0.09
0 0.4255555555555556 0.7133333333333334 0.08222222222222222 0.08666666666666667
0 0.24222222222222223 0.7141666666666666 0.08888888888888889 0.08
0 0.32666666666666666 0.7141666666666666 0.09111111111111111 0.085
0 0.6079777777777777 0.8285333333333333 0.062377777777777886 0.07415000000000002
0 0.4311111111111111 0.8316666666666667 0.08 0.085
0 0.3422222222222222 0.8341666666666666 0.08666666666666667 0.08333333333333333
0 0.2511111111111111 0.8391666666666666 0.08444444444444445 0.09
0 0.3388888888888889 0.9183333333333333 0.08888888888888889 0.08333333333333333
0 0.2511111111111111 0.9216666666666666 0.08222222222222222 0.07833333333333334
0 0.20333333333333334 0.13583333333333333 0.11555555555555555 0.13333333333333333
0 0.32 0.13833333333333334 0.1111111111111111 0.13333333333333333
0 0.4288888888888889 0.14666666666666667 0.10222222222222223 0.12333333333333334
0 0.5333333333333333 0.15166666666666667 0.09777777777777778 0.12166666666666667
0 0.6411111111111111 0.15916666666666668 0.09777777777777778 0.11833333333333333