0 0.9244444444444444 0.16666666666666666 0.09555555555555556 0.07833333333333334
0 0.8066666666666666 0.17916666666666667 0.1288888888888889 0.085
0 0.6655555555555556 0.19333333333333333 0.14888888888888888 0.08666666666666667
0 0.5166666666666667 0.20583333333333334 0.15555555555555556 0.08333333333333333
0 0.05555555555555555 0.20666666666666667 0.042222222222222223 0.08166666666666667
0 0.12666666666666668 0.21166666666666667 0.10222222222222223 0.08666666666666667
0 0.23777777777777778 0.21416666666666667 0.13333333333333333 0.09166666666666666
0 0.3688888888888889 0.215 0.14888888888888888 0.08666666666666667
0 0.9477777777777778 0.38666666666666666 0.07333333333333333 0.12166666666666667
0 0.84 0.4141666666666667 0.13777777777777778 0.11833333333333333
0 0.15333333333333332 0.42 0.14444444444444443 0.09666666666666666
0 0.6955555555555556 0.4483333333333333 0.14222222222222222 0.1
0 0.53 0.465 0.1511111111111111 0.11333333333333333
0 0.3688888888888889 0.4675 0.16444444444444445 0.11833333333333333
0 0.9388888888888889 0.5091666666666667 0.06888888888888889 0.11666666666666667
0 0.15 0.5333333333333333 0.08 0.10833333333333334
0 0.8377777777777777 0.5391666666666667 0.13111111111111112 0.12833333333333333
0 0.24444444444444444 0.5641666666666667 0.14666666666666667 0.13666666666666666
0 0.6944444444444444 0.565 0.14 0.13
0 0.5377777777777778 0.5866666666666667 0.14444444444444443 0.12833333333333333
0 0.38555555555555554 0.5933333333333334 0.15333333333333332 0.13
0 0.93 0.6158333333333333 0.06444444444444444 0.09833333333333333
0 0.9255555555555556 0.06333333333333334 0.1 0.12333333333333334
0 0.17888888888888888 0.6416666666666667 0.07333333333333333 0.105
0 0.8457111111111111 0.6616833333333333 0.08173333333333327 0.1203000000000001
0 0.8066666666666666 0.06916666666666667 0.1288888888888889 0.135
0 0.27555555555555555 0.6891666666666667 0.13333333333333333 0.11666666666666667
0 0.6955555555555556 0.6891666666666667 0.13333333333333333 0.11333333333333333
0 0.5477777777777778 0.7125 0.13111111111111112 0.12
0 0.4088888888888889 0.72 0.14222222222222222 0.12
0 0.6644444444444444 0.0775 0.14 0.15
0 0.9043111111111111 0.79665 0.0878888888888888 0.10333333333333333
0 0.5077777777777778 0.0825 0.15777777777777777 0.15666666666666668
0 0.2922222222222222 0.8183333333333334 0.06222222222222222 0.07
0 0.7466666666666667 0.8208333333333333 0.1 0.07
0 0.23555555555555555 0.8316666666666667 0.04666666666666667 0.08333333333333333
0 0.8277777777777777 0.835 0.06 0.09
0 0.38 0.8466666666666667 0.11555555555555555 0.09333333333333334
0 0.20444444444444446 0.085 0.1622222222222222 0.165
0 0.3511111111111111 0.08583333333333333 0.15555555555555556 0.16666666666666666
0 0.6388888888888888 0.8541666666666666 0.12 0.09166666666666666
0 0.5077777777777778 0.8658333333333333 0.1288888888888889 0.09833333333333333
0 0.03222222222222222 0.08833333333333333 0.06444444444444444 0.13833333333333334
0 0.09555555555555556 0.08833333333333333 0.12 0.15666666666666668
0 0.29555555555555557 0.8925 0.07333333333333333 0.085
0 0.7488888888888889 0.9008333333333334 0.09333333333333334 0.09
0 0.25555555555555554 0.91 0.044444444444444446 0.07166666666666667
0 0.8255555555555556 0.9175 0.05333333333333334 0.08166666666666667
0 0.3977777777777778 0.94 0.11555555555555555 0.09333333333333334
0 0.6455555555555555 0.9475 0.11777777777777777 0.09
0 0.5177777777777778 0.9575 0.12444444444444444 0.08333333333333333
0 0.31777777777777777 0.9666666666666667 0.06666666666666667 0.06166666666666667
0 0.7522222222222222 0.9716666666666667 0.08888888888888889 0.055