0 0.5288888888888889 0.16916666666666666 0.057777777777777775 0.07666666666666666
0 0.31333333333333335 0.18166666666666667 0.044444444444444446 0.06166666666666667
0 0.27444444444444444 0.19583333333333333 0.04 0.056666666666666664
0 0.4411111111111111 0.19916666666666666 0.035555555555555556 0.07166666666666667
0 0.3988888888888889 0.21166666666666667 0.04888888888888889 0.07166666666666667
0 0.2388888888888889 0.215 0.04 0.05333333333333334
0 0.35777777777777775 0.22666666666666666 0.044444444444444446 0.065
0 0.18666666666666668 0.23 0.022222222222222223 0.051666666666666666
0 0.9544444444444444 0.23666666666666666 0.08666666666666667 0.09666666666666666
0 0.1622222222222222 0.24166666666666667 0.028888888888888888 0.04666666666666667
0 0.31666666666666665 0.24333333333333335 0.04 0.06166666666666667
0 0.7388888888888889 0.025833333333333333 0.08 0.05
0 0.13555555555555557 0.25583333333333336 0.028888888888888888 0.05
0 0.2788888888888889 0.25666666666666665 0.03333333333333333 0.06166666666666667
0 0.8244444444444444 0.2608333333333333 0.07111111111111111 0.10166666666666667
0 0.10888888888888888 0.265 0.028888888888888888 0.05
0 0.24222222222222223 0.2708333333333333 0.03111111111111111 0.056666666666666664
0 0.07888888888888888 0.275 0.03111111111111111 0.043333333333333335
0 0.7522222222222222 0.2791666666666667 0.08444444444444445 0.095
0 0.19333333333333333 0.2841666666666667 0.022222222222222223 0.055
0 0.16555555555555557 0.2916666666666667 0.024444444444444446 0.05333333333333334
0 0.9433333333333334 0.03166666666666667 0.10888888888888888 0.06333333333333334
0 0.67 0.3016666666666667 0.07777777777777778 0.09166666666666666
0 0.14 0.305 0.028888888888888888 0.045
0 0.6022222222222222 0.31583333333333335 0.06222222222222222 0.08666666666666667
0 0.10888888888888888 0.31666666666666665 0.028888888888888888 0.05
0 0.08222222222222222 0.32416666666666666 0.02666666666666667 0.04833333333333333
0 0.5333333333333333 0.3333333333333333 0.07333333333333333 0.08166666666666667
0 0.9677777777777777 0.33666666666666667 0.06 0.08333333333333333
0 0.4577777777777778 0.3416666666666667 0.035555555555555556 0.07166666666666667
0 0.4211111111111111 0.3591666666666667 0.04666666666666667 0.07
0 0.37444444444444447 0.365 0.044444444444444446 0.06666666666666667
0 0.7544444444444445 0.3725 0.08222222222222222 0.09333333333333334
0 0.33444444444444443 0.37833333333333335 0.035555555555555556 0.065
0 0.29 0.38416666666666666 0.051111111111111114 0.06333333333333334
0 0.6766666666666666 0.3908333333333333 0.07555555555555556 0.08666666666666667
0 0.24555555555555555 0.39416666666666667 0.03777777777777778 0.05333333333333334
0 0.9677777777777777 0.395 0.06 0.07333333333333333
0 0.6044444444444445 0.4025 0.06444444444444444 0.08
0 0.54 0.4116666666666667 0.06888888888888889 0.07333333333333333
0 0.18 0.4116666666666667 0.03111111111111111 0.055
0 0.4633333333333333 0.415 0.035555555555555556 0.07333333333333333
0 0.6544444444444445 0.041666666666666664 0.08666666666666667 0.08
0 0.15555555555555556 0.42083333333333334 0.02666666666666667 0.05
0 0.1288888888888889 0.42583333333333334 0.03111111111111111 0.04833333333333333
0 0.4211111111111111 0.42916666666666664 0.044444444444444446 0.07166666666666667
0 0.09888888888888889 0.42916666666666664 0.02666666666666667 0.045
0 0.37666666666666665 0.43166666666666664 0.044444444444444446 0.06833333333333333
0 0.3388888888888889 0.4425 0.044444444444444446 0.065
0 0.29444444444444445 0.4483333333333333 0.051111111111111114 0.06666666666666667
0 0.24888888888888888 0.4508333333333333 0.03777777777777778 0.055
0 0.7388888888888889 0.4683333333333333 0.04888888888888889 0.095
0 0.9733333333333334 0.47 0.04888888888888889 0.06333333333333334
0 0.18777777777777777 0.4708333333333333 0.035555555555555556 0.06
0 0.15888888888888889 0.475 0.03333333333333333 0.051666666666666666
0 0.6822222222222222 0.47833333333333333 0.07555555555555556 0.08666666666666667
0 0.1 0.47833333333333333 0.02666666666666667 0.05
0 0.13 0.47833333333333333 0.03111111111111111 0.05333333333333334
0 0.6177777777777778 0.4825 0.06444444444444444 0.07833333333333334
0 0.5444444444444444 0.48833333333333334 0.07333333333333333 0.08
0 0.46444444444444444 0.4925 0.035555555555555556 0.08166666666666667
0 0.4222222222222222 0.5 0.044444444444444446 0.07166666666666667
0 0.37666666666666665 0.5008333333333334 0.04 0.07166666666666667
0 0.3388888888888889 0.5075 0.035555555555555556 0.065
0 0.2966666666666667 0.5108333333333334 0.04888888888888889 0.06166666666666667
0 0.2544444444444444 0.5133333333333333 0.035555555555555556 0.06833333333333333
0 0.19111111111111112 0.5275 0.03111111111111111 0.051666666666666666
0 0.16444444444444445 0.53 0.024444444444444446 0.051666666666666666
0 0.14333333333333334 0.5308333333333334 0.017777777777777778 0.051666666666666666
0 0.12444444444444444 0.5325 0.017777777777777778 0.051666666666666666
0 0.8144444444444444 0.056666666666666664 0.06666666666666667 0.07333333333333333
0 0.16 0.6758333333333333 0.028888888888888888 0.055
0 0.19777777777777777 0.6758333333333333 0.044444444444444446 0.05333333333333334
0 0.12666666666666668 0.6766666666666666 0.03111111111111111 0.058333333333333334
0 0.2688888888888889 0.68 0.03777777777777778 0.065
0 0.30666666666666664 0.6808333333333333 0.03777777777777778 0.06666666666666667
0 0.4011111111111111 0.6825 0.06666666666666667 0.06833333333333333
0 0.5844444444444444 0.06916666666666667 0.06888888888888889 0.07666666666666666
0 0.3477777777777778 0.6833333333333333 0.03777777777777778 0.06833333333333333
0 0.6411111111111111 0.6891666666666667 0.05555555555555555 0.08333333333333333
0 0.5733333333333334 0.695 0.08222222222222222 0.07666666666666666
0 0.79 0.7116666666666667 0.08888888888888889 0.1
0 0.8722222222222222 0.715 0.07333333333333333 0.105
0 0.10333333333333333 0.7175 0.028888888888888888 0.06
0 0.1511111111111111 0.7291666666666666 0.022222222222222223 0.055
0 0.16666666666666666 0.73 0.015555555555555555 0.056666666666666664
0 0.13 0.7308333333333333 0.022222222222222223 0.04833333333333333
0 0.2011111111111111 0.7358333333333333 0.04666666666666667 0.06
0 0.27444444444444444 0.745 0.03333333333333333 0.06
0 0.3111111111111111 0.7483333333333333 0.04 0.06333333333333334
0 0.3511111111111111 0.7533333333333333 0.04 0.07
0 0.39444444444444443 0.7533333333333333 0.05333333333333334 0.075
0 0.44555555555555554 0.7625 0.051111111111111114 0.07833333333333334
0 0.4888888888888889 0.7675 0.03111111111111111 0.075
0 0.10555555555555556 0.7758333333333334 0.028888888888888888 0.056666666666666664
0 0.5733333333333334 0.7766666666666666 0.07111111111111111 0.08333333333333333
0 0.12666666666666668 0.78 0.013333333333333334 0.051666666666666666
0 0.1411111111111111 0.7841666666666667 0.022222222222222223 0.05333333333333334
0 0.16444444444444445 0.7875 0.022222222222222223 0.06
0 0.6433333333333333 0.7883333333333333 0.06888888888888889 0.09
0 0.2011111111111111 0.7983333333333333 0.04666666666666667 0.06
0 0.7166666666666667 0.7991666666666667 0.07333333333333333 0.09833333333333333
0 0.2777777777777778 0.8083333333333333 0.03777777777777778 0.065
0 0.31555555555555553 0.8116666666666666 0.04 0.06666666666666667
0 0.7966666666666666 0.8125 0.09333333333333334 0.10333333333333333
0 0.35333333333333333 0.8183333333333334 0.04 0.065
0 0.8788888888888889 0.8208333333333333 0.08 0.11166666666666666
0 0.39666666666666667 0.8266666666666667 0.051111111111111114 0.07166666666666667
0 0.10888888888888888 0.8308333333333333 0.028888888888888888 0.05333333333333334
0 0.13555555555555557 0.8358333333333333 0.03111111111111111 0.05333333333333334
0 0.4477777777777778 0.8375 0.051111111111111114 0.075
0 0.49 0.8433333333333334 0.03111111111111111 0.07666666666666666
0 0.16555555555555557 0.8458333333333333 0.02666666666666667 0.055
0 0.20666666666666667 0.8566666666666667 0.04666666666666667 0.056666666666666664
0 0.5844444444444444 0.8591666666666666 0.07555555555555556 0.08166666666666667
0 0.28 0.875 0.03777777777777778 0.06
0 0.3188888888888889 0.8766666666666667 0.035555555555555556 0.06833333333333333
0 0.6533333333333333 0.8783333333333333 0.06444444444444444 0.09166666666666666
0 0.74 0.08916666666666667 0.08222222222222222 0.07333333333333333
0 0.049222222222222216 0.8862000000000001 0.03548888888888889 0.08044999999999997
0 0.35333333333333333 0.8883333333333333 0.04666666666666667 0.075
0 0.7266666666666667 0.8925 0.07333333333333333 0.085
0 0.4033333333333333 0.9025 0.05555555555555555 0.07833333333333334
0 0.8066666666666666 0.9108333333333334 0.08888888888888889 0.09166666666666666
0 0.018044444444444443 0.9130166666666666 0.036088888888888886 0.08044999999999997
0 0.4577777777777778 0.915 0.04666666666666667 0.07666666666666666
0 0.5211111111111111 0.09166666666666666 0.06222222222222222 0.06833333333333333
0 0.49666666666666665 0.9241666666666667 0.03333333333333333 0.08833333333333333
0 0.8877777777777778 0.925 0.07777777777777778 0.10166666666666667
0 0.5866666666666667 0.9458333333333333 0.07111111111111111 0.08666666666666667
0 0.6566666666666666 0.9608333333333333 0.06 0.07166666666666667
0 0.7277777777777777 0.9658333333333333 0.07555555555555556 0.06166666666666667
0 0.9533333333333334 0.1075 0.08888888888888889 0.09833333333333333
0 0.6611111111111111 0.12083333333333333 0.07333333333333333 0.06666666666666667
0 0.43777777777777777 0.12666666666666668 0.042222222222222223 0.07166666666666667
0 0.3988888888888889 0.14583333333333334 0.051111111111111114 0.06166666666666667
0 0.5888888888888889 0.14583333333333334 0.06666666666666667 0.07
0 0.35777777777777775 0.165 0.044444444444444446 0.056666666666666664