0 0.06379821958456973 0.0625 0.12759643916913946 0.12166666666666667
0 0.30712166172106825 0.059166666666666666 0.19584569732937684 0.11666666666666667
0 0.5103857566765578 0.0575 0.18991097922848665 0.11166666666666666
0 0.7210682492581603 0.055 0.19881305637982197 0.11
0 0.9094955489614244 0.055 0.17210682492581603 0.105
0 0.08753709198813056 0.2708333333333333 0.13649851632047477 0.145
0 0.10979228486646884 0.4083333333333333 0.12462908011869436 0.12333333333333334
0 0.13056379821958458 0.5308333333333334 0.12166172106824925 0.11333333333333333
0 0.14540059347181009 0.64 0.11572700296735905 0.10833333333333334
0 0.16468842729970326 0.745 0.10385756676557864 0.095
0 0.05489614243323442 0.7208333333333333 0.10385756676557864 0.09333333333333334
0 0.04154302670623145 0.6225 0.0830860534124629 0.1
0 0.037091988130563795 0.5166666666666667 0.06528189910979229 0.10666666666666667
0 0.31008902077151335 0.2725 0.17804154302670624 0.14833333333333334
0 0.5074183976261127 0.2833333333333333 0.18397626112759644 0.15333333333333332
0 0.7002967359050445 0.2833333333333333 0.18694362017804153 0.16666666666666666
0 0.6928783382789317 0.43833333333333335 0.18694362017804153 0.14333333333333334
0 0.8991097922848664 0.2875 0.18397626112759644 0.17666666666666667
0 0.8887240356083086 0.45166666666666666 0.18991097922848665 0.15333333333333332
0 0.5089020771513353 0.43166666666666664 0.17507418397626112 0.14
0 0.5103857566765578 0.5641666666666667 0.16913946587537093 0.12333333333333334
0 0.5103857566765578 0.6825 0.1572700296735905 0.11
0 0.5133531157270029 0.7941666666666667 0.14540059347181009 0.10833333333333334
0 0.8724035608308606 0.5941666666666666 0.18397626112759644 0.13833333333333334
0 0.8560830860534124 0.7241666666666666 0.1632047477744807 0.12833333333333333
0 0.844213649851632 0.845 0.1543026706231454 0.12
0 0.6869436201780416 0.575 0.17210682492581603 0.13333333333333333
0 0.6795252225519288 0.7 0.16913946587537093 0.12
0 0.6780415430267063 0.8175 0.16913946587537093 0.115
0 0.3219584569732938 0.4141666666666667 0.17507418397626112 0.13333333333333333
0 0.33827893175074186 0.5433333333333333 0.1632047477744807 0.125
0 0.3456973293768546 0.6608333333333334 0.16023738872403562 0.105
0 0.35014836795252224 0.7675 0.1513353115727003 0.10666666666666667