0 0.10916666666666666 0.02967359050445104 0.056666666666666664 0.05934718100890208
0 0.92835 0.3087833827893175 0.03201666666666673 0.09869436201780413
0 0.9528666666666668 0.3197922848664688 0.019166666666666665 0.08682492581602372
0 0.6333333333333333 0.03412462908011869 0.03333333333333333 0.05934718100890208
0 0.6741666666666667 0.03412462908011869 0.03833333333333333 0.06528189910979229
0 0.9808333333333333 0.3293768545994065 0.035 0.09495548961424333
0 0.17333333333333334 0.040059347181008904 0.056666666666666664 0.0771513353115727
0 0.2325 0.040059347181008904 0.05333333333333334 0.07418397626112759
0 0.7166666666666667 0.040059347181008904 0.041666666666666664 0.0771513353115727
0 0.9294166666666667 0.39952522255192874 0.031783333333333226 0.09364985163204749
0 0.9018 0.4018397626112759 0.024183333333333317 0.10255192878338279
0 0.99 0.4094955489614243 0.016666666666666666 0.0771513353115727
0 0.96405 0.41436201780415427 0.03676666666666657 0.097893175074184
0 0.7566666666666667 0.04451038575667656 0.03833333333333333 0.08605341246290801
0 0.2125 0.5148367952522255 0.06166666666666667 0.14836795252225518
0 0.15083333333333335 0.5148367952522255 0.055 0.14836795252225518
0 0.028333333333333332 0.526706231454006 0.05333333333333334 0.14540059347181009
0 0.08666666666666667 0.5311572700296736 0.06166666666666667 0.14836795252225518
0 0.30583333333333335 0.05341246290801187 0.05 0.10682492581602374
0 0.3575 0.05341246290801187 0.04666666666666667 0.10682492581602374
0 0.28833333333333333 0.5489614243323442 0.04833333333333333 0.1394658753709199
0 0.3375 0.5504451038575667 0.058333333333333334 0.14540059347181009
0 0.39416666666666667 0.5563798219584569 0.05 0.13649851632047477
0 0.445 0.5608308605341247 0.045 0.13649851632047477
0 0.4975 0.5637982195845698 0.04666666666666667 0.13649851632047477
0 0.9908333333333333 0.5637982195845698 0.015 0.11275964391691394
0 0.9616666666666667 0.5657566765578634 0.05105000000000018 0.12089020771513356
0 0.5458333333333333 0.5712166172106825 0.041666666666666664 0.13056379821958458
0 0.6275 0.5741839762611276 0.03166666666666667 0.13056379821958458
0 0.8969166666666666 0.576973293768546 0.018700000000000046 0.1051928783382789
0 0.7091666666666666 0.5816023738872403 0.043333333333333335 0.11572700296735905
0 0.665 0.5830860534124629 0.04 0.11572700296735905
0 0.7541666666666667 0.586053412462908 0.041666666666666664 0.10682492581602374
0 0.7958333333333333 0.5905044510385756 0.03666666666666667 0.10979228486646884
0 0.20666666666666667 0.6646884272997032 0.05333333333333334 0.13649851632047477
0 0.145 0.6676557863501483 0.055 0.1394658753709199
0 0.025 0.672106824925816 0.04833333333333333 0.14836795252225518
0 0.0825 0.6750741839762612 0.06666666666666667 0.14836795252225518
0 0.9260833333333333 0.6800296735905044 0.03464999999999994 0.1332640949554897
0 0.41083333333333333 0.06824925816023739 0.05333333333333334 0.12462908011869436
0 0.8978833333333334 0.6853115727002967 0.018700000000000046 0.1226409495548961
0 0.3358333333333333 0.685459940652819 0.04833333333333333 0.12462908011869436
0 0.38916666666666666 0.685459940652819 0.05333333333333334 0.13649851632047477
0 0.2825 0.6869436201780416 0.051666666666666666 0.13649851632047477
0 0.9634666666666667 0.6870029673590504 0.03796666666666662 0.12605341246290808
0 0.4425 0.6899109792284867 0.05 0.13353115727002968
0 0.5416666666666666 0.6928783382789317 0.045 0.12462908011869436
0 0.49166666666666664 0.6943620178041543 0.05 0.13056379821958458
0 0.9908333333333333 0.6973293768545994 0.015 0.14836795252225518
0 0.755 0.6988130563798219 0.043333333333333335 0.10979228486646884
0 0.6625 0.7032640949554896 0.045 0.12166172106824925
0 0.6233333333333333 0.7047477744807121 0.03 0.13649851632047477
0 0.7091666666666666 0.7047477744807121 0.045 0.11572700296735905
0 0.7958333333333333 0.7062314540059347 0.03833333333333333 0.11275964391691394
0 0.465 0.07863501483679525 0.04833333333333333 0.13056379821958458
0 0.8982333333333334 0.793026706231454 0.02179999999999988 0.11762611275964388
0 0.9250166666666666 0.8006528189910979 0.04440000000000017 0.11593471810089027
0 0.9654833333333332 0.8027893175074184 0.03963333333333329 0.11169139465875366
0 0.20166666666666666 0.8100890207715133 0.058333333333333334 0.14836795252225518
0 0.021666666666666667 0.8160237388724035 0.03833333333333333 0.14540059347181009
0 0.13833333333333334 0.8160237388724035 0.056666666666666664 0.14540059347181009
0 0.9891666666666666 0.8204747774480712 0.018333333333333333 0.09198813056379822
0 0.2725 0.8204747774480712 0.05333333333333334 0.14836795252225518
0 0.3308333333333333 0.8219584569732937 0.056666666666666664 0.1394658753709199
0 0.385 0.8219584569732937 0.051666666666666666 0.12759643916913946
0 0.5408333333333334 0.8219584569732937 0.04666666666666667 0.12759643916913946
0 0.7541666666666667 0.8234421364985163 0.045 0.12759643916913946
0 0.7966666666666666 0.8234421364985163 0.04 0.11572700296735905
0 0.44 0.8249258160237388 0.051666666666666666 0.13353115727002968
0 0.7083333333333334 0.8249258160237388 0.045 0.12166172106824925
0 0.0775 0.8249258160237388 0.06333333333333334 0.1513353115727003
0 0.6625 0.8264094955489614 0.041666666666666664 0.12462908011869436
0 0.49083333333333334 0.827893175074184 0.04833333333333333 0.13649851632047477
0 0.6225 0.8308605341246291 0.03666666666666667 0.12462908011869436
0 0.5183333333333333 0.09050445103857567 0.045 0.10979228486646884
0 0.7083333333333334 0.9406528189910979 0.03833333333333333 0.11572700296735905
0 0.7958333333333333 0.9421364985163204 0.03666666666666667 0.10979228486646884
0 0.13333333333333333 0.9421364985163204 0.056666666666666664 0.10385756676557864
0 0.19833333333333333 0.9436201780415431 0.06333333333333334 0.10385756676557864
0 0.020833333333333332 0.9436201780415431 0.041666666666666664 0.10682492581602374
0 0.43333333333333335 0.9436201780415431 0.05333333333333334 0.10979228486646884
0 0.4866666666666667 0.9436201780415431 0.056666666666666664 0.10089020771513353
0 0.54 0.9436201780415431 0.045 0.10979228486646884
0 0.6191666666666666 0.9436201780415431 0.03833333333333333 0.10979228486646884
0 0.6633333333333333 0.9436201780415431 0.045 0.10089020771513353
0 0.7516666666666667 0.9436201780415431 0.043333333333333335 0.10682492581602374
0 0.3275 0.9451038575667656 0.05333333333333334 0.09792284866468842
0 0.3825 0.9451038575667656 0.05 0.10682492581602374
0 0.07 0.9495548961424333 0.06166666666666667 0.09495548961424333
0 0.27416666666666667 0.9510385756676558 0.05 0.09495548961424333
0 0.57 0.10385756676557864 0.045 0.10979228486646884
0 0.6308333333333334 0.11572700296735905 0.03833333333333333 0.10979228486646884
0 0.035 0.12462908011869436 0.055 0.14836795252225518
0 0.6725 0.1261127596439169 0.035 0.10682492581602374
0 0.10416666666666667 0.13649851632047477 0.06166666666666667 0.142433234421365
0 0.7125 0.1394658753709199 0.043333333333333335 0.11572700296735905
0 0.755 0.14391691394658754 0.041666666666666664 0.10979228486646884
0 0.16916666666666666 0.14688427299703263 0.058333333333333334 0.12759643916913946
0 0.22916666666666666 0.15578635014836795 0.06166666666666667 0.1394658753709199
0 0.7975 0.1572700296735905 0.041666666666666664 0.10979228486646884
0 0.3027 0.17409495548961426 0.0476 0.12955489614243323
0 0.35583333333333333 0.18694362017804153 0.05333333333333334 0.1394658753709199
0 0.9003833333333333 0.19089020771513351 0.021316666666666605 0.10032640949554897
0 0.4125 0.1943620178041543 0.04833333333333333 0.13056379821958458
0 0.9282333333333335 0.20106824925816025 0.034166666666666665 0.1037091988130564
0 0.5733333333333334 0.02225519287833828 0.04833333333333333 0.04451038575667656
0 0.4625 0.20771513353115728 0.045 0.12759643916913946
0 0.5175 0.21513353115727002 0.04666666666666667 0.13056379821958458
0 0.5658333333333333 0.22106824925816024 0.05333333333333334 0.12462908011869436
0 0.9559666666666667 0.23074183976261128 0.011066666666666834 0.09525222551928782
0 0.9808333333333333 0.2314540059347181 0.035 0.10089020771513353
0 0.04 0.02373887240356083 0.06333333333333334 0.04747774480712166
0 0.6308333333333334 0.23738872403560832 0.03666666666666667 0.12462908011869436
0 0.6708333333333333 0.24480712166172106 0.04 0.12166172106824925
0 0.7141666666666666 0.2551928783382789 0.045 0.11869436201780416
0 0.755 0.2596439169139466 0.041666666666666664 0.11869436201780416
0 0.7975 0.27002967359050445 0.04 0.10979228486646884
0 0.9006166666666666 0.2966765578635015 0.01703333333333338 0.09572700296735902