0 0.21583333333333332 0.6066666666666667 0.028333333333333332 0.08444444444444445
0 0.21 0.6966666666666667 0.021666666666666667 0.08666666666666667
0 0.20416666666666666 0.7855555555555556 0.023333333333333334 0.08666666666666667
0 0.23083333333333333 0.7855555555555556 0.025 0.08666666666666667
0 0.2575 0.7822222222222223 0.03 0.08666666666666667
0 0.2866666666666667 0.7844444444444445 0.02666666666666667 0.09777777777777778
0 0.31416666666666665 0.7888888888888889 0.023333333333333334 0.10444444444444445
0 0.3425 0.7888888888888889 0.035 0.1111111111111111
0 0.38 0.7911111111111111 0.03333333333333333 0.11555555555555555
0 0.41333333333333333 0.7888888888888889 0.03833333333333333 0.1288888888888889
0 0.37833333333333335 0.6755555555555556 0.03166666666666667 0.11333333333333333
0 0.4091666666666667 0.6622222222222223 0.03833333333333333 0.12
0 0.37583333333333335 0.5577777777777778 0.03 0.11333333333333333
0 0.4091666666666667 0.5444444444444444 0.03666666666666667 0.10888888888888888
0 0.24166666666666667 0.5988888888888889 0.021666666666666667 0.08666666666666667
0 0.23416666666666666 0.6888888888888889 0.02666666666666667 0.09555555555555556
0 0.2625 0.6866666666666666 0.025 0.09777777777777778
0 0.28833333333333333 0.6833333333333333 0.03 0.10222222222222223
0 0.315 0.6822222222222222 0.025 0.1
0 0.345 0.6788888888888889 0.03333333333333333 0.10888888888888888
0 0.265 0.5911111111111111 0.023333333333333334 0.08444444444444445
0 0.2925 0.5844444444444444 0.03 0.09333333333333334
0 0.3175 0.5755555555555556 0.025 0.10222222222222223
0 0.3425 0.5655555555555556 0.03 0.10888888888888888
0 0.44416666666666665 0.5255555555555556 0.043333333333333335 0.12222222222222222
0 0.4891666666666667 0.5144444444444445 0.04666666666666667 0.13555555555555557
0 0.54 0.5 0.055 0.14
0 0.5983333333333334 0.4822222222222222 0.06833333333333333 0.1511111111111111
0 0.4475 0.6544444444444445 0.043333333333333335 0.13111111111111112
0 0.49083333333333334 0.6488888888888888 0.043333333333333335 0.13555555555555557
0 0.54 0.6388888888888888 0.06 0.14888888888888888
0 0.6033333333333334 0.6322222222222222 0.06666666666666667 0.15333333333333332
0 0.4508333333333333 0.7855555555555556 0.043333333333333335 0.14
0 0.49416666666666664 0.7877777777777778 0.05 0.1511111111111111
0 0.545 0.79 0.055 0.15333333333333332
0 0.6083333333333333 0.7922222222222223 0.07166666666666667 0.1711111111111111
0 0.6666666666666666 0.4588888888888889 0.065 0.1622222222222222
0 0.6666666666666666 0.6177777777777778 0.06666666666666667 0.16666666666666666
0 0.675 0.7922222222222223 0.07 0.17777777777777778
0 0.74 0.79 0.07666666666666666 0.1711111111111111
0 0.7383333333333333 0.6144444444444445 0.07166666666666667 0.1688888888888889
0 0.7316666666666667 0.44 0.07166666666666667 0.18222222222222223
0 0.7933333333333333 0.4077777777777778 0.06166666666666667 0.18222222222222223
0 0.8058333333333333 0.5966666666666667 0.065 0.19555555555555557
0 0.8116666666666666 0.7533333333333333 0.065 0.12