0 0.4241666666666667 0.2688888888888889 0.065 0.11333333333333333
0 0.4875 0.2833333333333333 0.056666666666666664 0.10222222222222223
0 0.5416666666666666 0.29333333333333333 0.05 0.10222222222222223
0 0.4275 0.3844444444444444 0.07 0.11777777777777777
0 0.49416666666666664 0.39444444444444443 0.06 0.11333333333333333
0 0.55 0.4033333333333333 0.056666666666666664 0.11333333333333333
0 0.605 0.4166666666666667 0.05333333333333334 0.1111111111111111
0 0.9330666666666667 0.41713333333333336 0.05821666666666677 0.08422222222222217
0 0.9667499999999999 0.4257111111111111 0.03264999999999987 0.06984444444444446
0 0.9883333333333333 0.43222222222222223 0.02 0.07333333333333333
0 0.9070166666666667 0.4345333333333333 0.05535000000000006 0.05937777777777771
0 0.43 0.4922222222222222 0.07 0.1111111111111111
0 0.8893166666666668 0.4982444444444445 0.062416666666666745 0.09213333333333329
0 0.9611 0.5021555555555556 0.049166666666666664 0.0817333333333334
0 0.49833333333333335 0.5044444444444445 0.06166666666666667 0.10222222222222223
0 0.9300166666666666 0.5044666666666666 0.04951666666666673 0.08208888888888888
0 0.9841666666666666 0.5077777777777778 0.028333333333333332 0.07777777777777778
0 0.5566666666666666 0.5111111111111111 0.056666666666666664 0.1
0 0.6116666666666667 0.5222222222222223 0.058333333333333334 0.1
0 0.9057166666666666 0.5798888888888889 0.06315000000000016 0.07931111111111104
0 0.9409666666666667 0.5845777777777778 0.023499999999999847 0.07388888888888889
0 0.9772500000000001 0.5855111111111112 0.03733333333333348 0.0784444444444444
0 0.18031666666666665 0.639311111111111 0.07191666666666666 0.15811111111111106
0 0.10668333333333334 0.6645333333333334 0.07589999999999998 0.136288888888889
0 0.4247166666666667 0.6741555555555556 0.07681666666666663 0.1314444444444444
0 0.8683833333333333 0.7093777777777779 0.03566666666666672 0.09186666666666674
0 0.90095 0.7097777777777777 0.031100000000000138 0.0846000000000001
0 0.9267 0.7109777777777778 0.02806666666666653 0.0950888888888888
0 0.9803333333333334 0.712 0.020166666666666513 0.07691111111111114
0 0.9553333333333334 0.7170444444444445 0.02169999999999997 0.08297777777777784
0 0.8058333333333333 0.7777777777777778 0.05333333333333334 0.10888888888888888
0 0.7033333333333334 0.7811111111111111 0.05 0.11777777777777777
0 0.7583333333333333 0.7822222222222223 0.056666666666666664 0.11555555555555555
0 0.5825 0.7833333333333333 0.07 0.13111111111111112
0 0.65 0.7833333333333333 0.07 0.12
0 0.5075 0.7855555555555556 0.07666666666666666 0.13333333333333333
0 0.9135166666666666 0.7912 0.035049999999999956 0.07373333333333322
0 0.18539999999999998 0.7914444444444444 0.08951666666666667 0.14973333333333333
0 0.8832333333333334 0.7936222222222222 0.02293333333333332 0.0785777777777778
0 0.2737 0.7948666666666666 0.08571666666666668 0.13757777777777772
0 0.97215 0.7958444444444445 0.022000000000000075 0.07088888888888883
0 0.3517166666666667 0.7971555555555556 0.06948333333333333 0.1275999999999999
0 0.9464 0.7976666666666666 0.025033333333333303 0.07048888888888895
0 0.99 0.7977777777777778 0.016666666666666666 0.07111111111111111
0 0.42586666666666667 0.7999333333333334 0.07488333333333334 0.11946666666666665
0 0.09578333333333333 0.8023333333333333 0.08074999999999999 0.13557777777777777
0 0.90125 0.8969999999999999 0.03370000000000004 0.06704444444444435
0 0.9101833333333333 0.9592222222222222 0.03363333333333344 0.06286666666666658
0 0.7666666666666667 0.9655555555555555 0.07 0.06444444444444444
0 0.8310833333333333 0.9858444444444444 0.057933333333333316 0.02631111111111118