0 0.26916666666666667 0.6750741839762612 0.06666666666666667 0.19287833827893175
0 0.2675 0.8635014836795252 0.07333333333333333 0.18100890207715134
0 0.3433333333333333 0.8649851632047477 0.07833333333333334 0.18694362017804153
0 0.4266666666666667 0.8694362017804155 0.07333333333333333 0.19287833827893175
0 0.5008333333333334 0.8768545994065282 0.06833333333333333 0.18991097922848665
0 0.5791666666666667 0.884272997032641 0.075 0.19584569732937684
0 0.6608333333333334 0.8946587537091988 0.07166666666666667 0.19287833827893175
0 0.35083333333333333 0.6750741839762612 0.06833333333333333 0.18100890207715134
0 0.43083333333333335 0.6795252225519288 0.065 0.18100890207715134
0 0.5058333333333334 0.685459940652819 0.06833333333333333 0.17804154302670624
0 0.58 0.685459940652819 0.07166666666666667 0.19287833827893175
0 0.6591666666666667 0.7002967359050445 0.07666666666666666 0.19584569732937684
0 0.2916666666666667 0.4065281899109792 0.07333333333333333 0.18694362017804153
0 0.37166666666666665 0.41097922848664686 0.06833333333333333 0.17210682492581603
0 0.37333333333333335 0.23590504451038577 0.07 0.17210682492581603
0 0.2941666666666667 0.1201780415430267 0.056666666666666664 0.13056379821958458
0 0.29083333333333333 0.2522255192878338 0.05333333333333334 0.12462908011869436
0 0.37 0.0771513353115727 0.056666666666666664 0.13353115727002968
0 0.44416666666666665 0.2314540059347181 0.065 0.1661721068249258
0 0.5183333333333333 0.2344213649851632 0.065 0.1661721068249258
0 0.4425 0.40801186943620177 0.07 0.18397626112759644
0 0.5141666666666667 0.40801186943620177 0.07 0.18694362017804153
0 0.5975 0.22700296735905046 0.065 0.18397626112759644
0 0.6716666666666666 0.22700296735905046 0.07 0.18694362017804153
0 0.6766666666666666 0.41839762611275966 0.07833333333333334 0.18694362017804153
0 0.5958333333333333 0.4124629080118694 0.07333333333333333 0.18991097922848665
0 0.5591666666666667 0.07418397626112759 0.06 0.1394658753709199