0 0.12333333333333334 0.7433234421364985 0.056666666666666664 0.18694362017804153
0 0.1675 0.543026706231454 0.07333333333333333 0.19287833827893175
0 0.6033333333333334 0.7210682492581603 0.11833333333333333 0.3264094955489614
0 0.7408333333333333 0.7210682492581603 0.15333333333333332 0.35014836795252224
0 0.5916666666666667 0.39020771513353114 0.12833333333333333 0.3264094955489614
0 0.7225 0.3724035608308605 0.145 0.35014836795252224
0 0.23 0.5252225519287834 0.07333333333333333 0.20178041543026706
0 0.17916666666666667 0.7403560830860534 0.06166666666666667 0.18991097922848665
0 0.23916666666666667 0.7388724035608308 0.06833333333333333 0.21364985163204747
0 0.29583333333333334 0.543026706231454 0.07666666666666666 0.19584569732937684
0 0.3075 0.7522255192878339 0.08166666666666667 0.21364985163204747
0 0.8725 0.37537091988130566 0.11666666666666667 0.29673590504451036
0 0.8975 0.7181008902077152 0.16666666666666666 0.3887240356083086
0 0.37916666666666665 0.4362017804154303 0.10833333333333334 0.28486646884273
0 0.4775 0.42136498516320475 0.10833333333333334 0.3056379821958457
0 0.3908333333333333 0.7181008902077152 0.11 0.27299703264094954
0 0.49333333333333335 0.7136498516320475 0.11166666666666666 0.29080118694362017