0 0.905 0.2866666666666667 0.055 0.11333333333333333
0 0.7833333333333333 0.31222222222222223 0.056666666666666664 0.08888888888888889
0 0.8458333333333333 0.31777777777777777 0.058333333333333334 0.10222222222222223
0 0.9075 0.40555555555555556 0.05 0.11555555555555555
0 0.5675 0.41333333333333333 0.03666666666666667 0.08666666666666667
0 0.525 0.4211111111111111 0.03833333333333333 0.08
0 0.785 0.42444444444444446 0.06333333333333334 0.13111111111111112
0 0.8508333333333333 0.42444444444444446 0.06333333333333334 0.10666666666666667
0 0.7166666666666667 0.4388888888888889 0.07 0.12666666666666668
0 0.6591666666666667 0.4577777777777778 0.055 0.11333333333333333
0 0.6008333333333333 0.4722222222222222 0.058333333333333334 0.10888888888888888
0 0.56 0.4988888888888889 0.02666666666666667 0.07777777777777778
0 0.4816666666666667 0.5033333333333333 0.041666666666666664 0.09777777777777778
0 0.525 0.5044444444444445 0.03666666666666667 0.08222222222222222
0 0.4425 0.5111111111111111 0.03833333333333333 0.09777777777777778
0 0.4091666666666667 0.5244444444444445 0.03 0.09111111111111111
0 0.37666666666666665 0.53 0.03833333333333333 0.08666666666666667
0 0.3333333333333333 0.5377777777777778 0.045 0.09333333333333334
0 0.06480000000000001 0.6224888888888889 0.027666666666666676 0.05928888888888878
0 0.25166666666666665 0.6233333333333333 0.021666666666666667 0.09555555555555556
0 0.22916666666666666 0.6333333333333333 0.025 0.08444444444444445
0 0.20416666666666666 0.6355555555555555 0.021666666666666667 0.08
0 0.70855 0.6447111111111111 0.05238333333333325 0.09182222222222233
0 0.17416666666666666 0.6466666666666666 0.03166666666666667 0.07333333333333333
0 0.14583333333333334 0.6477777777777778 0.021666666666666667 0.07111111111111111
0 0.6587166666666667 0.6519777777777778 0.040583333333333374 0.09022222222222227
0 0.12583333333333332 0.6533333333333333 0.018333333333333333 0.06666666666666667
0 0.6113 0.6564222222222222 0.045750000000000075 0.09102222222222231
0 0.5691833333333333 0.6584444444444445 0.04029999999999992 0.08697777777777775
0 0.08666666666666667 0.6611111111111111 0.018333333333333333 0.06444444444444444
0 0.49083333333333334 0.6622222222222223 0.04 0.09333333333333334
0 0.5279833333333334 0.6624888888888889 0.030616666666666674 0.07891111111111108
0 0.06833333333333333 0.6644444444444444 0.016666666666666666 0.06666666666666667
0 0.44889999999999997 0.7273333333333334 0.036099999999999945 0.11162222222222226
0 0.36346666666666666 0.7279555555555555 0.034916666666666644 0.09673333333333327
0 0.4064833333333333 0.7289777777777778 0.04823333333333338 0.11086666666666664
0 0.3307333333333333 0.7312000000000001 0.01796666666666662 0.10319999999999988
0 0.23448333333333332 0.738688888888889 0.024433333333333376 0.06993333333333339
0 0.7103666666666667 0.7392666666666667 0.06813333333333332 0.08702222222222215
0 0.21048333333333336 0.7398222222222223 0.018866666666666677 0.06619999999999993
0 0.5701 0.7416888888888888 0.03606666666666664 0.07571111111111123
0 0.6608333333333334 0.7441333333333333 0.03876666666666665 0.08057777777777776
0 0.4913166666666667 0.7453333333333333 0.036083333333333294 0.07491111111111119
0 0.6128166666666667 0.7481555555555556 0.054833333333333296 0.08864444444444441
0 0.5267666666666667 0.7508 0.028199999999999933 0.07371111111111102
0 0.16 0.8055555555555556 0.02666666666666667 0.06222222222222222
0 0.23 0.81 0.023333333333333334 0.07111111111111111
0 0.18185 0.8119333333333334 0.024166666666666666 0.07133333333333339
0 0.20666666666666667 0.8133333333333334 0.021666666666666667 0.07111111111111111
0 0.5866 0.8783111111111112 0.04181666666666672 0.106511111111111
0 0.6285666666666666 0.8979111111111111 0.04998333333333335 0.09317777777777767
0 0.6789 0.9033111111111112 0.04761666666666675 0.10935555555555564
0 0.7319833333333333 0.9085333333333333 0.05748333333333335 0.12835555555555553
0 0.31165000000000004 0.9408000000000001 0.03433333333333337 0.11837777777777773
0 0.35013333333333335 0.9417555555555556 0.0325 0.11220000000000002
0 0.3858333333333333 0.9455555555555556 0.045 0.10444444444444445
0 0.43 0.9477777777777778 0.04 0.1
0 0.47583333333333333 0.9477777777777778 0.041666666666666664 0.1
0 0.5216166666666667 0.9498888888888889 0.036083333333333294 0.10020000000000007
0 0.5783333333333334 0.9677777777777777 0.05 0.06
0 0.6275 0.9755555555555555 0.055 0.044444444444444446