0 0.8570833333333333 0.5584222222222222 0.07580000000000003 0.1082666666666666
0 0.7900666666666667 0.5720444444444445 0.0550333333333333 0.08948888888888885
0 0.9221499999999999 0.5870888888888889 0.06980000000000018 0.08724444444444443
0 0.9767833333333334 0.6141777777777778 0.046416666666666516 0.07524444444444447
0 0.18681666666666666 0.6552222222222223 0.03921666666666667 0.11284444444444439
0 0.07108333333333333 0.6594444444444445 0.03803333333333334 0.06880000000000008
0 0.8702333333333333 0.6604888888888889 0.08063333333333342 0.09668888888888887
0 0.7336333333333334 0.6628444444444443 0.065 0.13131111111111118
0 0.6718999999999999 0.6665333333333333 0.05785000000000006 0.10315555555555546
0 0.80165 0.6668444444444445 0.07238333333333324 0.1050222222222222
0 0.6057 0.6683555555555555 0.06180000000000007 0.10275555555555557
0 0.4891666666666667 0.6722222222222223 0.05 0.10666666666666667
0 0.435 0.68 0.05 0.10444444444444445
0 0.9328166666666667 0.6831555555555556 0.0685166666666665 0.09042222222222208
0 0.38166666666666665 0.6844444444444444 0.04833333333333333 0.10222222222222223
0 0.3258333333333333 0.6855555555555556 0.05333333333333334 0.09777777777777778
0 0.22583333333333333 0.6877777777777778 0.045 0.09333333333333334
0 0.9791666666666666 0.6911111111111111 0.03833333333333333 0.07111111111111111
0 0.2725 0.7033333333333334 0.04666666666666667 0.08666666666666667
0 0.026199999999999998 0.7088888888888889 0.050366666666666664 0.12631111111111118
0 0.13066666666666668 0.7249333333333334 0.048816666666666654 0.0835111111111112
0 0.0925 0.7310444444444445 0.027733333333333336 0.09171111111111108
0 0.0562 0.7357111111111111 0.04723333333333334 0.08146666666666659
0 0.175 0.7427111111111112 0.03376666666666665 0.07368888888888882
0 0.8821666666666665 0.7635333333333333 0.06626666666666665 0.10322222222222233
0 0.7393833333333333 0.7644444444444445 0.06796666666666662 0.10888888888888888
0 0.8101333333333333 0.7662888888888889 0.0753666666666667 0.09817777777777767
0 0.6066666666666667 0.7688888888888888 0.056666666666666664 0.10888888888888888
0 0.9491999999999999 0.7697555555555555 0.06138333333333321 0.08988888888888899
0 0.6709833333333333 0.7704 0.06208333333333333 0.10886666666666668
0 0.5458333333333333 0.7722222222222223 0.058333333333333334 0.10888888888888888
0 0.485 0.7755555555555556 0.055 0.10222222222222223
0 0.9833333333333333 0.7766666666666666 0.03 0.09555555555555556
0 0.36916666666666664 0.7844444444444445 0.056666666666666664 0.09555555555555556
0 0.4266666666666667 0.7844444444444445 0.056666666666666664 0.09777777777777778
0 0.2125 0.7855555555555556 0.051666666666666666 0.1
0 0.315 0.7877777777777778 0.045 0.09555555555555556
0 0.26426666666666665 0.7982888888888889 0.05145000000000001 0.0900444444444444
0 0.16198333333333334 0.8051555555555555 0.03801666666666667 0.06524444444444448
0 0.12046666666666667 0.8104 0.03378333333333334 0.08384444444444449
0 0.07805 0.8150444444444443 0.033800000000000004 0.0810222222222223
0 0.0114 0.8150444444444443 0.0217 0.0810222222222223
0 0.0423 0.8160666666666667 0.03501666666666666 0.0789999999999999