0 0.5475 0.3088888888888889 0.09333333333333334 0.18888888888888888
0 0.15333333333333332 0.3611111111111111 0.09 0.1688888888888889
0 0.8730666666666668 0.3654444444444444 0.09656666666666676 0.17168888888888886
0 0.050833333333333335 0.3888888888888889 0.10166666666666667 0.17333333333333334
0 0.9525 0.39222222222222225 0.07166666666666667 0.12444444444444444
0 0.47 0.4033333333333333 0.08166666666666667 0.14888888888888888
0 0.25583333333333336 0.47333333333333333 0.10833333333333334 0.2088888888888889
0 0.3725 0.4888888888888889 0.105 0.20444444444444446
0 0.5591666666666667 0.5011111111111111 0.09333333333333334 0.18666666666666668
0 0.6491666666666667 0.5174000000000001 0.0911833333333334 0.16853333333333329
0 0.80945 0.5177999999999999 0.1026333333333334 0.1774444444444445
0 0.1375 0.5322222222222223 0.10166666666666667 0.18
0 0.7283333333333334 0.5344444444444445 0.07166666666666667 0.14
0 0.8991333333333333 0.5358 0.07594999999999989 0.16086666666666663
0 0.9699666666666666 0.5412444444444444 0.06004999999999996 0.1596666666666667
0 0.4683333333333333 0.5611111111111111 0.08166666666666667 0.15333333333333332
0 0.04351666666666667 0.5634888888888889 0.08591666666666666 0.1960444444444445
0 0.25583333333333336 0.6955555555555556 0.11666666666666667 0.22666666666666666
0 0.37 0.6988888888888889 0.10833333333333334 0.22444444444444445
0 0.5566666666666666 0.7 0.09666666666666666 0.20222222222222222
0 0.655 0.7077777777777777 0.09 0.19555555555555557
0 0.7453666666666667 0.7095777777777778 0.08055000000000007 0.2014
0 0.91185 0.7106 0.07714999999999994 0.1832000000000001
0 0.8346 0.7122222222222222 0.09838333333333328 0.20259999999999992
0 0.9691666666666666 0.7166666666666667 0.058333333333333334 0.18444444444444444
0 0.13583333333333333 0.7166666666666667 0.105 0.19111111111111112
0 0.4675 0.72 0.08333333333333333 0.16444444444444445
0 0.03775 0.7344444444444445 0.06835000000000001 0.17433333333333342