0 0.5058333333333334 0.23666666666666666 0.04666666666666667 0.10888888888888888
0 0.4683333333333333 0.2611111111111111 0.03833333333333333 0.10666666666666667
0 0.4275 0.2866666666666667 0.041666666666666664 0.09777777777777778
0 0.6075 0.29444444444444445 0.07166666666666667 0.14666666666666667
0 0.39166666666666666 0.31444444444444447 0.03666666666666667 0.09333333333333334
0 0.5458333333333333 0.3233333333333333 0.04666666666666667 0.12444444444444444
0 0.35833333333333334 0.3433333333333333 0.03166666666666667 0.08888888888888889
0 0.5016666666666667 0.35555555555555557 0.043333333333333335 0.12444444444444444
0 0.33 0.36 0.03 0.08666666666666667
0 0.46166666666666667 0.37222222222222223 0.03333333333333333 0.10888888888888888
0 0.30583333333333335 0.37333333333333335 0.025 0.07555555555555556
0 0.4241666666666667 0.39 0.03333333333333333 0.10666666666666667
0 0.3883333333333333 0.41333333333333333 0.035 0.10222222222222223
0 0.35333333333333333 0.43555555555555553 0.03 0.09333333333333334
0 0.32416666666666666 0.4488888888888889 0.03 0.09333333333333334
0 0.2916666666666667 0.4588888888888889 0.03166666666666667 0.09111111111111111
0 0.8633333333333333 0.4688888888888889 0.10166666666666667 0.18888888888888888
0 0.7716666666666666 0.49333333333333335 0.07666666666666666 0.1622222222222222
0 0.4691666666666667 0.5022222222222222 0.045 0.08222222222222222
0 0.43 0.5166666666666667 0.03833333333333333 0.08222222222222222
0 0.6975 0.52 0.06166666666666667 0.1622222222222222
0 0.6275 0.5322222222222223 0.06833333333333333 0.15777777777777777
0 0.5666666666666667 0.5533333333333333 0.05333333333333334 0.13777777777777778
0 0.32166666666666666 0.5611111111111111 0.03 0.06888888888888889
0 0.3 0.5677777777777778 0.013333333333333334 0.06666666666666667
0 0.2841666666666667 0.5722222222222222 0.01 0.06666666666666667
0 0.27166666666666667 0.5733333333333334 0.018333333333333333 0.06
0 0.25333333333333335 0.58 0.018333333333333333 0.057777777777777775
0 0.5216666666666666 0.5811111111111111 0.041666666666666664 0.13333333333333333
0 0.2325 0.59 0.02 0.06444444444444444
0 0.215 0.6 0.016666666666666666 0.06444444444444444
0 0.4766666666666667 0.6 0.05 0.10444444444444445
0 0.37 0.6011111111111112 0.041666666666666664 0.10444444444444445
0 0.43666666666666665 0.6022222222222222 0.03166666666666667 0.08444444444444445
0 0.2 0.6066666666666667 0.01 0.05555555555555555
0 0.4041666666666667 0.6077777777777778 0.03333333333333333 0.08666666666666667
0 0.3375 0.6111111111111112 0.03166666666666667 0.09333333333333334
0 0.17328333333333334 0.6251111111111112 0.00013333333333335418 0.0009777777777778991
0 0.3125 0.6333333333333333 0.025 0.07111111111111111
0 0.27166666666666667 0.65 0.02 0.08222222222222222
0 0.29083333333333333 0.65 0.013333333333333334 0.08
0 0.25083333333333335 0.6511111111111111 0.021666666666666667 0.06888888888888889
0 0.2325 0.6588888888888889 0.013333333333333334 0.07333333333333333
0 0.21916666666666668 0.66 0.01 0.06666666666666667
0 0.20416666666666666 0.6633333333333333 0.016666666666666666 0.06222222222222222
0 0.19333333333333333 0.6733333333333333 0.011666666666666667 0.06444444444444444
0 0.16076666666666667 0.6761777777777778 0.026650000000000014 0.05991111111111119
0 0.1775 0.6766666666666666 0.016666666666666666 0.06
0 0.8216666666666667 0.6988888888888889 0.08666666666666667 0.1511111111111111
0 0.19820000000000002 0.7687555555555555 0.022366666666666646 0.0414888888888888
0 0.22758333333333336 0.7699111111111111 0.03445000000000003 0.04380000000000008
0 0.43833333333333335 0.8255555555555556 0.056666666666666664 0.13555555555555557
0 0.4925 0.8255555555555556 0.05 0.14666666666666667
0 0.61 0.8266666666666667 0.056666666666666664 0.16666666666666666
0 0.3908333333333333 0.8277777777777777 0.04 0.1288888888888889
0 0.6825 0.8288888888888889 0.07666666666666666 0.17777777777777778
0 0.5508333333333333 0.8311111111111111 0.06166666666666667 0.16
0 0.2508166666666667 0.8316 0.03543333333333332 0.08615555555555551
0 0.34736666666666666 0.8316 0.04823333333333333 0.10619999999999992
0 0.18775 0.8323555555555555 0.024350000000000024 0.0875333333333333
0 0.2249 0.8330888888888889 0.03316666666666665 0.08515555555555566
0 0.27748333333333336 0.8340888888888889 0.030183333333333357 0.09517777777777787
0 0.3056666666666667 0.8356 0.0399666666666667 0.09617777777777772
0 0.7541666666666667 0.8488888888888889 0.058333333333333334 0.15333333333333332
0 0.8291666666666667 0.8555555555555555 0.08166666666666667 0.1622222222222222
0 0.19858333333333333 0.9306 0.03686666666666667 0.06919999999999997
0 0.26621666666666666 0.9310444444444445 0.04193333333333338 0.06655555555555566
0 0.2288 0.9332222222222222 0.04475000000000001 0.06393333333333329
0 0.17131666666666667 0.9354222222222223 0.030933333333333337 0.057799999999999976
0 0.4816666666666667 0.9566666666666667 0.07 0.08222222222222222
0 0.37603333333333333 0.9630222222222222 0.06004999999999996 0.0739333333333333
0 0.42738333333333334 0.9630222222222222 0.044583333333333336 0.0739333333333333
0 0.07155 0.9705111111111111 0.034716666666666667 0.05693333333333334
0 0.6058333333333333 0.16111111111111112 0.07666666666666666 0.12444444444444444
0 0.8141666666666667 0.16555555555555557 0.09333333333333334 0.18222222222222223
0 0.5483333333333333 0.19666666666666666 0.045 0.12444444444444444
0 0.7333333333333333 0.21777777777777776 0.075 0.14222222222222222