0 0.3427299703264095 0.255 0.29080118694362017 0.24166666666666667
0 0.9213649851632048 0.25666666666666665 0.142433234421365 0.26
0 0.6454005934718101 0.26 0.29080118694362017 0.25333333333333335
0 0.09676557863501484 0.27558333333333335 0.1834124629080119 0.2161833333333333
0 0.33086053412462907 0.49833333333333335 0.3086053412462908 0.24833333333333332
0 0.08089020771513354 0.5135833333333333 0.1617507418397626 0.25049999999999994
0 0.6320474777448071 0.5141666666666667 0.2878338278931751 0.25666666666666665
0 0.9198813056379822 0.5166666666666667 0.1513353115727003 0.25666666666666665
0 0.9050445103857567 0.06666666666666667 0.17210682492581603 0.12
0 0.07599406528189911 0.7434333333333334 0.1418694362017804 0.19770000000000001
0 0.30118694362017806 0.7458333333333333 0.29673590504451036 0.24833333333333332
0 0.6142433234421365 0.7608333333333334 0.31750741839762614 0.24666666666666667
0 0.9065281899109793 0.7716666666666666 0.17804154302670624 0.26166666666666666
0 0.4362017804154303 0.08 0.35605341246290806 0.12
0 0.11350148367952523 0.08928333333333334 0.22700296735905046 0.17856666666666668