0 0.9875 0.3811111111111111 0.021666666666666667 0.08222222222222222
0 0.9717 0.3894666666666666 0.030183333333333166 0.06217777777777782
0 0.9330666666666667 0.46444444444444444 0.05896666666666685 0.08686666666666673
0 0.9851166666666668 0.4709111111111111 0.02974999999999985 0.08364444444444441
0 0.5216666666666666 0.5055555555555555 0.05 0.09333333333333334
0 0.4791666666666667 0.5066666666666667 0.025 0.07777777777777778
0 0.5966666666666667 0.5066666666666667 0.045 0.09111111111111111
0 0.745 0.5088888888888888 0.05 0.09333333333333334
0 0.6508333333333334 0.51 0.05333333333333334 0.08666666666666667
0 0.6991666666666667 0.5166666666666667 0.041666666666666664 0.08666666666666667
0 0.56265 0.5212444444444444 0.030750000000000076 0.08668888888888887
0 0.9601833333333334 0.5388222222222222 0.0435166666666665 0.09015555555555554
0 0.99 0.5433333333333333 0.016666666666666666 0.06888888888888889
0 0.8941666666666667 0.5677777777777778 0.035 0.08222222222222222
0 0.48083333333333333 0.5844444444444444 0.02666666666666667 0.07555555555555556
0 0.7525 0.5888888888888889 0.055 0.07555555555555556
0 0.52 0.59 0.05 0.06888888888888889
0 0.6041666666666666 0.5911111111111111 0.051666666666666666 0.07777777777777778
0 0.6558333333333334 0.5911111111111111 0.051666666666666666 0.06888888888888889
0 0.5634666666666667 0.5927777777777777 0.030750000000000076 0.06284444444444438
0 0.7025 0.5955555555555555 0.041666666666666664 0.06444444444444444