0 0.9767833333333334 0.24015555555555554 0.046416666666666516 0.26053333333333334
0 0.6958333333333333 0.3377777777777778 0.10833333333333334 0.20444444444444446
0 0.9074500000000001 0.3808 0.11988333333333344 0.18624444444444446
0 0.7989999999999999 0.40988888888888886 0.09688333333333332 0.17979999999999993
0 0.4533333333333333 0.43444444444444447 0.09333333333333334 0.16
0 0.37916666666666665 0.4588888888888889 0.06166666666666667 0.15333333333333332
0 0.9808333333333333 0.5033333333333333 0.035 0.24222222222222223
0 0.034416666666666665 0.5400222222222222 0.06774999999999999 0.10066666666666663
0 0.1588 0.5454888888888889 0.07103333333333334 0.1317777777777778
0 0.11106666666666666 0.5527555555555556 0.04223333333333334 0.11399999999999996
0 0.6966666666666667 0.5533333333333333 0.10833333333333334 0.22444444444444445
0 0.32105 0.5602444444444444 0.04705000000000003 0.1410888888888889
0 0.5941666666666666 0.5644444444444444 0.105 0.21333333333333335
0 0.2798333333333333 0.5705555555555556 0.037366666666666694 0.1334222222222222
0 0.24 0.5846888888888889 0.03949999999999998 0.12128888888888892
0 0.9198833333333333 0.5885333333333332 0.12653333333333344 0.19768888888888891
0 0.5091666666666667 0.59 0.065 0.18666666666666668
0 0.43833333333333335 0.6033333333333334 0.07 0.1711111111111111
0 0.8086833333333332 0.6075333333333333 0.10414999999999992 0.17911111111111117
0 0.06851666666666667 0.6158 0.03591666666666666 0.09464444444444452
0 0.36833333333333335 0.6177777777777778 0.07 0.1711111111111111
0 0.036699999999999997 0.6234888888888889 0.026833333333333334 0.06957777777777766
0 0.013216666666666666 0.6240888888888888 0.025333333333333333 0.07484444444444434
0 0.18348333333333333 0.6705777777777777 0.06284999999999999 0.1435777777777778
0 0.30771666666666664 0.6814888888888889 0.04463333333333329 0.125
0 0.12971666666666667 0.6855333333333333 0.03711666666666669 0.11691111111111115
0 0.09335 0.6861333333333333 0.025 0.12215555555555561
0 0.06638333333333334 0.6887555555555556 0.037733333333333334 0.10722222222222222
0 0.23074999999999998 0.6996666666666668 0.036166666666666646 0.10479999999999993
0 0.26635000000000003 0.7079555555555556 0.03524999999999996 0.11733333333333323
0 0.023216666666666667 0.7097777777777777 0.03926666666666667 0.0975333333333333
0 0.03896666666666666 0.7144222222222223 0.034416666666666665 0.11408888888888896
0 0.5958333333333333 0.7855555555555556 0.10833333333333334 0.22444444444444445
0 0.7066666666666667 0.7866666666666666 0.11166666666666666 0.24
0 0.42916666666666664 0.7888888888888889 0.07333333333333333 0.19555555555555557
0 0.5025 0.7888888888888889 0.07666666666666666 0.20666666666666667
0 0.3541666666666667 0.7933333333333333 0.07666666666666666 0.18222222222222223
0 0.8173166666666667 0.8053777777777779 0.10626666666666665 0.19093333333333323
0 0.9333333333333333 0.8066666666666666 0.13 0.21777777777777776
0 0.2937666666666667 0.8142444444444445 0.041000000000000036 0.12788888888888877
0 0.0326 0.8150444444444443 0.027749999999999997 0.09717777777777782
0 0.1794 0.8160666666666667 0.03951666666666668 0.11133333333333338
0 0.08456666666666666 0.8164666666666667 0.037733333333333334 0.10404444444444455
0 0.05578333333333333 0.818288888888889 0.02258333333333333 0.10364444444444441
0 0.11683333333333333 0.8193111111111111 0.02651666666666666 0.11779999999999997
0 0.14713333333333334 0.8195111111111111 0.02650000000000001 0.11415555555555557
0 0.21925000000000003 0.8203111111111111 0.037383333333333345 0.13193333333333335
0 0.009300000000000001 0.8229333333333333 0.018600000000000002 0.10082222222222223
0 0.2536333333333333 0.8243555555555555 0.03646666666666666 0.10768888888888897