0 0.7783333333333333 0.6633333333333333 0.06166666666666667 0.1
0 0.7183333333333334 0.6666666666666666 0.056666666666666664 0.09333333333333334
0 0.6116666666666667 0.6877777777777778 0.056666666666666664 0.09777777777777778
0 0.5616666666666666 0.6955555555555556 0.043333333333333335 0.08888888888888889
0 0.5158333333333334 0.6966666666666667 0.045 0.08666666666666667
0 0.4266666666666667 0.7122222222222222 0.04666666666666667 0.08444444444444445
0 0.385 0.7177777777777777 0.035 0.08222222222222222
0 0.3466666666666667 0.7233333333333334 0.041666666666666664 0.08888888888888889
0 0.30468333333333336 0.7267555555555556 0.038566666666666645 0.08622222222222212
0 0.8416666666666667 0.7588888888888888 0.05333333333333334 0.11555555555555555
0 0.7833333333333333 0.7666666666666667 0.055 0.10222222222222223
0 0.7258333333333333 0.7688888888888888 0.056666666666666664 0.10444444444444445
0 0.16333333333333333 0.7733333333333333 0.03 0.05555555555555555
0 0.6108333333333333 0.7833333333333333 0.05333333333333334 0.1
0 0.5616666666666666 0.7888888888888889 0.045 0.09777777777777778
0 0.5166666666666667 0.7911111111111111 0.045 0.09777777777777778
0 0.4716666666666667 0.7966666666666666 0.04 0.09777777777777778
0 0.42333333333333334 0.8022222222222222 0.05 0.09333333333333334
0 0.37916666666666665 0.8044444444444444 0.03833333333333333 0.08222222222222222
0 0.3375 0.8088888888888889 0.045 0.07777777777777778
0 0.2953 0.8109777777777778 0.03475000000000004 0.08873333333333322
0 0.23583333333333334 0.8311111111111111 0.03 0.06666666666666667
0 0.18583333333333332 0.8333333333333334 0.03 0.06888888888888889
0 0.12333333333333334 0.8366666666666667 0.023333333333333334 0.05555555555555555
0 0.15166666666666667 0.8366666666666667 0.03 0.05555555555555555
0 0.2662 0.9630222222222222 0.04040000000000001 0.0739333333333333
0 0.1229 0.963111111111111 0.024083333333333314 0.07004444444444441
0 0.1535 0.964911111111111 0.03316666666666668 0.06964444444444451
0 0.18166666666666667 0.9711111111111111 0.04666666666666667 0.05333333333333334