0 0.03384444444444445 0.019166666666666665 0.06766666666666665 0.03833333333333333
0 0.031066666666666666 0.20406666666666667 0.0621111111111111 0.11436666666666667
0 0.13248888888888888 0.20843333333333333 0.1370222222222222 0.12645
0 0.12444444444444444 0.0225 0.14222222222222222 0.045
0 0.25579999999999997 0.22011666666666665 0.1126222222222222 0.11978333333333334
0 0.4477777777777778 0.22833333333333333 0.10444444444444445 0.12
0 0.5888888888888889 0.24 0.09333333333333334 0.10833333333333334
0 0.26222222222222225 0.02666666666666667 0.1111111111111111 0.05333333333333334
0 0.7044444444444444 0.25083333333333335 0.09555555555555556 0.10666666666666667
0 0.8155555555555556 0.25916666666666666 0.09555555555555556 0.10166666666666667
0 0.9088888888888889 0.2658333333333333 0.08444444444444445 0.095
0 0.6393333333333333 0.39873333333333333 0.07111111111111111 0.08330000000000003
0 0.6340666666666667 0.47354999999999997 0.07722222222222222 0.07041666666666667
0 0.2652444444444444 0.50185 0.10486666666666664 0.12294999999999998
0 0.15222222222222223 0.5075 0.11333333333333333 0.11833333333333333
0 0.04555555555555556 0.5183333333333333 0.09111111111111111 0.11
0 0.6343333333333333 0.5502333333333334 0.09444444444444444 0.09046666666666663
0 0.2708 0.62335 0.11597777777777774 0.10913333333333336
0 0.14722222222222223 0.6279333333333333 0.1353777777777778 0.10828333333333338
0 0.056088888888888896 0.6293500000000001 0.10462222222222221 0.11955000000000003
0 0.6240666666666667 0.6298333333333332 0.07944444444444444 0.07468333333333324
0 0.7507111111111111 0.7538166666666667 0.0660666666666667 0.08513333333333341
0 0.6562888888888888 0.7559 0.07722222222222222 0.08096666666666673
0 0.8501333333333333 0.7638166666666667 0.09826666666666672 0.07180000000000007
0 0.4799111111111111 0.7775833333333334 0.07448888888888885 0.10765000000000005
0 0.3763333333333333 0.7871666666666667 0.07286666666666672 0.10183333333333337
0 0.025511111111111113 0.7993666666666667 0.05099999999999999 0.09041666666666667
0 0.1297111111111111 0.7993666666666667 0.10926666666666666 0.09041666666666667
0 0.7518222222222222 0.8403 0.09051111111111115 0.07893333333333336
0 0.8465333333333334 0.84135 0.09660000000000006 0.09351666666666669
0 0.5633333333333334 0.8483333333333334 0.09555555555555556 0.10166666666666667
0 0.6593333333333333 0.8501 0.08886666666666669 0.10270000000000001
0 0.4711111111111111 0.8675 0.08222222222222222 0.075
0 0.2541333333333333 0.8771 0.12706666666666666 0.1224666666666667
0 0.36966666666666664 0.8821333333333333 0.0817555555555556 0.08759999999999991
0 0.12637777777777776 0.89315 0.11591111111111109 0.09453333333333337
0 0.031066666666666666 0.89815 0.0621111111111111 0.10120000000000004
0 0.02828888888888889 0.0907 0.056555555555555546 0.10776666666666666
0 0.1308222222222222 0.0907 0.1292444444444444 0.10776666666666666
0 0.8429111111111112 0.9182333333333335 0.0949333333333334 0.05980000000000018
0 0.7495999999999999 0.9278166666666667 0.08606666666666671 0.07065000000000017
0 0.6579555555555555 0.9330333333333334 0.09164444444444446 0.0602333333333335
0 0.5649111111111111 0.9355333333333334 0.07780000000000005 0.0652333333333335
0 0.47 0.9416666666666667 0.09333333333333334 0.07333333333333333
0 0.37575555555555556 0.9538166666666666 0.10506666666666674 0.06429999999999989
0 0.2552222222222222 0.9660333333333333 0.09733333333333336 0.06791666666666667
0 0.12413333333333333 0.9702000000000001 0.09737777777777776 0.059583333333333335
0 0.030266666666666664 0.9743666666666667 0.05853333333333333 0.05125
0 0.26719999999999994 0.10508333333333333 0.11762222222222221 0.09985
0 0.5888888888888889 0.13916666666666666 0.08 0.08833333333333333
0 0.71 0.14 0.09555555555555556 0.11166666666666666
0 0.8222222222222222 0.1525 0.1 0.10833333333333334