0 0.44083333333333335 0.2388888888888889 0.065 0.1711111111111111
0 0.3459 0.024644444444444445 0.06081666666666668 0.04928888888888889
0 0.29 0.025666666666666667 0.06050000000000002 0.051311111111111106
0 0.39166666666666666 0.26 0.05333333333333334 0.15333333333333332
0 0.345 0.2788888888888889 0.06166666666666667 0.14444444444444443
0 0.2975 0.28888888888888886 0.06 0.13333333333333333
0 0.25833333333333336 0.3088888888888889 0.045 0.13555555555555557
0 0.21833333333333332 0.31777777777777777 0.04 0.13555555555555557
0 0.18166666666666667 0.32666666666666666 0.041666666666666664 0.12
0 0.1475 0.33666666666666667 0.041666666666666664 0.1111111111111111
0 0.9165499999999999 0.34584444444444445 0.15016666666666662 0.1850222222222222
0 0.24348333333333333 0.035755555555555554 0.059583333333333335 0.07151111111111111
0 0.7868666666666667 0.35715555555555556 0.11143333333333336 0.1850222222222222
0 0.6917333333333334 0.37211111111111106 0.10055000000000007 0.16482222222222226
0 0.5958333333333333 0.38666666666666666 0.08 0.19555555555555557
0 0.5241666666666667 0.4022222222222222 0.085 0.17555555555555555
0 0.4041666666666667 0.4066666666666667 0.045 0.13555555555555557
0 0.4575 0.4077777777777778 0.06833333333333333 0.17333333333333334
0 0.36 0.4122222222222222 0.045 0.11777777777777777
0 0.30916666666666665 0.41333333333333333 0.05333333333333334 0.12222222222222222
0 0.26416666666666666 0.42777777777777776 0.045 0.09555555555555556
0 0.23166666666666666 0.44555555555555554 0.02666666666666667 0.10888888888888888
0 0.19916666666666666 0.4488888888888889 0.03833333333333333 0.10888888888888888
0 0.16 0.45 0.03833333333333333 0.1111111111111111
0 0.17471666666666666 0.052333333333333336 0.03349999999999999 0.09897777777777778
0 0.18583333333333332 0.5788888888888889 0.02666666666666667 0.10888888888888888
0 0.215 0.5866666666666667 0.03833333333333333 0.10888888888888888
0 0.2575 0.5966666666666667 0.043333333333333335 0.11333333333333333
0 0.4708333333333333 0.5988888888888889 0.09 0.15555555555555556
0 0.29833333333333334 0.6033333333333334 0.05 0.1111111111111111
0 0.33916666666666667 0.6033333333333334 0.065 0.1111111111111111
0 0.39416666666666667 0.6033333333333334 0.06333333333333334 0.14
0 0.6066666666666667 0.6211111111111111 0.08166666666666667 0.1511111111111111
0 0.7808333333333334 0.6270888888888889 0.13336666666666663 0.18988888888888894
0 0.9057833333333334 0.6685777777777778 0.13775000000000007 0.2284444444444444
0 0.9833333333333333 0.6766666666666666 0.03 0.24222222222222223
0 0.19916666666666666 0.6911111111111111 0.03833333333333333 0.10444444444444445
0 0.2325 0.7066666666666667 0.03833333333333333 0.10888888888888888
0 0.14501666666666668 0.07253333333333334 0.04440000000000002 0.09088888888888891
0 0.2675 0.7122222222222222 0.041666666666666664 0.1288888888888889
0 0.3075 0.7344444444444445 0.05 0.14
0 0.3516666666666667 0.7344444444444445 0.058333333333333334 0.14
0 0.4075 0.7533333333333333 0.056666666666666664 0.14444444444444443
0 0.4666666666666667 0.7633333333333333 0.06166666666666667 0.16
0 0.5316666666666666 0.7777777777777778 0.07166666666666667 0.17333333333333334
0 0.6166666666666667 0.7966666666666666 0.10833333333333334 0.19777777777777777
0 0.7873166666666667 0.8268 0.11780000000000011 0.24186666666666673
0 0.2125 0.8311111111111111 0.04 0.10444444444444445
0 0.2525 0.8466666666666667 0.045 0.10666666666666667
0 0.2941666666666667 0.8633333333333333 0.041666666666666664 0.10888888888888888
0 0.9145666666666666 0.8698222222222223 0.1468333333333333 0.23664444444444446
0 0.33416666666666667 0.8833333333333333 0.04666666666666667 0.11555555555555555
0 0.9891666666666666 0.9 0.018333333333333333 0.19555555555555557
0 0.38333333333333336 0.9122222222222223 0.05 0.11333333333333333
0 0.4375 0.9288888888888889 0.06166666666666667 0.1288888888888889
0 0.22083333333333333 0.9366666666666666 0.03333333333333333 0.10222222222222223
0 0.49833333333333335 0.9388888888888889 0.06166666666666667 0.11333333333333333
0 0.2608333333333333 0.95 0.041666666666666664 0.09333333333333334
0 0.565 0.9511111111111111 0.07 0.09111111111111111
0 0.3016666666666667 0.9577777777777777 0.04 0.08
0 0.6433333333333333 0.9622222222222222 0.08 0.06888888888888889
0 0.35255 0.1023111111111111 0.04946666666666668 0.0898888888888889
0 0.3033166666666667 0.11242222222222223 0.05100000000000004 0.10202222222222221
0 0.9866333333333334 0.11648888888888889 0.02671666666666662 0.23297777777777778
0 0.1185 0.12002222222222222 0.03985 0.07266666666666667
0 0.9036666666666667 0.12215555555555556 0.15169999999999997 0.24428888888888892
0 0.25711666666666666 0.1391111111111111 0.046466666666666656 0.10688888888888891
0 0.7727833333333334 0.1504222222222222 0.10810000000000003 0.2168444444444444
0 0.6705333333333333 0.18517777777777777 0.09450000000000007 0.2055333333333333
0 0.1541 0.18711111111111112 0.03833333333333333 0.1001111111111111
0 0.5866666666666667 0.18777777777777777 0.08166666666666667 0.2
0 0.12683333333333333 0.20306666666666665 0.04438333333333332 0.09646666666666666
0 0.51 0.21777777777777776 0.08333333333333333 0.19111111111111112