0 0.3366 0.022466666666666666 0.04915000000000001 0.04491111111111111
0 0.8958333333333334 0.2477777777777778 0.2 0.44
0 0.6858333333333333 0.2811111111111111 0.19666666666666666 0.4022222222222222
0 0.5233333333333333 0.33444444444444443 0.125 0.32
0 0.41083333333333333 0.3788888888888889 0.105 0.28
0 0.33166666666666667 0.4122222222222222 0.05333333333333334 0.23555555555555555
0 0.275 0.43333333333333335 0.06166666666666667 0.2088888888888889
0 0.21416666666666667 0.45 0.06166666666666667 0.18666666666666668
0 0.1625 0.4633333333333333 0.045 0.17555555555555555
0 0.44065 0.05213333333333334 0.10323333333333337 0.10426666666666667
0 0.20166666666666666 0.6433333333333333 0.051666666666666666 0.2
0 0.14333333333333334 0.6455555555555555 0.055 0.19333333333333333
0 0.2633333333333333 0.6488888888888888 0.065 0.21777777777777776
0 0.3225 0.6577777777777778 0.05 0.24666666666666667
0 0.4008333333333333 0.6644444444444444 0.1 0.28444444444444444
0 0.5183333333333333 0.6733333333333333 0.125 0.34
0 0.6858333333333333 0.6877777777777778 0.21 0.4177777777777778
0 0.8966666666666666 0.6988888888888889 0.19833333333333333 0.45111111111111113
0 0.373 0.08737777777777778 0.044916666666666646 0.11657777777777777
0 0.3267833333333333 0.11384444444444444 0.05491666666666665 0.138
0 0.25545 0.1577111111111111 0.08130000000000005 0.1732