0 0.865 0.2311111111111111 0.07166666666666667 0.10444444444444445
0 0.9408333333333333 0.23666666666666666 0.07666666666666666 0.12
0 0.10166666666666667 0.2911111111111111 0.08166666666666667 0.13111111111111112
0 0.17916666666666667 0.29333333333333333 0.07 0.13333333333333333
0 0.2575 0.3 0.07333333333333333 0.11777777777777777
0 0.33416666666666667 0.30333333333333334 0.07666666666666666 0.11555555555555555
0 0.41083333333333333 0.3055555555555556 0.075 0.11777777777777777
0 0.4875 0.31 0.07333333333333333 0.11555555555555555
0 0.029299999999999996 0.3224 0.05859999999999999 0.12195555555555554
0 0.5633333333333334 0.32666666666666666 0.075 0.12444444444444444
0 0.6416666666666667 0.3277777777777778 0.075 0.12
0 0.7208333333333333 0.33444444444444443 0.08166666666666667 0.11777777777777777
0 0.7975 0.34 0.07166666666666667 0.12222222222222222
0 0.8725 0.3477777777777778 0.07666666666666666 0.12
0 0.9516666666666667 0.36 0.07333333333333333 0.1288888888888889
0 0.07583333333333334 0.4166666666666667 0.08833333333333333 0.12
0 0.15916666666666668 0.41888888888888887 0.075 0.12
0 0.24666666666666667 0.4222222222222222 0.09166666666666666 0.13111111111111112
0 0.3308333333333333 0.4288888888888889 0.075 0.1288888888888889
0 0.4075 0.43333333333333335 0.07666666666666666 0.13111111111111112
0 0.4841666666666667 0.43444444444444447 0.075 0.13111111111111112
0 0.021333333333333336 0.43935555555555555 0.04266666666666667 0.1410888888888889
0 0.5616666666666666 0.4477777777777778 0.07666666666666666 0.11333333333333333
0 0.64 0.45111111111111113 0.08166666666666667 0.12444444444444444
0 0.7225 0.4533333333333333 0.08 0.11555555555555555
0 0.8 0.4633333333333333 0.07 0.13333333333333333
0 0.8775 0.47333333333333333 0.07666666666666666 0.1288888888888889
0 0.9575 0.48777777777777775 0.07666666666666666 0.12666666666666668
0 0.14833333333333334 0.5466666666666666 0.07333333333333333 0.13333333333333333
0 0.0675 0.5477777777777778 0.085 0.1511111111111111
0 0.2325 0.5533333333333333 0.09 0.13555555555555557
0 0.3175 0.5633333333333334 0.08166666666666667 0.13111111111111112
0 0.015966666666666667 0.5658888888888889 0.031933333333333334 0.13624444444444445
0 0.3975 0.5666666666666667 0.08 0.13555555555555557
0 0.4841666666666667 0.5677777777777778 0.08166666666666667 0.13555555555555557
0 0.5633333333333334 0.5777777777777777 0.075 0.14222222222222222
0 0.6433333333333333 0.5822222222222222 0.075 0.13333333333333333
0 0.72 0.5877777777777777 0.085 0.14666666666666667
0 0.805 0.5966666666666667 0.07666666666666666 0.1288888888888889
0 0.885 0.61 0.07666666666666666 0.13777777777777778
0 0.96 0.6177777777777778 0.07333333333333333 0.1288888888888889
0 0.05 0.6511111111111111 0.085 0.08666666666666667
0 0.13666666666666666 0.6577777777777778 0.085 0.08888888888888889
0 0.2225 0.6622222222222223 0.07666666666666666 0.07777777777777778
0 0.3933333333333333 0.6644444444444444 0.095 0.07111111111111111
0 0.48083333333333333 0.6722222222222223 0.08333333333333333 0.06666666666666667
0 0.30333333333333334 0.6733333333333333 0.08166666666666667 0.08666666666666667
0 0.5633333333333334 0.68 0.07833333333333334 0.06
0 0.6408333333333334 0.6833333333333333 0.075 0.06888888888888889
0 0.7225 0.7044444444444444 0.085 0.07777777777777778
0 0.8058333333333333 0.7088888888888889 0.08166666666666667 0.08666666666666667
0 0.8875 0.7122222222222222 0.08333333333333333 0.08666666666666667
0 0.9625 0.7188888888888889 0.06666666666666667 0.07555555555555556
0 0.19083333333333333 0.16666666666666666 0.07333333333333333 0.12444444444444444
0 0.11416666666666667 0.17 0.07333333333333333 0.12
0 0.2708333333333333 0.18333333333333332 0.07166666666666667 0.11333333333333333
0 0.3425 0.18555555555555556 0.07 0.12
0 0.49166666666666664 0.18777777777777777 0.07333333333333333 0.12222222222222222
0 0.4166666666666667 0.18888888888888888 0.07333333333333333 0.10888888888888888
0 0.5658333333333333 0.20555555555555555 0.07166666666666667 0.1111111111111111
0 0.6391666666666667 0.20777777777777778 0.075 0.11777777777777777
0 0.04259999999999999 0.21266666666666667 0.06591666666666667 0.12471111111111112
0 0.7183333333333334 0.21444444444444444 0.07666666666666666 0.12
0 0.7916666666666666 0.22 0.07 0.11333333333333333