0 0.265 0.2222222222222222 0.10166666666666667 0.1511111111111111
0 0.17 0.23666666666666666 0.09666666666666666 0.14222222222222222
0 0.08166666666666667 0.24666666666666667 0.085 0.14444444444444443
0 0.020833333333333332 0.2577777777777778 0.041666666666666664 0.15555555555555556
0 0.8133333333333334 0.32222222222222224 0.14 0.18666666666666668
0 0.6866666666666666 0.34 0.13166666666666665 0.17777777777777778
0 0.565 0.34444444444444444 0.11833333333333333 0.18
0 0.45416666666666666 0.36333333333333334 0.10833333333333334 0.1688888888888889
0 0.3466666666666667 0.37 0.105 0.16666666666666666
0 0.24416666666666667 0.38 0.10166666666666667 0.1622222222222222
0 0.14166666666666666 0.3888888888888889 0.105 0.15555555555555556
0 0.04345 0.3938888888888889 0.0869 0.16333333333333333
0 0.045 0.39666666666666667 0.085 0.15777777777777777
0 0.8433333333333334 0.5322222222222223 0.16333333333333333 0.22666666666666666
0 0.7083333333333334 0.5422222222222223 0.15166666666666667 0.22444444444444445
0 0.5691666666666667 0.5511111111111111 0.12666666666666668 0.2288888888888889
0 0.44416666666666665 0.5622222222222222 0.12166666666666667 0.21777777777777776
0 0.32416666666666666 0.5644444444444444 0.11333333333333333 0.2111111111111111
0 0.21083333333333334 0.5722222222222222 0.11833333333333333 0.19777777777777777
0 0.0325 0.5734222222222223 0.065 0.20222222222222222
0 0.0975 0.5777777777777777 0.11 0.19777777777777777
0 0.8783333333333333 0.79 0.18666666666666668 0.28444444444444444
0 0.18 0.7944444444444444 0.12333333333333334 0.24
0 0.7241666666666666 0.7944444444444444 0.155 0.27111111111111114
0 0.30583333333333335 0.7966666666666666 0.12833333333333333 0.2511111111111111
0 0.5733333333333334 0.7966666666666666 0.145 0.2644444444444444
0 0.06 0.7966666666666666 0.11666666666666667 0.23333333333333334
0 0.435 0.7988888888888889 0.13166666666666665 0.2577777777777778
0 0.79 0.15444444444444444 0.11666666666666667 0.14888888888888888
0 0.6758333333333333 0.17 0.115 0.15777777777777777
0 0.5658333333333333 0.17666666666666667 0.11 0.1511111111111111
0 0.4608333333333333 0.20222222222222222 0.09333333333333334 0.14444444444444443
0 0.36666666666666664 0.20666666666666667 0.09666666666666666 0.1511111111111111