0 0.16333333333333333 0.7177777777777777 0.18166666666666667 0.37777777777777777
0 0.3458333333333333 0.7444444444444445 0.17 0.37555555555555553
0 0.5241666666666667 0.7755555555555556 0.185 0.37555555555555553
0 0.7133333333333334 0.7988888888888889 0.18333333333333332 0.36
0 0.9 0.8177777777777778 0.18333333333333332 0.35777777777777775
0 0.38166666666666665 0.41333333333333333 0.145 0.28888888888888886
0 0.5408333333333334 0.43777777777777777 0.15666666666666668 0.29777777777777775
0 0.7075 0.47 0.16666666666666666 0.29333333333333333
0 0.8866666666666667 0.4822222222222222 0.185 0.30666666666666664
0 0.4033333333333333 0.14444444444444443 0.14833333333333334 0.24888888888888888
0 0.5616666666666666 0.16333333333333333 0.15166666666666667 0.2511111111111111
0 0.7125 0.18888888888888888 0.145 0.26222222222222225
0 0.8675 0.1988888888888889 0.15833333333333333 0.2511111111111111