0 0.5216666666666666 0.29821958456973297 0.03333333333333333 0.10385756676557864
0 0.4866666666666667 0.3026706231454006 0.03166666666666667 0.10385756676557864
0 0.37416666666666665 0.30415430267062316 0.041666666666666664 0.11275964391691394
0 0.41333333333333333 0.3056379821958457 0.03666666666666667 0.10385756676557864
0 0.4525 0.30712166172106825 0.035 0.10979228486646884
0 0.33416666666666667 0.3086053412462908 0.041666666666666664 0.10682492581602374
0 0.295 0.31750741839762614 0.04 0.10979228486646884
0 0.25166666666666665 0.3189910979228487 0.05 0.11275964391691394
0 0.19916666666666666 0.32047477744807124 0.05 0.11275964391691394
0 0.14833333333333334 0.3249258160237389 0.051666666666666666 0.11275964391691394
0 0.095 0.3293768545994065 0.055 0.142433234421365
0 0.05583333333333333 0.33086053412462907 0.021666666666666667 0.13353115727002968
0 0.7575 0.3768545994065282 0.016666666666666666 0.050445103857566766
0 0.74 0.38130563798219586 0.015 0.050445103857566766
0 0.7216666666666667 0.3887240356083086 0.016666666666666666 0.05934718100890208
0 0.6825 0.3916913946587537 0.018333333333333333 0.05341246290801187
0 0.7016666666666667 0.3916913946587537 0.018333333333333333 0.06231454005934718
0 0.66 0.3961424332344214 0.021666666666666667 0.06231454005934718
0 0.6333333333333333 0.42136498516320475 0.025 0.08902077151335312
0 0.5841666666666666 0.4287833827893175 0.03 0.09495548961424333
0 0.6116666666666667 0.4287833827893175 0.021666666666666667 0.09198813056379822
0 0.5541666666666667 0.43471810089020774 0.028333333333333332 0.09198813056379822
0 0.7525 0.43471810089020774 0.016666666666666666 0.06231454005934718
0 0.8449500000000001 0.43513353115727 0.08701666666666673 0.19373887240356089
0 0.7341666666666666 0.4362017804154303 0.015 0.06231454005934718
0 0.52 0.43768545994065283 0.035 0.09792284866468842
0 0.6783333333333333 0.45103857566765576 0.016666666666666666 0.06528189910979229
0 0.715 0.45103857566765576 0.018333333333333333 0.05637982195845697
0 0.45666666666666667 0.45252225519287836 0.035 0.11275964391691394
0 0.6966666666666667 0.45252225519287836 0.016666666666666666 0.05637982195845697
0 0.6575 0.456973293768546 0.021666666666666667 0.05934718100890208
0 0.90895 0.459673590504451 0.07519999999999982 0.18261127596439172
0 0.41833333333333333 0.46439169139465875 0.03666666666666667 0.10385756676557864
0 0.38166666666666665 0.4688427299703264 0.03833333333333333 0.11275964391691394
0 0.3408333333333333 0.4762611275964392 0.04 0.10385756676557864
0 0.2991666666666667 0.4807121661721068 0.041666666666666664 0.10682492581602374
0 0.9641666666666666 0.49258160237388726 0.06833333333333333 0.21364985163204747
0 0.25833333333333336 0.49258160237388726 0.04 0.11275964391691394
0 0.7508333333333334 0.4970326409495549 0.015 0.05637982195845697
0 0.7308333333333333 0.5014836795252225 0.016666666666666666 0.06231454005934718
0 0.7116666666666667 0.5074183976261127 0.015 0.050445103857566766
0 0.6325 0.5103857566765578 0.023333333333333334 0.07418397626112759
0 0.6933333333333334 0.5103857566765578 0.018333333333333333 0.04747774480712166
0 0.6083333333333333 0.5133531157270029 0.021666666666666667 0.0712166172106825
0 0.6533333333333333 0.5133531157270029 0.015 0.05637982195845697
0 0.6725 0.5133531157270029 0.018333333333333333 0.050445103857566766
0 0.58 0.5192878338278932 0.025 0.0771513353115727
0 0.5516666666666666 0.5252225519287834 0.028333333333333332 0.0830860534124629
0 0.5175 0.5281899109792285 0.03 0.0830860534124629
0 0.49 0.5385756676557863 0.03166666666666667 0.08902077151335312
0 0.455 0.5534124629080118 0.03666666666666667 0.09198813056379822
0 0.7475 0.5593471810089021 0.013333333333333334 0.050445103857566766
0 0.7275 0.5608308605341247 0.018333333333333333 0.05637982195845697
0 0.41833333333333333 0.5623145400593472 0.03666666666666667 0.09495548961424333
0 0.71 0.5652818991097923 0.013333333333333334 0.05637982195845697
0 0.6908333333333333 0.5682492581602374 0.016666666666666666 0.06231454005934718
0 0.6691666666666667 0.5712166172106825 0.021666666666666667 0.06231454005934718
0 0.38083333333333336 0.5727002967359051 0.03666666666666667 0.09198813056379822
0 0.3408333333333333 0.5786350148367952 0.045 0.10385756676557864
0 0.6491666666666667 0.5786350148367952 0.018333333333333333 0.06528189910979229
0 0.6283333333333333 0.5830860534124629 0.018333333333333333 0.0712166172106825
0 0.3 0.5875370919881305 0.043333333333333335 0.11572700296735905
0 0.6033333333333334 0.5919881305637982 0.025 0.08011869436201781
0 0.8316166666666667 0.5970919881305637 0.07238333333333334 0.16744807121661723
0 0.5775 0.6023738872403561 0.028333333333333332 0.08011869436201781
0 0.26416666666666666 0.6038575667655787 0.03333333333333333 0.10682492581602374
0 0.5475 0.612759643916914 0.02666666666666667 0.08902077151335312
0 0.5175 0.6172106824925816 0.03 0.0830860534124629
0 0.8959666666666667 0.6227893175074184 0.07838333333333329 0.1654005934718101
0 0.4841666666666667 0.629080118694362 0.03333333333333333 0.09198813056379822
0 0.7433333333333333 0.642433234421365 0.015 0.05934718100890208
0 0.7235833333333332 0.6437982195845697 0.022266666666666688 0.05667655786350155
0 0.45166666666666666 0.6439169139465876 0.03166666666666667 0.08902077151335312
0 0.41833333333333333 0.6528189910979229 0.035 0.08902077151335312
0 0.67 0.6646884272997032 0.02 0.05637982195845697
0 0.6908333333333333 0.6646884272997032 0.02 0.05934718100890208
0 0.38 0.6691394658753709 0.04 0.08902077151335312
0 0.3408333333333333 0.6780415430267063 0.03666666666666667 0.10089020771513353
0 0.08833333333333333 0.06824925816023739 0.056666666666666664 0.13649851632047477
0 0.14333333333333334 0.06824925816023739 0.05 0.13353115727002968
0 0.0475 0.06973293768545995 0.023333333333333334 0.12462908011869436
0 0.9558333333333333 0.6884272997032641 0.085 0.20178041543026706
0 0.3025 0.6943620178041543 0.03833333333333333 0.10682492581602374
0 0.6109666666666667 0.697893175074184 0.022483333333333348 0.06902077151335309
0 0.7398 0.7024629080118694 0.016733333333333274 0.05643916913946582
0 0.72315 0.7040356083086053 0.0199666666666667 0.06451038575667659
0 0.5893833333333334 0.7057270029673591 0.022250000000000037 0.07267062314540063
0 0.705 0.7062314540059347 0.016666666666666666 0.05934718100890208
0 0.7562333333333333 0.7063501483679525 0.016299999999999953 0.05566765578635012
0 0.2625 0.7091988130563798 0.03166666666666667 0.09792284866468842
0 0.56785 0.7101780415430268 0.02101666666666669 0.06543026706231457
0 0.5436166666666667 0.7210385756676558 0.024300000000000068 0.0710682492581602
0 0.6675 0.7210682492581603 0.016666666666666666 0.05934718100890208
0 0.6866666666666666 0.7210682492581603 0.016666666666666666 0.050445103857566766
0 0.6466666666666666 0.728486646884273 0.025 0.06528189910979229
0 0.5204 0.7338278931750742 0.02103333333333334 0.07448071216617218
0 0.4949666666666667 0.7389614243323442 0.02668333333333332 0.07065281899109793
0 0.19666666666666666 0.07418397626112759 0.05 0.12759643916913946
0 0.7191166666666667 0.7586350148367953 0.016716666666666623 0.04727002967359052
0 0.7515333333333334 0.7605637982195845 0.015699999999999933 0.05183976261127605
0 0.7363166666666667 0.7618100890207715 0.0175 0.05528189910979227
0 0.4691666666666667 0.7626112759643917 0.025 0.0771513353115727
0 0.7008333333333333 0.7626112759643917 0.018333333333333333 0.050445103857566766
0 0.6063 0.7654302670623145 0.021233333333333347 0.0621958456973294
0 0.4141666666666667 0.7685459940652819 0.025 0.06824925816023739
0 0.44166666666666665 0.7700296735905044 0.02666666666666667 0.08605341246290801
0 0.24666666666666667 0.07863501483679525 0.04666666666666667 0.12759643916913946
0 0.5857833333333334 0.7755786350148368 0.02158333333333341 0.06801186943620174
0 0.3858333333333333 0.7759643916913946 0.03 0.0712166172106825
0 0.6841666666666667 0.7759643916913946 0.016666666666666666 0.06231454005934718
0 0.6658333333333334 0.7789317507418397 0.02 0.05934718100890208
0 0.5636833333333333 0.779347181008902 0.02125 0.0730860534124629
0 0.5419333333333334 0.7867952522255193 0.021200000000000045 0.05759643916913946
0 0.6425 0.7908011869436202 0.023333333333333334 0.050445103857566766
0 0.2941666666666667 0.08011869436201781 0.045 0.12759643916913946
0 0.38 0.08160237388724036 0.03833333333333333 0.13056379821958458
0 0.5177333333333333 0.8033531157270031 0.02363333333333325 0.061038575667655935
0 0.3225 0.8041543026706232 0.03166666666666667 0.0712166172106825
0 0.4946333333333333 0.8087833827893175 0.02375 0.06949554896142421
0 0.7159833333333333 0.8105934718100891 0.01816666666666663 0.05400593471810103
0 0.604 0.8156083086053413 0.02205000000000003 0.044094955489614285
0 0.6975 0.8160237388724035 0.016666666666666666 0.05341246290801187
0 0.2916666666666667 0.8189910979228486 0.028333333333333332 0.07418397626112759
0 0.33666666666666667 0.08456973293768547 0.043333333333333335 0.12462908011869436
0 0.4691666666666667 0.8308605341246291 0.028333333333333332 0.0712166172106825
0 0.5824833333333334 0.832047477744807 0.023816666666666608 0.047982195845697205
0 0.68 0.8353115727002968 0.016666666666666666 0.05341246290801187
0 0.4116666666666667 0.8397626112759644 0.03 0.06824925816023739
0 0.6616666666666666 0.8397626112759644 0.016666666666666666 0.05637982195845697
0 0.5604 0.8451038575667656 0.019683333333333244 0.059584569732937805
0 0.4425 0.8456973293768546 0.028333333333333332 0.0712166172106825
0 0.38416666666666666 0.8501483679525222 0.028333333333333332 0.06824925816023739
0 0.6408333333333334 0.8501483679525222 0.021666666666666667 0.05637982195845697
0 0.62395 0.850652818991098 0.01908333333333341 0.06952522255192864
0 0.5395666666666666 0.8531750741839762 0.020616666666666675 0.06682492581602369
0 0.5149666666666667 0.8621068249258159 0.028266666666666728 0.06750741839762611
0 0.60385 0.8733827893175073 0.01955000000000003 0.06590504451038587
0 0.4914166666666667 0.8743916913946588 0.02296666666666662 0.055845697329377005
0 0.32166666666666666 0.8783382789317508 0.028333333333333332 0.0771513353115727
0 0.5820333333333334 0.8847477744807123 0.023383333333333287 0.062492581602373726
0 0.29 0.8946587537091988 0.03333333333333333 0.0771513353115727
0 0.4683333333333333 0.8946587537091988 0.023333333333333334 0.05637982195845697
0 0.5600499999999999 0.8986350148367952 0.02125 0.05406528189910988
0 0.2608333333333333 0.9050445103857567 0.021666666666666667 0.08011869436201781
0 0.41083333333333333 0.9109792284866469 0.023333333333333334 0.06824925816023739
0 0.44083333333333335 0.9109792284866469 0.028333333333333332 0.07418397626112759
0 0.7978666666666667 0.911780415430267 0.04948333333333343 0.15827893175074192
0 0.5389833333333333 0.9147477744807121 0.02091666666666659 0.05406528189910988
0 0.38333333333333336 0.9198813056379822 0.02666666666666667 0.06824925816023739
0 0.5153666666666668 0.9239169139465876 0.02294999999999997 0.06635014836795257
0 0.9376333333333334 0.9353709198813057 0.06843333333333325 0.12922848664688413
0 0.49073333333333335 0.9366765578635016 0.02160000000000006 0.06976261127596436
0 0.4558333333333333 0.09495548961424333 0.04 0.10979228486646884
0 0.5291666666666667 0.09643916913946587 0.03 0.10385756676557864
0 0.465 0.9495548961424333 0.025 0.06231454005934718
0 0.32166666666666666 0.9540059347181009 0.028333333333333332 0.0830860534124629
0 0.29083333333333333 0.9658753709198813 0.028333333333333332 0.05934718100890208
0 0.43833333333333335 0.9673590504451038 0.025 0.05934718100890208
0 0.4116666666666667 0.9718100890207715 0.028333333333333332 0.050445103857566766
0 0.2625 0.973293768545994 0.025 0.04747774480712166
0 0.38333333333333336 0.9747774480712166 0.03 0.04451038575667656
0 0.495 0.09940652818991098 0.03666666666666667 0.11275964391691394
0 0.5616666666666666 0.10237388724035608 0.03333333333333333 0.10385756676557864
0 0.595 0.10385756676557864 0.03 0.10385756676557864
0 0.7108333333333333 0.11275964391691394 0.025 0.08902077151335312
0 0.6566666666666666 0.1142433234421365 0.025 0.09792284866468842
0 0.685 0.1142433234421365 0.02666666666666667 0.09198813056379822
0 0.7341666666666666 0.11572700296735905 0.021666666666666667 0.08605341246290801
0 0.6275 0.1172106824925816 0.03 0.09792284866468842
0 0.8233333333333334 0.1201780415430267 0.018333333333333333 0.0830860534124629
0 0.7825 0.12166172106824925 0.023333333333333334 0.08902077151335312
0 0.8416666666666667 0.12166172106824925 0.021666666666666667 0.0771513353115727
0 0.7583333333333333 0.12314540059347182 0.023333333333333334 0.08011869436201781
0 0.8616666666666667 0.12462908011869436 0.016666666666666666 0.0771513353115727
0 0.8041666666666667 0.1261127596439169 0.016666666666666666 0.0830860534124629
0 0.88 0.12759643916913946 0.016666666666666666 0.07418397626112759
0 0.7283333333333334 0.1943620178041543 0.023333333333333334 0.08011869436201781
0 0.7533333333333333 0.1943620178041543 0.023333333333333334 0.08011869436201781
0 0.375 0.19584569732937684 0.04 0.11275964391691394
0 0.415 0.19584569732937684 0.04 0.10979228486646884
0 0.050833333333333335 0.19584569732937684 0.025 0.12166172106824925
0 0.7008333333333333 0.19881305637982197 0.02666666666666667 0.0771513353115727
0 0.7741666666666667 0.19881305637982197 0.018333333333333333 0.0712166172106825
0 0.2916666666666667 0.20029673590504452 0.04666666666666667 0.12166172106824925
0 0.3358333333333333 0.20029673590504452 0.03833333333333333 0.11572700296735905
0 0.5225 0.20029673590504452 0.035 0.09792284866468842
0 0.8725 0.20029673590504452 0.015 0.06824925816023739
0 0.19666666666666666 0.20178041543026706 0.04833333333333333 0.12759643916913946
0 0.24666666666666667 0.20178041543026706 0.04666666666666667 0.11275964391691394
0 0.455 0.20178041543026706 0.03666666666666667 0.11275964391691394
0 0.49 0.20178041543026706 0.03333333333333333 0.10089020771513353
0 0.5608333333333333 0.20178041543026706 0.03666666666666667 0.10089020771513353
0 0.5941666666666666 0.20178041543026706 0.02666666666666667 0.09495548961424333
0 0.6758333333333333 0.20178041543026706 0.02666666666666667 0.08011869436201781
0 0.8358333333333333 0.20178041543026706 0.015 0.07418397626112759
0 0.855 0.20178041543026706 0.018333333333333333 0.0771513353115727
0 0.8916666666666667 0.20178041543026706 0.021666666666666667 0.06824925816023739
0 0.09166666666666666 0.20178041543026706 0.056666666666666664 0.11572700296735905
0 0.1475 0.20178041543026706 0.04833333333333333 0.12462908011869436
0 0.65 0.2032640949554896 0.028333333333333332 0.08011869436201781
0 0.795 0.2032640949554896 0.023333333333333334 0.0771513353115727
0 0.6225 0.20771513353115728 0.023333333333333334 0.0830860534124629
0 0.8175 0.20771513353115728 0.018333333333333333 0.06528189910979229
0 0.7458333333333333 0.27596439169139464 0.021666666666666667 0.0830860534124629
0 0.825 0.27596439169139464 0.023333333333333334 0.0771513353115727
0 0.7683333333333333 0.2789317507418398 0.018333333333333333 0.08605341246290801
0 0.7225 0.28041543026706234 0.021666666666666667 0.0830860534124629
0 0.7875 0.28041543026706234 0.016666666666666666 0.07418397626112759
0 0.8083333333333333 0.28041543026706234 0.016666666666666666 0.07418397626112759
0 0.6966666666666667 0.28338278931750743 0.023333333333333334 0.09792284866468842
0 0.615 0.2893175074183976 0.025 0.08902077151335312
0 0.6433333333333333 0.2893175074183976 0.023333333333333334 0.08902077151335312
0 0.6708333333333333 0.2893175074183976 0.03 0.08902077151335312
0 0.5575 0.2952522255192878 0.03 0.10089020771513353
0 0.5866666666666667 0.2952522255192878 0.02666666666666667 0.10089020771513353