0 0.5008333333333334 0.2997032640949555 0.035 0.0712166172106825
0 0.5325 0.3086053412462908 0.03 0.08011869436201781
0 0.5625 0.31305637982195844 0.028333333333333332 0.06824925816023739
0 0.5916666666666667 0.3219584569732938 0.02666666666666667 0.0771513353115727
0 0.6175 0.32344213649851633 0.025 0.0712166172106825
0 0.6458333333333334 0.3293768545994065 0.025 0.06824925816023739
0 0.19416666666666665 0.3353115727002967 0.035 0.08605341246290801
0 0.6716666666666666 0.3353115727002967 0.025 0.06824925816023739
0 0.23166666666666666 0.33827893175074186 0.03666666666666667 0.08605341246290801
0 0.6983333333333334 0.3427299703264095 0.023333333333333334 0.06824925816023739
0 0.2683333333333333 0.3456973293768546 0.035 0.08605341246290801
0 0.7241666666666666 0.34718100890207715 0.02666666666666667 0.0712166172106825
0 0.30333333333333334 0.3486646884272997 0.035 0.0830860534124629
0 0.7491666666666666 0.35311572700296734 0.025 0.0712166172106825
0 0.3383333333333333 0.3545994065281899 0.03166666666666667 0.08011869436201781
0 0.7741666666666667 0.35756676557863504 0.023333333333333334 0.0712166172106825
0 0.8175 0.3620178041543027 0.02 0.06528189910979229
0 0.37083333333333335 0.36350148367952523 0.03333333333333333 0.08011869436201781
0 0.4041666666666667 0.36350148367952523 0.028333333333333332 0.0771513353115727
0 0.7966666666666666 0.36350148367952523 0.018333333333333333 0.06528189910979229
0 0.84 0.3649851632047478 0.02 0.05934718100890208
0 0.43416666666666665 0.3664688427299703 0.02666666666666667 0.0830860534124629
0 0.8608333333333333 0.37091988130563797 0.021666666666666667 0.05934718100890208
0 0.465 0.3724035608308605 0.03 0.0771513353115727
0 0.49666666666666665 0.37388724035608306 0.03166666666666667 0.0712166172106825
0 0.8816666666666667 0.37388724035608306 0.018333333333333333 0.06231454005934718
0 0.9008333333333334 0.37833827893175076 0.02 0.06231454005934718
0 0.5266666666666666 0.38427299703264095 0.028333333333333332 0.0771513353115727
0 0.5541666666666667 0.38724035608308605 0.028333333333333332 0.07418397626112759
0 0.5833333333333334 0.38724035608308605 0.028333333333333332 0.07418397626112759
0 0.6108333333333333 0.3961424332344214 0.02666666666666667 0.0712166172106825
0 0.6375 0.3991097922848665 0.023333333333333334 0.0712166172106825
0 0.6633333333333333 0.3991097922848665 0.025 0.0712166172106825
0 0.6908333333333333 0.4124629080118694 0.025 0.07418397626112759
0 0.7141666666666666 0.413946587537092 0.023333333333333334 0.06528189910979229
0 0.7383333333333333 0.41839762611275966 0.02666666666666667 0.06824925816023739
0 0.19 0.42136498516320475 0.035 0.08605341246290801
0 0.22583333333333333 0.4228486646884273 0.03666666666666667 0.08605341246290801
0 0.7641666666666667 0.4228486646884273 0.023333333333333334 0.06528189910979229
0 0.2625 0.4258160237388724 0.035 0.08605341246290801
0 0.7875 0.42729970326409494 0.02 0.06231454005934718
0 0.8091666666666667 0.42729970326409494 0.02 0.06231454005934718
0 0.8308333333333333 0.42729970326409494 0.02 0.05934718100890208
0 0.3 0.4287833827893175 0.035 0.08011869436201781
0 0.8516666666666667 0.4332344213649852 0.02 0.06231454005934718
0 0.3333333333333333 0.43471810089020774 0.03333333333333333 0.08011869436201781
0 0.8733333333333333 0.4362017804154303 0.018333333333333333 0.06231454005934718
0 0.36666666666666664 0.4421364985163205 0.03166666666666667 0.07418397626112759
0 0.8933333333333333 0.4421364985163205 0.018333333333333333 0.06231454005934718
0 0.3983333333333333 0.443620178041543 0.03166666666666667 0.0771513353115727
0 0.42833333333333334 0.44510385756676557 0.028333333333333332 0.0771513353115727
0 0.9125 0.44510385756676557 0.02 0.05934718100890208
0 0.45916666666666667 0.44807121661721067 0.03 0.0771513353115727
0 0.49 0.45103857566765576 0.03 0.0771513353115727
0 0.5208333333333334 0.45548961424332346 0.028333333333333332 0.0830860534124629
0 0.5491666666666667 0.4599406528189911 0.025 0.0712166172106825
0 0.5766666666666667 0.4599406528189911 0.028333333333333332 0.06824925816023739
0 0.605 0.4658753709198813 0.025 0.06824925816023739
0 0.6316666666666667 0.47032640949554894 0.02666666666666667 0.06824925816023739
0 0.6583333333333333 0.4732937685459941 0.021666666666666667 0.07418397626112759
0 0.7583333333333333 0.4732937685459941 0.023333333333333334 0.03857566765578635
0 0.7325 0.4762611275964392 0.025 0.04154302670623145
0 0.6833333333333333 0.4792284866468843 0.02666666666666667 0.06824925816023739
0 0.7833333333333333 0.4807121661721068 0.023333333333333334 0.04747774480712166
0 0.7083333333333334 0.4836795252225519 0.02 0.06528189910979229
0 0.8058333333333333 0.48516320474777447 0.02 0.050445103857566766
0 0.8266666666666667 0.4910979228486647 0.018333333333333333 0.06231454005934718
0 0.8666666666666667 0.49851632047477745 0.016666666666666666 0.06231454005934718
0 0.8458333333333333 0.5 0.021666666666666667 0.06528189910979229
0 0.8858333333333334 0.5029673590504451 0.02 0.05934718100890208
0 0.9075 0.5089020771513353 0.02 0.05934718100890208
0 0.2683333333333333 0.5563798219584569 0.015 0.08011869436201781
0 0.29583333333333334 0.5578635014836796 0.035 0.0830860534124629
0 0.36333333333333334 0.5593471810089021 0.03166666666666667 0.0830860534124629
0 0.33166666666666667 0.5608308605341247 0.03166666666666667 0.0830860534124629
0 0.3958333333333333 0.5623145400593472 0.028333333333333332 0.0771513353115727
0 0.4875 0.5623145400593472 0.03 0.0771513353115727
0 0.4266666666666667 0.5652818991097923 0.03 0.0830860534124629
0 0.4575 0.5667655786350149 0.03 0.0830860534124629
0 0.5425 0.5682492581602374 0.028333333333333332 0.0712166172106825
0 0.5708333333333333 0.5727002967359051 0.028333333333333332 0.0712166172106825
0 0.5975 0.5741839762611276 0.02666666666666667 0.06824925816023739
0 0.6233333333333333 0.5756676557863502 0.023333333333333334 0.0712166172106825
0 0.6466666666666666 0.5801186943620178 0.02 0.0712166172106825
0 0.69065 0.6002967359050445 0.056783333333333415 0.12599406528189905
0 0.7823666666666667 0.6064391691394659 0.04330000000000003 0.08637982195845702
0 0.8709166666666666 0.6152225519287834 0.029266666666666576 0.0830860534124629
0 0.7285333333333334 0.6174777448071217 0.05991666666666674 0.12454005934718092
0 0.9070333333333334 0.620919881305638 0.027333333333333484 0.07397626112759646
0 0.939 0.6220771513353115 0.0337166666666667 0.07397626112759646
0 0.8190833333333333 0.6233531157270029 0.02966666666666659 0.0770029673590504
0 0.9683999999999999 0.6237685459940653 0.02474999999999985 0.06602373887240356
0 0.9898333333333333 0.6243323442136499 0.020316666666666757 0.06486646884273001
0 0.2925 0.6350148367952523 0.03166666666666667 0.08011869436201781
0 0.2625 0.6364985163204748 0.018333333333333333 0.0830860534124629
0 0.3258333333333333 0.6379821958456974 0.035 0.07418397626112759
0 0.36083333333333334 0.6379821958456974 0.028333333333333332 0.0712166172106825
0 0.5391666666666667 0.6379821958456974 0.02666666666666667 0.0712166172106825
0 0.3908333333333333 0.6394658753709199 0.03 0.0771513353115727
0 0.42083333333333334 0.6394658753709199 0.03 0.0712166172106825
0 0.4825 0.6394658753709199 0.028333333333333332 0.07418397626112759
0 0.5116666666666667 0.6394658753709199 0.02666666666666667 0.07418397626112759
0 0.4525 0.6409495548961425 0.03 0.0712166172106825
0 0.5666666666666667 0.6454005934718101 0.028333333333333332 0.0712166172106825
0 0.5933333333333334 0.6454005934718101 0.02666666666666667 0.06824925816023739
0 0.6183333333333333 0.6468842729970327 0.023333333333333334 0.06528189910979229
0 0.7474666666666667 0.6479821958456974 0.056316666666666605 0.12635014836795247
0 0.6416666666666667 0.6483679525222552 0.021666666666666667 0.06528189910979229
0 0.44583333333333336 0.7106824925816023 0.03166666666666667 0.0712166172106825
0 0.5341666666666667 0.7106824925816023 0.025 0.0712166172106825
0 0.5616666666666666 0.7106824925816023 0.02666666666666667 0.06231454005934718
0 0.67435 0.7114243323442137 0.04073333333333343 0.12189910979228491
0 0.2875 0.712166172106825 0.03166666666666667 0.08011869436201781
0 0.475 0.712166172106825 0.028333333333333332 0.06824925816023739
0 0.5883333333333334 0.712166172106825 0.023333333333333334 0.06231454005934718
0 0.6108333333333333 0.712166172106825 0.023333333333333334 0.05934718100890208
0 0.635 0.712166172106825 0.025 0.05934718100890208
0 0.2608333333333333 0.7136498516320475 0.016666666666666666 0.0712166172106825
0 0.32166666666666666 0.7136498516320475 0.03166666666666667 0.08011869436201781
0 0.3525 0.7136498516320475 0.03 0.07418397626112759
0 0.385 0.7136498516320475 0.03166666666666667 0.07418397626112759
0 0.41583333333333333 0.7136498516320475 0.028333333333333332 0.0712166172106825
0 0.505 0.7136498516320475 0.028333333333333332 0.06528189910979229
0 0.8141999999999999 0.7394362017804155 0.032316666666666646 0.12068249258160234
0 0.8487166666666667 0.7419881305637982 0.037033333333333376 0.10881305637982192
0 0.8792166666666666 0.7422551928783382 0.03738333333333344 0.1092284866468842
0 0.9118333333333334 0.7444213649851632 0.035016666666666654 0.11563798219584578
0 0.9418666666666666 0.744540059347181 0.03629999999999996 0.1095845697329377
0 0.7729 0.7453709198813057 0.05158333333333341 0.13255192878338276
0 0.9738833333333334 0.7474480712166172 0.03738333333333344 0.10958456973293762
0 0.9916666666666667 0.7522255192878339 0.013333333333333334 0.09792284866468842
0 0.7281666666666666 0.7814540059347181 0.04299999999999993 0.1307418397626112
0 0.5949166666666666 0.7931750741839763 0.019916666666666742 0.04833827893175063
0 0.5727833333333333 0.7940059347181009 0.02134999999999991 0.04492581602373883
0 0.6153833333333334 0.7944213649851632 0.019916666666666742 0.04747774480712166
0 0.5523 0.7974183976261128 0.020416666666666666 0.05002967359050449
0 0.5296833333333333 0.8016617210682493 0.02089999999999994 0.055103857566765724
0 0.5097 0.8029080118694362 0.02089999999999994 0.0559643916913947
0 0.4633333333333333 0.8041543026706232 0.023333333333333334 0.05637982195845697
0 0.4175 0.8056379821958457 0.025 0.05341246290801187
0 0.44083333333333335 0.8056379821958457 0.021666666666666667 0.05637982195845697
0 0.48583333333333334 0.8056379821958457 0.02 0.05341246290801187
0 0.33916666666666667 0.8086053412462908 0.025 0.05341246290801187
0 0.365 0.8086053412462908 0.025 0.05637982195845697
0 0.9883333333333333 0.8397626112759644 0.02 0.08902077151335312
0 0.6516666666666666 0.8397626112759644 0.02 0.050445103857566766
0 0.59135 0.8419287833827894 0.02134999999999991 0.05086053412462904
0 0.6118166666666667 0.8419287833827894 0.02134999999999991 0.0457863501483678
0 0.8704166666666666 0.8424629080118695 0.029699999999999893 0.08872403560830854
0 0.5687333333333333 0.8440356083086054 0.019933333333333393 0.05002967359050449
0 0.9030166666666666 0.8444510385756676 0.02908333333333341 0.087893175074184
0 0.8403666666666667 0.845459940652819 0.0275 0.09531157270029675
0 0.9293833333333333 0.8458456973293769 0.02740000000000009 0.0877744807121663
0 0.9610666666666666 0.8466468842729971 0.03691666666666682 0.09038575667655797
0 0.7633833333333333 0.8496439169139466 0.03601666666666669 0.0997626112759644
0 0.5473 0.8503857566765578 0.019933333333333393 0.05086053412462904
0 0.8067666666666666 0.8527002967359051 0.03711666666666664 0.09709198813056388
0 0.5047 0.8550741839762612 0.023283333333333378 0.05002967359050449
0 0.41083333333333333 0.8560830860534124 0.021666666666666667 0.04747774480712166
0 0.5258833333333333 0.856320474777448 0.019950000000000044 0.054272997032640845
0 0.435 0.857566765578635 0.023333333333333334 0.050445103857566766
0 0.4825 0.8590504451038575 0.023333333333333334 0.050445103857566766
0 0.45916666666666667 0.8605341246290801 0.021666666666666667 0.050445103857566766
0 0.3358333333333333 0.8620178041543026 0.025 0.05637982195845697
0 0.36 0.8635014836795252 0.02666666666666667 0.05934718100890208
0 0.31 0.8664688427299704 0.025 0.05637982195845697
0 0.2825 0.8679525222551929 0.025 0.05637982195845697
0 0.6454333333333333 0.879406528189911 0.025 0.04747774480712166
0 0.6049166666666667 0.891513353115727 0.01896666666666666 0.04833827893175063
0 0.58635 0.8936498516320476 0.01896666666666666 0.054272997032640845
0 0.5627833333333334 0.8961721068249258 0.020400000000000015 0.05258160237388732
0 0.5430166666666667 0.9038278931750741 0.02088333333333329 0.05934718100890208
0 0.4325 0.9050445103857567 0.023333333333333334 0.05341246290801187
0 0.4091666666666667 0.9080118694362018 0.023333333333333334 0.05637982195845697
0 0.47833333333333333 0.9080118694362018 0.021666666666666667 0.04451038575667656
0 0.4997 0.9080415430267063 0.02281666666666676 0.054272997032640845
0 0.5218333333333334 0.9089020771513353 0.020416666666666666 0.04916913946587552
0 0.455 0.9094955489614244 0.021666666666666667 0.050445103857566766
0 0.3591666666666667 0.9169139465875371 0.021666666666666667 0.04747774480712166
0 0.25333333333333335 0.9243323442136498 0.025 0.050445103857566766
0 0.2791666666666667 0.9243323442136498 0.028333333333333332 0.05341246290801187
0 0.6232833333333334 0.9371216617210683 0.02088333333333329 0.05124629080118689
0 0.6015833333333334 0.9436498516320474 0.019916666666666742 0.05258160237388732
0 0.5808666666666666 0.9445103857566766 0.020400000000000015 0.0559643916913947
0 0.5599166666666666 0.9495845697329377 0.02136666666666675 0.05258160237388732
0 0.7233333333333334 0.9480712166172107 0.03333333333333333 0.09792284866468842
0 0.5396833333333333 0.9567952522255193 0.022799999999999918 0.04664688427299711
0 0.5189833333333334 0.9593471810089022 0.022333333333333295 0.04492581602373883
0 0.42833333333333334 0.9614243323442137 0.021666666666666667 0.05341246290801187
0 0.47583333333333333 0.9614243323442137 0.02 0.05341246290801187
0 0.49778333333333336 0.9614836795252225 0.02281666666666676 0.0457863501483678
0 0.4033333333333333 0.9629080118694362 0.023333333333333334 0.05637982195845697
0 0.45166666666666666 0.9629080118694362 0.023333333333333334 0.05341246290801187
0 0.9358333333333333 0.9629080118694362 0.028333333333333332 0.06824925816023739
0 0.9733333333333334 0.9643916913946587 0.04 0.06528189910979229
0 0.37916666666666665 0.9688427299703264 0.023333333333333334 0.05934718100890208
0 0.8966666666666666 0.9673590504451038 0.05 0.05934718100890208
0 0.8166666666666667 0.9718100890207715 0.043333333333333335 0.050445103857566766
0 0.7681 0.975192878338279 0.05741666666666674 0.04878338278931767
0 0.1975 0.2433234421364985 0.03833333333333333 0.09198813056379822
0 0.235 0.2507418397626113 0.03333333333333333 0.09198813056379822
0 0.2708333333333333 0.2596439169139466 0.04 0.08902077151335312
0 0.30833333333333335 0.26409495548961426 0.03333333333333333 0.08902077151335312
0 0.3425 0.27002967359050445 0.03166666666666667 0.08605341246290801
0 0.375 0.28041543026706234 0.03333333333333333 0.08902077151335312
0 0.43833333333333335 0.28041543026706234 0.03333333333333333 0.0830860534124629
0 0.4075 0.28486646884273 0.028333333333333332 0.08011869436201781