0 0.9739666666666666 0.46464444444444447 0.04986666666666679 0.09940000000000004
0 0.9391333333333334 0.48444444444444446 0.046849999999999836 0.07922222222222217
0 0.9008 0.5507333333333334 0.05806666666666653 0.1018666666666666
0 0.9492833333333334 0.5594222222222223 0.04593333333333324 0.07479999999999994
0 0.8561166666666666 0.5626666666666666 0.05051666666666658 0.0974444444444445
0 0.395 0.5888888888888889 0.02666666666666667 0.05555555555555555
0 0.4275 0.5977777777777777 0.03 0.06
0 0.45916666666666667 0.5977777777777777 0.03 0.06444444444444444
0 0.4891666666666667 0.6022222222222222 0.03166666666666667 0.057777777777777775
0 0.5183333333333333 0.6044444444444445 0.028333333333333332 0.06222222222222222
0 0.5483333333333333 0.6088888888888889 0.025 0.05555555555555555
0 0.5808333333333333 0.6177777777777778 0.02666666666666667 0.05333333333333334
0 0.6116666666666667 0.6222222222222222 0.03 0.05333333333333334
0 0.9835999999999999 0.6331555555555556 0.032783333333333456 0.1373333333333333
0 0.3925 0.6488888888888888 0.02666666666666667 0.06
0 0.9538166666666666 0.6491555555555556 0.036849999999999834 0.09264444444444457
0 0.9105 0.6529555555555555 0.06796666666666662 0.10580000000000003
0 0.42333333333333334 0.6566666666666666 0.03166666666666667 0.06
0 0.455 0.6577777777777778 0.03166666666666667 0.05555555555555555
0 0.4875 0.6633333333333333 0.028333333333333332 0.06
0 0.8568666666666667 0.6638666666666667 0.06008333333333326 0.10822222222222232
0 0.5166666666666667 0.6644444444444444 0.03166666666666667 0.06
0 0.5475 0.6666666666666666 0.03 0.05555555555555555
0 0.5791666666666667 0.6711111111111111 0.03166666666666667 0.05333333333333334
0 0.6116666666666667 0.6722222222222223 0.03166666666666667 0.051111111111111114
0 0.3883333333333333 0.7111111111111111 0.028333333333333332 0.06
0 0.4191666666666667 0.7155555555555555 0.03166666666666667 0.057777777777777775
0 0.4533333333333333 0.7155555555555555 0.03333333333333333 0.06
0 0.485 0.7233333333333334 0.03166666666666667 0.06
0 0.5158333333333334 0.7244444444444444 0.03 0.06
0 0.5458333333333333 0.7255555555555555 0.03166666666666667 0.057777777777777775
0 0.6108333333333333 0.7266666666666667 0.03333333333333333 0.057777777777777775
0 0.5775 0.7277777777777777 0.03166666666666667 0.06
0 0.3825 0.81 0.02666666666666667 0.06888888888888889
0 0.415 0.81 0.03166666666666667 0.06888888888888889
0 0.44916666666666666 0.8111111111111111 0.03333333333333333 0.06444444444444444
0 0.48333333333333334 0.8122222222222222 0.03333333333333333 0.06444444444444444
0 0.5141666666666667 0.8122222222222222 0.028333333333333332 0.06222222222222222
0 0.5575 0.8177777777777778 0.02 0.06222222222222222
0 0.5825 0.8188888888888889 0.03166666666666667 0.06444444444444444
0 0.6158333333333333 0.8211111111111111 0.03 0.06444444444444444
0 0.445 0.8744444444444445 0.03333333333333333 0.06666666666666667
0 0.41333333333333333 0.8766666666666667 0.03166666666666667 0.06444444444444444
0 0.48 0.8766666666666667 0.035 0.06888888888888889
0 0.5133333333333333 0.8766666666666667 0.03166666666666667 0.06666666666666667
0 0.5575 0.8766666666666667 0.02 0.06
0 0.5816666666666667 0.88 0.03 0.06222222222222222
0 0.6141666666666666 0.8822222222222222 0.03333333333333333 0.06
0 0.37583333333333335 0.94 0.03666666666666667 0.07111111111111111
0 0.44583333333333336 0.9411111111111111 0.03 0.07333333333333333
0 0.41333333333333333 0.9422222222222222 0.03333333333333333 0.07111111111111111
0 0.515 0.9433333333333334 0.028333333333333332 0.06666666666666667
0 0.5491666666666667 0.9433333333333334 0.03666666666666667 0.07333333333333333
0 0.48 0.9444444444444444 0.03666666666666667 0.06888888888888889
0 0.5825 0.9455555555555556 0.03 0.06888888888888889
0 0.6125 0.9455555555555556 0.03333333333333333 0.06666666666666667