0 0.37833333333333335 0.3086053412462908 0.07833333333333334 0.19287833827893175
0 0.30833333333333335 0.3189910979228487 0.06833333333333333 0.19287833827893175
0 0.97 0.3427299703264095 0.05333333333333334 0.31750741839762614
0 0.8866666666666667 0.35756676557863504 0.13666666666666666 0.3026706231454006
0 0.185 0.3827893175074184 0.09833333333333333 0.18694362017804153
0 0.7558333333333334 0.4094955489614243 0.12166666666666667 0.2789317507418398
0 0.1075 0.42136498516320475 0.065 0.1661721068249258
0 0.6375 0.43026706231454004 0.11166666666666666 0.2551928783382789
0 0.05323333333333333 0.43272997032640953 0.05546666666666667 0.16816023738872407
0 0.5358333333333334 0.46735905044510384 0.09333333333333334 0.2314540059347181
0 0.4483333333333333 0.49554896142433236 0.09166666666666666 0.2344213649851632
0 0.3616666666666667 0.5133531157270029 0.07833333333333334 0.21364985163204747
0 0.2891666666666667 0.5237388724035609 0.07166666666666667 0.20474777448071216
0 0.215 0.5563798219584569 0.07833333333333334 0.17210682492581603
0 0.14833333333333334 0.5727002967359051 0.07166666666666667 0.18991097922848665
0 0.024066666666666667 0.5996439169139466 0.044366666666666665 0.17062314540059348
0 0.07833333333333334 0.6008902077151336 0.06333333333333334 0.17210682492581603
0 0.98 0.6513353115727003 0.03666666666666667 0.3353115727002967
0 0.8975 0.6646884272997032 0.155 0.314540059347181
0 0.7591666666666667 0.6839762611275965 0.12833333333333333 0.29376854599406527
0 0.6366666666666667 0.6958456973293768 0.11333333333333333 0.2789317507418398
0 0.5275 0.7151335311572701 0.09666666666666666 0.258160237388724
0 0.435 0.728486646884273 0.08833333333333333 0.23738872403560832
0 0.345 0.7418397626112759 0.08833333333333333 0.23738872403560832
0 0.27 0.7433234421364985 0.07 0.23738872403560832
0 0.19083333333333333 0.7596439169139466 0.09 0.22551928783382788
0 0.11416666666666667 0.7685459940652819 0.07666666666666666 0.21364985163204747
0 0.013650000000000002 0.7739762611275964 0.02631666666666667 0.17308605341246294
0 0.05333333333333334 0.7833827893175074 0.06666666666666667 0.18397626112759644
0 0.9658333333333333 0.10089020771513353 0.06333333333333334 0.19287833827893175
0 0.8675 0.12166172106824925 0.125 0.2433234421364985
0 0.7483333333333333 0.14688427299703263 0.115 0.24629080118694363
0 0.6408333333333334 0.18991097922848665 0.10166666666666667 0.2166172106824926
0 0.5441666666666667 0.2344213649851632 0.09333333333333334 0.228486646884273
0 0.4583333333333333 0.27299703264094954 0.08333333333333333 0.20178041543026706