0 0.48516320474777447 0.1675 0.17507418397626112 0.15
0 0.6439169139465876 0.16916666666666666 0.1661721068249258 0.14833333333333334
0 0.7893175074183977 0.1725 0.13353115727002968 0.13666666666666666
0 0.14094955489614244 0.17666666666666667 0.1513353115727003 0.15
0 0.9543323442136499 0.23095 0.09130563798219579 0.07618333333333333
0 0.15875370919881307 0.285 0.1394658753709199 0.06333333333333334
0 0.7863501483679525 0.30333333333333334 0.13649851632047477 0.13333333333333333
0 0.908219584569733 0.3047666666666667 0.1092878338278933 0.08095
0 0.6498516320474778 0.30916666666666665 0.1513353115727003 0.135
0 0.4970326409495549 0.31333333333333335 0.1543026706231454 0.13833333333333334
0 0.3219584569732938 0.31666666666666665 0.19287833827893175 0.145
0 0.16014836795252224 0.3892833333333333 0.1985756676557864 0.1452333333333333
0 0.9061127596439169 0.39405 0.10504451038575661 0.08810000000000003
0 0.03560830860534125 0.39666666666666667 0.0712166172106825 0.14666666666666667
0 0.787833827893175 0.43166666666666664 0.11869436201780416 0.12
0 0.658753709198813 0.44083333333333335 0.1394658753709199 0.13
0 0.5089020771513353 0.44916666666666666 0.16023738872403562 0.13166666666666665
0 0.3397626112759644 0.46166666666666667 0.17804154302670624 0.14166666666666666
0 0.9145697329376854 0.4773833333333333 0.10504451038575661 0.07856666666666665
0 0.17498516320474777 0.525 0.18584569732937684 0.1309499999999999
0 0.04919881305637982 0.5368999999999999 0.09839762611275964 0.14048333333333327
0 0.7937685459940653 0.5483333333333333 0.12759643916913946 0.12
0 0.9124629080118695 0.5559499999999999 0.11774480712166158 0.08810000000000003
0 0.6646884272997032 0.5683333333333334 0.14540059347181009 0.12333333333333334
0 0.516320474777448 0.5808333333333333 0.1632047477744807 0.12833333333333333
0 0.36053412462908013 0.6 0.17804154302670624 0.13166666666666665
0 0.9188130563798219 0.6345166666666666 0.10504451038575661 0.0738166666666666
0 0.19406528189910982 0.65595 0.17311572700296737 0.1261833333333334
0 0.8026706231454006 0.6658333333333334 0.12759643916913946 0.11333333333333333
0 0.04919881305637982 0.6773833333333333 0.09839762611275964 0.1357166666666666
0 0.6706231454005934 0.69 0.14540059347181009 0.11166666666666666
0 0.9145697329376854 0.7011833333333333 0.10504451038575661 0.06904999999999992
0 0.526706231454006 0.7083333333333334 0.14540059347181009 0.125
0 0.3724035608308605 0.7333333333333333 0.17210682492581603 0.12833333333333333
0 0.9272997032640949 0.7678499999999999 0.10504451038575661 0.06904999999999992
0 0.8041543026706232 0.7741666666666667 0.13353115727002968 0.10666666666666667
0 0.2131454005934718 0.7797666666666667 0.1773590504451039 0.11666666666666667
0 0.6706231454005934 0.8041666666666667 0.13353115727002968 0.11333333333333333
0 0.059792284866468835 0.8059499999999999 0.11958456973293767 0.1309500000000001
0 0.5341246290801187 0.83 0.14540059347181009 0.115
0 0.38427299703264095 0.86 0.1572700296735905 0.12166666666666667
0 0.22373887240356086 0.8988166666666666 0.18160237388724035 0.12143333333333327
0 0.07115727002967359 0.9345166666666668 0.13077151335311574 0.1261833333333334
0 0.9451038575667656 0.15333333333333332 0.10385756676557864 0.08
0 0.29821958456973297 0.16333333333333333 0.19881305637982197 0.16