0 0.09 0.3798219584569733 0.02666666666666667 0.10385756676557864
0 0.09666666666666666 0.49258160237388726 0.02666666666666667 0.11275964391691394
0 0.12166666666666667 0.5 0.025 0.10682492581602374
0 0.15083333333333335 0.5059347181008902 0.03166666666666667 0.11572700296735905
0 0.185 0.516320474777448 0.035 0.11572700296735905
0 0.11583333333333333 0.38427299703264095 0.025 0.10979228486646884
0 0.14333333333333334 0.3887240356083086 0.028333333333333332 0.10385756676557864
0 0.175 0.39020771513353114 0.03333333333333333 0.11572700296735905
0 0.21083333333333334 0.39465875370919884 0.045 0.12166172106824925
0 0.2225 0.516320474777448 0.03833333333333333 0.11869436201780416
0 0.2475 0.39317507418397624 0.035 0.12462908011869436
0 0.25583333333333336 0.5207715133531158 0.03833333333333333 0.12462908011869436
0 0.2866666666666667 0.40059347181008903 0.04666666666666667 0.13649851632047477
0 0.32083333333333336 0.39465875370919884 0.041666666666666664 0.13649851632047477
0 0.36 0.3961424332344214 0.041666666666666664 0.1394658753709199
0 0.405 0.39762611275964393 0.051666666666666666 0.14540059347181009
0 0.45666666666666667 0.3961424332344214 0.05333333333333334 0.14540059347181009
0 0.5125 0.39317507418397624 0.06166666666666667 0.1513353115727003
0 0.5883333333333334 0.3961424332344214 0.06166666666666667 0.16023738872403562
0 0.6525 0.3961424332344214 0.065 0.16913946587537093
0 0.705 0.4599406528189911 0.058333333333333334 0.142433234421365
0 0.7125 0.6038575667655787 0.058333333333333334 0.13353115727002968
0 0.7608333333333334 0.456973293768546 0.04833333333333333 0.13649851632047477
0 0.7666666666666667 0.5875370919881305 0.045 0.11869436201780416
0 0.2941666666666667 0.5311572700296736 0.045 0.12166172106824925
0 0.3308333333333333 0.5341246290801187 0.03833333333333333 0.13056379821958458
0 0.37166666666666665 0.5341246290801187 0.041666666666666664 0.142433234421365
0 0.4141666666666667 0.5445103857566765 0.056666666666666664 0.14836795252225518
0 0.465 0.5459940652818991 0.05 0.14836795252225518
0 0.52 0.5519287833827893 0.06166666666666667 0.1572700296735905
0 0.5875 0.5534124629080118 0.065 0.1543026706231454
0 0.6508333333333334 0.5623145400593472 0.055 0.16023738872403562
0 0.825 0.3961424332344214 0.07833333333333334 0.18100890207715134
0 0.8258333333333333 0.5786350148367952 0.08 0.18100890207715134
0 0.9066666666666666 0.39020771513353114 0.07833333333333334 0.19584569732937684
0 0.9066666666666666 0.5890207715133531 0.07666666666666666 0.20178041543026706
0 0.9716666666666667 0.46439169139465875 0.04833333333333333 0.17210682492581603
0 0.9725 0.629080118694362 0.051666666666666666 0.1543026706231454
0 0.0325 0.8590504451038575 0.056666666666666664 0.27596439169139464