0 0.8158333333333333 0.26222222222222225 0.13333333333333333 0.2577777777777778
0 0.94 0.2677777777777778 0.10833333333333334 0.25555555555555554
0 0.0632 0.3012444444444444 0.1264 0.25680000000000003
0 0.19833333333333333 0.4622222222222222 0.16166666666666665 0.31777777777777777
0 0.37 0.4777777777777778 0.14833333333333334 0.29555555555555557
0 0.5225 0.49 0.14 0.29333333333333333
0 0.6775 0.4988888888888889 0.14 0.2911111111111111
0 0.8166666666666667 0.5266666666666666 0.13333333333333333 0.2777777777777778
0 0.94 0.5288888888888889 0.11333333333333333 0.2688888888888889
0 0.05395 0.5419777777777778 0.10788333333333334 0.24937777777777784
0 0.18 0.77 0.17 0.32
0 0.51 0.7811111111111111 0.14333333333333334 0.31777777777777777
0 0.35333333333333333 0.7833333333333333 0.15333333333333332 0.31333333333333335
0 0.045616666666666666 0.7962888888888888 0.09123333333333333 0.2642
0 0.6716666666666666 0.7988888888888889 0.14833333333333334 0.31333333333333335
0 0.8208333333333333 0.81 0.14 0.2866666666666667
0 0.9458333333333333 0.8122222222222222 0.10666666666666667 0.2911111111111111
0 0.2175 0.17 0.14666666666666667 0.30444444444444446
0 0.3858333333333333 0.19666666666666666 0.13833333333333334 0.28888888888888886
0 0.5316666666666666 0.2111111111111111 0.13666666666666666 0.30666666666666664
0 0.6816666666666666 0.22 0.13166666666666665 0.2733333333333333