0 0.40166666666666667 0.2222222222222222 0.12333333333333334 0.25555555555555554
0 0.52 0.26555555555555554 0.10666666666666667 0.24666666666666667
0 0.6233333333333333 0.2922222222222222 0.09666666666666666 0.22666666666666666
0 0.7108333333333333 0.33 0.07666666666666666 0.20444444444444446
0 0.7841666666666667 0.3488888888888889 0.07 0.19111111111111112
0 0.8375 0.37777777777777777 0.03666666666666667 0.17333333333333334
0 0.8816666666666667 0.39444444444444443 0.04833333333333333 0.16666666666666666
0 0.9266666666666666 0.41333333333333333 0.041666666666666664 0.15777777777777777
0 0.11721666666666666 0.44691111111111115 0.14423333333333332 0.26666666666666666
0 0.9641666666666666 0.4477777777777778 0.03333333333333333 0.10666666666666667
0 0.2608333333333333 0.45222222222222225 0.14833333333333334 0.28888888888888886
0 0.40166666666666667 0.4822222222222222 0.12666666666666668 0.26222222222222225
0 0.52 0.5033333333333333 0.11 0.24444444444444444
0 0.6216666666666667 0.5166666666666667 0.10166666666666667 0.22
0 0.715 0.5344444444444445 0.08333333333333333 0.2111111111111111
0 0.7908333333333334 0.5433333333333333 0.065 0.20222222222222222
0 0.8441666666666666 0.5533333333333333 0.041666666666666664 0.18222222222222223
0 0.8891666666666667 0.5611111111111111 0.045 0.1688888888888889
0 0.9366666666666666 0.5722222222222222 0.05 0.15555555555555556
0 0.9775 0.5811111111111111 0.035 0.14888888888888888
0 0.8983333333333333 0.7222222222222222 0.04 0.15555555555555556
0 0.7183333333333334 0.7255555555555555 0.085 0.18222222222222223
0 0.8516666666666667 0.7255555555555555 0.05 0.14666666666666667
0 0.9408333333333333 0.7255555555555555 0.05 0.13555555555555557
0 0.9857833333333333 0.7263999999999999 0.02841666666666659 0.14166666666666666
0 0.255 0.7266666666666667 0.14833333333333334 0.2511111111111111
0 0.7933333333333333 0.7266666666666667 0.07333333333333333 0.1711111111111111
0 0.3975 0.7277777777777777 0.13 0.22444444444444445
0 0.6291666666666667 0.7277777777777777 0.10166666666666667 0.19555555555555557
0 0.09315 0.7296222222222222 0.17386666666666664 0.30371111111111104
0 0.5225 0.7333333333333333 0.115 0.2111111111111111
0 0.9129833333333333 0.8486222222222222 0.0005333333333332272 0.002777777777777778
0 0.26416666666666666 0.17 0.14333333333333334 0.2866666666666667