0 0.47583333333333333 0.2997032640949555 0.016666666666666666 0.05637982195845697
0 0.6108333333333333 0.3056379821958457 0.023333333333333334 0.06231454005934718
0 0.5866666666666667 0.3086053412462908 0.025 0.06231454005934718
0 0.4558333333333333 0.31008902077151335 0.018333333333333333 0.05637982195845697
0 0.435 0.31602373887240354 0.02 0.05934718100890208
0 0.5625 0.31602373887240354 0.02666666666666667 0.05934718100890208
0 0.6908333333333333 0.3189910979228487 0.02666666666666667 0.06824925816023739
0 0.6633333333333333 0.3264094955489614 0.028333333333333332 0.06231454005934718
0 0.41583333333333333 0.3293768545994065 0.018333333333333333 0.050445103857566766
0 0.3983333333333333 0.3323442136498516 0.016666666666666666 0.05637982195845697
0 0.54 0.3323442136498516 0.025 0.06528189910979229
0 0.38083333333333336 0.33827893175074186 0.016666666666666666 0.05341246290801187
0 0.5166666666666667 0.34124629080118696 0.023333333333333334 0.05934718100890208
0 0.36333333333333334 0.34421364985163205 0.016666666666666666 0.04747774480712166
0 0.3458333333333333 0.3486646884272997 0.016666666666666666 0.05341246290801187
0 0.495 0.3486646884272997 0.02 0.05637982195845697
0 0.4741666666666667 0.3560830860534125 0.018333333333333333 0.05934718100890208
0 0.3308333333333333 0.35756676557863504 0.015 0.05341246290801187
0 0.6375 0.35756676557863504 0.028333333333333332 0.06528189910979229
0 0.7525666666666667 0.3625519287833828 0.022916666666666665 0.05471810089020771
0 0.31416666666666665 0.3664688427299703 0.016666666666666666 0.05341246290801187
0 0.4533333333333333 0.36795252225519287 0.021666666666666667 0.05934718100890208
0 0.5883333333333334 0.3694362017804154 0.025 0.05637982195845697
0 0.6125 0.3694362017804154 0.023333333333333334 0.05637982195845697
0 0.7288 0.37091988130563797 0.023266666666666727 0.06430267062314544
0 0.43416666666666665 0.37388724035608306 0.018333333333333333 0.05637982195845697
0 0.5633333333333334 0.3798219584569733 0.023333333333333334 0.06231454005934718
0 0.415 0.38427299703264095 0.018333333333333333 0.05637982195845697
0 0.395 0.38724035608308605 0.018333333333333333 0.05637982195845697
0 0.6941666666666667 0.38724035608308605 0.03 0.0712166172106825
0 0.3775 0.39317507418397624 0.016666666666666666 0.05637982195845697
0 0.5383333333333333 0.39465875370919884 0.021666666666666667 0.05341246290801187
0 0.6658333333333334 0.39465875370919884 0.02666666666666667 0.06528189910979229
0 0.3591666666666667 0.39762611275964393 0.016666666666666666 0.05637982195845697
0 0.5158333333333334 0.40059347181008903 0.021666666666666667 0.050445103857566766
0 0.49333333333333335 0.4035608308605341 0.02 0.05341246290801187
0 0.3416666666666667 0.4050445103857567 0.02 0.05637982195845697
0 0.7573666666666667 0.4127002967359051 0.02740000000000009 0.05017804154302678
0 0.47333333333333333 0.413946587537092 0.02 0.05341246290801187
0 0.32666666666666666 0.41543026706231456 0.013333333333333334 0.05341246290801187
0 0.31 0.42136498516320475 0.016666666666666666 0.05637982195845697
0 0.45166666666666666 0.4228486646884273 0.016666666666666666 0.05637982195845697
0 0.6383333333333333 0.4228486646884273 0.028333333333333332 0.06824925816023739
0 0.43166666666666664 0.42433234421364985 0.018333333333333333 0.05341246290801187
0 0.6125 0.4287833827893175 0.023333333333333334 0.06231454005934718
0 0.5866666666666667 0.43026706231454004 0.025 0.05934718100890208
0 0.73 0.43471810089020774 0.028333333333333332 0.0712166172106825
0 0.4116666666666667 0.43768545994065283 0.018333333333333333 0.04451038575667656
0 0.5616666666666666 0.4406528189910979 0.023333333333333334 0.05637982195845697
0 0.3933333333333333 0.4421364985163205 0.016666666666666666 0.05341246290801187
0 0.5358333333333334 0.44807121661721067 0.021666666666666667 0.05341246290801187
0 0.37583333333333335 0.4495548961424332 0.016666666666666666 0.05637982195845697
0 0.5125 0.45252225519287836 0.023333333333333334 0.05637982195845697
0 0.6958333333333333 0.4540059347181009 0.028333333333333332 0.06528189910979229
0 0.35833333333333334 0.45548961424332346 0.016666666666666666 0.05341246290801187
0 0.7589833333333333 0.46002967359050445 0.024199999999999968 0.053590504451038586
0 0.49166666666666664 0.46142433234421365 0.021666666666666667 0.06231454005934718
0 0.6683333333333333 0.46142433234421365 0.028333333333333332 0.06528189910979229
0 0.3408333333333333 0.4629080118694362 0.018333333333333333 0.05637982195845697
0 0.32166666666666666 0.4688427299703264 0.015 0.04747774480712166
0 0.305 0.47181008902077154 0.018333333333333333 0.050445103857566766
0 0.4716666666666667 0.47477744807121663 0.018333333333333333 0.06528189910979229
0 0.45 0.47774480712166173 0.02 0.05637982195845697
0 0.42916666666666664 0.4807121661721068 0.02 0.050445103857566766
0 0.6408333333333334 0.48516320474777447 0.02666666666666667 0.05934718100890208
0 0.41083333333333333 0.48813056379821956 0.018333333333333333 0.05637982195845697
0 0.6125 0.4910979228486647 0.025 0.06824925816023739
0 0.5858333333333333 0.49258160237388726 0.025 0.06824925816023739
0 0.39166666666666666 0.49554896142433236 0.016666666666666666 0.05934718100890208
0 0.7333333333333333 0.49554896142433236 0.02666666666666667 0.050445103857566766
0 0.5591666666666667 0.5014836795252225 0.02666666666666667 0.05934718100890208
0 0.6975 0.5044510385756676 0.03 0.04451038575667656
0 0.37166666666666665 0.5059347181008902 0.02 0.050445103857566766
0 0.7615333333333334 0.508486646884273 0.02546666666666662 0.05017804154302678
0 0.3541666666666667 0.5089020771513353 0.016666666666666666 0.04747774480712166
0 0.535 0.5089020771513353 0.021666666666666667 0.06824925816023739
0 0.5125 0.5118694362017804 0.021666666666666667 0.06824925816023739
0 0.33666666666666667 0.5133531157270029 0.015 0.04451038575667656
0 0.6683333333333333 0.5148367952522255 0.02666666666666667 0.03560830860534125
0 0.3175 0.5192878338278932 0.016666666666666666 0.04747774480712166
0 0.30083333333333334 0.5222551928783383 0.016666666666666666 0.04747774480712166
0 0.49 0.5237388724035609 0.023333333333333334 0.05934718100890208
0 0.6422166666666667 0.526053412462908 0.02464999999999994 0.025786350148367946
0 0.4691666666666667 0.5341246290801187 0.02 0.04747774480712166
0 0.6137166666666667 0.5368842729970327 0.02933333333333337 0.025786350148367946
0 0.4483333333333333 0.5370919881305638 0.018333333333333333 0.05637982195845697
0 0.42916666666666664 0.5385756676557863 0.018333333333333333 0.06231454005934718
0 0.5868666666666666 0.5410385756676558 0.024216666666666622 0.025786350148367946
0 0.4091666666666667 0.543026706231454 0.021666666666666667 0.05934718100890208
0 0.985 0.5440059347181009 0.02456666666666668 0.04451038575667656
0 0.5621166666666666 0.5447774480712166 0.027016666666666727 0.033264094955489557
0 0.9565333333333332 0.5452522255192879 0.028733333333333347 0.07172106824925821
0 0.3875 0.5504451038575667 0.018333333333333333 0.050445103857566766
0 0.9287666666666666 0.5514243323442137 0.025966666666666544 0.05439169139465871
0 0.90515 0.55513353115727 0.02320000000000012 0.061810089020771466
0 0.35 0.5578635014836796 0.016666666666666666 0.05637982195845697
0 0.8794666666666666 0.5588427299703265 0.02738333333333344 0.05439169139465871
0 0.36833333333333335 0.5593471810089021 0.02 0.050445103857566766
0 0.3325 0.5637982195845698 0.016666666666666666 0.050445103857566766
0 0.29833333333333334 0.5727002967359051 0.016666666666666666 0.050445103857566766
0 0.31666666666666665 0.5727002967359051 0.018333333333333333 0.050445103857566766
0 0.9864 0.5910089020771513 0.02456666666666668 0.03955489614243319
0 0.88155 0.6070623145400594 0.028766666666666652 0.05192878338278932
0 0.9336166666666667 0.6070623145400594 0.02736666666666679 0.05192878338278932
0 0.9620833333333333 0.6070623145400594 0.025966666666666544 0.04697329376854595
0 0.9093166666666668 0.6120178041543026 0.02320000000000012 0.05192878338278932
0 0.9884833333333334 0.6243916913946587 0.020400000000000015 0.037091988130563795
0 0.9648666666666667 0.6565281899109793 0.025966666666666544 0.04204747774480717
0 0.9891666666666666 0.6589910979228487 0.01623333333333335 0.04204747774480717
0 0.8822500000000001 0.6614836795252225 0.02738333333333344 0.05192878338278932
0 0.9350166666666666 0.6614836795252225 0.02736666666666679 0.05192878338278932
0 0.9100166666666667 0.6627002967359051 0.024599999999999986 0.049465875370919926
0 0.9891666666666666 0.7059940652818991 0.019016666666666803 0.061810089020771466
0 0.9648666666666667 0.7084569732937686 0.028733333333333347 0.061810089020771466
0 0.9398666666666666 0.710919881305638 0.02320000000000012 0.05192878338278932
0 0.8822500000000001 0.7146290801186944 0.02738333333333344 0.049465875370919926
0 0.9100166666666667 0.7158753709198813 0.02736666666666679 0.05192878338278932
0 0.7216666666666667 0.7403560830860534 0.03833333333333333 0.0830860534124629
0 0.6875 0.7492581602373887 0.03333333333333333 0.0771513353115727
0 0.6525 0.7537091988130564 0.035 0.08011869436201781
0 0.56 0.7581602373887241 0.025 0.0830860534124629
0 0.5908333333333333 0.7596439169139466 0.03 0.0771513353115727
0 0.4075 0.7611275964391692 0.023333333333333334 0.07418397626112759
0 0.38083333333333336 0.7626112759643917 0.025 0.0712166172106825
0 0.4325 0.7640949554896143 0.021666666666666667 0.06528189910979229
0 0.355 0.7744807121661721 0.016666666666666666 0.05934718100890208
0 0.3358333333333333 0.7759643916913946 0.02 0.06231454005934718
0 0.9718166666666668 0.7838872403560831 0.028733333333333347 0.05439169139465879
0 0.9925 0.7863501483679525 0.011666666666666667 0.05934718100890208
0 0.9121 0.7875964391691395 0.028766666666666652 0.06676557863501484
0 0.9405666666666668 0.7875964391691395 0.02736666666666679 0.06181008902077155
0 0.7241666666666666 0.8264094955489614 0.035 0.0830860534124629
0 0.6875 0.8293768545994066 0.035 0.08011869436201781
0 0.4041666666666667 0.8308605341246291 0.023333333333333334 0.0712166172106825
0 0.37916666666666665 0.8323442136498517 0.023333333333333334 0.0712166172106825
0 0.6525 0.8323442136498517 0.03 0.07418397626112759
0 0.5325 0.8338278931750742 0.018333333333333333 0.08011869436201781
0 0.3516666666666667 0.8367952522255193 0.015 0.06528189910979229
0 0.43 0.8367952522255193 0.025 0.06824925816023739
0 0.475 0.8397626112759644 0.02666666666666667 0.07418397626112759
0 0.5008333333333334 0.8397626112759644 0.023333333333333334 0.0771513353115727
0 0.5583333333333333 0.8397626112759644 0.02666666666666667 0.0771513353115727
0 0.59 0.8397626112759644 0.03166666666666667 0.07418397626112759
0 0.9925 0.8427299703264095 0.011666666666666667 0.06528189910979229
0 0.33166666666666667 0.8427299703264095 0.021666666666666667 0.0712166172106825
0 0.9447333333333334 0.8432344213649852 0.030133333333333213 0.05934718100890208
0 0.31166666666666665 0.8456973293768546 0.02 0.06231454005934718
0 0.9169666666666666 0.8469436201780416 0.024599999999999986 0.05192878338278932
0 0.2916666666666667 0.8471810089020771 0.018333333333333333 0.05637982195845697
0 0.9732 0.849406528189911 0.025966666666666544 0.05192878338278932
0 0.27141666666666664 0.8943620178041543 0.02014999999999996 0.048991097922848635
0 0.2919 0.8943620178041543 0.02183333333333337 0.04299703264094958
0 0.3090333333333333 0.8988724035608309 0.01676666666666667 0.04400593471810101
0 0.4 0.9035608308605341 0.02 0.07418397626112759
0 0.9176500000000001 0.9037982195845697 0.025983333333333195 0.06676557863501484
0 0.3458333333333333 0.9050445103857567 0.02 0.06231454005934718
0 0.9461166666666666 0.9050445103857567 0.027350000000000138 0.06430267062314528
0 0.37333333333333335 0.9065281899109793 0.03 0.0712166172106825
0 0.42333333333333334 0.9065281899109793 0.025 0.06528189910979229
0 0.4483333333333333 0.9080118694362018 0.023333333333333334 0.0712166172106825
0 0.9766666666666667 0.908753709198813 0.027350000000000138 0.06181008902077163
0 0.5316666666666666 0.9094955489614244 0.02 0.06528189910979229
0 0.3258333333333333 0.9109792284866469 0.018333333333333333 0.06824925816023739
0 0.6508333333333334 0.9124629080118695 0.035 0.08605341246290801
0 0.6891666666666667 0.9124629080118695 0.035 0.0830860534124629
0 0.7266666666666667 0.9124629080118695 0.03666666666666667 0.0830860534124629
0 0.4716666666666667 0.913946587537092 0.025 0.0771513353115727
0 0.49833333333333335 0.9154302670623146 0.025 0.0712166172106825
0 0.5908333333333333 0.9183976261127597 0.028333333333333332 0.0771513353115727
0 0.3425 0.9688427299703264 0.018333333333333333 0.05637982195845697
0 0.3725 0.9688427299703264 0.028333333333333332 0.05341246290801187
0 0.4141666666666667 0.9703264094955489 0.028333333333333332 0.05637982195845697
0 0.32416666666666666 0.9718100890207715 0.02 0.05341246290801187
0 0.3933333333333333 0.9718100890207715 0.015 0.050445103857566766
0 0.44583333333333336 0.9718100890207715 0.028333333333333332 0.050445103857566766
0 0.53 0.9718100890207715 0.021666666666666667 0.050445103857566766
0 0.4725 0.9747774480712166 0.023333333333333334 0.04747774480712166
0 0.49833333333333335 0.9762611275964391 0.025 0.04451038575667656
0 0.7266666666666667 0.9747774480712166 0.04 0.04451038575667656
0 0.6183333333333333 0.9777448071216617 0.03333333333333333 0.03857566765578635
0 0.5883333333333334 0.9777448071216617 0.02666666666666667 0.03857566765578635
0 0.6489333333333334 0.9796142433234422 0.030966666666666736 0.04074183976261133
0 0.68705 0.9805044510385756 0.034966666666666694 0.0389614243323442
0 0.5583333333333333 0.9807121661721068 0.03 0.03560830860534125
0 0.6891666666666667 0.18545994065281898 0.02666666666666667 0.06528189910979229
0 0.6633333333333333 0.20178041543026706 0.025 0.05934718100890208
0 0.6366666666666667 0.23590504451038577 0.025 0.05637982195845697
0 0.5875 0.24777448071216618 0.025 0.05934718100890208
0 0.6133333333333333 0.24777448071216618 0.025 0.05637982195845697
0 0.6908333333333333 0.24925816023738873 0.025 0.06824925816023739
0 0.5608333333333333 0.2551928783382789 0.025 0.06231454005934718
0 0.6633333333333333 0.2626112759643917 0.028333333333333332 0.06231454005934718
0 0.5383333333333333 0.271513353115727 0.021666666666666667 0.05637982195845697
0 0.5166666666666667 0.28338278931750743 0.02 0.05934718100890208
0 0.495 0.2922848664688427 0.02 0.05341246290801187
0 0.6366666666666667 0.29376854599406527 0.02666666666666667 0.05934718100890208