0 0.02666666666666667 0.2788888888888889 0.05333333333333334 0.19111111111111112
0 0.2808333333333333 0.3055555555555556 0.09 0.1622222222222222
0 0.37333333333333335 0.31333333333333335 0.07833333333333334 0.16444444444444445
0 0.54 0.3233333333333333 0.07166666666666667 0.15333333333333332
0 0.4608333333333333 0.3244444444444444 0.07833333333333334 0.1622222222222222
0 0.6125 0.33444444444444443 0.06333333333333334 0.1288888888888889
0 0.6775 0.3388888888888889 0.06166666666666667 0.12666666666666668
0 0.7634000000000001 0.3827111111111111 0.0662166666666667 0.09875555555555555
0 0.10056666666666668 0.3851777777777778 0.08498333333333336 0.15308888888888886
0 0.19406666666666667 0.39382222222222224 0.08679999999999997 0.1407333333333333
0 0.9515166666666666 0.46528888888888886 0.055700000000000124 0.16944444444444445
0 0.028333333333333332 0.4711111111111111 0.05333333333333334 0.19111111111111112
0 0.69 0.4711111111111111 0.06833333333333333 0.14444444444444443
0 0.6233333333333333 0.4722222222222222 0.058333333333333334 0.1511111111111111
0 0.37666666666666665 0.4766666666666667 0.08 0.16
0 0.2891666666666667 0.47888888888888886 0.09333333333333334 0.17555555555555555
0 0.5541666666666667 0.48 0.07333333333333333 0.15555555555555556
0 0.4708333333333333 0.4811111111111111 0.085 0.15555555555555556
0 0.7745166666666666 0.4827111111111111 0.08103333333333335 0.11604444444444438
0 0.8495 0.4888888888888889 0.06805000000000007 0.13333333333333333
0 0.9133833333333333 0.49013333333333337 0.05134999999999991 0.13086666666666663
0 0.195 0.5358 0.08864999999999999 0.14815555555555554
0 0.10611666666666666 0.5358 0.07758333333333332 0.14815555555555554
0 0.97 0.6155555555555555 0.056666666666666664 0.13777777777777778
0 0.7837666666666666 0.6209777777777777 0.08843333333333324 0.15555555555555556
0 0.8661666666666668 0.6222222222222222 0.07173333333333327 0.13826666666666673
0 0.9272666666666667 0.6234666666666667 0.042099999999999985 0.13580000000000003
0 0.7 0.6277777777777778 0.07666666666666666 0.15555555555555556
0 0.6291666666666667 0.63 0.06166666666666667 0.1622222222222222
0 0.5575 0.6377777777777778 0.07666666666666666 0.15555555555555556
0 0.4741666666666667 0.6411111111111111 0.08166666666666667 0.16
0 0.38 0.6444444444444445 0.085 0.16666666666666666
0 0.28583333333333333 0.6522222222222223 0.10166666666666667 0.17555555555555555
0 0.028333333333333332 0.6677777777777778 0.056666666666666664 0.19777777777777777
0 0.19685 0.6864222222222222 0.07755000000000001 0.14320000000000013
0 0.10705 0.6913555555555556 0.09053333333333333 0.15308888888888886