0 0.03166666666666667 0.5237388724035609 0.05333333333333334 0.20178041543026706
0 0.07 0.7640949554896143 0.07333333333333333 0.21364985163204747
0 0.125 0.526706231454006 0.07333333333333333 0.20178041543026706
0 0.425 0.5341246290801187 0.03333333333333333 0.18991097922848665
0 0.51 0.543026706231454 0.065 0.18397626112759644
0 0.6016666666666667 0.3293768545994065 0.05 0.13649851632047477
0 0.21333333333333335 0.5281899109792285 0.07 0.19287833827893175
0 0.31166666666666665 0.5311572700296736 0.06 0.18397626112759644
0 0.675 0.3323442136498516 0.06166666666666667 0.14540059347181009
0 0.7466666666666667 0.3264094955489614 0.07 0.1661721068249258
0 0.8291666666666667 0.3397626112759644 0.06 0.14836795252225518
0 0.6433333333333333 0.543026706231454 0.06833333333333333 0.1661721068249258
0 0.17333333333333334 0.7626112759643917 0.07 0.19584569732937684
0 0.3125 0.7640949554896143 0.06 0.18694362017804153
0 0.435 0.7566765578635015 0.056666666666666664 0.19287833827893175
0 0.49916666666666665 0.7537091988130564 0.07 0.17507418397626112
0 0.5733333333333334 0.7477744807121661 0.06 0.18100890207715134
0 0.6366666666666667 0.7462908011869436 0.055 0.17507418397626112
0 0.7 0.7477744807121661 0.055 0.1632047477744807
0 0.7616666666666667 0.7507418397626113 0.065 0.1661721068249258
0 0.83 0.7462908011869436 0.07 0.1661721068249258