0 0.6079833333333333 0.29798219584569735 0.06220000000000008 0.14094955489614244
0 0.2913833333333333 0.2991988130563798 0.0651 0.12364985163204745
0 0.35178333333333334 0.3016913946587537 0.06646666666666666 0.12857566765578637
0 0.6781166666666667 0.3016913946587537 0.07189999999999998 0.13848664688427295
0 0.41566666666666663 0.3029080118694362 0.05809999999999998 0.14094955489614244
0 0.7524 0.30415430267062316 0.06770000000000001 0.13848664688427303
0 0.02823333333333333 0.3066172106824926 0.05546666666666667 0.13848664688427295
0 0.4753666666666667 0.3078635014836795 0.06086666666666664 0.1310682492581603
0 0.5427333333333333 0.3078635014836795 0.06553333333333342 0.1310682492581603
0 0.27680000000000005 0.04821958456973294 0.06093333333333334 0.09643916913946587
0 0.6052166666666666 0.04821958456973294 0.06774999999999996 0.09643916913946587
0 0.6836666666666666 0.04821958456973294 0.06633333333333326 0.09643916913946587
0 0.33998333333333336 0.049465875370919885 0.062299999999999994 0.09890207715133531
0 0.46773333333333333 0.050682492581602366 0.062250000000000034 0.10136498516320473
0 0.5343833333333333 0.05192878338278932 0.06778333333333326 0.10385756676557864
0 0.40385 0.05317507418397627 0.07338333333333329 0.1013946587537092
0 0.040733333333333344 0.5526706231454006 0.06935 0.1459050445103858
0 0.10416666666666667 0.56973293768546 0.07333333333333333 0.18694362017804153
0 0.1775 0.5741839762611276 0.07666666666666666 0.18397626112759644
0 0.2475 0.5875370919881305 0.058333333333333334 0.14540059347181009
0 0.9454166666666667 0.06181008902077151 0.10373333333333334 0.12362017804154302
0 0.31166666666666665 0.6038575667655787 0.075 0.17210682492581603
0 0.3883333333333333 0.6038575667655787 0.075 0.17507418397626112
0 0.46416666666666667 0.6083086053412463 0.07666666666666666 0.18100890207715134
0 0.5408333333333334 0.612759643916914 0.075 0.18694362017804153
0 0.6258333333333334 0.6186943620178041 0.08333333333333333 0.18100890207715134
0 0.9766333333333334 0.6305637982195845 0.04671666666666662 0.21267062314540064
0 0.8058333333333333 0.6320474777448071 0.08166666666666667 0.20178041543026706
0 0.7141666666666666 0.6364985163204748 0.08166666666666667 0.19287833827893175
0 0.8364166666666667 0.06676557863501484 0.09405000000000001 0.13353115727002968
0 0.13416666666666666 0.744807121661721 0.05 0.1513353115727003
0 0.18916666666666668 0.7492581602373887 0.07 0.17210682492581603
0 0.25833333333333336 0.7537091988130564 0.06833333333333333 0.17507418397626112
0 0.3258333333333333 0.7744807121661721 0.065 0.16023738872403562
0 0.395 0.7818991097922848 0.07333333333333333 0.17804154302670624
0 0.47 0.7893175074183977 0.07166666666666667 0.18100890207715134
0 0.5483333333333333 0.798219584569733 0.07833333333333334 0.18694362017804153
0 0.21431666666666668 0.08160237388724036 0.08040000000000001 0.1632047477744807
0 0.1421 0.0828486646884273 0.08041666666666666 0.16566765578635015
0 0.6258333333333334 0.8056379821958457 0.07833333333333334 0.19287833827893175
0 0.7116666666666667 0.8234421364985163 0.07833333333333334 0.19287833827893175
0 0.08170000000000001 0.08406528189910979 0.06518333333333333 0.16813056379821958
0 0.7991666666666667 0.8338278931750742 0.08166666666666667 0.19287833827893175
0 0.8966666666666666 0.8338278931750742 0.08666666666666667 0.20178041543026706
0 0.75795 0.1446587537091988 0.07603333333333334 0.1755786350148368
0 0.40941666666666665 0.16074183976261128 0.06505000000000005 0.1533234421364985
0 0.2844333333333333 0.1632047477744807 0.0651 0.13848664688427303
0 0.6052166666666666 0.16445103857566767 0.06220000000000008 0.1359940652818991
0 0.34691666666666665 0.16691394658753708 0.062299999999999994 0.14094955489614244
0 0.47120000000000006 0.16691394658753708 0.06363333333333325 0.13599406528189908
0 0.03 0.17062314540059348 0.06 0.13353115727002968
0 0.6815833333333333 0.1718694362017804 0.07604999999999999 0.1359940652818991
0 0.5406333333333333 0.17308605341246291 0.0636166666666666 0.13848664688427298
0 0.9357 0.24851632047477745 0.10094999999999989 0.24480712166172106
0 0.8378 0.2522255192878338 0.10238333333333326 0.24234421364985168
0 0.2275 0.2645994065281899 0.08178333333333332 0.20771513353115728
0 0.15043333333333334 0.2658160237388724 0.07765000000000001 0.18545994065281898
0 0.09071666666666667 0.26706231454005935 0.06933333333333334 0.19783382789317513