0 0.35733333333333334 0.39442136498516317 0.04425000000000002 0.10632047477744802
0 0.5461833333333334 0.40801186943620177 0.060833333333333336 0.1632047477744807
0 0.6808833333333333 0.41296735905044507 0.06633333333333326 0.14836795252225518
0 0.8308666666666666 0.04326409495548961 0.07183333333333328 0.07664688427299703
0 0.6079833333333333 0.41913946587537093 0.06774999999999996 0.1508308605341246
0 0.47885 0.4228486646884273 0.062250000000000034 0.16816023738872407
0 0.7572666666666666 0.4228486646884273 0.07463333333333329 0.15332344213649857
0 0.8329333333333333 0.42655786350148367 0.06488333333333335 0.15578635014836795
0 0.11571666666666668 0.43397626112759646 0.03321666666666668 0.13599406528189906
0 0.07405 0.43522255192878334 0.05544999999999999 0.14341246290801182
0 0.031016666666666665 0.44014836795252227 0.03325 0.14341246290801182
0 0.41358333333333336 0.44756676557863506 0.05949999999999998 0.15332344213649857
0 0.3108166666666667 0.478486646884273 0.045649999999999975 0.1261127596439169
0 0.26430000000000003 0.4797329376854599 0.04426666666666667 0.13353115727002968
0 0.17126666666666668 0.4809495548961425 0.04708333333333333 0.1310682492581603
0 0.21916666666666668 0.4821958456973294 0.042900000000000015 0.1285756676557863
0 0.3615 0.5019881305637982 0.04979999999999999 0.10385756676557864
0 0.75795 0.050682492581602366 0.07046666666666662 0.09643916913946587
0 0.6822833333333334 0.05317507418397627 0.07188333333333333 0.10632047477744806
0 0.6878333333333333 0.5699703264094956 0.06910000000000006 0.17062314540059348
0 0.5482666666666667 0.5749258160237388 0.05943333333333328 0.1656676557863501
0 0.6149333333333333 0.5773887240356084 0.07051666666666677 0.1656676557863501
0 0.75935 0.5810979228486647 0.07603333333333334 0.15332344213649857
0 0.4837 0.586053412462908 0.06363333333333325 0.15824925816023735
0 0.016283333333333334 0.5862908011869437 0.03256666666666667 0.15350148367952526
0 0.039349999999999996 0.5872997032640949 0.03046666666666667 0.15578635014836795
0 0.08586666666666667 0.5872997032640949 0.05683333333333335 0.1508308605341246
0 0.83225 0.5897626112759644 0.06905000000000001 0.15578635014836795
0 0.6079833333333333 0.06059347181008903 0.07053333333333342 0.11127596439169139
0 0.12751666666666667 0.5947181008902077 0.031816666666666674 0.15578635014836795
0 0.42121666666666663 0.5959347181008903 0.06088333333333338 0.13353115727002968
0 0.2275 0.6045994065281899 0.042900000000000015 0.12115727002967354
0 0.27055 0.6058456973293768 0.040100000000000004 0.12364985163204753
0 0.1789 0.6070623145400594 0.04846666666666664 0.12115727002967354
0 0.3663666666666667 0.6070623145400594 0.04840000000000003 0.10632047477744802
0 0.31638333333333335 0.6083086053412463 0.045649999999999975 0.13353115727002968
0 0.5406333333333333 0.0643026706231454 0.060833333333333336 0.11869436201780416
0 0.47468333333333335 0.06676557863501484 0.059466666666666584 0.12857566765578635
0 0.06916666666666667 0.7216617210682492 0.044083333333333335 0.057566765578634944
0 0.2282 0.07543026706231455 0.05816666666666665 0.15083086053412462
0 0.34900000000000003 0.07664688427299703 0.06090000000000004 0.14341246290801185
0 0.41150000000000003 0.07664688427299703 0.06088333333333338 0.14341246290801185
0 0.2893 0.07789317507418397 0.05536666666666662 0.15083086053412462
0 0.16361666666666666 0.07789317507418397 0.06513333333333335 0.15083086053412462
0 0.435 0.7893175074183977 0.06166666666666667 0.1513353115727003
0 0.8358333333333333 0.7893175074183977 0.07166666666666667 0.18397626112759644
0 0.31583333333333335 0.7908011869436202 0.06333333333333334 0.14540059347181009
0 0.6858333333333333 0.7922848664688428 0.07333333333333333 0.1661721068249258
0 0.37333333333333335 0.7937685459940653 0.058333333333333334 0.14540059347181009
0 0.7566666666666667 0.7937685459940653 0.07 0.1661721068249258
0 0.6233333333333333 0.798219584569733 0.058333333333333334 0.1661721068249258
0 0.49333333333333335 0.7997032640949555 0.056666666666666664 0.1513353115727003
0 0.08516666666666667 0.08035608308605341 0.03323333333333333 0.15083086053412462
0 0.56 0.8011869436201781 0.06833333333333333 0.1572700296735905
0 0.11416666666666667 0.8041543026706232 0.045 0.11275964391691394
0 0.14916666666666667 0.8086053412462908 0.023333333333333334 0.10979228486646884
0 0.2225 0.8130563798219584 0.045 0.12462908011869436
0 0.042833333333333334 0.8143916913946587 0.03931666666666666 0.11513353115726999
0 0.07615 0.8160237388724035 0.03461666666666666 0.11869436201780416
0 0.2683333333333333 0.8234421364985163 0.04 0.11275964391691394
0 0.03865 0.08777448071216616 0.05963333333333334 0.15578635014836795
0 0.05061666666666667 0.9210089020771514 0.030933333333333327 0.10234421364985166
0 0.15583333333333332 0.9228486646884273 0.025 0.11275964391691394
0 0.08031666666666666 0.9235905044510386 0.03461666666666666 0.10139465875370908
0 0.12166666666666667 0.9287833827893175 0.043333333333333335 0.10682492581602374
0 0.32416666666666666 0.9317507418397626 0.058333333333333334 0.13353115727002968
0 0.22916666666666666 0.9332344213649851 0.04833333333333333 0.10385756676557864
0 0.385 0.9332344213649851 0.056666666666666664 0.12462908011869436
0 0.5 0.9332344213649851 0.06333333333333334 0.12759643916913946
0 0.43916666666666665 0.9347181008902077 0.055 0.12759643916913946
0 0.8408333333333333 0.9347181008902077 0.07333333333333333 0.11572700296735905
0 0.7658333333333334 0.9376854599406528 0.065 0.11275964391691394
0 0.5633333333333334 0.9391691394658753 0.06166666666666667 0.11869436201780416
0 0.2783333333333333 0.9406528189910979 0.041666666666666664 0.10979228486646884
0 0.6275 0.9406528189910979 0.06333333333333334 0.11572700296735905
0 0.6933333333333334 0.9406528189910979 0.07333333333333333 0.11572700296735905
0 0.8357166666666667 0.16074183976261128 0.06766666666666671 0.1632047477744807
0 0.7607333333333334 0.16937685459940652 0.07046666666666662 0.16566765578635018
0 0.6878333333333333 0.18299703264094955 0.06910000000000006 0.1632047477744807
0 0.6142333333333334 0.1941246290801187 0.0663500000000001 0.15578635014836795
0 0.5427166666666666 0.20154302670623145 0.06776666666666661 0.14590504451038575
0 0.47745000000000004 0.21142433234421365 0.06501666666666665 0.1607418397626113
0 0.41426666666666667 0.22626112759643918 0.05810000000000002 0.14094955489614244
0 0.35525 0.22750741839762612 0.053950000000000005 0.14341246290801188
0 0.23445 0.232433234421365 0.051216666666666674 0.14836795252225518
0 0.2927666666666667 0.23492581602373888 0.06508333333333335 0.14836795252225518
0 0.17543333333333333 0.23614243323442136 0.06096666666666669 0.15578635014836795
0 0.09766666666666667 0.24234421364985165 0.03321666666666665 0.1533234421364985
0 0.051833333333333335 0.2472700296735905 0.05823333333333333 0.1533234421364985
0 0.0127 0.2515727002967359 0.025383333333333334 0.1577744807121662