0 0.2559666666666667 0.3449554896142433 0.024833333333333294 0.08160237388724036
0 0.31706666666666666 0.34741839762611276 0.03314999999999998 0.09148367952522259
0 0.28235 0.3486646884272997 0.024833333333333294 0.08902077151335312
0 0.35318333333333335 0.35362017804154305 0.030349999999999967 0.08902077151335316
0 0.4448333333333333 0.3560830860534125 0.02476666666666669 0.08406528189910975
0 0.41428333333333334 0.3573293768545994 0.027549999999999953 0.07664688427299707
0 0.3858166666666667 0.3659643916913946 0.023400000000000035 0.05934718100890204
0 0.38373333333333337 0.45869436201780417 0.0275666666666667 0.0914836795252225
0 0.3455333333333333 0.46982195845697333 0.028966666666666658 0.06922848664688423
0 0.38095 0.5514243323442137 0.030349999999999967 0.07913946587537096
0 0.3420666666666667 0.5526706231454006 0.030366666666666712 0.0914836795252225
0 0.44666666666666666 0.06083086053412463 0.03 0.08902077151335312
0 0.3156833333333333 0.06676557863501484 0.027600000000000003 0.07913946587537092
0 0.2532 0.08655786350148369 0.024833333333333294 0.07913946587537092
0 0.2275 0.08777448071216616 0.02346666666666664 0.06676557863501484
0 0.34415 0.08902077151335312 0.026200000000000046 0.06922848664688427
0 0.31333333333333335 0.14688427299703263 0.035 0.0830860534124629
0 0.37748333333333334 0.14836795252225518 0.03451666666666663 0.08902077151335312
0 0.44666666666666666 0.15281899109792285 0.028333333333333332 0.08902077151335312
0 0.28026666666666666 0.1533234421364985 0.026216666666666697 0.06922848664688427
0 0.4128833333333333 0.1533234421364985 0.035883333333333385 0.08902077151335312
0 0.22473333333333334 0.15578635014836795 0.023466666666666663 0.0643026706231454
0 0.2518 0.1570326409495549 0.024833333333333294 0.06181008902077151
0 0.3455333333333333 0.16195845697329375 0.023416666666666686 0.06676557863501484
0 0.31706666666666666 0.25468842729970326 0.03591666666666669 0.0939762611275964
0 0.28305 0.2583976261127596 0.023433333333333337 0.08655786350148365
0 0.2559666666666667 0.262106824925816 0.030383333333333363 0.08406528189910983
0 0.3545666666666667 0.262106824925816 0.03313333333333333 0.08902077151335312
0 0.4462166666666667 0.263353115727003 0.03031666666666676 0.10139465875370925
0 0.41428333333333334 0.26706231454005935 0.03033333333333336 0.09890207715133527