0 0.21083333333333334 0.23333333333333334 0.075 0.13555555555555557
0 0.0478 0.2617333333333333 0.09056666666666667 0.16295555555555552
0 0.31 0.35333333333333333 0.095 0.18444444444444444
0 0.205 0.35888888888888887 0.08166666666666667 0.12444444444444444
0 0.4091666666666667 0.3611111111111111 0.08666666666666667 0.1622222222222222
0 0.49916666666666665 0.3711111111111111 0.08333333333333333 0.1622222222222222
0 0.5916666666666667 0.37333333333333335 0.085 0.17555555555555555
0 0.7658333333333334 0.38 0.085 0.18444444444444444
0 0.6808333333333333 0.38666666666666666 0.09 0.1688888888888889
0 0.3246 0.04073333333333333 0.0960166666666667 0.07653333333333333
0 0.11353333333333335 0.4222222222222222 0.09238333333333335 0.1481555555555556
0 0.03298333333333333 0.42593333333333333 0.05723333333333334 0.16048888888888882
0 0.41996666666666665 0.044444444444444446 0.0947333333333333 0.08888888888888889
0 0.19916666666666666 0.5144444444444445 0.10166666666666667 0.18444444444444444
0 0.30583333333333335 0.5244444444444445 0.09333333333333334 0.1622222222222222
0 0.4033333333333333 0.5311111111111111 0.09166666666666666 0.1711111111111111
0 0.4975 0.5333333333333333 0.09 0.1688888888888889
0 0.5875 0.54 0.08333333333333333 0.15777777777777777
0 0.6775 0.5488888888888889 0.08833333333333333 0.15333333333333332
0 0.7658333333333334 0.5511111111111111 0.085 0.15555555555555556
0 0.025 0.5811111111111111 0.05 0.15777777777777777
0 0.08575 0.5827111111111112 0.07018333333333332 0.15308888888888886
0 0.9457833333333334 0.6073999999999999 0.056900000000000166 0.10864444444444442
0 0.8911666666666668 0.7061777777777777 0.05136666666666656 0.1135777777777778
0 0.9504166666666667 0.7098666666666666 0.05875 0.09628888888888898
0 0.6333333333333333 0.7466666666666667 0.07 0.14222222222222222
0 0.7775 0.7511111111111111 0.065 0.14888888888888888
0 0.7083333333333334 0.7522222222222222 0.06166666666666667 0.14666666666666667
0 0.8874500000000001 0.8024666666666667 0.058766666666666655 0.09382222222222228
0 0.9741666666666666 0.8055555555555556 0.04833333333333333 0.1
0 0.42833333333333334 0.8555555555555555 0.10333333333333333 0.19333333333333333
0 0.31416666666666665 0.86 0.11333333333333333 0.2088888888888889
0 0.54 0.8655555555555555 0.10833333333333334 0.2088888888888889
0 0.18916666666666668 0.8677777777777778 0.12833333333333333 0.21777777777777776
0 0.6291666666666667 0.8888888888888888 0.06666666666666667 0.13777777777777778
0 0.7775 0.8888888888888888 0.058333333333333334 0.11777777777777777
0 0.7033333333333334 0.8922222222222222 0.07166666666666667 0.13111111111111112
0 0.8566666666666667 0.9444444444444444 0.043333333333333335 0.10666666666666667
0 0.051666666666666666 0.9444444444444444 0.10333333333333333 0.10666666666666667
0 0.9183333333333333 0.9455555555555556 0.08 0.10444444444444445
0 0.9775 0.9477777777777778 0.041666666666666664 0.1
0 0.31583333333333335 0.17444444444444446 0.085 0.18222222222222223
0 0.41583333333333333 0.18222222222222223 0.08833333333333333 0.18888888888888888
0 0.51 0.19666666666666666 0.085 0.18
0 0.6 0.20555555555555555 0.08333333333333333 0.16666666666666666
0 0.7725 0.21 0.08333333333333333 0.1622222222222222
0 0.6866666666666666 0.21777777777777776 0.08166666666666667 0.17333333333333334