0 0.34958333333333336 0.2284 0.15340000000000004 0.3382666666666666
0 0.5225 0.36666666666666664 0.18 0.38222222222222224
0 0.6733333333333333 0.4033333333333333 0.11666666666666667 0.3333333333333333
0 0.7847 0.4037111111111111 0.1051000000000001 0.3086444444444444
0 0.8939333333333334 0.4432 0.11986666666666669 0.25926666666666665
0 0.9758333333333333 0.4677777777777778 0.045 0.23777777777777778
0 0.14221666666666666 0.5530888888888889 0.20901666666666666 0.35062222222222217
0 0.3227333333333333 0.5641999999999999 0.1552666666666666 0.35308888888888884
0 0.9743999999999999 0.7049333333333334 0.05118333333333339 0.2246888888888889
0 0.9150666666666666 0.7097333333333333 0.05780000000000011 0.2638888888888889
0 0.7819166666666666 0.7271555555555557 0.09955000000000003 0.3135777777777778
0 0.6633333333333333 0.7422222222222222 0.11666666666666667 0.34
0 0.8680166666666665 0.7444444444444445 0.06803333333333332 0.21482222222222214
0 0.5066666666666667 0.7677777777777778 0.19666666666666666 0.41555555555555557
0 0.12583333333333332 0.8588888888888889 0.22166666666666668 0.2777777777777778
0 0.31348333333333334 0.8679111111111111 0.15526666666666672 0.254311111111111
0 0.15888333333333332 0.18888888888888888 0.21641666666666665 0.37777777777777777