0 0.48333333333333334 0.29821958456973297 0.03 0.10979228486646884
0 0.2575 0.3086053412462908 0.055 0.1394658753709199
0 0.525 0.3115727002967359 0.03 0.09495548961424333
0 0.4344166666666666 0.034629080118694366 0.03448333333333338 0.06922848664688427
0 0.31166666666666665 0.3264094955489614 0.055 0.13649851632047477
0 0.56 0.33382789317507416 0.03333333333333333 0.08902077151335312
0 0.5916666666666667 0.34124629080118696 0.02666666666666667 0.09495548961424333
0 0.7416666666666667 0.3427299703264095 0.03 0.08011869436201781
0 0.7683333333333333 0.3427299703264095 0.023333333333333334 0.06824925816023739
0 0.36583333333333334 0.3545994065281899 0.045 0.12462908011869436
0 0.5720166666666666 0.037388724035608306 0.03395000000000001 0.07477744807121661
0 0.6208333333333333 0.35756676557863504 0.025 0.09792284866468842
0 0.4075 0.36795252225519287 0.041666666666666664 0.11275964391691394
0 0.6508333333333334 0.37091988130563797 0.03 0.09495548961424333
0 0.8091666666666667 0.3768545994065282 0.021666666666666667 0.08011869436201781
0 0.6791666666666667 0.3798219584569733 0.025 0.08902077151335312
0 0.44916666666666666 0.3827893175074184 0.03833333333333333 0.11572700296735905
0 0.83 0.3887240356083086 0.02 0.0712166172106825
0 0.4875 0.4035608308605341 0.03166666666666667 0.09495548961424333
0 0.5308333333333334 0.413946587537092 0.02666666666666667 0.09792284866468842
0 0.7483333333333333 0.4258160237388724 0.021666666666666667 0.06824925816023739
0 0.7725 0.42729970326409494 0.025 0.0771513353115727
0 0.5658333333333333 0.4287833827893175 0.03666666666666667 0.10089020771513353
0 0.6016666666666667 0.443620178041543 0.03 0.09792284866468842
0 0.4753833333333334 0.04451038575667656 0.03586666666666664 0.08902077151335312
0 0.7958333333333333 0.4495548961424332 0.018333333333333333 0.06824925816023739
0 0.6291666666666667 0.4540059347181009 0.023333333333333334 0.08605341246290801
0 0.815 0.45845697329376855 0.02 0.07418397626112759
0 0.03586666666666666 0.461186943620178 0.06796666666666668 0.24480712166172106
0 0.835 0.46142433234421365 0.02 0.06231454005934718
0 0.8574833333333334 0.47002967359050446 0.022733333333333404 0.06955489614243322
0 0.6566666666666666 0.47181008902077154 0.035 0.09198813056379822
0 0.876 0.47362017804154305 0.018016666666666577 0.059940652818991066
0 0.06365 0.049465875370919885 0.040183333333333335 0.09890207715133531
0 0.6866666666666666 0.47477744807121663 0.02 0.10089020771513353
0 0.7125 0.48516320474777447 0.021666666666666667 0.09495548961424333
0 0.12416666666666666 0.5 0.03333333333333333 0.17804154302670624
0 0.25833333333333336 0.050445103857566766 0.05333333333333334 0.09495548961424333
0 0.755 0.5044510385756676 0.021666666666666667 0.0771513353115727
0 0.17333333333333334 0.5207715133531158 0.06166666666666667 0.17804154302670624
0 0.7808333333333334 0.5207715133531158 0.025 0.0830860534124629
0 0.8058333333333333 0.5281899109792285 0.018333333333333333 0.07418397626112759
0 0.2375 0.5341246290801187 0.06166666666666667 0.1513353115727003
0 0.8258333333333333 0.5341246290801187 0.018333333333333333 0.0712166172106825
0 0.845 0.5370919881305638 0.018333333333333333 0.08011869436201781
0 0.8628833333333333 0.5425816023738872 0.021383333333333306 0.07554896142433229
0 0.8834166666666666 0.5449851632047478 0.015316666666666758 0.0707418397626112
0 0.2966666666666667 0.5474777448071216 0.056666666666666664 0.1543026706231454
0 0.3525 0.5548961424332344 0.05333333333333334 0.13353115727002968
0 0.6048166666666667 0.05842729970326411 0.03481666666666664 0.07320474777448073
0 0.4033333333333333 0.5652818991097923 0.045 0.13056379821958458
0 0.4475 0.5756676557863502 0.043333333333333335 0.12462908011869436
0 0.49 0.5830860534124629 0.035 0.12166172106824925
0 0.5491666666666667 0.5934718100890207 0.05333333333333334 0.12462908011869436
0 0.5958333333333333 0.6053412462908012 0.03833333333333333 0.11572700296735905
0 0.6466666666666666 0.612759643916914 0.04 0.10979228486646884
0 0.6841666666666667 0.629080118694362 0.03333333333333333 0.10089020771513353
0 0.7658333333333334 0.6305637982195845 0.02666666666666667 0.09495548961424333
0 0.7166666666666667 0.6350148367952523 0.025 0.09495548961424333
0 0.8133333333333334 0.6468842729970327 0.021666666666666667 0.0830860534124629
0 0.79 0.6498516320474778 0.021666666666666667 0.08011869436201781
0 0.8308333333333333 0.6572700296735905 0.02 0.0771513353115727
0 0.8533333333333334 0.6691394658753709 0.021666666666666667 0.09198813056379822
0 0.8725 0.6765578635014837 0.023333333333333334 0.09198813056379822
0 0.028683333333333335 0.6775370919881306 0.05736666666666667 0.1879228486646884
0 0.11833333333333333 0.6913946587537092 0.04 0.19287833827893175
0 0.23583333333333334 0.6973293768545994 0.06166666666666667 0.17210682492581603
0 0.17333333333333334 0.6988130563798219 0.065 0.17804154302670624
0 0.29833333333333334 0.7091988130563798 0.056666666666666664 0.16913946587537093
0 0.3575 0.7106824925816023 0.05333333333333334 0.1661721068249258
0 0.4091666666666667 0.7106824925816023 0.04833333333333333 0.1632047477744807
0 0.5121666666666667 0.07172106824925817 0.028900000000000054 0.08902077151335312
0 0.495 0.7136498516320475 0.035 0.142433234421365
0 0.4558333333333333 0.7181008902077152 0.041666666666666664 0.14836795252225518
0 0.5525 0.7181008902077152 0.058333333333333334 0.11572700296735905
0 0.6025 0.7255192878338279 0.03666666666666667 0.11275964391691394
0 0.6575 0.728486646884273 0.043333333333333335 0.10682492581602374
0 0.6941666666666667 0.7314540059347181 0.035 0.10979228486646884
0 0.7258333333333333 0.7329376854599406 0.03 0.10385756676557864
0 0.7733333333333333 0.7388724035608308 0.018333333333333333 0.10682492581602374
0 0.7975 0.7388724035608308 0.021666666666666667 0.10089020771513353
0 0.8175 0.7388724035608308 0.021666666666666667 0.09198813056379822
0 0.8408333333333333 0.7477744807121661 0.021666666666666667 0.08902077151335312
0 0.8583333333333333 0.7626112759643917 0.018333333333333333 0.0830860534124629
0 0.8775 0.7670623145400594 0.023333333333333334 0.0771513353115727
0 0.63675 0.08335311572700296 0.025183333333333356 0.07943620178041544
0 0.7041666666666667 0.844213649851632 0.03 0.11869436201780416
0 0.8483333333333334 0.844213649851632 0.018333333333333333 0.10979228486646884
0 0.7341666666666666 0.8456973293768546 0.028333333333333332 0.11572700296735905
0 0.8291666666666667 0.8456973293768546 0.016666666666666666 0.10979228486646884
0 0.8841666666666667 0.8471810089020771 0.015 0.08605341246290801
0 0.8075 0.8486646884272997 0.025 0.11869436201780416
0 0.6083333333333333 0.8501483679525222 0.03666666666666667 0.13056379821958458
0 0.5625 0.8516320474777448 0.055 0.142433234421365
0 0.6625 0.8516320474777448 0.05 0.12759643916913946
0 0.865 0.8516320474777448 0.021666666666666667 0.08902077151335312
0 0.78 0.8545994065281899 0.025 0.11275964391691394
0 0.5 0.8590504451038575 0.03333333333333333 0.13353115727002968
0 0.4091666666666667 0.8664688427299704 0.05 0.1513353115727003
0 0.4575 0.8664688427299704 0.045 0.142433234421365
0 0.35833333333333334 0.8694362017804155 0.05333333333333334 0.1572700296735905
0 0.235 0.8738872403560831 0.06166666666666667 0.17210682492581603
0 0.1125 0.8738872403560831 0.041666666666666664 0.17210682492581603
0 0.16916666666666666 0.8768545994065282 0.07 0.18100890207715134
0 0.30083333333333334 0.8768545994065282 0.06 0.1661721068249258
0 0.023816666666666667 0.877833827893175 0.04763333333333333 0.21267062314540047
0 0.5468833333333333 0.09397626112759644 0.028900000000000054 0.09397626112759644
0 0.6603666666666667 0.10281899109792285 0.02691666666666663 0.08100890207715132
0 0.13916666666666666 0.1083086053412463 0.05333333333333334 0.14836795252225518
0 0.3591666666666667 0.11127596439169139 0.045 0.11572700296735905
0 0.017816666666666665 0.11359050445103858 0.03563333333333333 0.12347181008902076
0 0.5788333333333333 0.11373887240356083 0.028883333333333403 0.08406528189910979
0 0.6848666666666667 0.12151335311572702 0.02691666666666663 0.06854599406528189
0 0.4033333333333333 0.129080118694362 0.041666666666666664 0.11275964391691394
0 0.6086833333333334 0.1347774480712166 0.02748333333333335 0.08655786350148369
0 0.1975 0.13649851632047477 0.06 0.13649851632047477
0 0.7102333333333333 0.14486646884272997 0.025150000000000054 0.07166172106824924
0 0.05878333333333334 0.154540059347181 0.04435 0.10139465875370918
0 0.6420166666666667 0.1570326409495549 0.027466666666666698 0.08655786350148366
0 0.445 0.1632047477744807 0.03333333333333333 0.10385756676557864
0 0.7334166666666667 0.16356083086053413 0.02251666666666665 0.0623145400593472
0 0.25916666666666666 0.16765578635014836 0.051666666666666666 0.13649851632047477
0 0.7545333333333334 0.17649851632047478 0.023916666666666704 0.06537091988130567
0 0.6656166666666666 0.17928783382789318 0.02468333333333324 0.07172106824925814
0 0.7775666666666667 0.19195845697329375 0.02056666666666672 0.07011869436201779
0 0.31333333333333335 0.19584569732937684 0.05 0.12166172106824925
0 0.6927 0.19783382789317508 0.020499999999999925 0.0840652818991098
0 0.7969166666666666 0.21097922848664688 0.01921666666666662 0.0677448071216617
0 0.717 0.21759643916913946 0.019116666666666712 0.0791394658753709
0 0.5516666666666666 0.22997032640949555 0.03166666666666667 0.10089020771513353
0 0.7406 0.23121661721068248 0.021883333333333324 0.07664688427299707
0 0.014616666666666667 0.23198813056379824 0.029233333333333333 0.11869436201780416
0 0.3616666666666667 0.23293768545994065 0.04833333333333333 0.11869436201780416
0 0.5400833333333334 0.0256973293768546 0.03483333333333329 0.0513946587537092
0 0.5816666666666667 0.24183976261127596 0.025 0.08902077151335312
0 0.76255 0.24899109792284865 0.023916666666666704 0.08201780415430263
0 0.4075 0.2522255192878338 0.04 0.11869436201780416
0 0.05323333333333333 0.25468842729970326 0.038799999999999994 0.09890207715133535
0 0.13666666666666666 0.2551928783382789 0.04833333333333333 0.14540059347181009
0 0.7859 0.26623145400593473 0.01990000000000009 0.076053412462908
0 0.44666666666666666 0.2685459940652819 0.03833333333333333 0.10089020771513353
0 0.6391666666666667 0.27299703264094954 0.03 0.08011869436201781
0 0.8062666666666667 0.2810979228486647 0.01921666666666662 0.0724925816023739
0 0.19416666666666665 0.28338278931750743 0.065 0.14540059347181009
0 0.6683333333333333 0.2952522255192878 0.025 0.08011869436201781