0 0.14833333333333334 0.8353115727002968 0.05 0.20178041543026706
0 0.20083333333333334 0.8635014836795252 0.055 0.21068249258160238
0 0.13333333333333333 0.6379821958456974 0.056666666666666664 0.18694362017804153
0 0.185 0.6513353115727003 0.05333333333333334 0.20771513353115728
0 0.11416666666666667 0.4124629080118694 0.056666666666666664 0.258160237388724
0 0.1675 0.4124629080118694 0.06 0.258160237388724
0 0.09 0.15578635014836795 0.05333333333333334 0.24925816023738873
0 0.14833333333333334 0.1513353115727003 0.065 0.258160237388724
0 0.26166666666666666 0.9020771513353115 0.06833333333333333 0.19287833827893175
0 0.24583333333333332 0.6795252225519288 0.07 0.2433234421364985
0 0.225 0.4198813056379822 0.06166666666666667 0.27299703264094954
0 0.21333333333333335 0.14540059347181009 0.06166666666666667 0.27299703264094954
0 0.32416666666666666 0.9183976261127597 0.07333333333333333 0.1513353115727003
0 0.31083333333333335 0.7062314540059347 0.07 0.26409495548961426
0 0.2916666666666667 0.43026706231454004 0.07333333333333333 0.28486646884273
0 0.2783333333333333 0.14391691394658754 0.08 0.2789317507418398
0 0.4025 0.9451038575667656 0.08166666666666667 0.10682492581602374
0 0.39166666666666666 0.7462908011869436 0.085 0.2878338278931751
0 0.375 0.4465875370919881 0.09333333333333334 0.3056379821958457
0 0.36583333333333334 0.14688427299703263 0.09666666666666666 0.28486646884273
0 0.48333333333333334 0.8071216617210683 0.105 0.3620178041543027
0 0.4725 0.456973293768546 0.105 0.3353115727002967
0 0.46416666666666667 0.142433234421365 0.11166666666666666 0.28486646884273
0 0.5983333333333334 0.8338278931750742 0.12166666666666667 0.32047477744807124
0 0.5883333333333334 0.47477744807121663 0.13 0.3916913946587537
0 0.5816666666666667 0.13798219584569732 0.125 0.26706231454005935
0 0.74 0.8545994065281899 0.155 0.2789317507418398
0 0.735 0.4970326409495549 0.16333333333333333 0.4332344213649852
0 0.7308333333333333 0.13649851632047477 0.17333333333333334 0.27299703264094954
0 0.9083333333333333 0.142433234421365 0.18166666666666667 0.27596439169139464
0 0.9083333333333333 0.5311572700296736 0.175 0.5074183976261127
0 0.9066666666666666 0.8902077151335311 0.17666666666666667 0.20771513353115728