0 0.9169139465875371 0.245 0.1572700296735905 0.18666666666666668
0 0.543026706231454 0.24583333333333332 0.20771513353115728 0.22166666666666668
0 0.744807121661721 0.24583333333333332 0.18397626112759644 0.20166666666666666
0 0.3056379821958457 0.24916666666666668 0.2551928783382789 0.23666666666666666
0 0.08753709198813056 0.25166666666666665 0.17507418397626112 0.2633333333333333
0 0.8902077151335311 0.41833333333333333 0.1543026706231454 0.16
0 0.9764985163204747 0.4214 0.046973293768546115 0.15828333333333328
0 0.7270029673590505 0.4266666666666667 0.17507418397626112 0.16833333333333333
0 0.5356083086053413 0.4475 0.19881305637982197 0.17666666666666667
0 0.30415430267062316 0.4666666666666667 0.2344213649851632 0.195
0 0.09792284866468842 0.4925 0.19287833827893175 0.22166666666666668
0 0.9599406528189911 0.56 0.07418397626112759 0.13333333333333333
0 0.8620178041543026 0.5691666666666667 0.1543026706231454 0.13833333333333334
0 0.712166172106825 0.5883333333333334 0.1632047477744807 0.15333333333333332
0 0.526706231454006 0.6183333333333333 0.18397626112759644 0.16
0 0.3086053412462908 0.6541666666666667 0.2314540059347181 0.18
0 0.9540059347181009 0.6825 0.08605341246290801 0.11166666666666666
0 0.10089020771513353 0.6991666666666667 0.19881305637982197 0.19666666666666666
0 0.8353115727002968 0.705 0.13353115727002968 0.13166666666666665
0 0.6899109792284867 0.7316666666666667 0.1572700296735905 0.13166666666666665
0 0.5148367952522255 0.7725 0.17210682492581603 0.14666666666666667
0 0.314540059347181 0.82 0.21068249258160238 0.14833333333333334
0 0.1083086053412463 0.8741666666666666 0.20771513353115728 0.15166666666666667