0 0.018833333333333334 0.48635014836795254 0.03766666666666667 0.2646884272997032
0 0.48333333333333334 0.49258160237388726 0.075 0.20771513353115728
0 0.10391666666666667 0.4970326409495549 0.10403333333333334 0.26706231454005935
0 0.7408333333333333 0.49851632047477745 0.045 0.1661721068249258
0 0.34 0.5014836795252225 0.07333333333333333 0.21364985163204747
0 0.5558333333333333 0.5029673590504451 0.06333333333333334 0.18991097922848665
0 0.6208333333333333 0.5029673590504451 0.056666666666666664 0.17210682492581603
0 0.6841666666666667 0.5044510385756676 0.06166666666666667 0.18100890207715134
0 0.25833333333333336 0.5148367952522255 0.07166666666666667 0.2195845697329377
0 0.05416666666666667 0.05637982195845697 0.10833333333333334 0.11275964391691394
0 0.14973333333333333 0.06801186943620179 0.09570000000000002 0.1359940652818991
0 0.2658333333333333 0.07270029673590504 0.06 0.14540059347181009
0 0.3358333333333333 0.07863501483679525 0.07666666666666666 0.1513353115727003
0 0.14765 0.8296142433234421 0.06098333333333334 0.17557863501483675
0 0.415 0.08456973293768547 0.08 0.16023738872403562
0 0.25916666666666666 0.8382789317507419 0.075 0.17507418397626112
0 0.6391666666666667 0.8664688427299704 0.056666666666666664 0.1661721068249258
0 0.7091666666666666 0.870919881305638 0.07833333333333334 0.19584569732937684
0 0.49583333333333335 0.08902077151335312 0.06666666666666667 0.16023738872403562
0 0.57 0.8946587537091988 0.075 0.17210682492581603
0 0.49 0.8961424332344213 0.075 0.17507418397626112
0 0.04896666666666666 0.9046290801186944 0.09078333333333333 0.19071216617210676
0 0.41333333333333333 0.9065281899109793 0.08166666666666667 0.18100890207715134
0 0.5675 0.09347181008902077 0.065 0.18100890207715134
0 0.345 0.9406528189910979 0.06333333333333334 0.11275964391691394
0 0.13835 0.9518397626112759 0.08166666666666667 0.09629080118694376
0 0.25271666666666665 0.9612759643916914 0.06798333333333337 0.07741839762611286
0 0.6308333333333334 0.10089020771513353 0.05333333333333334 0.18991097922848665
0 0.6908333333333333 0.1142433234421365 0.06166666666666667 0.19287833827893175
0 0.7516666666666667 0.13204747774480713 0.05333333333333334 0.19881305637982197