0 0.015733333333333332 0.2973887240356083 0.031466666666666664 0.12299703264094952
0 0.77255 0.3004451038575668 0.02464999999999994 0.07172106824925821
0 0.9052666666666667 0.3016913946587537 0.02533333333333341 0.06388724035608309
0 0.22916666666666666 0.3086053412462908 0.06166666666666667 0.13649851632047477
0 0.5558333333333333 0.31305637982195844 0.041666666666666664 0.09198813056379822
0 0.8012166666666667 0.3137685459940653 0.029366666666666673 0.07382789317507417
0 0.9297833333333333 0.316053412462908 0.024033333333333455 0.058902077151335296
0 0.2891666666666667 0.32344213649851633 0.05333333333333334 0.13056379821958458
0 0.5966666666666667 0.3264094955489614 0.03666666666666667 0.08902077151335312
0 0.8283166666666667 0.33362017804154304 0.02456666666666668 0.07097922848664694
0 0.85025 0.3442729970326409 0.020583333333333276 0.06103857566765577
0 0.3441666666666667 0.3456973293768546 0.05 0.11869436201780416
0 0.8725666666666666 0.3513946587537092 0.028550000000000183 0.07240356083086055
0 0.6658333333333334 0.3560830860534125 0.03166666666666667 0.08605341246290801
0 0.8960833333333333 0.3648664688427299 0.02455000000000003 0.06246290801186943
0 0.39416666666666667 0.3664688427299703 0.045 0.11572700296735905
0 0.9184166666666665 0.37338278931750746 0.02453333333333338 0.06531157270029675
0 0.9386666666666668 0.3783976261127596 0.022766666666666803 0.058902077151335296
0 0.6983333333333334 0.3798219584569733 0.03166666666666667 0.08605341246290801
0 0.44083333333333335 0.38427299703264095 0.043333333333333335 0.11572700296735905
0 0.21015 0.03955489614243324 0.05540000000000001 0.07910979228486648
0 0.41496666666666665 0.03955489614243324 0.04005000000000005 0.07910979228486648
0 0.4825 0.4020771513353116 0.035 0.10979228486646884
0 0.09 0.40801186943620177 0.06166666666666667 0.1572700296735905
0 0.78 0.41097922848664686 0.03166666666666667 0.08902077151335312
0 0.015250000000000001 0.41278931750741843 0.030500000000000003 0.1112166172106825
0 0.5241666666666667 0.4169139465875371 0.04 0.11572700296735905
0 0.5675 0.4169139465875371 0.045 0.10979228486646884
0 0.8141666666666667 0.41839762611275966 0.028333333333333332 0.08605341246290801
0 0.16 0.4258160237388724 0.06666666666666667 0.13649851632047477
0 0.6083333333333333 0.4287833827893175 0.03166666666666667 0.10385756676557864
0 0.8625 0.43026706231454004 0.03 0.08011869436201781
0 0.8883333333333333 0.4391691394658754 0.02 0.06824925816023739
0 0.6433333333333333 0.44510385756676557 0.035 0.10385756676557864
0 0.23 0.4465875370919881 0.058333333333333334 0.13353115727002968
0 0.2916666666666667 0.45548961424332346 0.06 0.13056379821958458
0 0.6733333333333333 0.45548961424332346 0.03 0.10089020771513353
0 0.7066666666666667 0.46735905044510384 0.03166666666666667 0.08605341246290801
0 0.35 0.47477744807121663 0.051666666666666666 0.12462908011869436
0 0.7425 0.4792284866468843 0.03333333333333333 0.08605341246290801
0 0.4025 0.48813056379821956 0.051666666666666666 0.11869436201780416
0 0.4508333333333333 0.49851632047477745 0.045 0.11275964391691394
0 0.46080000000000004 0.05317507418397627 0.03725000000000004 0.09148367952522254
0 0.7958333333333333 0.5059347181008902 0.03666666666666667 0.0830860534124629
0 0.8283333333333334 0.5089020771513353 0.028333333333333332 0.08902077151335312
0 0.49 0.5103857566765578 0.03333333333333333 0.10089020771513353
0 0.855 0.5178041543026706 0.021666666666666667 0.08902077151335312
0 0.88 0.5178041543026706 0.021666666666666667 0.0830860534124629
0 0.5358333333333334 0.5237388724035609 0.045 0.10089020771513353
0 0.9025 0.5237388724035609 0.025 0.08902077151335312
0 0.5808333333333333 0.5281899109792285 0.03833333333333333 0.10979228486646884
0 0.2684666666666667 0.055637982195845696 0.04983333333333329 0.11127596439169139
0 0.9222333333333333 0.536973293768546 0.020966666666666547 0.07614243323442144
0 0.6175 0.5385756676557863 0.035 0.10385756676557864
0 0.6533333333333333 0.5474777448071216 0.035 0.09495548961424333
0 0.69 0.5563798219584569 0.03 0.08902077151335312
0 0.72 0.5623145400593472 0.025 0.09792284866468842
0 0.7516666666666667 0.5712166172106825 0.028333333333333332 0.08902077151335312
0 0.8125 0.5949554896142433 0.041666666666666664 0.08902077151335312
0 0.845 0.5964391691394659 0.02 0.08011869436201781
0 0.8716666666666667 0.6038575667655787 0.023333333333333334 0.08902077151335312
0 0.8966666666666666 0.6083086053412463 0.018333333333333333 0.08011869436201781
0 0.9183333333333333 0.6142433234421365 0.016666666666666666 0.0830860534124629
0 0.9378666666666667 0.6176854599406528 0.022866666666666712 0.0852225519287833
0 0.07416666666666667 0.6691394658753709 0.05 0.19584569732937684
0 0.14083333333333334 0.6795252225519288 0.065 0.1661721068249258
0 0.2783333333333333 0.6928783382789317 0.056666666666666664 0.1632047477744807
0 0.21333333333333335 0.6943620178041543 0.06166666666666667 0.16913946587537093
0 0.5425 0.7002967359050445 0.043333333333333335 0.14836795252225518
0 0.34 0.7032640949554896 0.056666666666666664 0.1572700296735905
0 0.4008333333333333 0.7032640949554896 0.056666666666666664 0.1572700296735905
0 0.5891666666666666 0.7077151335311572 0.045 0.13353115727002968
0 0.6283333333333333 0.7077151335311572 0.03833333333333333 0.12759643916913946
0 0.4525 0.7106824925816023 0.041666666666666664 0.14540059347181009
0 0.49666666666666665 0.7106824925816023 0.045 0.1394658753709199
0 0.6683333333333333 0.7136498516320475 0.03666666666666667 0.12462908011869436
0 0.7075 0.7181008902077152 0.03333333333333333 0.12166172106824925
0 0.7375 0.7329376854599406 0.03166666666666667 0.11275964391691394
0 0.8791666666666667 0.7359050445103857 0.028333333333333332 0.09495548961424333
0 0.7725 0.7388724035608308 0.03166666666666667 0.10385756676557864
0 0.8233333333333334 0.7388724035608308 0.023333333333333334 0.11572700296735905
0 0.8508333333333333 0.7388724035608308 0.025 0.09495548961424333
0 0.31984999999999997 0.07418397626112759 0.04148333333333331 0.09397626112759644
0 0.9083333333333333 0.7462908011869436 0.021666666666666667 0.09198813056379822
0 0.9249166666666667 0.7502373887240357 0.022433333333333395 0.099139465875371
0 0.9496166666666667 0.7541543026706231 0.02679999999999988 0.11139465875370926
0 0.50315 0.08406528189910979 0.035849999999999986 0.07913946587537092
0 0.0197 0.08513353115727003 0.0394 0.11270029673590504
0 0.8375 0.844213649851632 0.021666666666666667 0.10089020771513353
0 0.8933333333333333 0.844213649851632 0.03166666666666667 0.11572700296735905
0 0.5516666666666666 0.8456973293768546 0.04 0.13649851632047477
0 0.5966666666666667 0.8456973293768546 0.045 0.13649851632047477
0 0.7183333333333334 0.8456973293768546 0.03333333333333333 0.13056379821958458
0 0.6375 0.8471810089020771 0.03833333333333333 0.14540059347181009
0 0.8641666666666666 0.8471810089020771 0.025 0.10682492581602374
0 0.6783333333333333 0.8486646884272997 0.043333333333333335 0.13649851632047477
0 0.7483333333333333 0.8516320474777448 0.03833333333333333 0.11869436201780416
0 0.7866666666666666 0.8516320474777448 0.03666666666666667 0.10979228486646884
0 0.51 0.8531157270029673 0.043333333333333335 0.1394658753709199
0 0.9225 0.8531157270029673 0.025 0.10089020771513353
0 0.4583333333333333 0.8560830860534124 0.05 0.142433234421365
0 0.9655833333333333 0.8571810089020772 0.03368333333333339 0.09691394658753699
0 0.9408833333333333 0.8577448071216617 0.02554999999999988 0.09804154302670612
0 0.4008333333333333 0.8590504451038575 0.056666666666666664 0.1543026706231454
0 0.06916666666666667 0.8590504451038575 0.05333333333333334 0.18100890207715134
0 0.3425 0.8605341246290801 0.058333333333333334 0.1572700296735905
0 0.28 0.8620178041543026 0.058333333333333334 0.1632047477744807
0 0.13666666666666666 0.8635014836795252 0.07333333333333333 0.18694362017804153
0 0.2125 0.8649851632047477 0.07 0.17210682492581603
0 0.8775 0.9465875370919882 0.03 0.08902077151335312
0 0.8508333333333333 0.9495548961424333 0.021666666666666667 0.09495548961424333
0 0.9058333333333334 0.9495548961424333 0.03 0.09792284866468842
0 0.9341666666666667 0.9510385756676558 0.03 0.08902077151335312
0 0.9565166666666666 0.9522848664688428 0.02303333333333323 0.08652818991097913
0 0.9809166666666665 0.9529970326409496 0.029299999999999878 0.09023738872403551
0 0.5625 0.9540059347181009 0.03833333333333333 0.07418397626112759
0 0.6033333333333334 0.9540059347181009 0.04666666666666667 0.0830860534124629
0 0.7258333333333333 0.9540059347181009 0.03333333333333333 0.08902077151335312
0 0.7966666666666666 0.9540059347181009 0.03833333333333333 0.0830860534124629
0 0.7583333333333333 0.9554896142433235 0.03333333333333333 0.08605341246290801
0 0.6491666666666667 0.9584569732937686 0.04 0.07418397626112759
0 0.6866666666666666 0.9584569732937686 0.03333333333333333 0.07418397626112759
0 0.5133333333333333 0.9629080118694362 0.043333333333333335 0.0712166172106825
0 0.36915000000000003 0.10261127596439168 0.04840000000000003 0.1013946587537092
0 0.53995 0.10510385756676559 0.03444999999999993 0.08160237388724036
0 0.09916666666666667 0.1172106824925816 0.05333333333333334 0.12462908011869436
0 0.5788333333333333 0.12486646884272996 0.03443333333333328 0.07664688427299703
0 0.4184333333333333 0.12857566765578635 0.04143333333333336 0.08902077151335312
0 0.61355 0.1446587537091988 0.02886666666666675 0.06676557863501484
0 0.4649666666666667 0.15083086053412462 0.0400333333333333 0.09397626112759642
0 0.6461833333333333 0.15207715133531158 0.03024999999999996 0.06676557863501484
0 0.22583333333333333 0.17507418397626112 0.06 0.13056379821958458
0 0.5073166666666666 0.1755786350148368 0.033066666666666716 0.08902077151335312
0 0.6795 0.17804154302670624 0.027450000000000044 0.06430267062314543
0 0.020983333333333333 0.18537091988130563 0.041966666666666666 0.09682492581602373
0 0.5475833333333333 0.19287833827893175 0.033066666666666716 0.08406528189910976
0 0.71005 0.1941246290801187 0.02466666666666659 0.06181008902077153
0 0.36775 0.02350148367952522 0.042849999999999965 0.046973293768546
0 0.5843833333333334 0.21142433234421365 0.03165000000000002 0.0865578635014837
0 0.7371333333333333 0.21759643916913946 0.023266666666666727 0.05934718100890208
0 0.6211833333333333 0.22379821958456975 0.03024999999999996 0.08160237388724036
0 0.3333333333333333 0.22403560830860533 0.05333333333333334 0.11275964391691394
0 0.7642166666666667 0.22750741839762612 0.021866666666666673 0.06922848664688432
0 0.1469666666666667 0.02596439169139466 0.051266666666666655 0.04697329376854599
0 0.6531166666666667 0.23985163204747775 0.027466666666666698 0.08406528189910983
0 0.79045 0.24347181008902077 0.026983333333333425 0.07807121661721068
0 0.3883333333333333 0.24480712166172106 0.04666666666666667 0.11572700296735905
0 0.6829833333333334 0.25468842729970326 0.02884999999999991 0.07913946587537088
0 0.09333333333333334 0.2551928783382789 0.056666666666666664 0.142433234421365
0 0.8163666666666667 0.25910979228486647 0.02616666666666674 0.06673590504451041
0 0.43416666666666665 0.26706231454005935 0.04 0.10979228486646884
0 0.7135333333333334 0.2695252225519288 0.020499999999999925 0.06922848664688432
0 0.8394833333333334 0.2754302670623145 0.02616666666666674 0.06246290801186947
0 0.16166666666666665 0.28338278931750743 0.065 0.142433234421365
0 0.8614166666666667 0.28394658753709195 0.030133333333333307 0.06531157270029671
0 0.7433833333333333 0.2880712166172107 0.027433333333333393 0.07172106824925813
0 0.8853333333333334 0.29317507418397626 0.02375 0.07240356083086055