0 0.3475 0.6943620178041543 0.03166666666666667 0.1513353115727003
0 0.38416666666666666 0.7136498516320475 0.03666666666666667 0.1572700296735905
0 0.34833333333333333 0.5356083086053413 0.03333333333333333 0.14836795252225518
0 0.38666666666666666 0.5563798219584569 0.03333333333333333 0.13056379821958458
0 0.37833333333333335 0.4035608308605341 0.03666666666666667 0.16023738872403562
0 0.6383333333333333 0.8887240356083086 0.07 0.2166172106824926
0 0.6375 0.6676557863501483 0.07 0.2314540059347181
0 0.6333333333333333 0.4317507418397626 0.07666666666666666 0.23738872403560832
0 0.6291666666666667 0.18694362017804153 0.07333333333333333 0.2433234421364985
0 0.71 0.4169139465875371 0.07833333333333334 0.26112759643916916
0 0.7183333333333334 0.9050445103857567 0.08666666666666667 0.18100890207715134
0 0.71 0.1513353115727003 0.085 0.27002967359050445
0 0.7166666666666667 0.6839762611275965 0.08666666666666667 0.26409495548961426
0 0.41083333333333333 0.22106824925816024 0.035 0.18694362017804153
0 0.41583333333333333 0.4050445103857567 0.03166666666666667 0.1661721068249258
0 0.425 0.5623145400593472 0.035 0.1513353115727003
0 0.4225 0.7299703264094956 0.03833333333333333 0.17804154302670624
0 0.4558333333333333 0.41097922848664686 0.045 0.18397626112759644
0 0.4525 0.22106824925816024 0.045 0.19287833827893175
0 0.4625 0.5979228486646885 0.043333333333333335 0.19287833827893175
0 0.4666666666666667 0.7848664688427299 0.04666666666666667 0.17507418397626112
0 0.5 0.20919881305637983 0.055 0.20474777448071216
0 0.5575 0.1943620178041543 0.06166666666666667 0.23738872403560832
0 0.5658333333333333 0.4287833827893175 0.058333333333333334 0.2166172106824926
0 0.5083333333333333 0.413946587537092 0.05333333333333334 0.20178041543026706
0 0.5133333333333333 0.6186943620178041 0.05 0.20178041543026706
0 0.57 0.6439169139465876 0.06333333333333334 0.22255192878338279
0 0.5191666666666667 0.8204747774480712 0.05333333333333334 0.18991097922848665
0 0.5733333333333334 0.857566765578635 0.055 0.19881305637982197
0 0.8125 0.1572700296735905 0.10666666666666667 0.29080118694362017
0 0.8058333333333333 0.456973293768546 0.10333333333333333 0.2997032640949555
0 0.8116666666666666 0.7477744807121661 0.095 0.2878338278931751
0 0.8133333333333334 0.9436201780415431 0.09833333333333333 0.10979228486646884
0 0.9308333333333333 0.16023738872403562 0.12333333333333334 0.314540059347181
0 0.9216666666666666 0.47774480712166173 0.12166666666666667 0.3353115727002967
0 0.92 0.7922848664688428 0.12333333333333334 0.314540059347181