0 0.37916666666666665 0.29673590504451036 0.07 0.18694362017804153
0 0.45 0.29821958456973297 0.06166666666666667 0.18397626112759644
0 0.5191666666666667 0.3086053412462908 0.065 0.17804154302670624
0 0.5875 0.3115727002967359 0.07333333333333333 0.18100890207715134
0 0.655 0.3189910979228487 0.058333333333333334 0.1572700296735905
0 0.7183333333333334 0.32344213649851633 0.06166666666666667 0.16913946587537093
0 0.7816666666666666 0.3264094955489614 0.06166666666666667 0.14836795252225518
0 0.8891833333333333 0.36845697329376853 0.04126666666666665 0.11373887240356087
0 0.9895333333333334 0.3686053412462908 0.02091666666666659 0.11827893175074188
0 0.9294499999999999 0.36967359050445103 0.03570000000000012 0.11623145400593468
0 0.9634833333333334 0.37216617210682496 0.025966666666666544 0.11127596439169143
0 0.8989 0.509406528189911 0.057916666666666665 0.16816023738872407
0 0.9523666666666666 0.509406528189911 0.04263333333333321 0.16816023738872407
0 0.9875 0.5118694362017804 0.021666666666666667 0.1632047477744807
0 0.7716666666666666 0.5207715133531158 0.056666666666666664 0.12462908011869436
0 0.43333333333333335 0.5281899109792285 0.095 0.11275964391691394
0 0.33 0.5311572700296736 0.11 0.11869436201780416
0 0.19903333333333334 0.5316617210682493 0.05818333333333333 0.13848664688427303
0 0.13168333333333335 0.5477151335311573 0.06515 0.13599406528189906
0 0.7758333333333334 0.6676557863501483 0.06 0.16913946587537093
0 0.1948666666666667 0.6701186943620179 0.05541666666666669 0.13353115727002968
0 0.7141666666666666 0.6706231454005934 0.06333333333333334 0.1661721068249258
0 0.6458333333333334 0.6735905044510386 0.06666666666666667 0.17804154302670624
0 0.5766666666666667 0.6750741839762612 0.065 0.18100890207715134
0 0.51 0.6824925816023739 0.06666666666666667 0.18694362017804153
0 0.36 0.6884272997032641 0.07833333333333334 0.20771513353115728
0 0.44083333333333335 0.6884272997032641 0.06666666666666667 0.19881305637982197
0 0.04906666666666666 0.6899109792284867 0.07213333333333334 0.15824925816023744
0 0.12543333333333334 0.6923738872403562 0.06655000000000001 0.14836795252225526
0 0.2891666666666667 0.6958456973293768 0.056666666666666664 0.20474777448071216
0 0.9836166666666666 0.7430860534124629 0.03011666666666656 0.10632047477744802
0 0.9481999999999999 0.7492581602373887 0.037066666666666685 0.10881305637982192
0 0.9009833333333334 0.7505044510385757 0.04541666666666667 0.11623145400593476
0 0.12683333333333333 0.0828486646884273 0.05543333333333332 0.16566765578635015
0 0.19140000000000001 0.8048961424332344 0.054016666666666685 0.1310682492581602
0 0.7833333333333333 0.8397626112759644 0.06 0.17507418397626112
0 0.12613333333333335 0.8419881305637982 0.06793333333333332 0.13599406528189922
0 0.049066666666666675 0.848160237388724 0.07768333333333333 0.13848664688427287
0 0.715 0.8516320474777448 0.07333333333333333 0.18694362017804153
0 0.6483333333333333 0.8590504451038575 0.065 0.18100890207715134
0 0.98705 0.8592878338278931 0.02588333333333329 0.10632047477744819
0 0.5808333333333333 0.8664688427299704 0.06166666666666667 0.20178041543026706
0 0.9530666666666667 0.8691988130563799 0.03568333333333347 0.11127596439169139
0 0.90655 0.8704154302670623 0.04541666666666667 0.11373887240356095
0 0.5163 0.8726706231454006 0.07091666666666659 0.18614243323442142
0 0.3016666666666667 0.09050445103857567 0.075 0.17507418397626112
0 0.43833333333333335 0.8902077151335311 0.07666666666666666 0.20178041543026706
0 0.36083333333333334 0.8961424332344213 0.07333333333333333 0.19584569732937684
0 0.29 0.9035608308605341 0.058333333333333334 0.18694362017804153
0 0.054616666666666674 0.09272997032640949 0.08323333333333333 0.18545994065281898
0 0.19348333333333334 0.9371810089020771 0.05263333333333331 0.12364985163204735
0 0.12916666666666668 0.9554896142433235 0.07166666666666667 0.0830860534124629
0 0.04766666666666667 0.9606824925816023 0.08046666666666667 0.07172106824925804
0 0.37583333333333335 0.10089020771513353 0.06666666666666667 0.20178041543026706
0 0.18793333333333334 0.1013946587537092 0.06651666666666665 0.20275964391691398
0 0.44916666666666666 0.1142433234421365 0.07 0.18100890207715134
0 0.5183333333333333 0.129080118694362 0.07 0.17804154302670624
0 0.5891666666666666 0.13798219584569732 0.065 0.17507418397626112
0 0.6516666666666666 0.15281899109792285 0.06166666666666667 0.1661721068249258
0 0.7141666666666666 0.1572700296735905 0.056666666666666664 0.1661721068249258
0 0.7775 0.16468842729970326 0.06166666666666667 0.17210682492581603
0 0.8801666666666667 0.19287833827893175 0.03988333333333344 0.15332344213649854
0 0.9218166666666667 0.19287833827893175 0.039866666666666786 0.15332344213649854
0 0.9627833333333332 0.19905044510385755 0.038449999999999894 0.15083086053412464
0 0.9895333333333334 0.20400593471810088 0.02091666666666659 0.13599406528189908
0 0.12751666666666667 0.27943620178041545 0.054050000000000015 0.19287833827893175
0 0.30333333333333334 0.28338278931750743 0.07666666666666666 0.20474777448071216
0 0.05045 0.28560830860534125 0.08878333333333334 0.17557863501483684
0 0.19001666666666667 0.29178041543026706 0.062349999999999996 0.168160237388724