0 0.03656666666666667 0.4463501483679525 0.041583333333333326 0.1508308605341246
0 0.0824 0.45376854599406524 0.04435 0.1459050445103858
0 0.12821666666666667 0.46735905044510384 0.05821666666666668 0.16816023738872407
0 0.19486666666666666 0.4735311572700297 0.06096666666666669 0.17062314540059348
0 0.33416666666666667 0.48516320474777447 0.058333333333333334 0.17507418397626112
0 0.4625 0.4896142433234421 0.065 0.17804154302670624
0 0.27666666666666667 0.4940652818991098 0.056666666666666664 0.16023738872403562
0 0.395 0.49554896142433236 0.06 0.17507418397626112
0 0.5258333333333334 0.4970326409495549 0.05333333333333334 0.17210682492581603
0 0.5875 0.5059347181008902 0.06333333333333334 0.18694362017804153
0 0.6625 0.5178041543026706 0.08 0.20474777448071216
0 0.7333333333333333 0.5178041543026706 0.056666666666666664 0.19287833827893175
0 0.37333333333333335 0.7373887240356083 0.05333333333333334 0.14540059347181009
0 0.021416666666666667 0.76 0.042833333333333334 0.13646884272997034
0 0.09003333333333335 0.7678041543026706 0.06240000000000001 0.15083086053412467
0 0.19278333333333333 0.8011869436201781 0.06513333333333335 0.17804154302670624
0 0.32 0.857566765578635 0.04833333333333333 0.12759643916913946
0 0.2683333333333333 0.8605341246290801 0.051666666666666666 0.12462908011869436
0 0.43833333333333335 0.8664688427299704 0.07 0.17507418397626112
0 0.37166666666666665 0.8783382789317508 0.055 0.12759643916913946
0 0.5141666666666667 0.8827893175074184 0.08166666666666667 0.18694362017804153
0 0.5975 0.9050445103857567 0.07666666666666666 0.18694362017804153
0 0.675 0.9169139465875371 0.07666666666666666 0.1572700296735905
0 0.6708333333333333 0.09347181008902077 0.07666666666666666 0.18694362017804153
0 0.7441666666666666 0.09347181008902077 0.058333333333333334 0.18100890207715134
0 0.6 0.09792284866468842 0.065 0.18397626112759644
0 0.5266666666666666 0.09940652818991098 0.07 0.17804154302670624
0 0.4583333333333333 0.10979228486646884 0.065 0.18694362017804153
0 0.11710000000000001 0.12240356083086053 0.04988333333333334 0.16566765578635012
0 0.35583333333333333 0.12462908011869436 0.06833333333333333 0.16023738872403562
0 0.4091666666666667 0.13204747774480713 0.03833333333333333 0.1513353115727003
0 0.17543333333333333 0.1347774480712166 0.06375 0.17557863501483678
0 0.021983333333333334 0.13724035608308605 0.0402 0.1607418397626113
0 0.06503333333333333 0.13724035608308605 0.051300000000000005 0.16566765578635012
0 0.2866666666666667 0.14094955489614244 0.07 0.17210682492581603