0 0.19916666666666666 0.3056379821958457 0.041666666666666664 0.12462908011869436
0 0.35 0.31008902077151335 0.025 0.09495548961424333
0 0.37916666666666665 0.3367952522255193 0.03 0.09198813056379822
0 0.24083333333333334 0.3397626112759644 0.03833333333333333 0.12166172106824925
0 0.09141666666666667 0.34620178041543026 0.06238333333333332 0.1434124629080119
0 0.4091666666666667 0.3545994065281899 0.025 0.08011869436201781
0 0.15043333333333334 0.35979228486646886 0.04709999999999998 0.1310682492581603
0 0.2791666666666667 0.37091988130563797 0.041666666666666664 0.11869436201780416
0 0.43583333333333335 0.38130563798219586 0.021666666666666667 0.08902077151335312
0 0.31916666666666665 0.39317507418397624 0.03833333333333333 0.10089020771513353
0 0.455 0.40059347181008903 0.018333333333333333 0.0771513353115727
0 0.3541666666666667 0.4094955489614243 0.025 0.10385756676557864
0 0.47833333333333333 0.41839762611275966 0.02 0.0771513353115727
0 0.4975 0.43026706231454004 0.018333333333333333 0.0830860534124629
0 0.38333333333333336 0.43471810089020774 0.03 0.10979228486646884
0 0.19833333333333333 0.4362017804154303 0.045 0.13649851632047477
0 0.5144 0.4443026706231454 0.016200000000000044 0.06421364985163201
0 0.41333333333333333 0.4465875370919881 0.023333333333333334 0.10089020771513353
0 0.24083333333333334 0.46142433234421365 0.03666666666666667 0.12462908011869436
0 0.43833333333333335 0.46735905044510384 0.02 0.08011869436201781
0 0.4608333333333333 0.48516320474777447 0.018333333333333333 0.08605341246290801
0 0.2825 0.48813056379821956 0.03833333333333333 0.10979228486646884
0 0.3225 0.49851632047477745 0.035 0.09495548961424333
0 0.5666666666666667 0.49851632047477745 0.011666666666666667 0.07418397626112759
0 0.5441666666666667 0.5 0.03 0.06824925816023739
0 0.08725000000000001 0.5007418397626113 0.05961666666666666 0.15578635014836795
0 0.4825 0.5059347181008902 0.02 0.08902077151335312
0 0.5816666666666667 0.5103857566765578 0.013333333333333334 0.07418397626112759
0 0.14626666666666668 0.5118694362017804 0.04986666666666664 0.15824925816023735
0 0.5187666666666666 0.5137091988130564 0.016783333333333417 0.07872403560830853
0 0.3591666666666667 0.516320474777448 0.028333333333333332 0.09495548961424333
0 0.5025 0.516320474777448 0.02 0.0771513353115727
0 0.5966666666666667 0.5252225519287834 0.015 0.06824925816023739
0 0.38916666666666666 0.5356083086053413 0.021666666666666667 0.08605341246290801
0 0.6116666666666667 0.5356083086053413 0.011666666666666667 0.06824925816023739
0 0.415 0.5519287833827893 0.025 0.09198813056379822
0 0.6275 0.5519287833827893 0.016666666666666666 0.06528189910979229
0 0.44166666666666665 0.5593471810089021 0.02 0.09495548961424333
0 0.645 0.5593471810089021 0.013333333333333334 0.06824925816023739
0 0.19666666666666666 0.5667655786350149 0.04833333333333333 0.12759643916913946
0 0.5475 0.5667655786350149 0.03166666666666667 0.07418397626112759
0 0.24166666666666667 0.5682492581602374 0.03833333333333333 0.09198813056379822
0 0.5725 0.5727002967359051 0.011666666666666667 0.06824925816023739
0 0.465 0.5845697329376854 0.02 0.09198813056379822
0 0.6683333333333333 0.5875370919881305 0.021666666666666667 0.05637982195845697
0 0.7019666666666666 0.5895252225519287 0.024416666666666628 0.059020771513353075
0 0.2825 0.5905044510385756 0.041666666666666664 0.08902077151335312
0 0.5883333333333334 0.5905044510385756 0.015 0.06231454005934718
0 0.605 0.5949554896142433 0.011666666666666667 0.0712166172106825
0 0.32166666666666666 0.5964391691394659 0.03166666666666667 0.08902077151335312
0 0.4866666666666667 0.5979228486646885 0.018333333333333333 0.08605341246290801
0 0.5058333333333334 0.6038575667655787 0.021666666666666667 0.10979228486646884
0 0.6183333333333333 0.6083086053412463 0.013333333333333334 0.05934718100890208
0 0.6333333333333333 0.615727002967359 0.013333333333333334 0.05341246290801187
0 0.5205666666666666 0.6233234421364985 0.01898333333333331 0.07332344213649845
0 0.35583333333333333 0.6246290801186943 0.03 0.12166172106824925
0 0.6491666666666667 0.629080118694362 0.01 0.05934718100890208
0 0.5414666666666667 0.6342433234421365 0.02021666666666666 0.08646884272997028
0 0.3858333333333333 0.6350148367952523 0.023333333333333334 0.10385756676557864
0 0.6608333333333334 0.6409495548961425 0.006666666666666667 0.04154302670623145
0 0.68875 0.6433531157270029 0.014350000000000022 0.06991097922848666
0 0.4116666666666667 0.6439169139465876 0.023333333333333334 0.0830860534124629
0 0.7083333333333334 0.6447774480712166 0.023566666666666646 0.05145400593471803
0 0.6725 0.6468842729970327 0.018333333333333333 0.05934718100890208
0 0.5766666666666667 0.6483679525222552 0.01 0.06528189910979229
0 0.56 0.6498516320474778 0.021666666666666667 0.07418397626112759
0 0.44083333333333335 0.6617210682492581 0.02666666666666667 0.09495548961424333
0 0.5925 0.6646884272997032 0.013333333333333334 0.07418397626112759
0 0.6091666666666666 0.6661721068249258 0.011666666666666667 0.06824925816023739
0 0.08099999999999999 0.6676557863501483 0.06656666666666665 0.17308605341246286
0 0.14348333333333335 0.6701186943620179 0.04986666666666669 0.16816023738872407
0 0.4633333333333333 0.6706231454005934 0.016666666666666666 0.07418397626112759
0 0.635 0.6735905044510386 0.013333333333333334 0.06528189910979229
0 0.6233333333333333 0.6750741839762612 0.013333333333333334 0.06231454005934718
0 0.4841666666666667 0.6795252225519288 0.018333333333333333 0.06528189910979229
0 0.6508333333333334 0.685459940652819 0.015 0.05637982195845697
0 0.5091666666666667 0.6884272997032641 0.021666666666666667 0.05934718100890208
0 0.245 0.6988130563798219 0.06166666666666667 0.16023738872403562
0 0.5279333333333334 0.6999109792284867 0.017749999999999964 0.07771513353115726
0 0.195 0.7077151335311572 0.041666666666666664 0.14540059347181009
0 0.2966666666666667 0.7106824925816023 0.04 0.13649851632047477
0 0.5473 0.7130563798219585 0.023283333333333378 0.08207715133531164
0 0.3358333333333333 0.7181008902077152 0.03833333333333333 0.142433234421365
0 0.58 0.7225519287833828 0.015 0.0712166172106825
0 0.565 0.7255192878338279 0.018333333333333333 0.06824925816023739
0 0.5966666666666667 0.7270029673590505 0.013333333333333334 0.05934718100890208
0 0.6116666666666667 0.7329376854599406 0.013333333333333334 0.05934718100890208
0 0.6283333333333333 0.7388724035608308 0.013333333333333334 0.06231454005934718
0 0.6425 0.7433234421364985 0.015 0.06528189910979229
0 0.36583333333333334 0.744807121661721 0.021666666666666667 0.10089020771513353
0 0.4008333333333333 0.7462908011869436 0.04833333333333333 0.11869436201780416
0 0.6566666666666666 0.7462908011869436 0.011666666666666667 0.06824925816023739
0 0.4825 0.7670623145400594 0.04 0.10089020771513353
0 0.10669999999999999 0.07789317507418397 0.054050000000000015 0.15578635014836795
0 0.5125 0.7729970326409495 0.023333333333333334 0.10385756676557864
0 0.5358333333333334 0.7848664688427299 0.018333333333333333 0.10089020771513353
0 0.44916666666666666 0.7893175074183977 0.03833333333333333 0.09495548961424333
0 0.5509833333333333 0.7967952522255193 0.023283333333333378 0.08537091988130559
0 0.5700333333333333 0.8011572700296736 0.01713333333333329 0.08537091988130559
0 0.5858333333333333 0.8011869436201781 0.025 0.07418397626112759
0 0.6075 0.8056379821958457 0.013333333333333334 0.07418397626112759
0 0.6233333333333333 0.8071216617210683 0.015 0.06824925816023739
0 0.64 0.8115727002967359 0.015 0.07418397626112759
0 0.6558333333333334 0.8175074183976261 0.016666666666666666 0.06528189910979229
0 0.07475 0.8407418397626112 0.06516666666666668 0.168160237388724
0 0.13585 0.8419881305637982 0.051266666666666655 0.16566765578635018
0 0.245 0.8560830860534124 0.06166666666666667 0.14836795252225518
0 0.2975 0.8560830860534124 0.041666666666666664 0.14540059347181009
0 0.18916666666666668 0.857566765578635 0.045 0.1394658753709199
0 0.33916666666666667 0.8620178041543026 0.041666666666666664 0.142433234421365
0 0.3775 0.8694362017804155 0.02666666666666667 0.13649851632047477
0 0.4091666666666667 0.8738872403560831 0.03333333333333333 0.12759643916913946
0 0.4375 0.8738872403560831 0.025 0.12462908011869436
0 0.4866666666666667 0.8783382789317508 0.03333333333333333 0.11869436201780416
0 0.5158333333333334 0.8857566765578635 0.021666666666666667 0.10979228486646884
0 0.46166666666666667 0.8902077151335311 0.018333333333333333 0.09495548961424333
0 0.54 0.8916913946587537 0.025 0.11275964391691394
0 0.5625 0.8916913946587537 0.018333333333333333 0.10385756676557864
0 0.5966666666666667 0.8961424332344213 0.021666666666666667 0.09198813056379822
0 0.6158333333333333 0.8976261127596439 0.013333333333333334 0.09495548961424333
0 0.6316666666666667 0.8976261127596439 0.013333333333333334 0.08902077151335312
0 0.5753666666666667 0.8976854599406527 0.01975000000000004 0.0989910979228487
0 0.6633333333333333 0.9020771513353115 0.018333333333333333 0.09198813056379822
0 0.645 0.9035608308605341 0.016666666666666666 0.08605341246290801
0 0.15806666666666666 0.11498516320474778 0.042933333333333316 0.1607418397626113
0 0.01285 0.12335311572700297 0.0257 0.1861721068249258
0 0.20333333333333334 0.18545994065281898 0.041666666666666664 0.11275964391691394
0 0.09558333333333334 0.21513353115727002 0.05961666666666666 0.10881305637982198
0 0.245 0.2195845697329377 0.03666666666666667 0.11572700296735905
0 0.15460000000000002 0.2522255192878338 0.04431666666666667 0.09397626112759648
0 0.2825 0.25667655786350146 0.03833333333333333 0.10385756676557864
0 0.31833333333333336 0.28486646884273 0.03333333333333333 0.11572700296735905
0 0.007750000000000001 0.2928783382789318 0.015500000000000002 0.19222551928783382