0 0.4191666666666667 0.31305637982195844 0.05 0.1572700296735905
0 0.14583333333333334 0.327893175074184 0.06833333333333333 0.22551928783382788
0 0.60615 0.34593471810089027 0.030783333333333378 0.08459940652818992
0 0.6405166666666666 0.3523145400593472 0.027250000000000038 0.08433234421364981
0 0.22333333333333333 0.37091988130563797 0.06666666666666667 0.20178041543026706
0 0.4816166666666667 0.37462908011869434 0.062250000000000034 0.13599406528189906
0 0.6759499999999999 0.3828486646884273 0.05193333333333328 0.13029673590504454
0 0.71605 0.4069436201780415 0.03988333333333325 0.13207715133531153
0 0.29333333333333333 0.40801186943620177 0.06333333333333334 0.19287833827893175
0 0.7521333333333333 0.4194362017804154 0.03988333333333325 0.10709198813056377
0 0.5364833333333333 0.42160237388724037 0.049733333333333386 0.1459050445103858
0 0.6468333333333334 0.4346884272997033 0.036099999999999945 0.08563798219584574
0 0.7907333333333333 0.43908011869436203 0.04286666666666671 0.13207715133531153
0 0.61705 0.4452522255192879 0.03441666666666663 0.08902077151335312
0 0.3641666666666667 0.44807121661721067 0.065 0.18100890207715134
0 0.4266666666666667 0.47774480712166173 0.05 0.1632047477744807
0 0.7514166666666667 0.4787833827893175 0.00013333333333340154 0.0026112759643916778
0 0.22583333333333333 0.050445103857566766 0.06666666666666667 0.10089020771513353
0 0.6899833333333334 0.5078041543026706 0.04591666666666659 0.11958456973293773
0 0.4878666666666667 0.5192878338278932 0.06641666666666671 0.14836795252225518
0 0.6585333333333333 0.5219584569732938 0.03886666666666675 0.08679525222551929
0 0.7305833333333334 0.5229673590504451 0.040883333333333285 0.12136498516320468
0 0.7636666666666666 0.5238575667655786 0.042883333333333364 0.12314540059347182
0 0.62425 0.525459940652819 0.03640000000000005 0.07664688427299698
0 0.9025 0.5283382789317508 0.04184999999999983 0.10709198813056389
0 0.5413333333333333 0.5570623145400593 0.051633333333333364 0.13893175074183975
0 0.8052666666666667 0.5586646884272998 0.04386666666666675 0.12136498516320468
0 0.84085 0.5720474777448071 0.040866666666666634 0.14456973293768538
0 0.6315500000000001 0.6094658753709199 0.03580000000000003 0.09397626112759648
0 0.6668999999999999 0.6129970326409496 0.04009999999999991 0.09320474777448079
0 0.14348333333333335 0.6169732937685459 0.09708333333333333 0.26952522255192873
0 0.7060333333333333 0.632759643916914 0.04390000000000005 0.1374480712166172
0 0.9240499999999999 0.632759643916914 0.04485000000000014 0.11246290801186937
0 0.7476333333333333 0.650593471810089 0.04488333333333325 0.13029673590504443
0 0.7837166666666667 0.650593471810089 0.03886666666666675 0.14816023738872405
0 0.23236666666666664 0.6565281899109793 0.07483333333333332 0.2546884272997033
0 0.30805000000000005 0.6812462908011869 0.07619999999999995 0.22501483679525217
0 0.8223 0.683620178041543 0.041850000000000026 0.12495548961424337
0 0.8593999999999999 0.7005637982195845 0.039866666666666696 0.13385756676557858
0 0.8884666666666667 0.7193175074183975 0.035849999999999986 0.11424332344213642
0 0.38095 0.7220474777448072 0.06923333333333337 0.22750741839762617
0 0.9701500000000001 0.745192878338279 0.04683333333333318 0.13744807121661728
0 0.9395833333333333 0.7469732937685459 0.039833333333333484 0.11958456973293773
0 0.45176666666666665 0.7678041543026706 0.06364999999999994 0.1953412462908012
0 0.51495 0.7838872403560831 0.056683333333333315 0.2175964391691395
0 0.5725833333333333 0.7888130563798219 0.049716666666666735 0.1632047477744807
0 0.2925 0.08011869436201781 0.06333333333333334 0.1513353115727003
0 0.8162833333333332 0.8629970326409495 0.04386666666666675 0.13744807121661737
0 0.6945 0.8710385756676559 0.07498333333333335 0.16065281899109787
0 0.04666666666666667 0.8694362017804155 0.09 0.2551928783382789
0 0.14001666666666668 0.8733827893175073 0.09291666666666666 0.25320474777448077
0 0.7511333333333333 0.8835311572700296 0.05191666666666663 0.16777448071216605
0 0.22833333333333333 0.8887240356083086 0.08 0.2166172106824926
0 0.7852166666666667 0.8942433234421365 0.04790000000000001 0.1427893175074184
0 0.9165333333333333 0.8986943620178042 0.055883333333333285 0.1481602373887239
0 0.3108166666666667 0.899347181008902 0.07896666666666666 0.20127596439169151
0 0.38666666666666666 0.913946587537092 0.06666666666666667 0.1661721068249258
0 0.8629 0.9310385756676558 0.052883333333333366 0.13789317507418405
0 0.4558333333333333 0.9287833827893175 0.075 0.13649851632047477
0 0.5732666666666666 0.9364391691394658 0.06221666666666673 0.1270919881305639
0 0.5191666666666667 0.9436201780415431 0.051666666666666666 0.10682492581602374
0 0.9045000000000001 0.9551335311572701 0.04186666666666648 0.08970326409495555
0 0.07833333333333334 0.10237388724035608 0.055 0.1661721068249258
0 0.35583333333333333 0.11275964391691394 0.056666666666666664 0.1543026706231454
0 0.1525 0.13204747774480713 0.07 0.17507418397626112
0 0.41333333333333333 0.1572700296735905 0.04666666666666667 0.14836795252225518
0 0.225 0.18694362017804153 0.06833333333333333 0.19287833827893175
0 0.4739833333333333 0.22997032640949555 0.06086666666666664 0.15332344213649854
0 0.2941666666666667 0.2344213649851632 0.07 0.17210682492581603
0 0.3616666666666667 0.27299703264094954 0.06 0.1661721068249258
0 0.5316166666666667 0.27943620178041545 0.04556666666666672 0.13848664688427295
0 0.06666666666666667 0.2952522255192878 0.06333333333333334 0.22255192878338279