0 0.5725 0.24555555555555555 0.07 0.23555555555555555
0 0.64 0.27111111111111114 0.06166666666666667 0.22444444444444445
0 0.6941666666666667 0.28555555555555556 0.043333333333333335 0.20222222222222222
0 0.7391666666666666 0.30444444444444446 0.03833333333333333 0.18666666666666668
0 0.7766666666666666 0.3233333333333333 0.03666666666666667 0.16444444444444445
0 0.81 0.3411111111111111 0.03 0.15555555555555556
0 0.84 0.35444444444444445 0.03666666666666667 0.14222222222222222
0 0.8816666666666667 0.37 0.016666666666666666 0.13333333333333333
0 0.9058333333333334 0.3888888888888889 0.03666666666666667 0.12222222222222222
0 0.1025 0.40444444444444444 0.19666666666666666 0.3333333333333333
0 0.28 0.4166666666666667 0.145 0.29777777777777775
0 0.4116666666666667 0.43555555555555553 0.11333333333333333 0.2733333333333333
0 0.5016666666666667 0.45111111111111113 0.095 0.24
0 0.58 0.4633333333333333 0.06333333333333334 0.20222222222222222
0 0.6433333333333333 0.4766666666666667 0.055 0.18222222222222223
0 0.6958333333333333 0.4811111111111111 0.051666666666666666 0.18444444444444444
0 0.7375 0.48444444444444446 0.03166666666666667 0.16444444444444445
0 0.7716666666666666 0.48777777777777775 0.03833333333333333 0.16444444444444445
0 0.8091666666666667 0.4911111111111111 0.03333333333333333 0.1511111111111111
0 0.8416666666666667 0.49444444444444446 0.03166666666666667 0.13777777777777778
0 0.8808333333333334 0.5 0.02 0.13111111111111112
0 0.9158333333333334 0.5033333333333333 0.018333333333333333 0.10888888888888888
0 0.8991666666666667 0.5066666666666667 0.018333333333333333 0.11333333333333333
0 0.9333333333333333 0.5066666666666667 0.02 0.10666666666666667
0 0.9341666666666667 0.6744444444444444 0.02 0.10222222222222223
0 0.9133333333333333 0.6811111111111111 0.025 0.10888888888888888
0 0.8941666666666667 0.6877777777777778 0.016666666666666666 0.1111111111111111
0 0.8775 0.6955555555555556 0.016666666666666666 0.12
0 0.8358333333333333 0.7011111111111111 0.03833333333333333 0.13777777777777778
0 0.8033333333333333 0.7177777777777777 0.028333333333333332 0.14444444444444443
0 0.7691666666666667 0.7333333333333333 0.03666666666666667 0.15777777777777777
0 0.7325 0.7466666666666667 0.04 0.1711111111111111
0 0.6866666666666666 0.76 0.05333333333333334 0.18666666666666668
0 0.9541666666666667 0.7622222222222222 0.016666666666666666 0.09777777777777778
0 0.935 0.7744444444444445 0.018333333333333333 0.1
0 0.6308333333333334 0.7766666666666666 0.056666666666666664 0.20444444444444446
0 0.9166666666666666 0.7888888888888889 0.025 0.10444444444444445
0 0.05125 0.7922222222222223 0.05333333333333334 0.25555555555555554
0 0.5633333333333334 0.7944444444444444 0.08 0.22
0 0.8966666666666666 0.7966666666666666 0.016666666666666666 0.10666666666666667
0 0.8775 0.8122222222222222 0.018333333333333333 0.1111111111111111
0 0.4775 0.8177777777777778 0.085 0.24666666666666667
0 0.84 0.8377777777777777 0.03166666666666667 0.12666666666666668
0 0.3825 0.8522222222222222 0.10166666666666667 0.25555555555555554
0 0.8058333333333333 0.8544444444444445 0.03833333333333333 0.13555555555555557
0 0.265 0.8755555555555555 0.14 0.24
0 0.7716666666666666 0.8755555555555555 0.03833333333333333 0.13777777777777778
0 0.7333333333333333 0.8977777777777778 0.04 0.15555555555555556
0 0.6875 0.9211111111111111 0.05333333333333334 0.15555555555555556
0 0.635 0.9344444444444444 0.06 0.11777777777777777
0 0.565 0.95 0.08166666666666667 0.08888888888888889
0 0.09333333333333334 0.11888888888888889 0.18666666666666668 0.23777777777777778
0 0.265 0.13333333333333333 0.16 0.26666666666666666
0 0.39416666666666667 0.16444444444444445 0.11666666666666667 0.29333333333333333
0 0.495 0.2011111111111111 0.085 0.26222222222222225