0 0.8033333333333333 0.5341246290801187 0.041666666666666664 0.10979228486646884
0 0.845 0.5341246290801187 0.03333333333333333 0.11572700296735905
0 0.72 0.5370919881305638 0.015 0.12462908011869436
0 0.665 0.5415430267062314 0.021666666666666667 0.12166172106824925
0 0.6933333333333334 0.5415430267062314 0.03 0.11572700296735905
0 0.755 0.5415430267062314 0.04833333333333333 0.12462908011869436
0 0.635 0.5593471810089021 0.04 0.13649851632047477
0 0.39136666666666664 0.5637982195845698 0.051166666666666645 0.1632047477744807
0 0.5908333333333333 0.5637982195845698 0.041666666666666664 0.12462908011869436
0 0.4496833333333333 0.5699703264094956 0.053933333333333354 0.15578635014836795
0 0.19278333333333333 0.5724629080118694 0.054016666666666664 0.1656676557863501
0 0.33303333333333335 0.5724629080118694 0.062299999999999994 0.16074183976261133
0 0.5433333333333333 0.5727002967359051 0.04666666666666667 0.14836795252225518
0 0.2740166666666667 0.573679525222552 0.05538333333333336 0.1632047477744807
0 0.13308333333333333 0.5798813056379821 0.06793333333333332 0.17557863501483684
0 0.4941166666666667 0.5823442136498517 0.02613333333333325 0.11623145400593476
0 0.06711666666666667 0.5823442136498517 0.05823333333333333 0.17557863501483684
0 0.615 0.7462908011869436 0.03333333333333333 0.10682492581602374
0 0.5433333333333333 0.7744807121661721 0.03 0.12462908011869436
0 0.7583333333333333 0.8100890207715133 0.04833333333333333 0.12759643916913946
0 0.7108333333333333 0.8234421364985163 0.05 0.12166172106824925
0 0.6625 0.8382789317507419 0.05 0.13056379821958458
0 0.5775 0.8620178041543026 0.03333333333333333 0.10385756676557864
0 0.615 0.8620178041543026 0.035 0.10682492581602374
0 0.4878666666666667 0.880326409495549 0.041416666666666706 0.12364985163204735
0 0.42816666666666664 0.8815430267062314 0.06643333333333336 0.15083086053412476
0 0.5441666666666667 0.8902077151335311 0.03333333333333333 0.09495548961424333
0 0.35733333333333334 0.8988724035608309 0.06645000000000001 0.1310682492581601
0 0.28513333333333335 0.9062908011869437 0.07203333333333328 0.13599406528189922
0 0.20916666666666667 0.9243323442136498 0.075 0.14540059347181009
0 0.059166666666666666 0.9258160237388724 0.065 0.142433234421365
0 0.13333333333333333 0.9287833827893175 0.08333333333333333 0.13649851632047477
0 0.04698333333333334 0.22255192878338279 0.04851666666666667 0.17804154302670624
0 0.11016666666666666 0.22255192878338279 0.06933333333333333 0.1879228486646884
0 0.1796 0.22750741839762612 0.06651666666666665 0.17308605341246291
0 0.24833333333333332 0.232433234421365 0.062333333333333296 0.17804154302670624
0 0.3136 0.23863501483679525 0.056750000000000016 0.17557863501483678
0 0.37123333333333336 0.24480712166172106 0.05534999999999997 0.17804154302670624
0 0.4274666666666667 0.24851632047477745 0.04560000000000002 0.1607418397626113
0 0.4816166666666667 0.262106824925816 0.05113333333333325 0.1632047477744807
0 0.5775 0.2655786350148368 0.045 0.142433234421365
0 0.6683333333333333 0.26706231454005935 0.05 0.12759643916913946
0 0.6133333333333333 0.2685459940652819 0.025 0.11572700296735905
0 0.7141666666666666 0.27002967359050445 0.043333333333333335 0.12759643916913946
0 0.7575 0.27002967359050445 0.03833333333333333 0.12462908011869436
0 0.5375 0.271513353115727 0.035 0.13353115727002968
0 0.8391666666666666 0.2789317507418398 0.043333333333333335 0.12462908011869436
0 0.7966666666666666 0.28041543026706234 0.03833333333333333 0.12462908011869436