0 0.11085 0.32887240356083086 0.09848333333333334 0.26210682492581605
0 0.28859999999999997 0.3474183976261127 0.08731666666666664 0.21513353115727
0 0.20111666666666667 0.3499109792284867 0.07068333333333333 0.21513353115727007
0 0.6591666666666667 0.35756676557863504 0.09833333333333333 0.228486646884273
0 0.4683333333333333 0.3768545994065282 0.08333333333333333 0.2166172106824926
0 0.37816666666666665 0.37709198813056377 0.0775666666666667 0.22501483679525225
0 0.5658333333333333 0.37833827893175076 0.08833333333333333 0.22551928783382788
0 0.7566666666666667 0.413946587537092 0.08833333333333333 0.20771513353115728
0 0.89 0.05192878338278932 0.07333333333333333 0.10385756676557864
0 0.2740166666666667 0.5885163204747775 0.09703333333333329 0.2522255192878338
0 0.18306666666666668 0.5897626112759644 0.07625 0.24976261127596444
0 0.09071666666666667 0.5897626112759644 0.09433333333333335 0.26459940652819
0 0.6683333333333333 0.5905044510385756 0.09833333333333333 0.2433234421364985
0 0.4691666666666667 0.6008902077151336 0.085 0.2433234421364985
0 0.5691666666666667 0.6053412462908012 0.09833333333333333 0.228486646884273
0 0.3747 0.6058456973293768 0.08173333333333337 0.22255192878338279
0 0.7666666666666667 0.629080118694362 0.09 0.2166172106824926
0 0.9211166666666666 0.634272997032641 0.07179999999999988 0.20029673590504452
0 0.9641666666666666 0.07863501483679525 0.06833333333333333 0.1513353115727003
0 0.9766666666666667 0.771513353115727 0.043333333333333335 0.11869436201780416
0 0.9252833333333332 0.7776854599406527 0.057916666666666665 0.10139465875370916
0 0.5766666666666667 0.8338278931750742 0.1 0.22255192878338279
0 0.6775 0.8338278931750742 0.1 0.2314540059347181
0 0.4683333333333333 0.8353115727002968 0.09666666666666666 0.2166172106824926
0 0.16431666666666667 0.8358160237388724 0.08041666666666666 0.2275074183976261
0 0.2622166666666667 0.8370326409495549 0.09564999999999997 0.23492581602373883
0 0.36428333333333335 0.8370326409495549 0.08866666666666664 0.22008902077151332
0 0.07128333333333335 0.8370326409495549 0.0999 0.22501483679525225
0 0.7766666666666666 0.841246290801187 0.10333333333333333 0.21364985163204747
0 0.9481999999999999 0.9141839762611276 0.07873333333333335 0.17160237388724048
0 0.8954333333333333 0.20154302670623145 0.07875 0.2052522255192878
0 0.9683333333333334 0.22997032640949555 0.06 0.1572700296735905