0 0.7306666666666666 0.02967359050445104 0.09961666666666663 0.05934718100890208
0 0.6268833333333333 0.03777448071216617 0.10118333333333339 0.07551928783382789
0 0.9466666666666667 0.5534124629080118 0.09833333333333333 0.27299703264094954
0 0.5183333333333333 0.5608308605341247 0.09666666666666666 0.2433234421364985
0 0.62 0.5682492581602374 0.11166666666666666 0.26409495548961426
0 0.8366666666666667 0.5682492581602374 0.105 0.24629080118694363
0 0.22083333333333333 0.56973293768546 0.075 0.21364985163204747
0 0.43416666666666665 0.56973293768546 0.051666666666666666 0.21364985163204747
0 0.7333333333333333 0.5712166172106825 0.10166666666666667 0.2522255192878338
0 0.14583333333333334 0.5727002967359051 0.07333333333333333 0.21364985163204747
0 0.37916666666666665 0.5771513353115727 0.055 0.20771513353115728
0 0.31833333333333336 0.5786350148367952 0.06833333333333333 0.19584569732937684
0 0.32666666666666666 0.06973293768545995 0.05333333333333334 0.1394658753709199
0 0.25083333333333335 0.07418397626112759 0.08333333333333333 0.14540059347181009
0 0.15333333333333332 0.07566765578635015 0.06833333333333333 0.12759643916913946
0 0.39166666666666666 0.07863501483679525 0.07333333333333333 0.1572700296735905
0 0.21666666666666667 0.8056379821958457 0.08166666666666667 0.27002967359050445
0 0.30666666666666664 0.8056379821958457 0.09333333333333334 0.26112759643916916
0 0.37916666666666665 0.8056379821958457 0.045 0.23738872403560832
0 0.13333333333333333 0.8130563798219584 0.085 0.26706231454005935
0 0.44083333333333335 0.814540059347181 0.07166666666666667 0.2551928783382789
0 0.5416666666666666 0.8219584569732937 0.065 0.26409495548961426
0 0.6275 0.8293768545994066 0.105 0.258160237388724
0 0.74 0.841246290801187 0.11333333333333333 0.27299703264094954
0 0.8591666666666666 0.841246290801187 0.12666666666666668 0.3026706231454006
0 0.9591666666666666 0.844213649851632 0.07666666666666666 0.2997032640949555
0 0.55 0.08605341246290801 0.05 0.1661721068249258
0 0.4608333333333333 0.09792284866468842 0.051666666666666666 0.1632047477744807
0 0.9508333333333333 0.129080118694362 0.095 0.19287833827893175
0 0.8433333333333334 0.13798219584569732 0.11666666666666667 0.19584569732937684
0 0.7333333333333333 0.1543026706231454 0.09833333333333333 0.17210682492581603
0 0.6291666666666667 0.1661721068249258 0.10333333333333333 0.17210682492581603
0 0.3233333333333333 0.21068249258160238 0.06666666666666667 0.142433234421365
0 0.2425 0.2166172106824926 0.085 0.13056379821958458
0 0.5458333333333333 0.2166172106824926 0.06 0.09198813056379822
0 0.1475 0.2195845697329377 0.085 0.13649851632047477
0 0.395 0.22106824925816024 0.07166666666666667 0.11572700296735905
0 0.46166666666666667 0.22551928783382788 0.056666666666666664 0.0830860534124629