0 0.9716666666666667 0.04302670623145401 0.05333333333333334 0.08605341246290801
0 0.9141833333333333 0.04821958456973294 0.055133333333333215 0.09643916913946587
0 0.8983333333333333 0.48813056379821956 0.058333333333333334 0.14540059347181009
0 0.7858333333333334 0.4940652818991098 0.056666666666666664 0.12759643916913946
0 0.8425 0.4940652818991098 0.05333333333333334 0.13056379821958458
0 0.9558333333333333 0.4970326409495549 0.045 0.11275964391691394
0 0.7283333333333334 0.49851632047477745 0.05333333333333334 0.13056379821958458
0 0.6783333333333333 0.5 0.045 0.12759643916913946
0 0.8621 0.055637982195845696 0.05376666666666665 0.1013946587537092
0 0.8232333333333334 0.056884272997032644 0.017683333333333356 0.10385756676557864
0 0.68075 0.06560830860534124 0.034283333333333416 0.11071216617210683
0 0.6825 0.728486646884273 0.056666666666666664 0.08902077151335312
0 0.96 0.744807121661721 0.06166666666666667 0.10979228486646884
0 0.7891666666666667 0.7581602373887241 0.055 0.13353115727002968
0 0.7375 0.7596439169139466 0.045 0.14836795252225518
0 0.845 0.7596439169139466 0.056666666666666664 0.14540059347181009
0 0.9016666666666666 0.7640949554896143 0.05333333333333334 0.13649851632047477
0 0.9575 0.900593471810089 0.08166666666666667 0.19287833827893175
0 0.8232333333333334 0.1359940652818991 0.028783333333333303 0.0643026706231454
0 0.8635 0.14219584569732938 0.04543333333333332 0.06676557863501484
0 0.9758333333333333 0.14836795252225518 0.045 0.13649851632047477
0 0.9204333333333333 0.15949554896142434 0.05929999999999988 0.11623145400593475
0 0.675 0.18243323442136497 0.022783333333333267 0.12299703264094956