0 0.5227166666666666 0.22715555555555556 0.05149999999999996 0.09875555555555555
0 0.6365833333333333 0.2419777777777778 0.049599999999999984 0.11357777777777775
0 0.8041333333333334 0.2518444444444445 0.0662166666666667 0.1234666666666667
0 0.60325 0.28024444444444446 0.042216666666666736 0.10617777777777777
0 0.7662 0.030866666666666667 0.06893333333333336 0.061733333333333335
0 0.7523 0.28888888888888886 0.05881666666666661 0.13333333333333333
0 0.41346666666666676 0.29628888888888893 0.05525000000000001 0.09875555555555555
0 0.5736333333333333 0.3074 0.03851666666666669 0.10617777777777782
0 0.37921666666666665 0.31851111111111113 0.038600000000000044 0.08888888888888889
0 0.6995333333333333 0.31851111111111113 0.05698333333333343 0.1135777777777778
0 0.5319666666666667 0.3234666666666667 0.04038333333333336 0.08888888888888889
0 0.6541666666666667 0.35308888888888884 0.04774999999999996 0.10864444444444442
0 0.45883333333333337 0.35431111111111113 0.05338333333333329 0.09628888888888885
0 0.35145 0.3654222222222222 0.05341666666666669 0.09875555555555555
0 0.62455 0.38395555555555555 0.044049999999999916 0.09628888888888885
0 0.3246 0.38764444444444446 0.029350000000000022 0.08395555555555549
0 0.41718333333333335 0.3962888888888889 0.04043333333333332 0.08642222222222219
0 0.3005333333333333 0.39875555555555553 0.02196666666666668 0.08148888888888893
0 0.5921500000000001 0.4135777777777778 0.03481666666666664 0.09628888888888885
0 0.39311666666666667 0.4148222222222222 0.025633333333333327 0.09382222222222215
0 0.5514166666666667 0.42346666666666666 0.04593333333333324 0.10124444444444446
0 0.7087833333333333 0.045688888888888876 0.05328333333333338 0.09135555555555555
0 0.4727166666666667 0.4506222222222222 0.05893333333333336 0.10124444444444446
0 0.3634833333333333 0.4530888888888889 0.04786666666666662 0.07160000000000007
0 0.9558333333333333 0.46111111111111114 0.085 0.16666666666666666
0 0.3320166666666667 0.46295555555555556 0.021950000000000025 0.06666666666666667
0 0.3144166666666667 0.46542222222222224 0.020100000000000003 0.06173333333333327
0 0.4282833333333334 0.4802444444444445 0.033016666666666625 0.07653333333333333
0 0.40421666666666667 0.49013333333333337 0.02933333333333337 0.06666666666666667
0 0.8819 0.5 0.08099999999999995 0.17037777777777774
0 0.80785 0.5160444444444444 0.0736166666666666 0.1432
0 0.37551666666666667 0.5246888888888889 0.038600000000000044 0.07160000000000007
0 0.3422 0.5358 0.020100000000000003 0.06913333333333337
0 0.7532166666666666 0.5432 0.05696666666666658 0.14319999999999994
0 0.3199666666666667 0.5444444444444444 0.0275 0.08642222222222219
0 0.6976833333333333 0.5543111111111111 0.05698333333333343 0.13580000000000003
0 0.9411666666666667 0.05555555555555555 0.10788333333333336 0.1111111111111111
0 0.6486166666666667 0.5753111111111111 0.05145000000000001 0.11851111111111114
0 0.6134333333333334 0.5938222222222223 0.04036666666666671 0.12097777777777784
0 0.5754833333333333 0.6135777777777778 0.04593333333333324 0.1111111111111111
0 0.54215 0.624688888888889 0.04223333333333339 0.09382222222222228
0 0.9743999999999999 0.6407333333333333 0.05118333333333339 0.17531111111111108
0 0.48938333333333334 0.6419777777777778 0.05891666666666671 0.10371111111111102
0 0.90875 0.6555555555555556 0.08283333333333341 0.16542222222222233
0 0.43383333333333335 0.6592666666666667 0.05153333333333331 0.09875555555555543
0 0.8393166666666666 0.6654222222222222 0.0698999999999999 0.15555555555555556
0 0.3775 0.6811111111111111 0.043333333333333335 0.08666666666666667
0 0.7773 0.6864222222222222 0.060666666666666626 0.15308888888888886
0 0.3433333333333333 0.6933333333333334 0.03166666666666667 0.07333333333333333
0 0.72175 0.6975333333333333 0.060683333333333284 0.14568888888888876
0 0.6763833333333333 0.7049333333333334 0.044033333333333265 0.13580000000000003
0 0.62455 0.7160444444444445 0.05146666666666666 0.12839999999999993
0 0.5912166666666667 0.7259333333333333 0.05148333333333331 0.10864444444444442
0 0.8483333333333334 0.07444444444444444 0.08666666666666667 0.14888888888888888
0 0.5125333333333333 0.7469111111111112 0.06816666666666663 0.10617777777777772
0 0.45883333333333337 0.7654222222222222 0.04226666666666669 0.09875555555555543
0 0.415 0.7655555555555555 0.041666666666666664 0.09333333333333334
0 0.38333333333333336 0.7733333333333333 0.03333333333333333 0.08666666666666667
0 0.35583333333333333 0.7811111111111111 0.025 0.08222222222222222
0 0.65695 0.8530888888888889 0.05330000000000003 0.06173333333333327
0 0.6587999999999999 0.08888888888888889 0.06811666666666667 0.1432
0 0.594 0.9345777777777777 0.031099999999999947 0.1111111111111111
0 0.6439833333333334 0.9432 0.060716666666666586 0.10864444444444442
0 0.5023500000000001 0.9506222222222221 0.04040000000000001 0.08395555555555549
0 0.4325 0.9511111111111111 0.06833333333333333 0.09333333333333334
0 0.5430833333333334 0.9543111111111111 0.03668333333333332 0.09135555555555559
0 0.7847 0.11851111111111111 0.07918333333333331 0.12840000000000001
0 0.6180666666666667 0.12715555555555555 0.04591666666666659 0.10617777777777777
0 0.9558833333333333 0.15308888888888889 0.08821666666666678 0.1432
0 0.72915 0.16791111111111112 0.05698333333333343 0.1185111111111111
0 0.5828833333333333 0.17406666666666668 0.049633333333333286 0.11604444444444444
0 0.8735666666666666 0.20371111111111112 0.08285000000000006 0.16048888888888888
0 0.6782333333333334 0.21357777777777778 0.06625 0.11604444444444444