0 0.39166666666666666 0.29 0.17 0.31333333333333335
0 0.5466666666666666 0.3477777777777778 0.14 0.2866666666666667
0 0.6758333333333333 0.39444444444444443 0.12166666666666667 0.27111111111111114
0 0.7883333333333333 0.43 0.11333333333333333 0.22
0 0.8758333333333334 0.4588888888888889 0.09666666666666666 0.2088888888888889
0 0.042833333333333334 0.4716 0.08566666666666667 0.25680000000000003
0 0.9541666666666667 0.4922222222222222 0.08166666666666667 0.19777777777777777
0 0.18916666666666668 0.61 0.22 0.44
0 0.38916666666666666 0.6366666666666667 0.195 0.3711111111111111
0 0.5608333333333333 0.6611111111111111 0.14833333333333334 0.33111111111111113
0 0.6983333333333334 0.6866666666666666 0.135 0.3088888888888889
0 0.8183333333333334 0.7011111111111111 0.11833333333333333 0.27555555555555555
0 0.9166666666666666 0.7066666666666667 0.10666666666666667 0.28
0 0.03666666666666667 0.7111111111111111 0.07333333333333333 0.21777777777777776
0 0.9741666666666666 0.7222222222222222 0.04833333333333333 0.26222222222222225
0 0.20333333333333334 0.21444444444444444 0.21166666666666667 0.38222222222222224