0 0.8975166666666666 0.40801186943620177 0.06070000000000012 0.13848664688427303
0 0.4816166666666667 0.042047477744807125 0.048366666666666634 0.08406528189910979
0 0.9586166666666666 0.41543026706231456 0.0634499999999999 0.1632047477744807
0 0.8405833333333333 0.417893175074184 0.049616666666666635 0.14341246290801182
0 0.7308833333333333 0.42902077151335316 0.03021666666666666 0.13599406528189906
0 0.7857333333333333 0.43151335311572697 0.05379999999999995 0.14094955489614244
0 0.6878333333333333 0.4389317507418397 0.046899999999999976 0.14094955489614244
0 0.9808 0.04575667655786351 0.03838333333333329 0.09148367952522254
0 0.42833333333333334 0.04747774480712166 0.05 0.09495548961424333
0 0.6197833333333334 0.4574777448071216 0.08301666666666657 0.13353115727002968
0 0.5408333333333334 0.46142433234421365 0.045 0.10979228486646884
0 0.48583333333333334 0.47032640949554894 0.056666666666666664 0.11572700296735905
0 0.9336166666666667 0.04821958456973294 0.055133333333333215 0.09643916913946587
0 0.44666666666666666 0.4836795252225519 0.03166666666666667 0.10682492581602374
0 0.4075 0.486646884272997 0.03833333333333333 0.11275964391691394
0 0.8758333333333334 0.05934718100890208 0.051666666666666666 0.11869436201780416
0 0.56 0.5816023738872403 0.056666666666666664 0.12759643916913946
0 0.6302 0.5823442136498517 0.08163333333333336 0.1310682492581603
0 0.6906166666666667 0.5823442136498517 0.038566666666666645 0.1310682492581603
0 0.8218333333333334 0.0643026706231454 0.05656666666666676 0.12857566765578635
0 0.7642166666666667 0.06801186943620179 0.05241666666666674 0.1359940652818991
0 0.6850499999999999 0.09026706231454007 0.04966666666666659 0.14094955489614244
0 0.6336833333333333 0.09768545994065282 0.04968333333333324 0.14590504451038577
0 0.5836833333333333 0.11127596439169139 0.044150000000000016 0.12364985163204749
0 0.48510000000000003 0.14341246290801185 0.04419999999999997 0.09890207715133532
0 0.39344999999999997 0.1533234421364985 0.04423333333333337 0.13353115727002968
0 0.4371833333333333 0.154540059347181 0.04281666666666671 0.1261127596439169
0 0.9825 0.1632047477744807 0.03166666666666667 0.13649851632047477
0 0.9377833333333333 0.16937685459940652 0.06068333333333347 0.1359940652818991
0 0.8801666666666667 0.18421364985163205 0.0509833333333332 0.1310682492581602
0 0.8246166666666667 0.19163204747774482 0.05101666666666669 0.1261127596439169
0 0.7683666666666666 0.20525222551928785 0.055200000000000006 0.12857566765578637
0 0.6912999999999999 0.22501483679525222 0.05661666666666671 0.11869436201780416
0 0.63645 0.23121661721068248 0.04691666666666663 0.11623145400593471
0 0.5871666666666667 0.23614243323442136 0.04555000000000007 0.1310682492581602
0 0.5791666666666667 0.025222551928783383 0.045 0.050445103857566766
0 0.53995 0.24605341246290802 0.04556666666666672 0.1310682492581602
0 0.49135 0.2583976261127596 0.04558333333333337 0.12115727002967362
0 0.44205000000000005 0.2769436201780415 0.04419999999999997 0.11373887240356087
0 0.4031666666666667 0.28560830860534125 0.04145000000000001 0.10632047477744802