0 0.8239166666666667 0.3078635014836795 0.06906666666666676 0.14094955489614244
0 0.7045 0.34249258160237395 0.05521666666666666 0.12611275964391697
0 0.5357833333333334 0.3622551928783383 0.051116666666666595 0.1063204747774481
0 0.64895 0.369673590504451 0.05801666666666658 0.1409495548961424
0 0.5906333333333333 0.38700296735905043 0.058033333333333416 0.1459050445103858
0 0.4476 0.39192878338278936 0.04419999999999997 0.09643916913946587
0 0.9675 0.4124629080118694 0.06166666666666667 0.13056379821958458
0 0.9127833333333333 0.42902077151335316 0.07179999999999988 0.1310682492581603
0 0.3983333333333333 0.443620178041543 0.055 0.1394658753709199
0 0.8523833333333335 0.4463501483679525 0.07043333333333342 0.1310682492581603
0 0.7871166666666667 0.461186943620178 0.07323333333333343 0.13599406528189906
0 0.3416666666666667 0.46142433234421365 0.056666666666666664 0.14540059347181009
0 0.5455 0.4710682492581602 0.04555000000000007 0.10632047477744802
0 0.4976 0.47724035608308607 0.04418333333333332 0.11373887240356079
0 0.7211666666666666 0.47724035608308607 0.06355 0.13848664688427303
0 0.2841666666666667 0.4792284866468843 0.055 0.12759643916913946
0 0.6635333333333333 0.49332344213649854 0.06773333333333331 0.1261127596439169
0 0.2325 0.49554896142433236 0.051666666666666666 0.13056379821958458
0 0.45106666666666667 0.4982789317507418 0.0400333333333333 0.10632047477744802
0 0.175 0.5044510385756676 0.055 0.13649851632047477
0 0.1175 0.5207715133531158 0.05 0.12759643916913946
0 0.9808 0.526706231454006 0.03838333333333329 0.09397626112759648
0 0.6038166666666667 0.5279525222551928 0.06220000000000008 0.1310682492581603
0 0.9322333333333334 0.5353709198813056 0.07735000000000014 0.10139465875370925
0 0.0625 0.5385756676557863 0.056666666666666664 0.12759643916913946
0 0.015833333333333335 0.5519287833827893 0.03166666666666667 0.11572700296735905
0 0.8614166666666667 0.5650445103857566 0.07181666666666663 0.10139465875370925
0 0.5545333333333334 0.5687537091988131 0.0525 0.10881305637982201
0 0.4025 0.5727002967359051 0.056666666666666664 0.10979228486646884
0 0.801 0.5749258160237388 0.06768333333333336 0.09643916913946587
0 0.5045333333333334 0.5872997032640949 0.04418333333333332 0.10139465875370925
0 0.345 0.5875370919881305 0.051666666666666666 0.10979228486646884
0 0.7419833333333333 0.5897626112759644 0.060766666666666726 0.09643916913946587
0 0.45731666666666665 0.6008902077151336 0.04143333333333336 0.09397626112759648
0 0.6711666666666667 0.6070623145400594 0.06911666666666672 0.10139465875370925
0 0.23083333333333333 0.629080118694362 0.055 0.12759643916913946
0 0.6121500000000001 0.6379821958456974 0.05386666666666675 0.07913946587537096
0 0.1725 0.642433234421365 0.051666666666666666 0.11869436201780416
0 0.115 0.6483679525222552 0.05 0.13649851632047477
0 0.558 0.6627002967359051 0.051099999999999944 0.06922848664688423
0 0.056666666666666664 0.6691394658753709 0.056666666666666664 0.13056379821958458
0 0.5073166666666666 0.6738278931750742 0.04696666666666658 0.07172106824925821
0 0.4075 0.6839762611275965 0.056666666666666664 0.10089020771513353
0 0.015 0.6839762611275965 0.02666666666666667 0.14836795252225518
0 0.46218333333333333 0.6862017804154302 0.0400333333333333 0.07664688427299698
0 0.35 0.7032640949554896 0.056666666666666664 0.11869436201780416
0 0.2891666666666667 0.728486646884273 0.06166666666666667 0.0830860534124629
0 0.23 0.7359050445103857 0.051666666666666666 0.09198813056379822
0 0.17 0.7537091988130564 0.05333333333333334 0.08902077151335312
0 0.1075 0.7670623145400594 0.056666666666666664 0.10385756676557864
0 0.05 0.7818991097922848 0.05333333333333334 0.10089020771513353
0 0.9875 0.2685459940652819 0.021666666666666667 0.1513353115727003
0 0.9475 0.27943620178041545 0.06623333333333335 0.13848664688427295
0 0.8877999999999999 0.293026706231454 0.06903333333333336 0.14094955489614244