0 0.7475 0.3189910979228487 0.08833333333333333 0.19584569732937684
0 0.9358333333333333 0.32344213649851633 0.10166666666666667 0.21364985163204747
0 0.8383333333333334 0.3293768545994065 0.09833333333333333 0.20178041543026706
0 0.36666666666666664 0.45103857566765576 0.10833333333333334 0.24629080118694363
0 0.475 0.4658753709198813 0.105 0.24629080118694363
0 0.58 0.48813056379821956 0.10166666666666667 0.2433234421364985
0 0.675 0.5029673590504451 0.10166666666666667 0.228486646884273
0 0.9483333333333334 0.5192878338278932 0.09833333333333333 0.2403560830860534
0 0.7675 0.5222551928783383 0.08666666666666667 0.20474777448071216
0 0.8633333333333333 0.526706231454006 0.105 0.20178041543026706
0 0.36333333333333334 0.6750741839762612 0.10833333333333334 0.18100890207715134
0 0.48083333333333333 0.6824925816023739 0.10166666666666667 0.18694362017804153
0 0.5808333333333333 0.6973293768545994 0.10166666666666667 0.18100890207715134
0 0.6841666666666667 0.701780415430267 0.105 0.1661721068249258
0 0.79 0.7062314540059347 0.09833333333333333 0.1632047477744807
0 0.8841666666666667 0.7151335311572701 0.09333333333333334 0.16023738872403562
0 0.38166666666666665 0.23293768545994065 0.095 0.2195845697329377
0 0.4791666666666667 0.24480712166172106 0.085 0.18991097922848665
0 0.5741666666666667 0.2818991097922849 0.09 0.20178041543026706
0 0.6633333333333333 0.2952522255192878 0.085 0.19881305637982197