0 0.19758333333333333 0.4005044510385757 0.1416333333333333 0.24750741839762613
0 0.32908333333333334 0.48946587537091985 0.11484999999999995 0.23765578635014842
0 0.6141666666666666 0.6416913946587537 0.1161166666666666 0.22997032640949555
0 0.9758333333333333 0.6661721068249258 0.045 0.1632047477744807
0 0.75865 0.724540059347181 0.09963333333333328 0.1879228486646884
0 0.8375 0.7759643916913946 0.045 0.18100890207715134
0 0.8983333333333333 0.8100890207715133 0.07333333333333333 0.18694362017804153
0 0.22680000000000003 0.8345697329376854 0.06373333333333335 0.3288724035608309
0 0.96625 0.8345697329376854 0.06483333333333348 0.17062314540059348
0 0.32 0.8620178041543026 0.11333333333333333 0.27002967359050445
0 0.4266666666666667 0.8916913946587537 0.1 0.21068249258160238
0 0.5343833333333333 0.9124629080118695 0.10943333333333329 0.17308605341246303
0 0.31906666666666667 0.21780415430267064 0.11916666666666667 0.2794362017804155