0 0.505 0.30118694362017806 0.06666666666666667 0.14836795252225518
0 0.5716666666666667 0.31750741839762614 0.065 0.1572700296735905
0 0.21333333333333335 0.32047477744807124 0.09 0.18991097922848665
0 0.6375 0.33086053412462907 0.06 0.1394658753709199
0 0.6941666666666667 0.35311572700296734 0.05 0.13056379821958458
0 0.29583333333333334 0.3545994065281899 0.07166666666666667 0.18100890207715134
0 0.7416666666666667 0.39317507418397624 0.04833333333333333 0.142433234421365
0 0.3725 0.3961424332344214 0.07333333333333333 0.18100890207715134
0 0.79 0.42136498516320475 0.043333333333333335 0.13056379821958458
0 0.4425 0.42433234421364985 0.056666666666666664 0.1572700296735905
0 0.8333333333333334 0.4391691394658754 0.03833333333333333 0.13056379821958458
0 0.8791666666666667 0.45103857566765576 0.05 0.12166172106824925
0 0.5033333333333333 0.4540059347181009 0.065 0.17210682492581603
0 0.10166666666666667 0.46439169139465875 0.09333333333333334 0.19287833827893175
0 0.5725 0.4792284866468843 0.065 0.16023738872403562
0 0.6416666666666667 0.4896142433234421 0.065 0.16913946587537093
0 0.20083333333333334 0.49554896142433236 0.085 0.1572700296735905
0 0.7025 0.5029673590504451 0.051666666666666666 0.1572700296735905
0 0.28833333333333333 0.5207715133531158 0.07666666666666666 0.1513353115727003
0 0.7516666666666667 0.5311572700296736 0.04 0.14540059347181009
0 0.36333333333333334 0.5445103857566765 0.07333333333333333 0.14540059347181009
0 0.7991666666666667 0.5623145400593472 0.056666666666666664 0.142433234421365
0 0.435 0.56973293768546 0.06166666666666667 0.13056379821958458
0 0.8508333333333333 0.56973293768546 0.045 0.12462908011869436
0 0.895 0.5845697329376854 0.055 0.13056379821958458
0 0.9613166666666666 0.5905341246290801 0.05193333333333347 0.1156676557863502
0 0.5041666666666667 0.6112759643916914 0.07333333333333333 0.12759643916913946
0 0.5791666666666667 0.6216617210682492 0.07 0.13056379821958458
0 0.6491666666666667 0.6468842729970327 0.06333333333333334 0.142433234421365
0 0.7075 0.655786350148368 0.05 0.13649851632047477
0 0.7575 0.6765578635014837 0.041666666666666664 0.14540059347181009
0 0.9741666666666666 0.6958456973293768 0.04833333333333333 0.10979228486646884
0 0.8075 0.7002967359050445 0.056666666666666664 0.13056379821958458
0 0.8641666666666666 0.7077151335311572 0.05333333333333334 0.1513353115727003
0 0.915 0.7314540059347181 0.05 0.142433234421365
0 0.98145 0.7946587537091988 0.037083333333333336 0.09637982195845703
0 0.13916666666666666 0.08902077151335312 0.085 0.16913946587537093
0 0.21916666666666668 0.13204747774480713 0.08666666666666667 0.18397626112759644
0 0.3016666666666667 0.1795252225519288 0.07333333333333333 0.17210682492581603
0 0.37583333333333335 0.22106824925816024 0.07166666666666667 0.1661721068249258
0 0.44083333333333335 0.2626112759643917 0.05 0.1632047477744807
0 0.11166666666666666 0.26409495548961426 0.10833333333333334 0.19881305637982197