0 0.7858333333333334 0.4495548961424332 0.06 0.13649851632047477
0 0.85 0.4495548961424332 0.06166666666666667 0.1394658753709199
0 0.7275 0.46142433234421365 0.05333333333333334 0.13056379821958458
0 0.6675 0.47032640949554894 0.056666666666666664 0.1394658753709199
0 0.6133333333333333 0.4762611275964392 0.058333333333333334 0.12166172106824925
0 0.45416666666666666 0.48516320474777447 0.04666666666666667 0.11572700296735905
0 0.5033333333333333 0.48516320474777447 0.051666666666666666 0.13056379821958458
0 0.4 0.486646884272997 0.04666666666666667 0.12462908011869436
0 0.3 0.48813056379821956 0.045 0.11572700296735905
0 0.35083333333333333 0.4910979228486647 0.04666666666666667 0.11572700296735905
0 0.20333333333333334 0.4970326409495549 0.041666666666666664 0.11572700296735905
0 0.25416666666666665 0.49851632047477745 0.04833333333333333 0.12462908011869436
0 0.15333333333333332 0.5029673590504451 0.055 0.11572700296735905
0 0.07058333333333333 0.5526706231454006 0.05128333333333333 0.10139465875370925
0 0.0206 0.5576261127596439 0.04020000000000001 0.10139465875370925
0 0.9216666666666666 0.5801186943620178 0.07 0.1543026706231454
0 0.8591666666666666 0.5890207715133531 0.06166666666666667 0.13056379821958458
0 0.7916666666666666 0.5905044510385756 0.065 0.142433234421365
0 0.7325 0.5979228486646885 0.05333333333333334 0.13649851632047477
0 0.6741666666666667 0.6068249258160238 0.06166666666666667 0.142433234421365
0 0.6125 0.6112759643916914 0.06333333333333334 0.13353115727002968
0 0.3458333333333333 0.612759643916914 0.04833333333333333 0.12759643916913946
0 0.44916666666666666 0.6142433234421365 0.04833333333333333 0.13056379821958458
0 0.3958333333333333 0.615727002967359 0.05333333333333334 0.13056379821958458
0 0.2941666666666667 0.6172106824925816 0.04833333333333333 0.12462908011869436
0 0.5066666666666667 0.6172106824925816 0.051666666666666666 0.12759643916913946
0 0.245 0.6231454005934718 0.041666666666666664 0.12462908011869436
0 0.565 0.6261127596439169 0.045 0.13056379821958458
0 0.19166666666666668 0.6275964391691394 0.045 0.12462908011869436
0 0.14416666666666667 0.629080118694362 0.051666666666666666 0.12166172106824925
0 0.0148 0.6614836795252225 0.0296 0.10632047477744802
0 0.09696666666666666 0.663946587537092 0.03461666666666666 0.10632047477744802
0 0.05323333333333334 0.6664094955489615 0.04435000000000001 0.11127596439169139
0 0.9333333333333333 0.7091988130563798 0.065 0.10089020771513353
0 0.8 0.7344213649851632 0.06833333333333333 0.1394658753709199
0 0.7341666666666666 0.7388724035608308 0.056666666666666664 0.13649851632047477
0 0.8666666666666667 0.7388724035608308 0.056666666666666664 0.1513353115727003
0 0.6758333333333333 0.744807121661721 0.055 0.12759643916913946
0 0.44666666666666666 0.7462908011869436 0.04833333333333333 0.13649851632047477
0 0.34 0.7477744807121661 0.055 0.142433234421365
0 0.6175 0.7477744807121661 0.056666666666666664 0.1394658753709199
0 0.5041666666666667 0.7492581602373887 0.056666666666666664 0.13056379821958458
0 0.235 0.7507418397626113 0.04833333333333333 0.11869436201780416
0 0.3958333333333333 0.7507418397626113 0.05 0.12759643916913946
0 0.13583333333333333 0.7507418397626113 0.051666666666666666 0.11869436201780416
0 0.1875 0.7537091988130564 0.045 0.12166172106824925
0 0.5675 0.7537091988130564 0.045 0.11869436201780416
0 0.2875 0.7566765578635015 0.04666666666666667 0.13056379821958458
0 0.010633333333333333 0.771513353115727 0.021266666666666666 0.09890207715133535
0 0.0824 0.7789317507418397 0.03878333333333333 0.10385756676557864
0 0.04073333333333333 0.7813946587537092 0.038799999999999994 0.11373887240356087
0 0.44416666666666665 0.8813056379821959 0.055 0.13056379821958458
0 0.3875 0.8827893175074184 0.056666666666666664 0.13056379821958458
0 0.12528333333333333 0.883026706231454 0.04444999999999999 0.14786350148367966
0 0.7383333333333333 0.884272997032641 0.06166666666666667 0.1513353115727003
0 0.8083333333333333 0.884272997032641 0.065 0.1543026706231454
0 0.225 0.8857566765578635 0.051666666666666666 0.13353115727002968
0 0.49916666666666665 0.887240356083086 0.05 0.1394658753709199
0 0.17416666666666666 0.8887240356083086 0.04833333333333333 0.12759643916913946
0 0.6158333333333333 0.8887240356083086 0.06333333333333334 0.1513353115727003
0 0.6766666666666666 0.8887240356083086 0.06 0.1572700296735905
0 0.33416666666666667 0.8902077151335311 0.04833333333333333 0.12462908011869436
0 0.555 0.8902077151335311 0.055 0.1543026706231454
0 0.2808333333333333 0.8916913946587537 0.05 0.13353115727002968
0 0.9458333333333333 0.8916913946587537 0.056666666666666664 0.142433234421365
0 0.0317 0.8988724035608309 0.04296666666666667 0.1211572700296737
0 0.07753333333333334 0.9000890207715133 0.042949999999999995 0.11869436201780416
0 0.88155 0.9050445103857567 0.06209999999999998 0.11869436201780416