0 0.2825 0.31602373887240354 0.07333333333333333 0.18694362017804153
0 0.14071666666666668 0.35362017804154305 0.05543333333333332 0.22255192878338284
0 0.20181666666666667 0.44014836795252227 0.05818333333333335 0.23738872403560832
0 0.2652833333333333 0.5074183976261127 0.07278333333333337 0.17507418397626112
0 0.38166666666666665 0.5192878338278932 0.06666666666666667 0.1572700296735905
0 0.43 0.5667655786350149 0.02666666666666667 0.1572700296735905
0 0.6883333333333334 0.56973293768546 0.06 0.1543026706231454
0 0.6233333333333333 0.5801186943620178 0.056666666666666664 0.14836795252225518
0 0.31708333333333333 0.586053412462908 0.03916666666666667 0.18100890207715134
0 0.465 0.5875370919881305 0.03833333333333333 0.12759643916913946
0 0.35 0.629080118694362 0.03333333333333333 0.16913946587537093
0 0.385 0.6795252225519288 0.03166666666666667 0.1572700296735905
0 0.41833333333333333 0.7002967359050445 0.03166666666666667 0.1513353115727003
0 0.6216666666666667 0.7359050445103857 0.06166666666666667 0.17210682492581603
0 0.6925 0.7359050445103857 0.06833333333333333 0.1572700296735905
0 0.4575 0.7373887240356083 0.05 0.1543026706231454
0 0.14975 0.12364985163204749 0.06791666666666667 0.22255192878338279
0 0.2975 0.14094955489614244 0.07333333333333333 0.16913946587537093
0 0.06016666666666666 0.21388724035608309 0.10821666666666668 0.30415430267062316
0 0.215 0.22130563798219585 0.059566666666666684 0.20029673590504452