0 0.29080118694362017 0.16666666666666666 0.05934718100890208 0.056666666666666664
0 0.2314540059347181 0.1725 0.06231454005934718 0.05
0 0.9614243323442137 0.17666666666666667 0.0712166172106825 0.06333333333333334
0 0.17210682492581603 0.17916666666666667 0.05637982195845697 0.05
0 0.9050445103857567 0.18083333333333335 0.04747774480712166 0.05
0 0.1172106824925816 0.18416666666666667 0.04747774480712166 0.043333333333333335
0 0.7967359050445104 0.18583333333333332 0.08902077151335312 0.06666666666666667
0 0.7151335311572701 0.19333333333333333 0.07418397626112759 0.06
0 0.6364985163204748 0.19833333333333333 0.07418397626112759 0.06
0 0.5608308605341247 0.20166666666666666 0.0712166172106825 0.058333333333333334
0 0.48813056379821956 0.20833333333333334 0.06824925816023739 0.05333333333333334
0 0.41839762611275966 0.21416666666666667 0.06824925816023739 0.04666666666666667
0 0.3456973293768546 0.21666666666666667 0.05934718100890208 0.055
0 0.28041543026706234 0.22166666666666668 0.06231454005934718 0.05333333333333334
0 0.22106824925816024 0.22583333333333333 0.06231454005934718 0.051666666666666666
0 0.051750741839762616 0.22821666666666668 0.0659347181008902 0.06423333333333335
0 0.1632047477744807 0.22916666666666666 0.050445103857566766 0.05333333333333334
0 0.884272997032641 0.23166666666666666 0.04747774480712166 0.04666666666666667
0 0.10534124629080119 0.2325 0.06231454005934718 0.051666666666666666
0 0.9525222551928784 0.2425 0.0830860534124629 0.07
0 0.7774480712166172 0.24916666666666668 0.0830860534124629 0.06333333333333334
0 0.6928783382789317 0.255 0.07418397626112759 0.06333333333333334
0 0.6246290801186943 0.26166666666666666 0.06231454005934718 0.06
0 0.5489614243323442 0.2633333333333333 0.07418397626112759 0.06
0 0.4732937685459941 0.2658333333333333 0.0771513353115727 0.06
0 0.4035608308605341 0.2708333333333333 0.05934718100890208 0.058333333333333334
0 0.3397626112759644 0.2733333333333333 0.07418397626112759 0.056666666666666664
0 0.2685459940652819 0.2775 0.06528189910979229 0.05333333333333334
0 0.03270029673590504 0.2783666666666667 0.06391691394658754 0.06311666666666667
0 0.20771513353115728 0.2791666666666667 0.05637982195845697 0.051666666666666666
0 0.8798219584569733 0.2825 0.05637982195845697 0.04666666666666667
0 0.14836795252225518 0.2825 0.06231454005934718 0.05333333333333334
0 0.09050445103857567 0.285 0.05637982195845697 0.04833333333333333
0 0.9421364985163204 0.31 0.09495548961424333 0.06666666666666667
0 0.7667359050445104 0.31765 0.09133531157270021 0.06301666666666667
0 0.5964391691394659 0.32 0.06824925816023739 0.056666666666666664
0 0.6795252225519288 0.32 0.0830860534124629 0.058333333333333334
0 0.4599406528189911 0.3225 0.06824925816023739 0.06
0 0.5296735905044511 0.3225 0.06824925816023739 0.06
0 0.39317507418397624 0.32666666666666666 0.06824925816023739 0.05333333333333334
0 0.32047477744807124 0.32916666666666666 0.0712166172106825 0.05333333333333334
0 0.2551928783382789 0.3325 0.06231454005934718 0.051666666666666666
0 0.18991097922848665 0.3333333333333333 0.06231454005934718 0.056666666666666664
0 0.025489614243323442 0.33385 0.05094955489614244 0.05973333333333339
0 0.07863501483679525 0.33666666666666667 0.05637982195845697 0.051666666666666666
0 0.13353115727002968 0.33666666666666667 0.05637982195845697 0.051666666666666666
0 0.8308605341246291 0.3775 0.08605341246290801 0.06833333333333333
0 0.7507418397626113 0.37916666666666665 0.0771513353115727 0.06333333333333334
0 0.9272997032640949 0.37916666666666665 0.08902077151335312 0.07
0 0.5178041543026706 0.38 0.07418397626112759 0.056666666666666664
0 0.5905044510385756 0.38083333333333336 0.07418397626112759 0.06
0 0.672106824925816 0.38083333333333336 0.0771513353115727 0.06166666666666667
0 0.4465875370919881 0.38166666666666665 0.06824925816023739 0.058333333333333334
0 0.37091988130563797 0.3825 0.0771513353115727 0.055
0 0.3026706231454006 0.38416666666666666 0.06231454005934718 0.05333333333333334
0 0.020712166172106826 0.3858 0.0413946587537092 0.05971666666666664
0 0.17804154302670624 0.38666666666666666 0.050445103857566766 0.05
0 0.23887240356083086 0.38666666666666666 0.06824925816023739 0.051666666666666666
0 0.06083086053412463 0.38916666666666666 0.06528189910979229 0.05
0 0.12462908011869436 0.38916666666666666 0.05637982195845697 0.05
0 0.516320474777448 0.4583333333333333 0.0830860534124629 0.06
0 0.93026706231454 0.46 0.08605341246290801 0.07
0 0.16724035608308604 0.46031666666666665 0.05884272997032643 0.05468333333333343
0 0.6632047477744807 0.4608333333333333 0.06824925816023739 0.06333333333333334
0 0.8382789317507419 0.46166666666666667 0.08605341246290801 0.07
0 0.7462908011869436 0.4625 0.08011869436201781 0.06666666666666667
0 0.22905044510385755 0.4656166666666667 0.06824925816023739 0.04551666666666657
0 0.09338278931750742 0.46620000000000006 0.06086053412462909 0.03716666666666659
0 0.5919881305637982 0.4691666666666667 0.05637982195845697 0.043333333333333335
0 0.3106231454005935 0.4857166666666667 0.07560830860534122 0.061899999999999976
0 0.0873293768545994 0.5108666666666667 0.06777448071216619 0.052083333333333336
0 0.026439169139465875 0.514 0.05287833827893175 0.05296666666666662
0 0.13261127596439168 0.5154833333333334 0.05869436201780416 0.05476666666666669
0 0.5 0.5216666666666666 0.06824925816023739 0.06
0 0.2131454005934718 0.5226166666666666 0.06715133531157269 0.059516666666666725
0 0.5727002967359051 0.5233333333333333 0.06824925816023739 0.06333333333333334
0 0.6543026706231454 0.5291666666666667 0.08605341246290801 0.06666666666666667
0 0.7359050445103857 0.5291666666666667 0.08011869436201781 0.06833333333333333
0 0.8249258160237388 0.5316666666666666 0.08605341246290801 0.07
0 0.9213649851632048 0.5316666666666666 0.09495548961424333 0.07333333333333333
0 0.9881305637982196 0.5333333333333333 0.017804154302670624 0.06333333333333334
0 0.07629080118694362 0.55265 0.06204747774480711 0.03316666666666663
0 0.13931750741839763 0.5571333333333333 0.05403560830860536 0.034966666666666694
0 0.26611275964391695 0.5726166666666667 0.054421364985163215 0.04523333333333331
0 0.33181008902077147 0.575 0.06712166172106826 0.05476666666666669
0 0.4807121661721068 0.5858333333333333 0.08011869436201781 0.06666666666666667
0 0.5608308605341247 0.5883333333333334 0.07418397626112759 0.07
0 0.6364985163204748 0.5975 0.06824925816023739 0.06333333333333334
0 0.7181008902077152 0.5991666666666666 0.08011869436201781 0.07166666666666667
0 0.8071216617210683 0.6016666666666667 0.08605341246290801 0.075
0 0.9080118694362018 0.6083333333333333 0.08902077151335312 0.07833333333333334
0 0.9762611275964391 0.6133333333333333 0.04154302670623145 0.08
0 0.34240356083086054 0.6583333333333333 0.06287833827893174 0.05
0 0.47774480712166173 0.6725 0.0830860534124629 0.07166666666666667
0 0.5608308605341247 0.6775 0.06824925816023739 0.06333333333333334
0 0.628486646884273 0.6845166666666667 0.058516320474777526 0.0738166666666666
0 0.7151335311572701 0.69 0.0830860534124629 0.07
0 0.22489614243323444 0.6920333333333334 0.05486646884273 0.04410000000000006
0 0.8026706231454006 0.6933333333333334 0.0830860534124629 0.075
0 0.2745994065281899 0.6940500000000001 0.03747774480712165 0.040483333333333274
0 0.3297032640949555 0.7023833333333334 0.05439169139465879 0.03810000000000002
0 0.8991097922848664 0.7041666666666667 0.09792284866468842 0.07833333333333334
0 0.9747774480712166 0.7116666666666667 0.04451038575667656 0.075
0 0.16430267062314538 0.7280166666666666 0.04664688427299703 0.041783333333333415
0 0.21234421364985165 0.7351166666666666 0.05136498516320476 0.04368333333333339
0 0.2703560830860534 0.7369 0.03747774480712165 0.04523333333333331
0 0.4540059347181009 0.7408333333333333 0.08011869436201781 0.06666666666666667
0 0.327566765578635 0.74405 0.05014836795252227 0.04523333333333331
0 0.5356083086053413 0.7483333333333333 0.0771513353115727 0.07333333333333333
0 0.615727002967359 0.7541666666666667 0.08011869436201781 0.07333333333333333
0 0.6988130563798219 0.765 0.0830860534124629 0.07666666666666666
0 0.7893175074183977 0.7725 0.0830860534124629 0.085
0 0.8827893175074184 0.7808333333333334 0.09792284866468842 0.08166666666666667
0 0.9673590504451038 0.7933333333333333 0.05934718100890208 0.08333333333333333
0 0.8100890207715133 0.1275 0.0830860534124629 0.056666666666666664
0 0.7255192878338279 0.1325 0.0712166172106825 0.058333333333333334
0 0.6498516320474778 0.14 0.0712166172106825 0.05333333333333334
0 0.5771513353115727 0.1475 0.07418397626112759 0.056666666666666664
0 0.49851632047477745 0.15333333333333332 0.0712166172106825 0.058333333333333334
0 0.43026706231454004 0.15916666666666668 0.06231454005934718 0.056666666666666664
0 0.3620178041543027 0.16166666666666665 0.06824925816023739 0.058333333333333334