0 0.516320474777448 0.16833333333333333 0.06231454005934718 0.05333333333333334
0 0.5830860534124629 0.16916666666666666 0.06528189910979229 0.056666666666666664
0 0.6632047477744807 0.17166666666666666 0.07418397626112759 0.06333333333333334
0 0.19560830860534126 0.17631666666666668 0.04721068249258159 0.08746666666666665
0 0.24062314540059349 0.19135 0.04721068249258159 0.08883333333333335
0 0.5029673590504451 0.2225 0.05934718100890208 0.05333333333333334
0 0.5712166172106825 0.22583333333333333 0.06231454005934718 0.05333333333333334
0 0.03492581602373887 0.22716666666666668 0.05724035608308605 0.11046666666666664
0 0.642433234421365 0.23 0.06824925816023739 0.055
0 0.08489614243323441 0.24738333333333334 0.05700296735905046 0.11208333333333333
0 0.13905044510385756 0.25866666666666666 0.05818991097922849 0.11140000000000003
0 0.18525222551928783 0.2709666666666667 0.04112759643916914 0.09635
0 0.23391691394658753 0.2819 0.04599406528189911 0.08814999999999998
0 0.046973293768546 0.03315 0.09391691394658754 0.06628333333333335
0 0.4821958456973294 0.3358333333333333 0.050445103857566766 0.06166666666666667
0 0.023115727002967358 0.34013333333333334 0.046231454005934716 0.12073333333333333
0 0.543026706231454 0.3433333333333333 0.06824925816023739 0.06166666666666667
0 0.0757566765578635 0.34491666666666665 0.05097922848664689 0.11116666666666665
0 0.6142433234421365 0.3466666666666667 0.06824925816023739 0.056666666666666664
0 0.12949554896142434 0.3544833333333333 0.05881305637982194 0.10528333333333335
0 0.1773293768545994 0.36295 0.04439169139465873 0.09423333333333336
0 0.21534124629080117 0.3692166666666667 0.047002967359050456 0.07876666666666665
0 0.4732937685459941 0.3933333333333333 0.050445103857566766 0.056666666666666664
0 0.5341246290801187 0.39916666666666667 0.06528189910979229 0.05333333333333334
0 0.599406528189911 0.40166666666666667 0.05637982195845697 0.056666666666666664
0 0.4688427299703264 0.44916666666666666 0.05341246290801187 0.055
0 0.5281899109792285 0.4508333333333333 0.06231454005934718 0.05
0 0.5875370919881305 0.455 0.05341246290801187 0.05
0 0.1826706231454006 0.5005833333333334 0.03792284866468843 0.08136666666666675
0 0.2427893175074184 0.5025833333333334 0.03103857566765581 0.07686666666666668
0 0.4465875370919881 0.5041666666666667 0.04747774480712166 0.043333333333333335
0 0.5014836795252225 0.5091666666666667 0.05341246290801187 0.043333333333333335
0 0.1474480712166172 0.5119 0.04599406528189911 0.1
0 0.5608308605341247 0.5125 0.05637982195845697 0.043333333333333335
0 0.10507418397626112 0.5142833333333333 0.029050445103857552 0.10951666666666672
0 0.056320474777448074 0.5154833333333334 0.05875370919881307 0.12143333333333335
0 0.14329376854599407 0.0557 0.08373887240356083 0.1114
0 0.43471810089020774 0.5533333333333333 0.050445103857566766 0.05
0 0.49258160237388726 0.5566666666666666 0.06824925816023739 0.058333333333333334
0 0.5578635014836796 0.5616666666666666 0.06824925816023739 0.055
0 0.2362611275964392 0.5750666666666667 0.03887240356083085 0.06808333333333337
0 0.17121661721068251 0.5905166666666667 0.027240356083086073 0.08478333333333334
0 0.42433234421364985 0.6033333333333334 0.050445103857566766 0.051666666666666666
0 0.13160237388724036 0.60515 0.0458160237388724 0.09103333333333334
0 0.4821958456973294 0.6108333333333333 0.06231454005934718 0.05
0 0.09421364985163205 0.6113833333333333 0.04124629080118695 0.09153333333333326
0 0.5459940652818991 0.615 0.05934718100890208 0.055
0 0.041483679525222555 0.6223833333333334 0.05451038575667655 0.10951666666666672
0 0.22192878338278935 0.6438833333333333 0.04148367952522252 0.07686666666666668
0 0.41839762611275966 0.655 0.050445103857566766 0.05
0 0.4762611275964392 0.6633333333333333 0.06528189910979229 0.05
0 0.5385756676557863 0.67 0.05341246290801187 0.05
0 0.1591988130563798 0.6716166666666668 0.03670623145400595 0.08084999999999999
0 0.12068249258160238 0.6858166666666666 0.04157270029673592 0.08513333333333341
0 0.0811572700296736 0.7012333333333334 0.04430267062314539 0.09523333333333331
0 0.21347181008902077 0.7174666666666667 0.04540059347181012 0.06881666666666661
0 0.02910979228486647 0.7184833333333333 0.05821958456973294 0.09770000000000001
0 0.15139465875370922 0.7493833333333333 0.03943620178041545 0.07879999999999995
0 0.11626112759643917 0.7694 0.03753709198813058 0.07856666666666665
0 0.20836795252225518 0.07926666666666667 0.04112759643916916 0.10114999999999999
0 0.07599406528189911 0.7901 0.04178041543026706 0.08571666666666658
0 0.02376854599406528 0.8112999999999999 0.04753709198813056 0.09285000000000006
0 0.24851632047477745 0.0991 0.043560830860534146 0.08609999999999998
0 0.049614243323442137 0.11036666666666667 0.06670623145400595 0.10456666666666668
0 0.09765578635014836 0.13463333333333333 0.04602373887240357 0.10933333333333332
0 0.14632047477744808 0.1592333333333333 0.06059347181008903 0.11344999999999997