0 0.13195 0.35872403560830857 0.020400000000000015 0.09789317507418396
0 0.15903333333333333 0.3711275964391691 0.03023333333333336 0.0993471810089021
0 0.96625 0.37833827893175076 0.039850000000000135 0.11373887240356079
0 0.18283333333333335 0.3813649851632048 0.02201666666666668 0.0935014836795252
0 0.9204333333333333 0.383293768545994 0.039866666666666786 0.09890207715133527
0 0.8398833333333334 0.3907121661721068 0.03711666666666673 0.09397626112759648
0 0.8794666666666666 0.39192878338278936 0.03571666666666677 0.10139465875370925
0 0.2062166666666667 0.39596439169139463 0.026116666666666646 0.08183976261127592
0 0.8031 0.3993471810089021 0.030183333333333357 0.09643916913946587
0 0.7301833333333334 0.40059347181008903 0.028833333333333256 0.08902077151335312
0 0.7656000000000001 0.4018397626112759 0.030200000000000008 0.09643916913946587
0 0.6656166666666666 0.41418397626112763 0.03580000000000003 0.08655786350148373
0 0.23083333333333333 0.4198813056379822 0.03 0.07418397626112759
0 0.255 0.43768545994065283 0.015 0.050445103857566766
0 0.5216666666666666 0.4406528189910979 0.028333333333333332 0.0771513353115727
0 0.545 0.44510385756676557 0.018333333333333333 0.05934718100890208
0 0.28583333333333333 0.4495548961424332 0.028333333333333332 0.05934718100890208
0 0.49416666666666664 0.45103857566765576 0.028333333333333332 0.0712166172106825
0 0.4675 0.45548961424332346 0.023333333333333334 0.0712166172106825
0 0.39666666666666667 0.456973293768546 0.02 0.06231454005934718
0 0.44416666666666665 0.45845697329376855 0.021666666666666667 0.06824925816023739
0 0.30916666666666665 0.4599406528189911 0.018333333333333333 0.05934718100890208
0 0.41833333333333333 0.4599406528189911 0.023333333333333334 0.06528189910979229
0 0.33166666666666667 0.46439169139465875 0.02 0.05637982195845697
0 0.9246 0.4760237388724035 0.03429999999999988 0.07664688427299698
0 0.96765 0.47724035608308607 0.039850000000000135 0.07418397626112759
0 0.20375 0.4792581602373887 0.02118333333333332 0.08474777448071218
0 0.8419666666666666 0.48590504451038574 0.03850000000000004 0.08655786350148373
0 0.8829333333333333 0.48590504451038574 0.03431666666666653 0.07664688427299698
0 0.7315833333333334 0.49578635014836797 0.028833333333333256 0.08655786350148373
0 0.8031 0.4970326409495549 0.03296666666666662 0.07913946587537096
0 0.7663 0.4982789317507418 0.03158333333333341 0.07664688427299698
0 0.22583333333333333 0.5014836795252225 0.03166666666666667 0.08605341246290801
0 0.25333333333333335 0.5044510385756676 0.023333333333333334 0.0830860534124629
0 0.6628333333333333 0.5056973293768545 0.033016666666666576 0.08160237388724036
0 0.5216666666666666 0.5192878338278932 0.02666666666666667 0.0830860534124629
0 0.2875 0.5222551928783383 0.03 0.0771513353115727
0 0.31 0.526706231454006 0.015 0.07418397626112759
0 0.49333333333333335 0.526706231454006 0.02666666666666667 0.06528189910979229
0 0.32916666666666666 0.5281899109792285 0.025 0.06824925816023739
0 0.3933333333333333 0.5296735905044511 0.02 0.0771513353115727
0 0.41583333333333333 0.5296735905044511 0.023333333333333334 0.0712166172106825
0 0.4425 0.5296735905044511 0.021666666666666667 0.0712166172106825
0 0.4658333333333333 0.5296735905044511 0.023333333333333334 0.0712166172106825
0 0.9783333333333334 0.6097922848664689 0.04 0.08605341246290801
0 0.9357 0.6293175074183976 0.039850000000000135 0.10632047477744802
0 0.896 0.6327893175074184 0.03485000000000014 0.10827893175074187
0 0.78 0.6379821958456974 0.03333333333333333 0.09495548961424333
0 0.86085 0.6395845697329376 0.03341666666666659 0.10486646884272989
0 0.3908333333333333 0.642433234421365 0.02666666666666667 0.0712166172106825
0 0.7441666666666666 0.642433234421365 0.035 0.09198813056379822
0 0.5875 0.6439169139465876 0.03166666666666667 0.0771513353115727
0 0.6191666666666666 0.6439169139465876 0.028333333333333332 0.08605341246290801
0 0.6491666666666667 0.6454005934718101 0.03166666666666667 0.08902077151335312
0 0.555 0.6468842729970327 0.028333333333333332 0.0771513353115727
0 0.49833333333333335 0.6483679525222552 0.02666666666666667 0.08011869436201781
0 0.44416666666666665 0.6498516320474778 0.028333333333333332 0.08011869436201781
0 0.4708333333333333 0.6498516320474778 0.028333333333333332 0.08011869436201781
0 0.5275 0.6498516320474778 0.02666666666666667 0.07418397626112759
0 0.7108333333333333 0.6572700296735905 0.02666666666666667 0.05934718100890208
0 0.41833333333333333 0.658753709198813 0.023333333333333334 0.0712166172106825
0 0.8133333333333334 0.658753709198813 0.03 0.0712166172106825
0 0.38916666666666666 0.7210682492581603 0.023333333333333334 0.0771513353115727
0 0.4166666666666667 0.7270029673590505 0.02 0.06231454005934718
0 0.44166666666666665 0.728486646884273 0.02666666666666667 0.06824925816023739
0 0.47 0.728486646884273 0.028333333333333332 0.0712166172106825
0 0.49916666666666665 0.728486646884273 0.028333333333333332 0.0771513353115727
0 0.5883333333333334 0.728486646884273 0.03 0.08605341246290801
0 0.6191666666666666 0.728486646884273 0.028333333333333332 0.0830860534124629
0 0.5291666666666667 0.7299703264094956 0.02666666666666667 0.08011869436201781
0 0.5591666666666667 0.7299703264094956 0.03166666666666667 0.08011869436201781
0 0.6491666666666667 0.7314540059347181 0.03333333333333333 0.0712166172106825
0 0.7829499999999999 0.7356676557863501 0.04270000000000001 0.09643916913946579
0 0.7121333333333333 0.7368842729970327 0.023283333333333378 0.0890207715133532
0 0.8175 0.7388724035608308 0.021666666666666667 0.08605341246290801
0 0.7433833333333333 0.7393768545994064 0.035766666666666724 0.08902077151335303
0 0.9211333333333332 0.7393768545994064 0.04125 0.10385756676557856
0 0.8745999999999999 0.740593471810089 0.04821666666666668 0.10139465875370925
0 0.9741666666666666 0.744807121661721 0.04833333333333333 0.18397626112759644
0 0.7128333333333333 0.820979228486647 0.027450000000000044 0.0791394658753708
0 0.7461666666666666 0.8283976261127597 0.035766666666666724 0.0791394658753708
0 0.7892 0.8283976261127597 0.03575000000000007 0.0791394658753708
0 0.8315666666666667 0.8283976261127597 0.04266666666666671 0.09397626112759631
0 0.876 0.8308605341246291 0.04543333333333332 0.08902077151335312
0 0.9190333333333333 0.9141839762611276 0.06208333333333333 0.17160237388724048
0 0.975 0.9154302670623146 0.04666666666666667 0.1632047477744807