0 0.16583333333333333 0.29673590504451036 0.03833333333333333 0.11275964391691394
0 0.9333333333333333 0.2997032640949555 0.08166666666666667 0.13056379821958458
0 0.425 0.3056379821958457 0.05 0.10089020771513353
0 0.8533333333333334 0.3056379821958457 0.07666666666666666 0.1513353115727003
0 0.12666666666666668 0.31750741839762614 0.04666666666666667 0.10385756676557864
0 0.31833333333333336 0.3323442136498516 0.05333333333333334 0.10979228486646884
0 0.37333333333333335 0.3397626112759644 0.05 0.10682492581602374
0 0.2725 0.3516320474777448 0.05 0.09792284866468842
0 0.655 0.3560830860534125 0.041666666666666664 0.12462908011869436
0 0.7108333333333333 0.3560830860534125 0.085 0.14836795252225518
0 0.22666666666666666 0.3590504451038576 0.041666666666666664 0.09495548961424333
0 0.19083333333333333 0.3798219584569733 0.03666666666666667 0.08011869436201781
0 0.5791666666666667 0.3827893175074184 0.06 0.13353115727002968
0 0.52 0.40059347181008903 0.051666666666666666 0.12462908011869436
0 0.7858333333333334 0.4020771513353116 0.06333333333333334 0.14836795252225518
0 0.07128333333333334 0.40554896142433233 0.03323333333333333 0.11869436201780416
0 0.032400000000000005 0.4067655786350149 0.0388 0.10632047477744802
0 0.15 0.40801186943620177 0.03666666666666667 0.10979228486646884
0 0.4666666666666667 0.41097922848664686 0.05 0.13056379821958458
0 0.10666666666666667 0.4198813056379822 0.041666666666666664 0.10089020771513353
0 0.4116666666666667 0.4228486646884273 0.058333333333333334 0.11869436201780416
0 0.36 0.44510385756676557 0.051666666666666666 0.10979228486646884
0 0.30583333333333335 0.4540059347181009 0.05333333333333334 0.11572700296735905
0 0.86 0.4599406528189911 0.08666666666666667 0.1543026706231454
0 0.9475 0.4599406528189911 0.08 0.1661721068249258
0 0.255 0.4732937685459941 0.04833333333333333 0.12462908011869436
0 0.21 0.4807121661721068 0.041666666666666664 0.12166172106824925
0 0.16583333333333333 0.4940652818991098 0.041666666666666664 0.11572700296735905
0 0.6525 0.49554896142433236 0.03833333333333333 0.1543026706231454
0 0.7083333333333334 0.5 0.08666666666666667 0.142433234421365
0 0.0825 0.516320474777448 0.03833333333333333 0.10385756676557864
0 0.044899999999999995 0.5180415430267062 0.038799999999999994 0.10632047477744802
0 0.012716666666666666 0.5192878338278932 0.025433333333333332 0.10881305637982201
0 0.125 0.5192878338278932 0.03666666666666667 0.10682492581602374
0 0.5766666666666667 0.5207715133531158 0.06333333333333334 0.13056379821958458
0 0.79 0.5222551928783383 0.06833333333333333 0.09198813056379822
0 0.5133333333333333 0.5400593471810089 0.058333333333333334 0.14836795252225518
0 0.4533333333333333 0.5504451038575667 0.058333333333333334 0.1394658753709199
0 0.3975 0.5578635014836796 0.05 0.13353115727002968
0 0.3425 0.5727002967359051 0.04833333333333333 0.12462908011869436
0 0.2925 0.5830860534124629 0.05 0.12462908011869436
0 0.24416666666666667 0.6008902077151336 0.045 0.12462908011869436
0 0.19166666666666668 0.6068249258160238 0.05 0.10979228486646884
0 0.14416666666666667 0.6172106824925816 0.041666666666666664 0.11572700296735905
0 0.1 0.6261127596439169 0.041666666666666664 0.11572700296735905
0 0.0213 0.6281008902077151 0.04158333333333333 0.12364985163204753
0 0.06 0.6305637982195845 0.041666666666666664 0.11275964391691394
0 0.8691666666666666 0.6305637982195845 0.09333333333333334 0.18397626112759644
0 0.96 0.6320474777448071 0.07666666666666666 0.18397626112759644
0 0.79 0.6513353115727003 0.085 0.17804154302670624
0 0.71 0.6528189910979229 0.075 0.17210682492581603
0 0.5683333333333334 0.6661721068249258 0.075 0.16023738872403562
0 0.6366666666666667 0.6676557863501483 0.06666666666666667 0.16913946587537093
0 0.49916666666666665 0.6824925816023739 0.07333333333333333 0.1632047477744807
0 0.44 0.6913946587537092 0.07 0.1572700296735905
0 0.38083333333333336 0.7062314540059347 0.065 0.14836795252225518
0 0.3283333333333333 0.7136498516320475 0.06333333333333334 0.1513353115727003
0 0.27416666666666667 0.7166172106824926 0.04833333333333333 0.12462908011869436
0 0.21916666666666668 0.7255192878338279 0.05333333333333334 0.12166172106824925
0 0.17166666666666666 0.7329376854599406 0.045 0.12462908011869436
0 0.13 0.7418397626112759 0.03666666666666667 0.12166172106824925
0 0.08666666666666667 0.7492581602373887 0.04666666666666667 0.11572700296735905
0 0.013366666666666666 0.7517804154302671 0.026149999999999996 0.13005934718100887
0 0.03666666666666667 0.7522255192878339 0.05 0.11572700296735905
0 0.8933333333333333 0.8768545994065282 0.105 0.21364985163204747
0 0.7233333333333334 0.8827893175074184 0.09 0.21068249258160238
0 0.8058333333333333 0.884272997032641 0.08 0.20771513353115728
0 0.6433333333333333 0.8857566765578635 0.07833333333333334 0.20474777448071216
0 0.5716666666666667 0.887240356083086 0.06166666666666667 0.18694362017804153
0 0.37916666666666665 0.9020771513353115 0.065 0.1661721068249258
0 0.5058333333333334 0.9035608308605341 0.06333333333333334 0.16023738872403562
0 0.10113333333333334 0.9124629080118695 0.042949999999999995 0.11869436201780416
0 0.44333333333333336 0.9183976261127597 0.05333333333333334 0.14540059347181009
0 0.7108333333333333 0.09347181008902077 0.06833333333333333 0.13056379821958458
0 0.1525 0.9391691394658753 0.058333333333333334 0.11572700296735905
0 0.0548 0.9534124629080118 0.04335000000000001 0.08329376854599421
0 0.2275 0.9661127596439169 0.042900000000000015 0.06774480712166184
0 0.5866666666666667 0.13204747774480713 0.056666666666666664 0.10979228486646884
0 0.7766666666666666 0.13649851632047477 0.06333333333333334 0.12462908011869436
0 0.5341666666666667 0.16172106824925817 0.056666666666666664 0.11572700296735905
0 0.9141666666666667 0.16172106824925817 0.075 0.13649851632047477
0 0.8408333333333333 0.1632047477744807 0.06166666666666667 0.13649851632047477
0 0.4825 0.17804154302670624 0.05 0.09792284866468842
0 0.435 0.2032640949554896 0.051666666666666666 0.09198813056379822
0 0.715 0.22255192878338279 0.07166666666666667 0.12462908011869436
0 0.33166666666666667 0.22551928783382788 0.04666666666666667 0.10385756676557864
0 0.38333333333333336 0.22997032640949555 0.04833333333333333 0.10089020771513353
0 0.285 0.2433234421364985 0.04666666666666667 0.09792284866468842
0 0.5816666666666667 0.25370919881305637 0.06166666666666667 0.11869436201780416
0 0.24083333333333334 0.2551928783382789 0.045 0.09792284866468842
0 0.7833333333333333 0.2626112759643917 0.05333333333333334 0.12462908011869436
0 0.2025 0.2789317507418398 0.03833333333333333 0.10979228486646884
0 0.5291666666666667 0.2789317507418398 0.05 0.10979228486646884
0 0.4741666666666667 0.28486646884273 0.05333333333333334 0.10979228486646884