0 0.9744833333333335 0.7975333333333333 0.0365166666666668 0.0790222222222221
0 0.33416666666666667 0.8 0.02666666666666667 0.05555555555555555
0 0.9365333333333332 0.8012444444444444 0.03468333333333324 0.07160000000000007
0 0.8976500000000001 0.8123555555555556 0.03839999999999994 0.07902222222222235
0 0.8615333333333333 0.8135777777777778 0.029150000000000016 0.07653333333333345
0 0.7939666666666667 0.8160444444444445 0.03103333333333334 0.05679999999999988
0 0.7606333333333333 0.8172888888888888 0.027349999999999947 0.06419999999999997
0 0.8291333333333334 0.8172888888888888 0.03101666666666669 0.06419999999999997
0 0.7328666666666667 0.8222222222222222 0.02365000000000009 0.06419999999999997
0 0.26628333333333337 0.8283999999999999 0.027533333333333302 0.07653333333333345
0 0.28665 0.8395111111111111 0.016416666666666704 0.06419999999999997
0 0.3088666666666667 0.8493777777777778 0.01639999999999996 0.05926666666666658
0 0.33416666666666667 0.86 0.025 0.05333333333333334
0 0.9808833333333333 0.8679111111111111 0.038216666666666774 0.06173333333333327
0 0.3566666666666667 0.8688888888888889 0.018333333333333333 0.04888888888888889
0 0.5116666666666667 0.8711111111111111 0.02666666666666667 0.05333333333333334
0 0.94115 0.8716 0.03283333333333341 0.06419999999999997
0 0.38416666666666666 0.8733333333333333 0.028333333333333332 0.051111111111111114
0 0.4875 0.8733333333333333 0.018333333333333333 0.04888888888888889
0 0.8300666666666667 0.8802444444444445 0.03286666666666671 0.06666666666666667
0 0.7939666666666667 0.8827111111111112 0.027333333333333296 0.08148888888888879
0 0.8698666666666666 0.8839555555555555 0.03841666666666659 0.05926666666666658
0 0.9059833333333334 0.8839555555555555 0.03285000000000006 0.06419999999999997
0 0.7661833333333333 0.8876444444444445 0.027333333333333296 0.0765333333333332
0 0.7319333333333333 0.8901333333333333 0.025499999999999926 0.06666666666666667
0 0.25888333333333335 0.8975333333333333 0.020116666666666654 0.06173333333333327
0 0.27925 0.9024666666666668 0.016416666666666704 0.06173333333333327
0 0.30238333333333334 0.9098666666666667 0.02566666666666663 0.06173333333333327
0 0.32916666666666666 0.9133333333333333 0.025 0.05555555555555555
0 0.3516666666666667 0.9211111111111111 0.02 0.057777777777777775
0 0.37166666666666665 0.9233333333333333 0.02 0.057777777777777775
0 0.51 0.9255555555555556 0.02666666666666667 0.05555555555555555
0 0.39 0.9266666666666666 0.02 0.05555555555555555
0 0.48583333333333334 0.9277777777777778 0.02 0.057777777777777775
0 0.9916666666666667 0.9541777777777778 0.016650000000000015 0.09162222222222226
0 0.8116666666666666 0.9777777777777777 0.03333333333333333 0.04
0 0.845 0.9777777777777777 0.03333333333333333 0.04
0 0.9616666666666667 0.98 0.03666666666666667 0.035555555555555556
0 0.7783 0.9833333333333333 0.03113333333333325 0.030422222222222343