0 0.5850333333333333 0.024066666666666667 0.04071666666666658 0.048133333333333334
0 0.6842666666666667 0.024066666666666667 0.04188333333333333 0.048133333333333334
0 0.63135 0.024866666666666665 0.053933333333333354 0.04973333333333333
0 0.7396 0.024866666666666665 0.05390000000000005 0.04973333333333333
0 0.8923666666666666 0.024866666666666665 0.051433333333333164 0.04973333333333333
0 0.7865166666666668 0.025666666666666667 0.04424999999999992 0.051333333333333335
0 0.8400333333333333 0.026466666666666666 0.062283333333333246 0.05293333333333333
0 0.15583333333333332 0.27444444444444444 0.056666666666666664 0.10222222222222223
0 0.095 0.27555555555555555 0.056666666666666664 0.10888888888888888
0 0.43916666666666665 0.2777777777777778 0.05333333333333334 0.1111111111111111
0 0.49666666666666665 0.2788888888888889 0.05333333333333334 0.10666666666666667
0 0.215 0.2811111111111111 0.05333333333333334 0.09555555555555556
0 0.5801166666666666 0.2814888888888889 0.04406666666666676 0.0740666666666667
0 0.6310333333333333 0.28148888888888884 0.04589999999999994 0.09875555555555551
0 0.32416666666666666 0.2822222222222222 0.056666666666666664 0.10888888888888888
0 0.38166666666666665 0.28444444444444444 0.056666666666666664 0.10222222222222223
0 0.7763666666666666 0.2851777777777778 0.03660000000000006 0.06666666666666667
0 0.6782333333333334 0.29013333333333335 0.02921666666666662 0.07653333333333333
0 0.2708333333333333 0.29333333333333333 0.05 0.09333333333333334
0 0.7282333333333333 0.29506666666666664 0.044016666666666614 0.10617777777777782
0 0.8337666666666667 0.2975333333333333 0.0625 0.12097777777777777
0 0.8874666666666667 0.2975333333333333 0.040250000000000154 0.08642222222222219
0 0.5801166666666666 0.35184444444444446 0.04036666666666671 0.0568
0 0.7782166666666667 0.35308888888888884 0.03658333333333341 0.06913333333333337
0 0.6791666666666667 0.36048888888888886 0.03478333333333334 0.06419999999999997
0 0.0925 0.37666666666666665 0.06 0.10222222222222223
0 0.15333333333333332 0.3788888888888889 0.056666666666666664 0.09777777777777778
0 0.21083333333333334 0.38222222222222224 0.05333333333333334 0.09777777777777778
0 0.8865333333333333 0.3827111111111111 0.03469999999999989 0.06913333333333337
0 0.2683333333333333 0.3844444444444444 0.05 0.09333333333333334
0 0.37833333333333335 0.38555555555555554 0.05333333333333334 0.10222222222222223
0 0.43416666666666665 0.38666666666666666 0.05333333333333334 0.10444444444444445
0 0.49166666666666664 0.38666666666666666 0.05333333333333334 0.10888888888888888
0 0.6291666666666667 0.38764444444444446 0.042200000000000085 0.1135777777777778
0 0.32166666666666666 0.3877777777777778 0.056666666666666664 0.09333333333333334
0 0.72915 0.3962888888888889 0.04216666666666659 0.10124444444444446
0 0.8309833333333333 0.4049333333333333 0.06805000000000007 0.09875555555555555
0 0.5754833333333333 0.4123555555555556 0.03851666666666669 0.06419999999999997
0 0.7735833333333333 0.41604444444444444 0.03845000000000008 0.0617333333333334
0 0.6754666666666667 0.42346666666666666 0.03478333333333334 0.0568
0 0.265 0.4911111111111111 0.05333333333333334 0.08666666666666667
0 0.08333333333333333 0.4922222222222222 0.045 0.1
0 0.57455 0.5 0.04408333333333341 0.07653333333333333
0 0.6791666666666667 0.5049333333333333 0.04218333333333324 0.07653333333333333
0 0.7782166666666667 0.5086444444444445 0.04399999999999996 0.07406666666666663
0 0.6273166666666666 0.5703777777777778 0.05331666666666668 0.08888888888888889
0 0.5717833333333333 0.5728444444444444 0.04593333333333324 0.0740666666666667
0 0.7788833333333333 0.5776666666666667 0.03531666666666676 0.06971111111111113
0 0.6810166666666667 0.5827111111111112 0.04958333333333333 0.06913333333333337
0 0.7356333333333334 0.5827111111111112 0.05141666666666671 0.1135777777777778
0 0.31833333333333336 0.5833333333333334 0.055 0.10222222222222223
0 0.42916666666666664 0.5844444444444444 0.05333333333333334 0.10222222222222223
0 0.485 0.5866666666666667 0.05333333333333334 0.10444444444444445
0 0.2625 0.5877777777777777 0.04666666666666667 0.09777777777777778
0 0.375 0.5877777777777777 0.05333333333333334 0.10444444444444445
0 0.7794333333333334 0.6421777777777778 0.029766666666666688 0.06822222222222232
0 0.5736333333333333 0.6506222222222222 0.03851666666666669 0.07160000000000007
0 0.6236166666666667 0.6518444444444444 0.05331666666666668 0.05926666666666658
0 0.6754666666666667 0.6543111111111111 0.04588333333333329 0.06913333333333337
0 0.31666666666666665 0.6877777777777778 0.05333333333333334 0.10444444444444445
0 0.2658333333333333 0.6888888888888889 0.03333333333333333 0.09777777777777778
0 0.3725 0.6911111111111111 0.055 0.10444444444444445
0 0.42916666666666664 0.6933333333333334 0.051666666666666666 0.10666666666666667
0 0.485 0.6933333333333334 0.05333333333333334 0.10666666666666667
0 0.7337833333333333 0.7049333333333334 0.05141666666666671 0.1160444444444445
0 0.62825 0.7160444444444445 0.05146666666666666 0.06913333333333337
0 0.5754833333333333 0.7197555555555555 0.04593333333333324 0.06173333333333327
0 0.6791666666666667 0.7246888888888889 0.04218333333333324 0.06666666666666667
0 0.26416666666666666 0.8211111111111111 0.025 0.06888888888888889
0 0.29833333333333334 0.8233333333333334 0.043333333333333335 0.07555555555555556
0 0.435 0.8311111111111111 0.045 0.09333333333333334
0 0.5449333333333333 0.8493777777777778 0.021866666666666673 0.07406666666666675
0 0.3458333333333333 0.8522222222222222 0.041666666666666664 0.08666666666666667
0 0.39 0.8544444444444445 0.03833333333333333 0.08444444444444445
0 0.485 0.8588888888888889 0.05333333333333334 0.10666666666666667
0 0.5865833333333333 0.8666666666666667 0.03481666666666664 0.08395555555555549
0 0.26666666666666666 0.9 0.025 0.07555555555555556
0 0.3 0.9022222222222223 0.03833333333333333 0.08444444444444445
0 0.6273166666666666 0.9148222222222222 0.03850000000000004 0.07160000000000007
0 0.43166666666666664 0.9255555555555556 0.041666666666666664 0.09777777777777778
0 0.5467833333333333 0.9259333333333334 0.02556666666666672 0.06419999999999997
0 0.3875 0.9388888888888889 0.03833333333333333 0.09111111111111111
0 0.5856666666666667 0.9419777777777778 0.03296666666666662 0.06666666666666667
0 0.345 0.9422222222222222 0.045 0.08666666666666667
0 0.485 0.9555555555555556 0.05333333333333334 0.08222222222222222
0 0.2625 0.9688888888888889 0.02666666666666667 0.05555555555555555
0 0.29833333333333334 0.9711111111111111 0.041666666666666664 0.051111111111111114
0 0.63195 0.9777777777777777 0.04035000000000006 0.03951111111111105
0 0.5883333333333334 0.9844444444444445 0.03666666666666667 0.02666666666666667
0 0.8902333333333333 0.1320888888888889 0.03839999999999994 0.07653333333333333
0 0.5847333333333333 0.13333333333333333 0.03481666666666664 0.07902222222222223
0 0.7800666666666667 0.13333333333333333 0.03660000000000006 0.08395555555555556
0 0.6791666666666667 0.13704444444444444 0.03478333333333334 0.08148888888888887
0 0.4375 0.1688888888888889 0.056666666666666664 0.10888888888888888
0 0.1 0.17 0.06166666666666667 0.10444444444444445
0 0.49666666666666665 0.1711111111111111 0.056666666666666664 0.09777777777777778
0 0.63195 0.17653333333333332 0.044049999999999916 0.10617777777777777
0 0.8356166666666667 0.17653333333333332 0.0625 0.12593333333333334
0 0.38333333333333336 0.17777777777777778 0.05 0.1111111111111111
0 0.731 0.17777777777777778 0.04586666666666664 0.12346666666666667
0 0.3275 0.17888888888888888 0.05333333333333334 0.10666666666666667
0 0.2708333333333333 0.19777777777777777 0.05333333333333334 0.09777777777777778
0 0.5801166666666666 0.20986666666666667 0.03666666666666667 0.06913333333333337
0 0.7782166666666667 0.21235555555555555 0.04029999999999992 0.07406666666666663
0 0.88375 0.21235555555555555 0.0365500000000001 0.08395555555555556
0 0.6810166666666667 0.21482222222222222 0.03478333333333334 0.0691333333333333