0 0.5341666666666667 0.3620178041543027 0.06666666666666667 0.18100890207715134
0 0.16986666666666667 0.37091988130563797 0.14984999999999998 0.27694362017804147
0 0.59 0.40801186943620177 0.08 0.17804154302670624
0 0.29761666666666664 0.4203857566765578 0.10258333333333335 0.22255192878338279
0 0.6545 0.4574777448071216 0.05523333333333331 0.17308605341246286
0 0.6961666666666666 0.46611275964391696 0.06078333333333338 0.16074183976261133
0 0.4033333333333333 0.4762611275964392 0.10166666666666667 0.258160237388724
0 0.49833333333333335 0.5029673590504451 0.12166666666666667 0.228486646884273
0 0.5741666666666667 0.5623145400593472 0.07666666666666666 0.2166172106824926
0 0.045 0.06231454005934718 0.09 0.12462908011869436
0 0.6316666666666667 0.6023738872403561 0.08833333333333333 0.19287833827893175
0 0.8672166666666667 0.6082195845697329 0.06424999999999992 0.13691394658753706
0 0.0475 0.6097922848664689 0.095 0.4362017804154303
0 0.6925 0.6409495548961425 0.08666666666666667 0.19287833827893175
0 0.7480833333333333 0.6528189910979229 0.06478333333333335 0.20501483679525231
0 0.18375 0.6726112759643916 0.17206666666666667 0.3462017804154303
0 0.8179833333333335 0.6776557863501483 0.07966666666666669 0.1773590504451038
0 0.32886666666666664 0.712166172106825 0.10951666666666664 0.3165281899109792
0 0.445 0.7492581602373887 0.12 0.28486646884273
0 0.9217833333333334 0.7499109792284866 0.062350000000000134 0.14445103857566768
0 0.5266666666666666 0.7596439169139466 0.125 0.2818991097922849
0 0.62 0.7893175074183977 0.085 0.23738872403560832
0 0.6858333333333333 0.8115727002967359 0.08833333333333333 0.23738872403560832
0 0.7416666666666667 0.841246290801187 0.08666666666666667 0.20474777448071216
0 0.8614666666666667 0.8606231454005934 0.0800333333333333 0.22231454005934714
0 0.7973166666666667 0.8618694362017804 0.06021666666666666 0.21311572700296744
0 0.9733833333333333 0.8979821958456974 0.05321666666666677 0.16326409495548955
0 0.16015000000000001 0.12735905044510387 0.13596666666666665 0.21017804154302674
0 0.2809666666666667 0.1718694362017804 0.09981666666666665 0.26952522255192884
0 0.37166666666666665 0.228486646884273 0.1 0.23738872403560832
0 0.04766666666666667 0.23492581602373888 0.09156666666666666 0.33629080118694366
0 0.4633333333333333 0.2878338278931751 0.10833333333333334 0.19881305637982197