0 0.8166666666666667 0.3857566765578635 0.095 0.2818991097922849
0 0.5183333333333333 0.3916913946587537 0.14166666666666666 0.3115727002967359
0 0.6233333333333333 0.40059347181008903 0.115 0.29376854599406527
0 0.7325 0.4035608308605341 0.10166666666666667 0.27002967359050445
0 0.9716666666666667 0.4688427299703264 0.05333333333333334 0.20178041543026706
0 0.2891666666666667 0.47774480712166173 0.12833333333333333 0.314540059347181
0 0.9155666666666668 0.478486646884273 0.06070000000000012 0.2398516320474777
0 0.8669666666666666 0.4797329376854599 0.049599999999999984 0.23738872403560832
0 0.4 0.48813056379821956 0.09166666666666666 0.3026706231454006
0 0.15833333333333333 0.48813056379821956 0.14333333333333334 0.314540059347181
0 0.76 0.6320474777448071 0.10166666666666667 0.228486646884273
0 0.9783333333333334 0.6394658753709199 0.04 0.11572700296735905
0 0.8822500000000001 0.6441543026706232 0.049599999999999984 0.14094955489614244
0 0.8315666666666667 0.646646884272997 0.03990000000000009 0.16074183976261133
0 0.9315333333333332 0.646646884272997 0.04263333333333321 0.12115727002967354
0 0.6808333333333333 0.672106824925816 0.1 0.2522255192878338
0 0.5816666666666667 0.6795252225519288 0.1 0.258160237388724
0 0.48833333333333334 0.701780415430267 0.11166666666666666 0.3056379821958457
0 0.375 0.7566765578635015 0.10666666666666667 0.228486646884273
0 0.8715499999999999 0.07958456973293769 0.0935166666666666 0.15916913946587538
0 0.9556166666666667 0.07958456973293769 0.08591666666666659 0.15916913946587538
0 0.26416666666666666 0.7744807121661721 0.11166666666666666 0.27299703264094954
0 0.13333333333333333 0.7759643916913946 0.13166666666666665 0.2789317507418398
0 0.975 0.9391691394658753 0.04666666666666667 0.11572700296735905
0 0.9215499999999999 0.9518397626112759 0.05714999999999994 0.09629080118694376