0 0.016183333333333334 0.03017804154302671 0.02551666666666667 0.060326409495548954
0 0.10246666666666666 0.03186943620178041 0.04081666666666666 0.06373887240356083
0 0.18 0.032640949554896145 0.043333333333333335 0.06528189910979229
0 0.2219 0.03252225519287834 0.044083333333333315 0.06504451038575668
0 0.30643333333333334 0.03350148367952522 0.0474666666666667 0.06700296735905044
0 0.14115 0.034718100890207715 0.040166666666666656 0.06943620178041543
0 0.26426666666666665 0.03534124629080119 0.045300000000000014 0.0706528189910979
0 0.3540333333333333 0.03548961424332345 0.05408333333333332 0.07094955489614242
0 0.35895 0.3264094955489614 0.06178333333333332 0.16673590504451039
0 0.41608333333333336 0.33204747774480714 0.07764999999999996 0.2147774480712166
0 0.4799666666666667 0.34688427299703267 0.08160000000000006 0.20489614243323445
0 0.41333333333333333 0.03857566765578635 0.06 0.0771513353115727
0 0.5557666666666666 0.3638575667655786 0.08396666666666666 0.2162017804154303
0 0.47081666666666666 0.03943620178041543 0.0573666666666666 0.07884272997032642
0 0.76525 0.0413946587537092 0.09046666666666663 0.0827893175074184
0 0.8554666666666666 0.0413946587537092 0.09596666666666664 0.0827893175074184
0 0.6216666666666667 0.39317507418397624 0.07 0.18991097922848665
0 0.6975 0.41097922848664686 0.07666666666666666 0.19287833827893175
0 0.6025333333333333 0.04237388724035608 0.07946666666666659 0.08474777448071216
0 0.9357166666666665 0.04237388724035608 0.06383333333333326 0.08474777448071216
0 0.5333333333333333 0.04451038575667656 0.06333333333333334 0.08902077151335312
0 0.10833333333333334 0.41839762611275966 0.03833333333333333 0.09495548961424333
0 0.7816666666666666 0.4228486646884273 0.08833333333333333 0.21068249258160238
0 0.1375 0.4258160237388724 0.03 0.09198813056379822
0 0.165 0.4362017804154303 0.03166666666666667 0.09198813056379822
0 0.19416666666666665 0.44807121661721067 0.03333333333333333 0.09495548961424333
0 0.8825 0.45252225519287836 0.105 0.22255192878338279
0 0.225 0.45548961424332346 0.03166666666666667 0.09495548961424333
0 0.265 0.4629080118694362 0.051666666666666666 0.10089020771513353
0 0.05421666666666667 0.4775964391691394 0.03803333333333333 0.09326409495548964
0 0.09073333333333333 0.4938575667655787 0.04438333333333332 0.1059643916913946
0 0.12583333333333332 0.5178041543026706 0.03 0.0830860534124629
0 0.15 0.5207715133531158 0.03 0.10089020771513353
0 0.17166666666666666 0.526706231454006 0.03333333333333333 0.10089020771513353
0 0.20333333333333334 0.5445103857566765 0.035 0.09792284866468842
0 0.23666666666666666 0.5548961424332344 0.041666666666666664 0.09495548961424333
0 0.27416666666666667 0.5637982195845698 0.041666666666666664 0.11275964391691394
0 0.31666666666666665 0.5727002967359051 0.056666666666666664 0.14540059347181009
0 0.36583333333333334 0.5905044510385756 0.055 0.142433234421365
0 0.02525 0.5970029673590505 0.046766666666666665 0.10314540059347178
0 0.41333333333333333 0.6083086053412463 0.03833333333333333 0.13649851632047477
0 0.4608333333333333 0.6409495548961425 0.065 0.1572700296735905
0 0.52 0.6602373887240356 0.056666666666666664 0.1543026706231454
0 0.5783333333333334 0.6839762611275965 0.056666666666666664 0.17804154302670624
0 0.6408333333333334 0.7166172106824926 0.06166666666666667 0.18100890207715134
0 0.8532666666666666 0.7243916913946588 0.04064999999999998 0.151780415430267
0 0.15301666666666666 0.7333531157270029 0.05150000000000001 0.13563798219584572
0 0.19508333333333333 0.7453709198813057 0.03403333333333331 0.11445103857566773
0 0.7141666666666666 0.7522255192878339 0.07333333333333333 0.17210682492581603
0 0.21810000000000002 0.7792878338278932 0.03561666666666667 0.11727002967359045
0 0.7941666666666667 0.7922848664688428 0.07666666666666666 0.19287833827893175
0 0.25420000000000004 0.8054302670623146 0.04751666666666665 0.15261127596439164
0 0.29031666666666667 0.8132047477744807 0.04671666666666662 0.168160237388724
0 0.3307833333333333 0.8407418397626112 0.05306666666666662 0.16391691394658756
0 0.37205 0.8789020771513353 0.05623333333333335 0.17522255192878325
0 0.4200666666666667 0.8894955489614244 0.04273333333333336 0.18792284866468856
0 0.4575 0.9317507418397626 0.06166666666666667 0.13056379821958458
0 0.5240166666666667 0.9472106824925816 0.06333333333333334 0.1055489614243325
0 0.020383333333333333 0.16955489614243324 0.040766666666666666 0.12151335311572703
0 0.04986666666666667 0.2571810089020772 0.04359999999999999 0.12718100890207712
0 0.07881666666666666 0.26 0.04755 0.13
0 0.03916666666666667 0.02967359050445104 0.028333333333333332 0.05934718100890208
0 0.06666666666666667 0.02967359050445104 0.04 0.05934718100890208
0 0.11611666666666667 0.268486646884273 0.045966666666666676 0.15543026706231453
0 0.15461666666666665 0.27483679525222554 0.05785000000000001 0.14272997032640947
0 0.1970666666666667 0.28543026706231456 0.07293333333333334 0.15543026706231453