0 0.025983333333333334 0.2980712166172107 0.05195 0.5422255192878338
0 0.5441666666666667 0.327893175074184 0.15666666666666668 0.44807121661721067
0 0.17333333333333334 0.3293768545994065 0.19333333333333333 0.5044510385756676
0 0.6733333333333333 0.3367952522255193 0.14333333333333334 0.3916913946587537
0 0.38 0.3397626112759644 0.17333333333333334 0.44807121661721067
0 0.7958333333333333 0.3768545994065282 0.12833333333333333 0.34124629080118696
0 0.8908333333333334 0.39465875370919884 0.10833333333333334 0.31750741839762614
0 0.7511833333333333 0.047210682492581604 0.08915000000000002 0.09442136498516321
0 0.8466166666666667 0.05801186943620177 0.11031666666666676 0.11599406528189912
0 0.9359833333333334 0.07014836795252226 0.09209999999999999 0.1402670623145401
0 0.8433333333333334 0.6913946587537092 0.11333333333333333 0.26706231454005935
0 0.6266666666666667 0.6973293768545994 0.13166666666666665 0.3620178041543027
0 0.7383333333333333 0.7002967359050445 0.135 0.29080118694362017
0 0.9675 0.7106824925816023 0.06166666666666667 0.19881305637982197
0 0.4975 0.7314540059347181 0.15333333333333332 0.37388724035608306
0 0.3408333333333333 0.7522255192878339 0.15833333333333333 0.3768545994065282
0 0.15916666666666668 0.7833827893175074 0.18833333333333332 0.40059347181008903
0 0.027 0.7850148367952523 0.04990000000000001 0.42623145400593465
0 0.9382666666666667 0.8821068249258159 0.08453333333333338 0.18344213649851646
0 0.79 0.956973293768546 0.07666666666666666 0.08011869436201781