0 0.8875 0.3249258160237389 0.1 0.2433234421364985
0 0.6966666666666667 0.3293768545994065 0.11333333333333333 0.258160237388724
0 0.5866666666666667 0.34124629080118696 0.105 0.2403560830860534
0 0.9675 0.3427299703264095 0.06166666666666667 0.18694362017804153
0 0.7975 0.3456973293768546 0.095 0.2314540059347181
0 0.46416666666666667 0.3545994065281899 0.1 0.23738872403560832
0 0.2658333333333333 0.36795252225519287 0.10166666666666667 0.24629080118694363
0 0.36666666666666664 0.3694362017804154 0.09333333333333334 0.2433234421364985
0 0.16416666666666666 0.37537091988130566 0.09666666666666666 0.24629080118694363
0 0.0575 0.3798219584569733 0.11 0.2522255192878338
0 0.9715666666666668 0.5659050445103858 0.05684999999999983 0.24163204747774483
0 0.8966666666666666 0.5682492581602374 0.09333333333333334 0.258160237388724
0 0.8016666666666666 0.5845697329376854 0.09666666666666666 0.2314540059347181
0 0.5966666666666667 0.5875370919881305 0.1 0.24629080118694363
0 0.7008333333333333 0.5875370919881305 0.11333333333333333 0.2433234421364985
0 0.4658333333333333 0.6008902077151336 0.10166666666666667 0.2522255192878338
0 0.36583333333333334 0.615727002967359 0.09666666666666666 0.2403560830860534
0 0.2683333333333333 0.6186943620178041 0.09666666666666666 0.2403560830860534
0 0.16583333333333333 0.629080118694362 0.10333333333333333 0.2403560830860534
0 0.05416666666666667 0.6335311572700296 0.10833333333333334 0.258160237388724