0 0.535 0.3026706231454006 0.10166666666666667 0.21364985163204747
0 0.61 0.34421364985163205 0.07833333333333334 0.19584569732937684
0 0.7591666666666667 0.3456973293768546 0.115 0.20771513353115728
0 0.6833333333333333 0.36053412462908013 0.09833333333333333 0.18991097922848665
0 0.8666666666666667 0.3768545994065282 0.07666666666666666 0.18397626112759644
0 0.0475 0.45548961424332346 0.095 0.34124629080118696
0 0.23666666666666666 0.47181008902077154 0.13666666666666666 0.3293768545994065
0 0.3575 0.4836795252225519 0.135 0.29376854599406527
0 0.4708333333333333 0.5148367952522255 0.12 0.26112759643916916
0 0.5691666666666667 0.5370919881305638 0.11333333333333333 0.24925816023738873
0 0.6458333333333334 0.5548961424332344 0.08666666666666667 0.2195845697329377
0 0.8041666666666667 0.5623145400593472 0.125 0.2195845697329377
0 0.7216666666666667 0.5712166172106825 0.11166666666666666 0.2195845697329377
0 0.9566666666666667 0.5727002967359051 0.085 0.19584569732937684
0 0.9108333333333334 0.5741839762611276 0.08166666666666667 0.20771513353115728
0 0.85 0.7967359050445104 0.12833333333333333 0.24629080118694363
0 0.9591666666666666 0.7997032640949555 0.07833333333333334 0.2344213649851632
0 0.5066666666666667 0.8071216617210683 0.13666666666666666 0.32047477744807124
0 0.3858333333333333 0.8100890207715133 0.15333333333333332 0.3560830860534125
0 0.04833333333333333 0.8115727002967359 0.095 0.3649851632047478
0 0.6041666666666666 0.8115727002967359 0.12333333333333334 0.29673590504451036
0 0.6858333333333333 0.8130563798219584 0.10166666666666667 0.2789317507418398
0 0.7658333333333334 0.8130563798219584 0.12166666666666667 0.258160237388724
0 0.24833333333333332 0.8175074183976261 0.14833333333333334 0.3620178041543027
0 0.0475 0.142433234421365 0.09333333333333334 0.28486646884273
0 0.335 0.20178041543026706 0.13 0.26706231454005935
0 0.19895000000000002 0.25089020771513354 0.06346666666666664 0.12409495548961422
0 0.25953333333333334 0.26032640949554897 0.05435000000000002 0.13219584569732934
0 0.44333333333333336 0.2685459940652819 0.10666666666666667 0.2344213649851632