0 0.41833333333333333 0.023333333333333334 0.06333333333333334 0.044444444444444446
0 0.0375 0.2311111111111111 0.07333333333333333 0.14444444444444443
0 0.5825666666666667 0.23542222222222223 0.04771666666666666 0.08473333333333333
0 0.8125 0.23666666666666666 0.07166666666666667 0.08666666666666667
0 0.6391666666666667 0.25333333333333335 0.06166666666666667 0.08
0 0.87 0.2611111111111111 0.058333333333333334 0.07777777777777778
0 0.12083333333333333 0.27111111111111114 0.09166666666666666 0.16
0 0.7016666666666667 0.2733333333333333 0.065 0.07555555555555556
0 0.9183333333333333 0.27666666666666667 0.058333333333333334 0.08
0 0.18416666666666667 0.03 0.09833333333333333 0.06
0 0.7608333333333334 0.2922222222222222 0.06166666666666667 0.07111111111111111
0 0.2125 0.29777777777777775 0.095 0.15555555555555556
0 0.8308333333333333 0.3111111111111111 0.07 0.06666666666666667
0 0.3075 0.3244444444444444 0.09333333333333334 0.13111111111111112
0 0.8925 0.3377777777777778 0.06 0.07111111111111111
0 0.39416666666666667 0.3388888888888889 0.075 0.14
0 0.9408333333333333 0.3477777777777778 0.065 0.06666666666666667
0 0.4725 0.35444444444444445 0.07833333333333334 0.12222222222222222
0 0.4866666666666667 0.03888888888888889 0.058333333333333334 0.07333333333333333
0 0.021666666666666667 0.39 0.043333333333333335 0.1711111111111111
0 0.08333333333333333 0.4088888888888889 0.12333333333333334 0.18888888888888888
0 0.655 0.41 0.08 0.12222222222222222
0 0.7283333333333334 0.43 0.07333333333333333 0.11555555555555555
0 0.19333333333333333 0.4311111111111111 0.09166666666666666 0.1622222222222222
0 0.7916666666666666 0.4411111111111111 0.07833333333333334 0.11333333333333333
0 0.285 0.4622222222222222 0.09833333333333333 0.14888888888888888
0 0.8633333333333333 0.4633333333333333 0.07833333333333334 0.10888888888888888
0 0.38083333333333336 0.47555555555555556 0.09 0.14888888888888888
0 0.9225 0.4766666666666667 0.075 0.10666666666666667
0 0.4708333333333333 0.4866666666666667 0.08333333333333333 0.13777777777777778
0 0.9716666666666667 0.4888888888888889 0.055 0.10888888888888888
0 0.2708333333333333 0.051111111111111114 0.07333333333333333 0.09555555555555556
0 0.5958333333333333 0.5111111111111111 0.056666666666666664 0.14666666666666667
0 0.6675 0.5388888888888889 0.08666666666666667 0.13333333333333333
0 0.7466666666666667 0.5522222222222222 0.08666666666666667 0.13111111111111112
0 0.051666666666666666 0.5533333333333333 0.1 0.16666666666666666
0 0.0575 0.05555555555555555 0.09833333333333333 0.1111111111111111
0 0.8175 0.5633333333333334 0.085 0.12666666666666668
0 0.16166666666666665 0.5722222222222222 0.12166666666666667 0.16666666666666666
0 0.8933333333333333 0.5811111111111111 0.09166666666666666 0.12444444444444444
0 0.9516666666666667 0.5944444444444444 0.07333333333333333 0.12444444444444444
0 0.9875 0.5966666666666667 0.021666666666666667 0.1
0 0.3458333333333333 0.06 0.07166666666666667 0.1
0 0.2775 0.6033333333333334 0.10333333333333333 0.1288888888888889
0 0.37833333333333335 0.6155555555555555 0.09166666666666666 0.13555555555555557
0 0.5691666666666667 0.06333333333333334 0.045 0.07333333333333333
0 0.4708333333333333 0.6277777777777778 0.09 0.14
0 0.6033333333333334 0.6433333333333333 0.06 0.13555555555555557
0 0.6816666666666666 0.6666666666666666 0.09333333333333334 0.12222222222222222
0 0.7708333333333334 0.6788888888888889 0.085 0.12222222222222222
0 0.845 0.6922222222222222 0.09166666666666666 0.12444444444444444
0 0.9275 0.7077777777777777 0.095 0.12
0 0.975 0.7133333333333334 0.04666666666666667 0.11333333333333333
0 0.15833333333333333 0.08333333333333333 0.1 0.1111111111111111
0 0.415 0.09222222222222222 0.065 0.08666666666666667
0 0.62 0.09666666666666666 0.056666666666666664 0.08
0 0.4866666666666667 0.11666666666666667 0.06833333333333333 0.07777777777777778
0 0.6758333333333333 0.11666666666666667 0.055 0.07111111111111111
0 0.25333333333333335 0.12222222222222222 0.08666666666666667 0.09555555555555556
0 0.7283333333333334 0.13777777777777778 0.056666666666666664 0.06888888888888889
0 0.575 0.14777777777777779 0.05 0.09333333333333334
0 0.3383333333333333 0.15333333333333332 0.07833333333333334 0.09111111111111111
0 0.7966666666666666 0.15333333333333332 0.058333333333333334 0.07777777777777778
0 0.6283333333333333 0.17333333333333334 0.055 0.07333333333333333
0 0.4175 0.1811111111111111 0.07333333333333333 0.08666666666666667
0 0.8483333333333334 0.18444444444444444 0.04833333333333333 0.07777777777777778
0 0.6875 0.19333333333333333 0.065 0.08
0 0.895 0.1988888888888889 0.058333333333333334 0.07333333333333333
0 0.49 0.2011111111111111 0.06833333333333333 0.08888888888888889
0 0.745 0.21555555555555556 0.06 0.08222222222222222