0 0.8275 0.23777777777777778 0.05333333333333334 0.08222222222222222
0 0.8916666666666667 0.27111111111111114 0.05333333333333334 0.10666666666666667
0 0.7916666666666666 0.28 0.045 0.08222222222222222
0 0.7358333333333333 0.29777777777777775 0.055 0.07111111111111111
0 0.8441666666666666 0.32555555555555554 0.055 0.09111111111111111
0 0.6983333333333334 0.3333333333333333 0.03333333333333333 0.07111111111111111
0 0.8883333333333333 0.035555555555555556 0.035 0.06888888888888889
0 0.7991666666666667 0.3655555555555556 0.04666666666666667 0.08666666666666667
0 0.9633333333333334 0.37222222222222223 0.05 0.13555555555555557
0 0.74 0.37555555555555553 0.04833333333333333 0.07555555555555556
0 0.65755 0.39513333333333334 0.028950000000000007 0.07084444444444443
0 0.7025 0.4077777777777778 0.028333333333333332 0.06444444444444444
0 0.925 0.4177777777777778 0.07166666666666667 0.11555555555555555
0 0.6358333333333334 0.4222222222222222 0.025 0.06666666666666667
0 0.7433333333333333 0.4477777777777778 0.043333333333333335 0.06444444444444444
0 0.8791666666666667 0.4588888888888889 0.07 0.10666666666666667
0 0.66 0.4633333333333333 0.02 0.06222222222222222
0 0.6108333333333333 0.4688888888888889 0.02666666666666667 0.06
0 0.7085833333333333 0.47846666666666665 0.039350000000000024 0.07362222222222221
0 0.6391666666666667 0.49 0.018333333333333333 0.06888888888888889
0 0.5933333333333334 0.49444444444444446 0.011666666666666667 0.05333333333333334
0 0.5833333333333334 0.4988888888888889 0.008333333333333333 0.03777777777777778
0 0.8356666666666667 0.5006888888888889 0.053899999999999955 0.10973333333333332
0 0.9808333333333333 0.5066666666666667 0.03333333333333333 0.15555555555555556
0 0.6266666666666667 0.5222222222222223 0.013333333333333334 0.051111111111111114
0 0.6075 0.5266666666666666 0.02 0.051111111111111114
0 0.6608333333333334 0.5288888888888889 0.02 0.06444444444444444
0 0.795 0.5344444444444445 0.04833333333333333 0.10444444444444445
0 0.585 0.5455555555555556 0.01 0.057777777777777775
0 0.95 0.5466666666666666 0.06666666666666667 0.13333333333333333
0 0.5933333333333334 0.55 0.011666666666666667 0.057777777777777775
0 0.6433333333333333 0.5544444444444444 0.015 0.06
0 0.765 0.56 0.035 0.08888888888888889
0 0.08898333333333333 0.5606888888888889 0.028133333333333326 0.057799999999999976
0 0.6258333333333334 0.5744444444444444 0.016666666666666666 0.05555555555555555
0 0.8983333333333333 0.5788888888888889 0.075 0.1288888888888889
0 0.7358333333333333 0.5866666666666667 0.03333333333333333 0.09333333333333334
0 0.6083333333333333 0.5888888888888889 0.02 0.06666666666666667
0 0.04925 0.6028444444444444 0.028866666666666665 0.04962222222222231
0 0.5941666666666666 0.6077777777777778 0.01 0.05333333333333334
0 0.07886666666666667 0.6107777777777779 0.026699999999999995 0.052977777777777846
0 0.022333333333333337 0.6136666666666666 0.018400000000000003 0.041422222222222194
0 0.8491666666666666 0.6144444444444445 0.058333333333333334 0.11555555555555555
0 0.12005 0.6237777777777778 0.0238 0.05395555555555549
0 0.5825 0.6244444444444445 0.011666666666666667 0.05555555555555555
0 0.6741666666666667 0.6377777777777778 0.028333333333333332 0.08444444444444445
0 0.8083333333333333 0.6411111111111111 0.04666666666666667 0.10444444444444445
0 0.039316666666666666 0.6435333333333333 0.0285 0.02311111111111106
0 0.0738 0.6498 0.03608333333333334 0.027933333333333445
0 0.013300000000000001 0.6546222222222222 0.0184 0.04913333333333336
0 0.775 0.6588888888888889 0.041666666666666664 0.1
0 0.11535 0.6589555555555555 0.021633333333333327 0.02311111111111106
0 0.6575 0.6633333333333333 0.02 0.07777777777777778
0 0.6383333333333333 0.6677777777777778 0.016666666666666666 0.08
0 0.7466666666666667 0.6788888888888889 0.03833333333333333 0.08666666666666667
0 0.6233333333333333 0.68 0.018333333333333333 0.07333333333333333
0 0.9683333333333334 0.6811111111111111 0.06166666666666667 0.13333333333333333
0 0.6075 0.6922222222222222 0.016666666666666666 0.07111111111111111
0 0.5925 0.7011111111111111 0.018333333333333333 0.06222222222222222
0 0.12474999999999999 0.7040000000000001 0.029566666666666682 0.05442222222222224
0 0.9166666666666666 0.7077777777777777 0.075 0.12222222222222222
0 0.6816666666666666 0.7222222222222222 0.025 0.07555555555555556
0 0.8625 0.7311111111111112 0.058333333333333334 0.10888888888888888
0 0.665 0.7388888888888889 0.02666666666666667 0.07555555555555556
0 0.8216666666666667 0.7433333333333333 0.04833333333333333 0.1
0 0.6425 0.7466666666666667 0.02 0.07777777777777778
0 0.6266666666666667 0.7533333333333333 0.016666666666666666 0.06888888888888889
0 0.7875 0.7611111111111111 0.04 0.09555555555555556
0 0.6116666666666667 0.7633333333333333 0.015 0.06888888888888889
0 0.595 0.7655555555555555 0.018333333333333333 0.06222222222222222
0 0.7525 0.7733333333333333 0.04 0.09777777777777778
0 0.6883333333333334 0.8022222222222222 0.021666666666666667 0.07333333333333333
0 0.6641666666666667 0.8144444444444444 0.03 0.07555555555555556
0 0.6441666666666667 0.8233333333333334 0.01 0.07333333333333333
0 0.6283333333333333 0.8255555555555556 0.018333333333333333 0.07555555555555556
0 0.6133333333333333 0.8311111111111111 0.011666666666666667 0.06888888888888889
0 0.5958333333333333 0.8333333333333334 0.02 0.07555555555555556
0 0.6566666666666666 0.8933333333333333 0.0016666666666666668 0.0022222222222222222
0 0.8608333333333333 0.09111111111111111 0.06333333333333334 0.09111111111111111
0 0.9091666666666667 0.11888888888888889 0.043333333333333335 0.1
0 0.8141666666666667 0.15 0.06166666666666667 0.09111111111111111
0 0.8783333333333333 0.18555555555555556 0.065 0.1
0 0.9316666666666666 0.21555555555555556 0.045 0.09777777777777778