0 0.9557166666666665 0.3073293768545994 0.06325000000000007 0.16249258160237387
0 0.4741666666666667 0.3189910979228487 0.06 0.09198813056379822
0 0.1675 0.3486646884272997 0.08 0.18694362017804153
0 0.9049333333333334 0.3589020771513353 0.05691666666666682 0.11587537091988126
0 0.245 0.3827893175074184 0.07166666666666667 0.17804154302670624
0 0.3175 0.4050445103857567 0.06666666666666667 0.1632047477744807
0 0.385 0.42729970326409494 0.06666666666666667 0.1543026706231454
0 0.9666666666666667 0.4391691394658754 0.06333333333333334 0.12462908011869436
0 0.4525 0.443620178041543 0.06666666666666667 0.16023738872403562
0 0.5216666666666666 0.44510385756676557 0.06833333333333333 0.1543026706231454
0 0.6133333333333333 0.4658753709198813 0.04666666666666667 0.1513353115727003
0 0.9148499999999999 0.4705341246290801 0.0640500000000001 0.11587537091988134
0 0.66 0.4792284866468843 0.04833333333333333 0.142433234421365
0 0.6983333333333334 0.49851632047477745 0.043333333333333335 0.13353115727002968
0 0.7433333333333333 0.5148367952522255 0.04666666666666667 0.12759643916913946
0 0.7816666666666666 0.5192878338278932 0.04833333333333333 0.12462908011869436
0 0.8241666666666667 0.5192878338278932 0.045 0.11572700296735905
0 0.15916666666666668 0.5459940652818991 0.07833333333333334 0.20178041543026706
0 0.2425 0.5652818991097923 0.07666666666666666 0.18397626112759644
0 0.31916666666666665 0.5801186943620178 0.07333333333333333 0.17804154302670624
0 0.39 0.5934718100890207 0.06833333333333333 0.17210682492581603
0 0.46166666666666667 0.6053412462908012 0.07333333333333333 0.1661721068249258
0 0.5308333333333334 0.6053412462908012 0.06666666666666667 0.1632047477744807
0 0.9589000000000001 0.6181899109792285 0.056900000000000166 0.11445103857566763
0 0.6216666666666667 0.6186943620178041 0.043333333333333335 0.1513353115727003
0 0.6675 0.629080118694362 0.04833333333333333 0.1543026706231454
0 0.715 0.6364985163204748 0.055 0.14540059347181009
0 0.8458333333333333 0.6483679525222552 0.05333333333333334 0.13649851632047477
0 0.7575 0.6498516320474778 0.05 0.13353115727002968
0 0.7983333333333333 0.6498516320474778 0.05333333333333334 0.13353115727002968
0 0.9664333333333334 0.7164094955489615 0.05134999999999991 0.11020771513353111
0 0.1525 0.755192878338279 0.08833333333333333 0.21364985163204747
0 0.24083333333333334 0.7611275964391692 0.08166666666666667 0.20474777448071216
0 0.32166666666666666 0.7655786350148368 0.07666666666666666 0.18694362017804153
0 0.39416666666666667 0.771513353115727 0.06833333333333333 0.17507418397626112
0 0.4708333333333333 0.7759643916913946 0.08 0.1632047477744807
0 0.5425 0.7759643916913946 0.06333333333333334 0.1661721068249258
0 0.6308333333333334 0.7774480712166172 0.05 0.1632047477744807
0 0.6825 0.7818991097922848 0.051666666666666666 0.14836795252225518
0 0.73 0.7833827893175074 0.051666666666666666 0.14540059347181009
0 0.7741666666666667 0.7848664688427299 0.055 0.1394658753709199
0 0.8641666666666666 0.787833827893175 0.055 0.13353115727002968
0 0.8166666666666667 0.7893175074183977 0.04666666666666667 0.13649851632047477
0 0.9758333333333333 0.8234421364985163 0.045 0.11572700296735905