0 0.7233333333333334 0.3641666666666667 0.135 0.24166666666666667
0 0.5866666666666667 0.37083333333333335 0.13833333333333334 0.225
0 0.4475 0.3725 0.13666666666666666 0.20833333333333334
0 0.016666666666666666 0.38166666666666665 0.03333333333333333 0.16666666666666666
0 0.17333333333333334 0.38166666666666665 0.115 0.17333333333333334
0 0.3333333333333333 0.38166666666666665 0.09166666666666666 0.19333333333333333
0 0.014166666666666666 0.5466666666666666 0.02666666666666667 0.16333333333333333
0 0.13833333333333334 0.5541666666666667 0.08833333333333333 0.175
0 0.2325 0.56 0.09833333333333333 0.18166666666666667
0 0.3325 0.5733333333333334 0.1 0.18833333333333332
0 0.4475 0.5791666666666667 0.13166666666666665 0.20666666666666667
0 0.585 0.5941666666666666 0.14166666666666666 0.22333333333333333
0 0.7208333333333333 0.6075 0.12666666666666668 0.24166666666666667
0 0.015833333333333335 0.7083333333333334 0.028333333333333332 0.16166666666666665
0 0.135 0.7266666666666667 0.08166666666666667 0.16833333333333333
0 0.22833333333333333 0.7408333333333333 0.09833333333333333 0.18333333333333332
0 0.32666666666666666 0.7641666666666667 0.09833333333333333 0.19333333333333333
0 0.7341666666666666 0.0775 0.13 0.15333333333333332
0 0.44583333333333336 0.7883333333333333 0.13833333333333334 0.21333333333333335
0 0.585 0.8183333333333334 0.135 0.22833333333333333
0 0.715 0.8491666666666666 0.12166666666666667 0.24666666666666667
0 0.595 0.08833333333333333 0.14333333333333334 0.175
0 0.1325 0.9308333333333333 0.09333333333333334 0.13333333333333333
0 0.22166666666666668 0.9433333333333334 0.07833333333333334 0.11166666666666666
0 0.32083333333333336 0.9575 0.11833333333333333 0.08166666666666667
0 0.455 0.09666666666666666 0.135 0.19333333333333333
0 0.335 0.11666666666666667 0.10166666666666667 0.19166666666666668
0 0.22833333333333333 0.13166666666666665 0.115 0.18
0 0.13083333333333333 0.14666666666666667 0.08 0.17333333333333334
0 0.015833333333333335 0.16083333333333333 0.03166666666666667 0.17166666666666666