0 0.23333333333333334 0.18166666666666667 0.09333333333333334 0.14333333333333334
0 0.33916666666666667 0.18666666666666668 0.09 0.14666666666666667
0 0.4425 0.19 0.08833333333333333 0.13666666666666666
0 0.535 0.1925 0.09166666666666666 0.13666666666666666
0 0.625 0.19583333333333333 0.08666666666666667 0.13333333333333333
0 0.7166666666666667 0.19583333333333333 0.09333333333333334 0.13
0 0.029166666666666667 0.305 0.056666666666666664 0.14166666666666666
0 0.10583333333333333 0.30583333333333335 0.09333333333333334 0.14
0 0.23333333333333334 0.31916666666666665 0.09666666666666666 0.13
0 0.3375 0.3233333333333333 0.09166666666666666 0.12666666666666668
0 0.43916666666666665 0.3233333333333333 0.09166666666666666 0.12833333333333333
0 0.5325 0.32416666666666666 0.09166666666666666 0.13
0 0.7208333333333333 0.325 0.095 0.13
0 0.6266666666666667 0.3275 0.08833333333333333 0.13
0 0.02 0.49083333333333334 0.04 0.14333333333333334
0 0.23333333333333334 0.495 0.09166666666666666 0.135
0 0.7116666666666667 0.4975 0.09166666666666666 0.12833333333333333
0 0.11 0.4975 0.07 0.125
0 0.5241666666666667 0.49833333333333335 0.09166666666666666 0.13166666666666665
0 0.6183333333333333 0.49833333333333335 0.09166666666666666 0.13
0 0.7133333333333334 0.6275 0.09166666666666666 0.13166666666666665
0 0.6175 0.6283333333333333 0.09166666666666666 0.12666666666666668
0 0.020833333333333332 0.6291666666666667 0.03833333333333333 0.13833333333333334
0 0.5216666666666666 0.6291666666666667 0.09166666666666666 0.13
0 0.09 0.6308333333333334 0.095 0.14
0 0.22916666666666666 0.6316666666666667 0.09833333333333333 0.13666666666666666
0 0.6183333333333333 0.7591666666666667 0.09166666666666666 0.13333333333333333
0 0.715 0.76 0.095 0.12666666666666668
0 0.5258333333333334 0.7616666666666667 0.09 0.135
0 0.3233333333333333 0.7625 0.095 0.14
0 0.4241666666666667 0.7625 0.09166666666666666 0.14
0 0.225 0.7683333333333333 0.095 0.135
0 0.0225 0.7708333333333334 0.04 0.14166666666666666
0 0.08833333333333333 0.7708333333333334 0.09166666666666666 0.13833333333333334
0 0.6045333333333334 0.9215333333333333 0.09971666666666673 0.14304999999999998
0 0.3175 0.94 0.08833333333333333 0.11833333333333333
0 0.21833333333333332 0.9416666666666667 0.09333333333333334 0.11333333333333333
0 0.03 0.15833333333333333 0.06 0.15166666666666667
0 0.10916666666666666 0.16083333333333333 0.1 0.15166666666666667