0 0.03 0.2275 0.055 0.18833333333333332
0 0.1675 0.245 0.13 0.17666666666666667
0 0.315 0.2525 0.12333333333333334 0.17666666666666667
0 0.45 0.2575 0.11833333333333333 0.17333333333333334
0 0.5766666666666667 0.2675 0.12 0.17333333333333334
0 0.7058333333333333 0.27 0.11833333333333333 0.175
0 0.8341666666666666 0.27666666666666667 0.12833333333333333 0.17666666666666667
0 0.020833333333333332 0.4791666666666667 0.03666666666666667 0.16666666666666666
0 0.5641666666666667 0.5008333333333334 0.115 0.18333333333333332
0 0.8166666666666667 0.5075 0.12333333333333334 0.17833333333333334
0 0.69 0.5083333333333333 0.11166666666666666 0.17833333333333334
0 0.03333333333333333 0.06666666666666667 0.06 0.12833333333333333
0 0.155 0.6716666666666666 0.13166666666666665 0.18833333333333332
0 0.5566666666666666 0.68 0.12 0.175
0 0.6875 0.6866666666666666 0.12166666666666667 0.175
0 0.82 0.6891666666666667 0.12666666666666668 0.18333333333333332
0 0.1775 0.0825 0.12833333333333333 0.16166666666666665
0 0.32 0.08416666666666667 0.11666666666666667 0.15833333333333333
0 0.45416666666666666 0.08583333333333333 0.115 0.17
0 0.28583333333333333 0.8583333333333333 0.12 0.18833333333333332
0 0.14333333333333334 0.8591666666666666 0.13833333333333334 0.18333333333333332
0 0.42333333333333334 0.8625 0.12666666666666668 0.19333333333333333
0 0.5566666666666666 0.865 0.12 0.19
0 0.6858333333333333 0.8658333333333333 0.11833333333333333 0.18
0 0.8208333333333333 0.8675 0.12833333333333333 0.17
0 0.5825 0.09166666666666666 0.11833333333333333 0.17666666666666667
0 0.7125 0.09583333333333334 0.12333333333333334 0.17333333333333334
0 0.8383333333333334 0.10166666666666667 0.12333333333333334 0.17666666666666667