0 0.5075 0.16833333333333333 0.045 0.06833333333333333
0 0.6091666666666666 0.17 0.04833333333333333 0.07166666666666667
0 0.5575 0.17083333333333334 0.04833333333333333 0.07
0 0.08083333333333333 0.21666666666666667 0.05 0.06666666666666667
0 0.025 0.21916666666666668 0.04833333333333333 0.07
0 0.18666666666666668 0.22166666666666668 0.04666666666666667 0.07166666666666667
0 0.135 0.2225 0.05 0.07166666666666667
0 0.24083333333333334 0.22416666666666665 0.04666666666666667 0.06833333333333333
0 0.29583333333333334 0.22666666666666666 0.05 0.06333333333333334
0 0.3466666666666667 0.2275 0.04833333333333333 0.06666666666666667
0 0.40166666666666667 0.23333333333333334 0.04833333333333333 0.06666666666666667
0 0.4533333333333333 0.23666666666666666 0.04666666666666667 0.07
0 0.505 0.2375 0.04833333333333333 0.07166666666666667
0 0.5566666666666666 0.24 0.04833333333333333 0.06666666666666667
0 0.6116666666666667 0.24166666666666667 0.055 0.07166666666666667
0 0.07333333333333333 0.2841666666666667 0.051666666666666666 0.06833333333333333
0 0.023333333333333334 0.28583333333333333 0.045 0.06666666666666667
0 0.13083333333333333 0.28833333333333333 0.04833333333333333 0.06333333333333334
0 0.18333333333333332 0.2916666666666667 0.04833333333333333 0.06666666666666667
0 0.23833333333333334 0.2925 0.051666666666666666 0.07
0 0.2925 0.2941666666666667 0.05 0.07
0 0.345 0.2966666666666667 0.05 0.07166666666666667
0 0.3975 0.3 0.05 0.06666666666666667
0 0.45 0.30333333333333334 0.04833333333333333 0.065
0 0.5041666666666667 0.305 0.05 0.065
0 0.5566666666666666 0.30666666666666664 0.051666666666666666 0.06166666666666667
0 0.6108333333333333 0.30833333333333335 0.05333333333333334 0.06
0 0.05 0.4166666666666667 0.05 0.07666666666666666
0 0.105 0.42 0.05 0.07666666666666666
0 0.16333333333333333 0.4225 0.056666666666666664 0.075
0 0.22166666666666668 0.425 0.04833333333333333 0.07666666666666666
0 0.275 0.42583333333333334 0.04833333333333333 0.075
0 0.33916666666666667 0.43083333333333335 0.04666666666666667 0.07166666666666667
0 0.39166666666666666 0.43583333333333335 0.05 0.07333333333333333
0 0.44583333333333336 0.43833333333333335 0.05 0.07333333333333333
0 0.5041666666666667 0.44 0.05 0.07333333333333333
0 0.555 0.44166666666666665 0.04833333333333333 0.07333333333333333
0 0.6083333333333333 0.4425 0.04833333333333333 0.07166666666666667
0 0.045 0.49416666666666664 0.051666666666666666 0.07666666666666666
0 0.10083333333333333 0.49666666666666665 0.055 0.075
0 0.15833333333333333 0.49833333333333335 0.05333333333333334 0.08
0 0.21583333333333332 0.5008333333333334 0.04833333333333333 0.075
0 0.26916666666666667 0.5025 0.04666666666666667 0.07333333333333333
0 0.33666666666666667 0.505 0.051666666666666666 0.07166666666666667
0 0.39 0.5075 0.051666666666666666 0.07
0 0.44416666666666665 0.5091666666666667 0.051666666666666666 0.06833333333333333
0 0.5 0.5108333333333334 0.05 0.06833333333333333
0 0.5525 0.5125 0.051666666666666666 0.07
0 0.6083333333333333 0.5133333333333333 0.05 0.06833333333333333
0 0.0425 0.59 0.051666666666666666 0.07333333333333333
0 0.09666666666666666 0.595 0.051666666666666666 0.07
0 0.15083333333333335 0.5958333333333333 0.05333333333333334 0.075
0 0.20583333333333334 0.5966666666666667 0.051666666666666666 0.075
0 0.25833333333333336 0.5966666666666667 0.05 0.07333333333333333
0 0.8696333333333333 0.6002833333333334 0.04655000000000001 0.07341666666666659
0 0.38666666666666666 0.6025 0.05 0.07333333333333333
0 0.44166666666666665 0.605 0.05 0.075
0 0.9111500000000001 0.6051 0.042083333333333334 0.051899999999999974
0 0.49583333333333335 0.6058333333333333 0.05 0.075
0 0.6041666666666666 0.6066666666666667 0.051666666666666666 0.07166666666666667
0 0.5516666666666666 0.6075 0.05 0.075
0 0.03666666666666667 0.665 0.05333333333333334 0.075
0 0.09 0.6683333333333333 0.05 0.075
0 0.14416666666666667 0.6683333333333333 0.05333333333333334 0.07166666666666667
0 0.2025 0.67 0.051666666666666666 0.07333333333333333
0 0.255 0.6716666666666666 0.04833333333333333 0.075
0 0.43916666666666665 0.6766666666666666 0.05333333333333334 0.07
0 0.38333333333333336 0.6775 0.05333333333333334 0.07333333333333333
0 0.6025 0.68 0.056666666666666664 0.07166666666666667
0 0.5483333333333333 0.6808333333333333 0.051666666666666666 0.07333333333333333
0 0.49333333333333335 0.6816666666666666 0.05333333333333334 0.07666666666666666
0 0.0325 0.7433333333333333 0.055 0.075
0 0.08583333333333333 0.7441666666666666 0.04833333333333333 0.07333333333333333
0 0.13916666666666666 0.7441666666666666 0.055 0.075
0 0.1975 0.7458333333333333 0.05333333333333334 0.075
0 0.24916666666666668 0.7466666666666667 0.04833333333333333 0.07666666666666666
0 0.3233333333333333 0.7483333333333333 0.04833333333333333 0.08
0 0.38 0.7525 0.05333333333333334 0.08
0 0.4375 0.7541666666666667 0.05333333333333334 0.08
0 0.49333333333333335 0.7566666666666667 0.055 0.07333333333333333
0 0.5491666666666667 0.7575 0.05333333333333334 0.07833333333333334
0 0.6033333333333334 0.7583333333333333 0.05333333333333334 0.07833333333333334
0 0.31583333333333335 0.8541666666666666 0.05 0.07833333333333334
0 0.36916666666666664 0.8558333333333333 0.051666666666666666 0.08
0 0.425 0.8558333333333333 0.04833333333333333 0.07833333333333334
0 0.48083333333333333 0.8583333333333333 0.055 0.08166666666666667
0 0.5366666666666666 0.86 0.051666666666666666 0.08166666666666667
0 0.5991666666666666 0.8625 0.055 0.08333333333333333
0 0.0925 0.9191666666666667 0.06166666666666667 0.08166666666666667
0 0.02666666666666667 0.9208333333333333 0.05 0.08
0 0.23083333333333333 0.9216666666666666 0.06166666666666667 0.07833333333333334
0 0.16166666666666665 0.9216666666666666 0.06166666666666667 0.08333333333333333
0 0.30916666666666665 0.9333333333333333 0.051666666666666666 0.07833333333333334
0 0.36666666666666664 0.935 0.04666666666666667 0.07833333333333334
0 0.42333333333333334 0.9375 0.05333333333333334 0.08666666666666667
0 0.4766666666666667 0.94 0.051666666666666666 0.08166666666666667
0 0.535 0.9408333333333333 0.058333333333333334 0.08333333333333333
0 0.5941666666666666 0.945 0.056666666666666664 0.08166666666666667
0 0.15916666666666668 0.98 0.065 0.03833333333333333
0 0.0275 0.98 0.051666666666666666 0.03666666666666667
0 0.0875 0.98 0.065 0.03666666666666667
0 0.22833333333333333 0.9808333333333333 0.06333333333333334 0.035
0 0.025833333333333333 0.14666666666666667 0.051666666666666666 0.07666666666666666
0 0.08583333333333333 0.14666666666666667 0.051666666666666666 0.07
0 0.18833333333333332 0.15083333333333335 0.04666666666666667 0.07
0 0.14 0.15083333333333335 0.045 0.06666666666666667
0 0.2425 0.155 0.051666666666666666 0.06833333333333333
0 0.3 0.1575 0.04666666666666667 0.07166666666666667
0 0.3525 0.15833333333333333 0.04666666666666667 0.06833333333333333
0 0.405 0.16416666666666666 0.04666666666666667 0.07166666666666667
0 0.4558333333333333 0.16583333333333333 0.04666666666666667 0.07166666666666667