0 0.20178041543026706 0.1625 0.08605341246290801 0.07666666666666666
0 0.20771513353115728 0.2375 0.0830860534124629 0.07
0 0.28486646884273 0.1475 0.08605341246290801 0.08333333333333333
0 0.37388724035608306 0.13 0.09198813056379822 0.09
0 0.2878338278931751 0.22583333333333333 0.08011869436201781 0.07666666666666666
0 0.37388724035608306 0.21416666666666667 0.08902077151335312 0.085
0 0.4732937685459941 0.2025 0.10089020771513353 0.08333333333333333
0 0.4732937685459941 0.11666666666666667 0.09495548961424333 0.08666666666666667
0 0.5830860534124629 0.1 0.11572700296735905 0.09
0 0.5845697329376854 0.1875 0.11572700296735905 0.085
0 0.3115727002967359 0.43083333333333335 0.08605341246290801 0.08166666666666667
0 0.40059347181008903 0.425 0.08902077151335312 0.085
0 0.49554896142433236 0.4175 0.10682492581602374 0.09
0 0.3115727002967359 0.5133333333333333 0.0771513353115727 0.08166666666666667
0 0.39762611275964393 0.51 0.09198813056379822 0.08666666666666667
0 0.5 0.5083333333333333 0.10385756676557864 0.09166666666666666
0 0.21810089020771514 0.7016666666666667 0.08011869436201781 0.08833333333333333
0 0.21216617210682492 0.7875 0.09198813056379822 0.08833333333333333
0 0.21068249258160238 0.875 0.09198813056379822 0.08666666666666667
0 0.7344213649851632 0.715 0.13649851632047477 0.11
0 0.7359050445103857 0.8241666666666667 0.1394658753709199 0.11
0 0.7388724035608308 0.9366666666666666 0.14540059347181009 0.11333333333333333
0 0.8545994065281899 0.72 0.10385756676557864 0.11833333333333333
0 0.857566765578635 0.8358333333333333 0.10385756676557864 0.11166666666666666
0 0.8649851632047477 0.945 0.10979228486646884 0.10666666666666667
0 0.32344213649851633 0.6875 0.11275964391691394 0.10333333333333333
0 0.32047477744807124 0.7866666666666666 0.11275964391691394 0.09333333333333334
0 0.32344213649851633 0.8825 0.11869436201780416 0.095
0 0.4465875370919881 0.6966666666666667 0.11572700296735905 0.09166666666666666
0 0.44510385756676557 0.7925 0.11869436201780416 0.09833333333333333
0 0.44807121661721067 0.8933333333333333 0.12462908011869436 0.105
0 0.5667655786350149 0.9066666666666666 0.11275964391691394 0.09833333333333333
0 0.5637982195845698 0.8075 0.11275964391691394 0.09666666666666666
0 0.5623145400593472 0.71 0.10979228486646884 0.09
0 0.23738872403560832 0.3591666666666667 0.08902077151335312 0.07
0 0.22551928783382788 0.4325 0.0830860534124629 0.07833333333333334
0 0.22700296735905046 0.5133333333333333 0.08011869436201781 0.08166666666666667
0 0.6112759643916914 0.4091666666666667 0.11275964391691394 0.09
0 0.6112759643916914 0.5041666666666667 0.10979228486646884 0.09333333333333334
0 0.7210682492581603 0.4041666666666667 0.10385756676557864 0.09166666666666666
0 0.728486646884273 0.5016666666666667 0.11869436201780416 0.1
0 0.8293768545994066 0.3883333333333333 0.10979228486646884 0.105
0 0.8382789317507419 0.49583333333333335 0.10385756676557864 0.1