0 0.06086666666666667 0.3225816023738872 0.06848333333333334 0.17290801186943625
0 0.24833333333333332 0.3249258160237389 0.056666666666666664 0.142433234421365
0 0.18726666666666666 0.3297626112759644 0.06891666666666665 0.12795252225519288
0 0.3725 0.3323442136498516 0.058333333333333334 0.14540059347181009
0 0.6075 0.3456973293768546 0.055 0.14836795252225518
0 0.6708333333333333 0.3456973293768546 0.06 0.14540059347181009
0 0.7316666666666667 0.3456973293768546 0.05333333333333334 0.14836795252225518
0 0.8641666666666666 0.34718100890207715 0.075 0.14836795252225518
0 0.11848333333333334 0.36136498516320475 0.050366666666666664 0.13602373887240352
0 0.1549 0.4422255192878338 0.08035000000000002 0.1621661721068249
0 0.05563333333333334 0.4499703264094955 0.08658333333333333 0.13097922848664684
0 0.23666666666666666 0.4629080118694362 0.06166666666666667 0.13649851632047477
0 0.30083333333333334 0.4658753709198813 0.06166666666666667 0.142433234421365
0 0.43166666666666664 0.47477744807121663 0.058333333333333334 0.13353115727002968
0 0.37333333333333335 0.4762611275964392 0.051666666666666666 0.13353115727002968
0 0.6691666666666667 0.486646884272997 0.058333333333333334 0.1394658753709199
0 0.6058333333333333 0.48813056379821956 0.06166666666666667 0.13353115727002968
0 0.7333333333333333 0.48813056379821956 0.056666666666666664 0.13353115727002968
0 0.8683333333333333 0.49258160237388726 0.07166666666666667 0.13649851632047477
0 0.7991666666666667 0.49554896142433236 0.06666666666666667 0.13353115727002968
0 0.14053333333333332 0.6360237388724036 0.05104999999999999 0.07652818991097929
0 0.23155 0.6878635014836796 0.05271666666666666 0.1786350148367953
0 0.29333333333333333 0.7062314540059347 0.05333333333333334 0.1632047477744807
0 0.3566666666666667 0.7062314540059347 0.06166666666666667 0.1572700296735905
0 0.42083333333333334 0.712166172106825 0.058333333333333334 0.1632047477744807
0 0.48333333333333334 0.7181008902077152 0.06333333333333334 0.16023738872403562
0 0.5558333333333333 0.7195845697329377 0.056666666666666664 0.16023738872403562
0 0.6191666666666666 0.7255192878338279 0.056666666666666664 0.1632047477744807
0 0.6908333333333333 0.7255192878338279 0.07333333333333333 0.1632047477744807
0 0.7655166666666666 0.7569732937685459 0.06826666666666673 0.15575667655786343
0 0.8945333333333334 0.7699109792284866 0.07870000000000005 0.16044510385756683
0 0.21655000000000002 0.858753709198813 0.06558333333333334 0.17278931750741844
0 0.28583333333333333 0.8664688427299704 0.06833333333333333 0.1572700296735905
0 0.35083333333333333 0.8694362017804155 0.056666666666666664 0.16023738872403562
0 0.41083333333333333 0.8768545994065282 0.06 0.1632047477744807
0 0.48 0.8798219584569733 0.06 0.16023738872403562
0 0.555 0.8827893175074184 0.06333333333333334 0.1632047477744807
0 0.12006666666666668 0.887507418397626 0.05309999999999999 0.08747774480712171
0 0.6191666666666666 0.8916913946587537 0.06333333333333334 0.1661721068249258
0 0.6933333333333334 0.8961424332344213 0.08 0.1632047477744807
0 0.7694333333333334 0.9140949554896143 0.07373333333333335 0.16053412462908018
0 0.8958333333333334 0.9154302670623146 0.08166666666666667 0.1632047477744807
0 0.9673833333333333 0.9232640949554896 0.06248333333333335 0.15344213649851643
0 0.8349166666666665 0.9327299703264095 0.057049999999999934 0.13000000000000017
0 0.06895 0.19323442136498517 0.07515000000000001 0.17706231454005938
0 0.1299 0.23774480712166174 0.05418333333333332 0.15590504451038573