0 0.7391666666666666 0.3086053412462908 0.03 0.1632047477744807
0 0.7691666666666667 0.32344213649851633 0.03 0.14540059347181009
0 0.4489166666666667 0.041602373887240356 0.08875 0.07955489614243322
0 0.5269833333333334 0.054362017804154304 0.06738333333333325 0.10872403560830861
0 0.19666666666666666 0.56973293768546 0.115 0.2818991097922849
0 0.3 0.5741839762611276 0.08666666666666667 0.26706231454005935
0 0.4508333333333333 0.5786350148367952 0.06166666666666667 0.22551928783382788
0 0.38166666666666665 0.5816023738872403 0.075 0.24925816023738873
0 0.5125 0.5830860534124629 0.058333333333333334 0.20474777448071216
0 0.57 0.5830860534124629 0.055 0.18991097922848665
0 0.62 0.5919881305637982 0.043333333333333335 0.17210682492581603
0 0.6616666666666666 0.5934718100890207 0.04 0.17804154302670624
0 0.7008333333333333 0.5949554896142433 0.03666666666666667 0.17210682492581603
0 0.7383333333333333 0.5949554896142433 0.035 0.16023738872403562
0 0.7733333333333333 0.5949554896142433 0.03666666666666667 0.1543026706231454
0 0.8083333333333333 0.5949554896142433 0.03333333333333333 0.1394658753709199
0 0.8116666666666666 0.7418397626112759 0.03 0.14836795252225518
0 0.7766666666666666 0.7433234421364985 0.03666666666666667 0.14540059347181009
0 0.7441666666666666 0.7492581602373887 0.03333333333333333 0.1572700296735905
0 0.7058333333333333 0.7566765578635015 0.041666666666666664 0.1632047477744807
0 0.6675 0.7640949554896143 0.03666666666666667 0.17210682492581603
0 0.6233333333333333 0.7729970326409495 0.04833333333333333 0.18991097922848665
0 0.5733333333333334 0.7804154302670623 0.055 0.20178041543026706
0 0.5141666666666667 0.7908011869436202 0.06 0.21068249258160238
0 0.08333333333333333 0.0830860534124629 0.12666666666666668 0.1661721068249258
0 0.4533333333333333 0.8011869436201781 0.06166666666666667 0.22255192878338279
0 0.38 0.8219584569732937 0.08166666666666667 0.23738872403560832
0 0.3 0.8382789317507419 0.08333333333333333 0.26112759643916916
0 0.1975 0.8545994065281899 0.11833333333333333 0.27596439169139464
0 0.6391666666666667 0.09940652818991098 0.06833333333333333 0.18397626112759644
0 0.19965000000000002 0.1044213649851632 0.10319999999999997 0.20881305637982198
0 0.28856666666666664 0.11373887240356083 0.0738833333333333 0.22747774480712166
0 0.6983333333333334 0.11572700296735905 0.04666666666666667 0.17507418397626112
0 0.7375 0.14540059347181009 0.02666666666666667 0.1572700296735905
0 0.3851 0.14851632047477745 0.07885 0.2529376854599406
0 0.7666666666666667 0.17062314540059348 0.028333333333333332 0.1543026706231454
0 0.45794999999999997 0.18477744807121665 0.07216666666666664 0.22795252225519286
0 0.5257833333333334 0.22207715133531158 0.06976666666666669 0.21780415430267064
0 0.6416666666666667 0.2789317507418398 0.06833333333333333 0.1632047477744807
0 0.7016666666666667 0.2952522255192878 0.04666666666666667 0.17210682492581603