0 0.7683333333333333 0.3249258160237389 0.043333333333333335 0.09792284866468842
0 0.7216666666666667 0.34124629080118696 0.04666666666666667 0.09792284866468842
0 0.6833333333333333 0.3590504451038576 0.03166666666666667 0.09792284866468842
0 0.6441666666666667 0.3649851632047478 0.041666666666666664 0.10089020771513353
0 0.6025 0.3724035608308605 0.03833333333333333 0.09792284866468842
0 0.5666666666666667 0.38130563798219586 0.03333333333333333 0.09198813056379822
0 0.5341666666666667 0.39020771513353114 0.035 0.0830860534124629
0 0.49666666666666665 0.40059347181008903 0.035 0.08902077151335312
0 0.4675 0.41097922848664686 0.028333333333333332 0.0830860534124629
0 0.8664833333333333 0.4187833827893175 0.05068333333333337 0.09881305637982199
0 0.43583333333333335 0.4198813056379822 0.03666666666666667 0.0830860534124629
0 0.37583333333333335 0.4228486646884273 0.03 0.08605341246290801
0 0.8141666666666667 0.4228486646884273 0.05 0.10682492581602374
0 0.7641666666666667 0.4287833827893175 0.043333333333333335 0.10682492581602374
0 0.405 0.4317507418397626 0.028333333333333332 0.08902077151335312
0 0.3525 0.43471810089020774 0.021666666666666667 0.08605341246290801
0 0.72 0.4406528189910979 0.045 0.10089020771513353
0 0.325 0.44510385756676557 0.028333333333333332 0.0712166172106825
0 0.3016666666666667 0.45548961424332346 0.02 0.06824925816023739
0 0.6825 0.45548961424332346 0.03666666666666667 0.09198813056379822
0 0.6425 0.4629080118694362 0.041666666666666664 0.09792284866468842
0 0.2775 0.46439169139465875 0.025 0.0712166172106825
0 0.6016666666666667 0.46735905044510384 0.03333333333333333 0.09198813056379822
0 0.5666666666666667 0.4762611275964392 0.03166666666666667 0.09495548961424333
0 0.5325 0.4821958456973294 0.03333333333333333 0.09198813056379822
0 0.25416666666666665 0.4836795252225519 0.021666666666666667 0.07418397626112759
0 0.23166666666666666 0.486646884272997 0.02 0.0712166172106825
0 0.49833333333333335 0.49258160237388726 0.03333333333333333 0.08011869436201781
0 0.21 0.49554896142433236 0.02 0.06231454005934718
0 0.4658333333333333 0.4970326409495549 0.02666666666666667 0.09495548961424333
0 0.43583333333333335 0.5059347181008902 0.03166666666666667 0.0830860534124629
0 0.37083333333333335 0.5103857566765578 0.028333333333333332 0.0830860534124629
0 0.4025 0.5178041543026706 0.028333333333333332 0.08605341246290801
0 0.8716666666666667 0.5192878338278932 0.05 0.10682492581602374
0 0.3475 0.5207715133531158 0.016666666666666666 0.0830860534124629
0 0.77 0.5326409495548962 0.043333333333333335 0.10682492581602374
0 0.8183333333333334 0.5326409495548962 0.05 0.10682492581602374
0 0.3249 0.5417804154302671 0.024599999999999986 0.09023738872403568
0 0.7258333333333333 0.543026706231454 0.045 0.10385756676557864
0 0.29758333333333337 0.5445103857566765 0.022849999999999968 0.08786350148367957
0 0.27203333333333335 0.5511869436201781 0.02550000000000002 0.08866468842729969
0 0.685 0.5563798219584569 0.03666666666666667 0.09792284866468842
0 0.24833333333333332 0.5578635014836796 0.018333333333333333 0.0712166172106825
0 0.2275 0.5593471810089021 0.02 0.0712166172106825
0 0.18416666666666667 0.5608308605341247 0.02666666666666667 0.0771513353115727
0 0.6458333333333334 0.5623145400593472 0.04 0.09495548961424333
0 0.20666666666666667 0.5652818991097923 0.018333333333333333 0.06824925816023739
0 0.605 0.5652818991097923 0.04 0.10979228486646884
0 0.5658333333333333 0.5741839762611276 0.03333333333333333 0.09792284866468842
0 0.4975 0.5771513353115727 0.035 0.09495548961424333
0 0.5325 0.5786350148367952 0.03166666666666667 0.08902077151335312
0 0.4633333333333333 0.5890207715133531 0.03 0.0830860534124629
0 0.43166666666666664 0.5934718100890207 0.03166666666666667 0.08605341246290801
0 0.36916666666666664 0.5979228486646885 0.03 0.09198813056379822
0 0.39916666666666667 0.6008902077151336 0.03 0.0830860534124629
0 0.3441666666666667 0.6068249258160238 0.02 0.08605341246290801
0 0.019166666666666665 0.6201780415430267 0.03833333333333333 0.06528189910979229
0 0.32006666666666667 0.6261127596439169 0.025483333333333368 0.08943620178041539
0 0.29141666666666666 0.6296439169139466 0.029016666666666708 0.09023738872403568
0 0.2425 0.6335311572700296 0.021666666666666667 0.08011869436201781
0 0.2225 0.6350148367952523 0.018333333333333333 0.08011869436201781
0 0.2665166666666667 0.63513353115727 0.02330000000000003 0.08394658753709205
0 0.044199999999999996 0.636320474777448 0.026399999999999993 0.07219584569732933
0 0.20333333333333334 0.6379821958456974 0.018333333333333333 0.08011869436201781
0 0.18 0.6394658753709199 0.02666666666666667 0.0771513353115727
0 0.7708333333333334 0.6394658753709199 0.043333333333333335 0.10979228486646884
0 0.82 0.6394658753709199 0.04666666666666667 0.10089020771513353
0 0.06799999999999999 0.6402373887240356 0.025499999999999995 0.07845697329376854
0 0.8733333333333333 0.6409495548961425 0.058333333333333334 0.12462908011869436
0 0.09399999999999999 0.6465281899109793 0.03078333333333332 0.0659050445103857
0 0.7275 0.6498516320474778 0.045 0.10089020771513353
0 0.6866666666666666 0.6572700296735905 0.03666666666666667 0.09495548961424333
0 0.6458333333333334 0.6602373887240356 0.043333333333333335 0.09495548961424333
0 0.6033333333333334 0.6706231454005934 0.03833333333333333 0.09198813056379822
0 0.5658333333333333 0.672106824925816 0.035 0.09198813056379822
0 0.5283333333333333 0.6780415430267063 0.03333333333333333 0.09792284866468842
0 0.46166666666666667 0.6795252225519288 0.028333333333333332 0.09792284866468842
0 0.49083333333333334 0.6795252225519288 0.035 0.09792284866468842
0 0.42916666666666664 0.6839762611275965 0.03166666666666667 0.08902077151335312
0 0.39666666666666667 0.6869436201780416 0.03 0.08902077151335312
0 0.014400000000000001 0.6908308605341247 0.028800000000000003 0.058842729970326364
0 0.36583333333333334 0.6928783382789317 0.03 0.09198813056379822
0 0.03626666666666667 0.6932047477744807 0.02375 0.06513353115727
0 0.33916666666666667 0.6973293768545994 0.02 0.08605341246290801
0 0.31521666666666665 0.7041839762611276 0.025483333333333368 0.06667655786350156
0 0.06315 0.7041839762611276 0.02375 0.06356083086053417
0 0.09156666666666666 0.7061424332344214 0.02241666666666667 0.05649851632047484
0 0.2894333333333333 0.7065281899109792 0.028583333333333294 0.07454005934718103
0 0.263 0.708486646884273 0.025933333333333336 0.07219584569732933
0 0.23916666666666667 0.712166172106825 0.02 0.07418397626112759
0 0.21833333333333332 0.7136498516320475 0.018333333333333333 0.07418397626112759
0 0.19888333333333333 0.7167359050445103 0.02198333333333333 0.07611275964391685
0 0.17465 0.7181899109792285 0.02666666666666667 0.07418397626112759
0 0.011533333333333333 0.8199109792284867 0.023066666666666666 0.061186943620178055
0 0.07858333333333332 0.8214836795252225 0.02736666666666667 0.05807121661721083
0 0.03296666666666667 0.8218694362017805 0.02516666666666667 0.06198813056379818
0 0.0539 0.828545994065282 0.026483333333333334 0.05807121661721083
0 0.5191666666666667 0.857566765578635 0.028333333333333332 0.06824925816023739
0 0.4866666666666667 0.8605341246290801 0.035 0.06528189910979229
0 0.205 0.8679525222551929 0.02 0.0712166172106825
0 0.33166666666666667 0.8679525222551929 0.025 0.0712166172106825
0 0.3858333333333333 0.8679525222551929 0.028333333333333332 0.08605341246290801
0 0.22916666666666666 0.8694362017804155 0.023333333333333334 0.07418397626112759
0 0.35833333333333334 0.8694362017804155 0.02666666666666667 0.08011869436201781
0 0.1825 0.870919881305638 0.021666666666666667 0.0712166172106825
0 0.2725 0.870919881305638 0.025 0.07418397626112759
0 0.4525 0.870919881305638 0.03166666666666667 0.0830860534124629
0 0.6300833333333333 0.8716913946587537 0.03561666666666667 0.09100890207715122
0 0.5891666666666666 0.8724035608308606 0.03666666666666667 0.08902077151335312
0 0.16166666666666665 0.8724035608308606 0.021666666666666667 0.06231454005934718
0 0.6646666666666667 0.8732640949554896 0.038683333333333396 0.09258160237388738
0 0.4175 0.8738872403560831 0.03333333333333333 0.08605341246290801
0 0.7904666666666667 0.8740356083086054 0.03998333333333335 0.10041543026706241
0 0.7094 0.8771810089020772 0.052349999999999945 0.10041543026706241
0 0.75125 0.8779821958456974 0.04176666666666658 0.08632047477744817
0 0.027683333333333334 0.8810979228486647 0.026916666666666665 0.056498516320474666
0 0.009116666666666667 0.8822848664688426 0.018233333333333334 0.06041543026706236
0 0.05368333333333333 0.8877744807121662 0.023400000000000004 0.05258160237388732
0 0.07395 0.889347181008902 0.025166666666666657 0.05727002967359037
0 0.041666666666666664 0.9821958456973294 0.02666666666666667 0.02967359050445104
0 0.019366666666666664 0.985459940652819 0.021633333333333334 0.02905044510385746
0 0.065 0.983679525222552 0.02666666666666667 0.026706231454005934