0 0.9262 0.04080118694362018 0.06434999999999984 0.08160237388724036
0 0.13616666666666666 0.4026706231454006 0.05599999999999999 0.1417507418397626
0 0.615 0.4035608308605341 0.085 0.18397626112759644
0 0.12083333333333333 0.04302670623145401 0.055 0.08605341246290801
0 0.39166666666666666 0.4258160237388724 0.06333333333333334 0.1661721068249258
0 0.46166666666666667 0.42729970326409494 0.06166666666666667 0.16913946587537093
0 0.32666666666666666 0.443620178041543 0.065 0.142433234421365
0 0.8414666666666667 0.045103857566765576 0.0625666666666666 0.09020771513353115
0 0.06501666666666667 0.0456379821958457 0.052399999999999995 0.0912759643916914
0 0.5136833333333333 0.451513353115727 0.037833333333333406 0.10845697329376858
0 0.2576833333333334 0.4617210682492581 0.06501666666666665 0.1632047477744807
0 0.08008333333333333 0.4719287833827893 0.060833333333333336 0.1449554896142434
0 0.025833333333333333 0.47477744807121663 0.051666666666666666 0.14836795252225518
0 0.0167 0.049406528189910974 0.033383333333333334 0.09878338278931753
0 0.7492166666666666 0.050474777448071224 0.03846666666666673 0.10094955489614245
0 0.2905833333333333 0.051008902077151336 0.053633333333333345 0.10201780415430267
0 0.69735 0.05207715133531157 0.0662166666666667 0.10415430267062314
0 0.19376666666666667 0.5095252225519288 0.05900000000000001 0.1363798219584569
0 0.42025 0.05477744807121662 0.05721666666666664 0.10952522255192877
0 0.13436666666666666 0.5352818991097923 0.053583333333333344 0.13207715133531153
0 0.6283000000000001 0.05851632047477744 0.07044999999999997 0.11703264094955489
0 0.7075 0.5890207715133531 0.09 0.19287833827893175
0 0.48778333333333335 0.05958456973293768 0.06926666666666677 0.11916913946587536
0 0.5566666666666666 0.06083086053412463 0.06333333333333334 0.12166172106824925
0 0.6166666666666667 0.5934718100890207 0.085 0.19287833827893175
0 0.9808166666666667 0.6017507418397626 0.03834999999999999 0.236913946587537
0 0.5333333333333333 0.6023738872403561 0.06666666666666667 0.18100890207715134
0 0.32 0.6038575667655787 0.06 0.18100890207715134
0 0.39166666666666666 0.6038575667655787 0.065 0.18100890207715134
0 0.46 0.6053412462908012 0.07 0.17804154302670624
0 0.024316666666666667 0.6286943620178042 0.04818333333333334 0.15569732937685468
0 0.07708333333333334 0.6286943620178042 0.056016666666666666 0.1750148367952523
0 0.2567833333333333 0.6297626112759643 0.06683333333333337 0.1643026706231454
0 0.19015 0.6421364985163205 0.06383333333333335 0.12884272997032645
0 0.21459999999999999 0.06658753709198813 0.05726666666666669 0.1331454005934718
0 0.13015000000000002 0.6684272997032641 0.04996666666666666 0.1342136498516321
0 0.98455 0.780860534124629 0.024516666666666728 0.15919881305637976
0 0.31916666666666665 0.7863501483679525 0.06166666666666667 0.18100890207715134
0 0.39 0.7863501483679525 0.06666666666666667 0.17804154302670624
0 0.6183333333333333 0.787833827893175 0.08333333333333333 0.19881305637982197
0 0.18381666666666668 0.7892284866468844 0.07288333333333331 0.17611275964391698
0 0.015566666666666666 0.7892284866468844 0.0307 0.16964391691394656
0 0.46166666666666667 0.7893175074183977 0.07166666666666667 0.18397626112759644
0 0.5358333333333334 0.7893175074183977 0.07333333333333333 0.18100890207715134
0 0.7125 0.7908011869436202 0.08833333333333333 0.19584569732937684
0 0.06411666666666667 0.7919287833827893 0.06746666666666665 0.1643026706231454
0 0.2522666666666667 0.7951335311572699 0.0638166666666667 0.16643916913946596
0 0.12591666666666665 0.802106824925816 0.04635 0.15032640949554887
0 0.15818333333333331 0.12937685459940654 0.05660000000000001 0.12347181008902076
0 0.11446666666666667 0.13691394658753708 0.04756666666666665 0.09985163204747777
0 0.0629 0.14121661721068252 0.05541666666666667 0.10201780415430266
0 0.0167 0.14175074183976263 0.033383333333333334 0.10738872403560833
0 0.7531333333333333 0.153026706231454 0.04026666666666661 0.1213353115727003
0 0.9268000000000001 0.15623145400593472 0.06676666666666657 0.09557863501483678
0 0.69735 0.15676557863501484 0.0686166666666666 0.11596439169139468
0 0.6264833333333333 0.16160237388724036 0.07165000000000002 0.11919881305637983
0 0.8514333333333334 0.16430267062314538 0.04868333333333339 0.10094955489614242
0 0.3469666666666667 0.17394658753709197 0.0650666666666667 0.15032640949554893
0 0.28878333333333334 0.1750148367952522 0.05 0.15462908011869436
0 0.41631666666666667 0.17718100890207716 0.0650666666666667 0.1395845697329377
0 0.4883833333333333 0.18362017804154304 0.06443333333333329 0.13744807121661723
0 0.5574333333333333 0.18468842729970328 0.06745000000000005 0.1395845697329377
0 0.21608333333333335 0.19329376854599406 0.05658333333333331 0.14602373887240358
0 0.15908333333333333 0.21905044510385754 0.051166666666666645 0.08590504451038575
0 0.0614 0.2287240356083086 0.05843333333333334 0.08804154302670622
0 0.012466666666666668 0.2313946587537092 0.024933333333333335 0.08483679525222552
0 0.11055 0.23246290801186945 0.03731666666666668 0.07623145400593472