0 0.51195 0.03317777777777778 0.11241666666666675 0.06635555555555556
0 0.6153666666666667 0.043066666666666656 0.10290000000000002 0.08611111111111111
0 0.25666666666666665 0.46 0.17833333333333334 0.3466666666666667
0 0.4241666666666667 0.47444444444444445 0.15166666666666667 0.3111111111111111
0 0.5766666666666667 0.48444444444444446 0.14833333333333334 0.2911111111111111
0 0.7058333333333333 0.051111111111111114 0.085 0.10222222222222223
0 0.725 0.7722222222222223 0.12666666666666668 0.29777777777777775
0 0.5933333333333334 0.7922222222222223 0.15333333333333332 0.32222222222222224
0 0.435 0.8055555555555556 0.165 0.3466666666666667
0 0.25583333333333336 0.8166666666666667 0.19 0.3622222222222222
0 0.05956666666666666 0.09028888888888888 0.11911666666666666 0.18055555555555555
0 0.20603333333333335 0.10417777777777777 0.1425666666666667 0.20833333333333334
0 0.33986666666666665 0.11457777777777778 0.1123333333333334 0.2264
0 0.4185166666666667 0.1361111111111111 0.057116666666666635 0.20277777777777778
0 0.5091333333333333 0.15 0.11958333333333333 0.21666666666666667
0 0.61745 0.17917777777777777 0.09456666666666669 0.19444444444444445
0 0.719 0.19097777777777777 0.09768333333333336 0.1875111111111111