0 0.3258333333333333 0.22333333333333333 0.06166666666666667 0.08222222222222222
0 0.38416666666666666 0.23444444444444446 0.051666666666666666 0.07555555555555556
0 0.43666666666666665 0.24666666666666667 0.05 0.07111111111111111
0 0.48583333333333334 0.25333333333333335 0.043333333333333335 0.06888888888888889
0 0.5325 0.25555555555555554 0.04666666666666667 0.06666666666666667
0 0.5791666666666667 0.27 0.045 0.06444444444444444
0 0.625 0.27111111111111114 0.045 0.06222222222222222
0 0.13583333333333333 0.27111111111111114 0.06166666666666667 0.09555555555555556
0 0.6683333333333333 0.28 0.04 0.06444444444444444
0 0.20333333333333334 0.2811111111111111 0.06 0.08666666666666667
0 0.7108333333333333 0.2833333333333333 0.043333333333333335 0.06444444444444444
0 0.2683333333333333 0.29333333333333333 0.058333333333333334 0.08444444444444445
0 0.7516666666666667 0.29777777777777775 0.03333333333333333 0.07111111111111111
0 0.7891666666666667 0.30333333333333334 0.04 0.07111111111111111
0 0.3275 0.30444444444444446 0.056666666666666664 0.08
0 0.38416666666666666 0.31333333333333335 0.05333333333333334 0.08
0 0.4375 0.3188888888888889 0.05 0.07555555555555556
0 0.04121666666666667 0.3227777777777778 0.053283333333333335 0.0525333333333333
0 0.4875 0.32666666666666666 0.05 0.07111111111111111
0 0.5358333333333334 0.3322222222222222 0.04833333333333333 0.08
0 0.5858333333333333 0.34 0.04666666666666667 0.07111111111111111
0 0.6333333333333333 0.3422222222222222 0.043333333333333335 0.08
0 0.6758333333333333 0.3511111111111111 0.04 0.07333333333333333
0 0.7208333333333333 0.35555555555555557 0.04666666666666667 0.07333333333333333
0 0.7616666666666667 0.36444444444444446 0.03333333333333333 0.06888888888888889
0 0.7966666666666666 0.37 0.04 0.06666666666666667
0 0.8366666666666667 0.37666666666666665 0.041666666666666664 0.06888888888888889
0 0.035583333333333335 0.3884444444444445 0.05891666666666668 0.10884444444444448
0 0.03136666666666667 0.4822666666666667 0.0561 0.09757777777777783
0 0.23083333333333333 0.5533333333333333 0.05333333333333334 0.10444444444444445
0 0.11228333333333335 0.5535777777777778 0.054666666666666676 0.09382222222222228
0 0.285 0.5544444444444444 0.04666666666666667 0.09555555555555556
0 0.17083333333333334 0.5555555555555556 0.058333333333333334 0.10666666666666667
0 0.3383333333333333 0.5577777777777778 0.04666666666666667 0.09555555555555556
0 0.3875 0.56 0.04833333333333333 0.09333333333333334
0 0.5091666666666667 0.5633333333333334 0.03333333333333333 0.08888888888888889
0 0.44 0.5644444444444444 0.04833333333333333 0.08888888888888889
0 0.5466666666666666 0.5655555555555556 0.04 0.08444444444444445
0 0.6283333333333333 0.5677777777777778 0.03833333333333333 0.08444444444444445
0 0.7966666666666666 0.5677777777777778 0.025 0.06888888888888889
0 0.5883333333333334 0.57 0.041666666666666664 0.08444444444444445
0 0.6666666666666666 0.5711111111111111 0.03333333333333333 0.08222222222222222
0 0.7466666666666667 0.5711111111111111 0.03166666666666667 0.07555555555555556
0 0.8208333333333333 0.5711111111111111 0.028333333333333332 0.06666666666666667
0 0.7066666666666667 0.5722222222222222 0.04666666666666667 0.07777777777777778
0 0.8525 0.5722222222222222 0.03166666666666667 0.07111111111111111
0 0.9141666666666667 0.5733333333333334 0.03333333333333333 0.06888888888888889
0 0.8825 0.5744444444444444 0.03166666666666667 0.07333333333333333
0 0.023383333333333332 0.6183333333333333 0.04675 0.11071111111111116
0 0.8291666666666667 0.6455555555555555 0.03 0.08222222222222222
0 0.805 0.6466666666666666 0.025 0.08444444444444445
0 0.8591666666666666 0.6466666666666666 0.03333333333333333 0.07111111111111111
0 0.9233333333333333 0.6466666666666666 0.03833333333333333 0.07555555555555556
0 0.8925 0.6477777777777778 0.03166666666666667 0.07555555555555556
0 0.7566666666666667 0.6488888888888888 0.03333333333333333 0.07777777777777778
0 0.6358333333333334 0.6511111111111111 0.03833333333333333 0.08222222222222222
0 0.5125 0.6522222222222223 0.025 0.09111111111111111
0 0.55 0.6522222222222223 0.045 0.08888888888888889
0 0.6741666666666667 0.6522222222222223 0.03666666666666667 0.08
0 0.7158333333333333 0.6522222222222223 0.04666666666666667 0.07333333333333333
0 0.5941666666666666 0.6533333333333333 0.041666666666666664 0.08444444444444445
0 0.39 0.6544444444444445 0.05 0.09333333333333334
0 0.44166666666666665 0.6555555555555556 0.04833333333333333 0.08888888888888889
0 0.10666666666666667 0.6555555555555556 0.056666666666666664 0.10888888888888888
0 0.22833333333333333 0.6566666666666666 0.055 0.1
0 0.2833333333333333 0.6566666666666666 0.05 0.10444444444444445
0 0.3383333333333333 0.6566666666666666 0.05 0.09777777777777778
0 0.16583333333333333 0.6577777777777778 0.056666666666666664 0.10444444444444445
0 0.020116666666666668 0.7177777777777777 0.03640000000000001 0.09946666666666665
0 0.8716666666666667 0.7211111111111111 0.035 0.07333333333333333
0 0.9333333333333333 0.7222222222222222 0.03333333333333333 0.07111111111111111
0 0.9008333333333334 0.7233333333333334 0.03333333333333333 0.07333333333333333
0 0.8383333333333334 0.7255555555555555 0.03333333333333333 0.08222222222222222
0 0.8125 0.7277777777777777 0.025 0.07777777777777778
0 0.7633333333333333 0.7288888888888889 0.03166666666666667 0.08888888888888889
0 0.7266666666666667 0.7311111111111112 0.043333333333333335 0.08222222222222222
0 0.6833333333333333 0.7366666666666667 0.04 0.08666666666666667
0 0.6416666666666667 0.7388888888888889 0.041666666666666664 0.08888888888888889
0 0.5991666666666666 0.7411111111111112 0.041666666666666664 0.08666666666666667
0 0.5566666666666666 0.7433333333333333 0.043333333333333335 0.08444444444444445
0 0.5158333333333334 0.7444444444444445 0.03333333333333333 0.09333333333333334
0 0.445 0.75 0.055 0.09777777777777778
0 0.39166666666666666 0.7522222222222222 0.051666666666666666 0.1
0 0.3383333333333333 0.7555555555555555 0.05333333333333334 0.09555555555555556
0 0.285 0.7611111111111111 0.051666666666666666 0.1
0 0.22583333333333333 0.7644444444444445 0.055 0.10666666666666667
0 0.16416666666666666 0.7677777777777778 0.056666666666666664 0.10888888888888888
0 0.10083333333333333 0.7688888888888888 0.058333333333333334 0.1111111111111111
0 0.9480666666666667 0.8357555555555555 0.03125 0.07415555555555557
0 0.9216666666666666 0.8366666666666667 0.035 0.07777777777777778
0 0.8833333333333333 0.8388888888888889 0.03833333333333333 0.08444444444444445
0 0.8541666666666666 0.8444444444444444 0.028333333333333332 0.08222222222222222
0 0.8266666666666667 0.8455555555555555 0.03333333333333333 0.08666666666666667
0 0.7716666666666666 0.8522222222222222 0.04 0.08222222222222222
0 0.7308333333333333 0.8566666666666667 0.041666666666666664 0.08444444444444445
0 0.6925 0.8611111111111112 0.03666666666666667 0.08444444444444445
0 0.6525 0.8711111111111111 0.043333333333333335 0.09333333333333334
0 0.61 0.8733333333333333 0.045 0.09333333333333334
0 0.5666666666666667 0.8822222222222222 0.043333333333333335 0.09333333333333334
0 0.525 0.8833333333333333 0.03833333333333333 0.09333333333333334
0 0.9583333333333334 0.9122222222222223 0.03 0.07777777777777778
0 0.9266666666666666 0.9155555555555556 0.03833333333333333 0.08222222222222222
0 0.8941666666666667 0.9222222222222223 0.03833333333333333 0.08
0 0.8633333333333333 0.9311111111111111 0.03166666666666667 0.08222222222222222
0 0.8341666666666666 0.9333333333333333 0.03 0.09333333333333334
0 0.78 0.9411111111111111 0.043333333333333335 0.09333333333333334
0 0.7408333333333333 0.9444444444444444 0.045 0.08666666666666667
0 0.7008333333333333 0.9511111111111111 0.045 0.09333333333333334
0 0.6141666666666666 0.9577777777777777 0.045 0.07333333333333333
0 0.6608333333333334 0.9588888888888889 0.045 0.08
0 0.57 0.9644444444444444 0.045 0.06888888888888889
0 0.5291666666666667 0.9644444444444444 0.03833333333333333 0.06666666666666667
0 0.9633333333333334 0.9744444444444444 0.03333333333333333 0.04666666666666667
0 0.9333333333333333 0.9777777777777777 0.03666666666666667 0.04
0 0.9016666666666666 0.98 0.03833333333333333 0.035555555555555556
0 0.13916666666666666 0.18333333333333332 0.06 0.08444444444444445
0 0.20333333333333334 0.19555555555555557 0.058333333333333334 0.08
0 0.265 0.2111111111111111 0.058333333333333334 0.08222222222222222