0 0.3407833333333333 0.2316222222222222 0.053899999999999955 0.11624444444444441
0 0.505 0.23666666666666666 0.05 0.08444444444444445
0 0.39185000000000003 0.24246666666666666 0.05453333333333338 0.10148888888888886
0 0.5566666666666666 0.24666666666666667 0.055 0.08222222222222222
0 0.07859999999999999 0.2515777777777778 0.06435 0.08155555555555559
0 0.6491666666666667 0.26555555555555554 0.06166666666666667 0.08666666666666667
0 0.15375 0.2684888888888889 0.0663 0.08066666666666669
0 0.69 0.27666666666666667 0.035 0.07555555555555556
0 0.21814999999999998 0.2823777777777778 0.061083333333333316 0.07546666666666665
0 0.7333333333333333 0.2866666666666667 0.05 0.08
0 0.7791666666666667 0.29333333333333333 0.04666666666666667 0.07333333333333333
0 0.28125 0.2992888888888889 0.06366666666666665 0.07459999999999999
0 0.3407833333333333 0.3084 0.0526 0.06333333333333334
0 0.4791666666666667 0.31333333333333335 0.03333333333333333 0.09333333333333334
0 0.5166666666666667 0.3244444444444444 0.04666666666666667 0.08888888888888889
0 0.3980333333333333 0.3257555555555556 0.051283333333333306 0.05986666666666666
0 0.5666666666666667 0.33111111111111113 0.04833333333333333 0.08888888888888889
0 0.615 0.34444444444444444 0.04666666666666667 0.08222222222222222
0 0.66 0.3522222222222222 0.055 0.08666666666666667
0 0.7033333333333334 0.35777777777777775 0.03333333333333333 0.08444444444444445
0 0.7441666666666666 0.3688888888888889 0.05 0.07777777777777778
0 0.79 0.37222222222222223 0.051666666666666666 0.08444444444444445
0 0.024166666666666666 0.38951111111111114 0.04833333333333333 0.1006222222222223
0 0.8703166666666667 0.3940444444444444 0.0377333333333334 0.07786666666666671
0 0.9005 0.40155555555555555 0.04263333333333321 0.07542222222222222
0 0.16058333333333333 0.40511111111111114 0.05523333333333331 0.07459999999999999
0 0.22986666666666664 0.40597777777777777 0.051966666666666675 0.0867555555555556
0 0.9264166666666667 0.4078888888888889 0.03169999999999997 0.061488888888888926
0 0.28386666666666666 0.4116222222222222 0.049350000000000026 0.08588888888888883
0 0.9544666666666666 0.4126444444444444 0.03263333333333321 0.06720000000000002
0 0.3307 0.4176888888888889 0.048049999999999975 0.08066666666666669
0 0.3804666666666667 0.4224666666666667 0.046083333333333296 0.0867555555555556
0 0.4791666666666667 0.42333333333333334 0.03 0.08888888888888889
0 0.6708333333333333 0.44555555555555554 0.045 0.07777777777777778
0 0.6216666666666667 0.44666666666666666 0.055 0.08888888888888889
0 0.42373333333333335 0.44806666666666667 0.038916666666666704 0.08935555555555551
0 0.5723166666666667 0.45 0.041666666666666664 0.07777777777777778
0 0.7175 0.4588888888888889 0.04 0.07555555555555556
0 0.7541666666666667 0.4622222222222222 0.04 0.08666666666666667
0 0.7933333333333333 0.4688888888888889 0.04666666666666667 0.07777777777777778
0 0.024833333333333332 0.49491111111111113 0.049666666666666665 0.09975555555555553
0 0.16285 0.5022888888888889 0.06760000000000001 0.10408888888888883
0 0.2344166666666667 0.505311111111111 0.07018333333333336 0.11017777777777774
0 0.36191666666666666 0.5109555555555556 0.0727666666666667 0.10584444444444444
0 0.2959 0.5113777777777778 0.05781666666666666 0.10148888888888892
0 0.4875 0.5188888888888888 0.025 0.10444444444444445
0 0.5241666666666667 0.5277777777777778 0.045 0.09555555555555556
0 0.4208 0.5304666666666668 0.04606666666666669 0.0858888888888889
0 0.5775 0.5344444444444445 0.05333333333333334 0.08888888888888889
0 0.6316666666666667 0.5355555555555556 0.055 0.09111111111111111
0 0.6866666666666666 0.5388888888888889 0.051666666666666666 0.09111111111111111
0 0.7325 0.5433333333333333 0.04 0.09111111111111111
0 0.7633333333333333 0.5466666666666666 0.04666666666666667 0.08222222222222222
0 0.8066666666666666 0.5533333333333333 0.04666666666666667 0.08444444444444445
0 0.8472666666666667 0.5581333333333333 0.04360000000000004 0.08051111111111109
0 0.9014666666666666 0.5587555555555556 0.035983333333333194 0.08811111111111106
0 0.9311666666666667 0.5635111111111112 0.03549999999999993 0.08113333333333338
0 0.9596833333333332 0.5654222222222223 0.04120000000000004 0.07479999999999994
0 0.06755 0.6592888888888889 0.05265 0.09542222222222209
0 0.41786666666666666 0.6606 0.04281666666666666 0.08066666666666657
0 0.77905 0.6712666666666667 0.04408333333333341 0.09
0 0.8123333333333332 0.6836222222222222 0.032666666666666705 0.06275555555555558
0 0.9432833333333334 0.7428888888888889 0.04928333333333323 0.09
0 0.9746666666666666 0.7438444444444445 0.041666666666666664 0.08431111111111123
0 0.3551 0.7451777777777777 0.0786166666666667 0.1474666666666667
0 0.42308333333333326 0.7516888888888889 0.061033333333333294 0.11884444444444449
0 0.7474500000000001 0.7524 0.041716666666666624 0.07226666666666663
0 0.06461666666666667 0.7577555555555556 0.06631666666666668 0.11364444444444441
0 0.14106666666666667 0.7620888888888889 0.07344999999999999 0.11364444444444441
0 0.2162 0.7638222222222223 0.07538333333333334 0.13793333333333344
0 0.8322666666666667 0.8215111111111111 0.14163333333333336 0.23422222222222217
0 0.5656166666666667 0.8812888888888889 0.1200333333333333 0.08233333333333323
0 0.38761666666666666 0.9286444444444444 0.059099999999999965 0.09975555555555553
0 0.33395 0.9295111111111111 0.049350000000000026 0.10671111111111108
0 0.2663 0.9394888888888888 0.061066666666666644 0.10931111111111123
0 0.18465 0.9412222222222223 0.05783333333333336 0.10584444444444444
0 0.10398333333333333 0.9476222222222223 0.05655000000000001 0.10473333333333332
0 0.8591666666666666 0.9677777777777777 0.11833333333333333 0.06
0 0.08251666666666667 0.1761111111111111 0.06826666666666666 0.11104444444444445
0 0.15276666666666666 0.18433333333333335 0.06824999999999998 0.11711111111111114
0 0.21848333333333333 0.20255555555555557 0.06303333333333332 0.11017777777777774
0 0.2819 0.21686666666666668 0.06366666666666665 0.1040888888888889