0 0.12266666666666666 0.22166666666666668 0.20533333333333334 0.17666666666666667
0 0.11466666666666667 0.385 0.21333333333333335 0.16166666666666665
0 0.10666666666666667 0.5466666666666666 0.208 0.15666666666666668
0 0.12533333333333332 0.7116666666666667 0.13066666666666665 0.16666666666666666
0 0.31333333333333335 0.145 0.144 0.14
0 0.30533333333333335 0.285 0.14933333333333335 0.135
0 0.30133333333333334 0.4191666666666667 0.14133333333333334 0.12833333333333333
0 0.29333333333333333 0.5525 0.14666666666666667 0.14
0 0.288 0.6941666666666667 0.14666666666666667 0.13833333333333334
0 0.46266666666666667 0.1675 0.128 0.13833333333333334
0 0.4533333333333333 0.30083333333333334 0.13066666666666665 0.12833333333333333
0 0.44666666666666666 0.42916666666666664 0.128 0.12833333333333333
0 0.44 0.555 0.136 0.12833333333333333
0 0.436 0.6883333333333334 0.14133333333333334 0.13833333333333334
0 0.5826666666666667 0.31333333333333335 0.10666666666666667 0.125
0 0.572 0.43416666666666665 0.10933333333333334 0.12166666666666667
0 0.568 0.5566666666666666 0.104 0.12166666666666667
0 0.5666666666666667 0.68 0.10133333333333333 0.12833333333333333
0 0.6786666666666666 0.6758333333333333 0.10133333333333333 0.12166666666666667
0 0.6853333333333333 0.5575 0.10133333333333333 0.115
0 0.6893333333333334 0.4425 0.10666666666666667 0.11666666666666667
0 0.692 0.32666666666666666 0.104 0.11666666666666667
0 0.68 0.23416666666666666 0.11466666666666667 0.06666666666666667
0 0.792 0.32166666666666666 0.096 0.12
0 0.7906666666666666 0.44083333333333335 0.09333333333333334 0.115
0 0.7866666666666666 0.5525 0.088 0.11
0 0.784 0.67 0.09333333333333334 0.11833333333333333
0 0.856 0.24666666666666667 0.11466666666666667 0.10333333333333333
0 0.8773333333333333 0.35083333333333333 0.07466666666666667 0.105
0 0.8746666666666667 0.455 0.072 0.09833333333333333
0 0.8746666666666667 0.5558333333333333 0.07733333333333334 0.10333333333333333
0 0.868 0.6633333333333333 0.072 0.10333333333333333
0 0.956 0.3575 0.08266666666666667 0.10833333333333334
0 0.9573333333333334 0.46 0.08266666666666667 0.10166666666666667
0 0.9506666666666667 0.5608333333333333 0.07466666666666667 0.095
0 0.9453333333333334 0.66 0.07466666666666667 0.1