0 0.8893000000000001 0.40695555555555557 0.12576666666666672 0.1388888888888889
0 0.9716666666666667 0.4211111111111111 0.05333333333333334 0.2288888888888889
0 0.69 0.48444444444444446 0.10166666666666667 0.1711111111111111
0 0.795 0.5044444444444445 0.105 0.1511111111111111
0 0.5825 0.51 0.095 0.1711111111111111
0 0.9064833333333333 0.5444444444444444 0.12679999999999997 0.14166666666666666
0 0.4816666666666667 0.5488888888888889 0.09333333333333334 0.1622222222222222
0 0.3883166666666667 0.6125111111111111 0.08870000000000004 0.1361111111111111
0 0.26125 0.625 0.11366666666666665 0.17222222222222222
0 0.19093333333333334 0.6479111111111111 0.08761666666666666 0.1597333333333333
0 0.30811666666666665 0.6520888888888888 0.0886833333333333 0.12639999999999998
0 0.9189833333333333 0.6548666666666667 0.1351333333333333 0.12639999999999998
0 0.8041666666666667 0.6588888888888889 0.11166666666666666 0.1511111111111111
0 0.12585000000000002 0.6638888888888889 0.0949 0.15833333333333333
0 0.69 0.6644444444444444 0.11333333333333333 0.18
0 0.0696 0.6812444444444444 0.08446666666666665 0.13195555555555555
0 0.5775 0.6844444444444444 0.10166666666666667 0.18
0 0.02675 0.6951333333333334 0.0535 0.12084444444444443
0 0.46166666666666667 0.7177777777777777 0.12166666666666667 0.18
0 0.36228333333333335 0.7555555555555555 0.09911666666666671 0.1638888888888889
0 0.27791666666666665 0.7805555555555556 0.08451666666666663 0.13055555555555556
0 0.21385 0.7888888888888889 0.09595 0.14444444444444443
0 0.14928333333333332 0.7993111111111111 0.09386666666666665 0.14028888888888888
0 0.08158333333333334 0.8062444444444444 0.09801666666666667 0.14584444444444444
0 0.03351666666666667 0.8201333333333334 0.06703333333333333 0.12917777777777778
0 0.7325 0.8966666666666666 0.15166666666666667 0.20222222222222222
0 0.5784 0.9062444444444444 0.13560000000000003 0.18473333333333333
0 0.4533333333333333 0.9177777777777778 0.13 0.16
0 0.12 0.9577777777777777 0.12333333333333334 0.08
0 0.035833333333333335 0.9655555555555555 0.07166666666666667 0.06444444444444444