0 0.72 0.2311111111111111 0.10666666666666667 0.18222222222222223
0 0.6158333333333333 0.24888888888888888 0.09166666666666666 0.17777777777777778
0 0.515 0.26555555555555554 0.09666666666666666 0.19333333333333333
0 0.4033333333333333 0.2733333333333333 0.09333333333333334 0.19333333333333333
0 0.2891666666666667 0.2788888888888889 0.11833333333333333 0.2111111111111111
0 0.14583333333333334 0.33111111111111113 0.14 0.19777777777777777
0 0.03833333333333333 0.33666666666666667 0.07666666666666666 0.23777777777777778
0 0.9591666666666666 0.36333333333333334 0.07833333333333334 0.13555555555555557
0 0.8883333333333333 0.36666666666666664 0.09833333333333333 0.17777777777777778
0 0.7916666666666666 0.38 0.09166666666666666 0.1711111111111111
0 0.6975 0.4066666666666667 0.08833333333333333 0.16
0 0.6041666666666666 0.4211111111111111 0.09166666666666666 0.1622222222222222
0 0.96 0.04555555555555556 0.07666666666666666 0.09111111111111111
0 0.88045 0.046533333333333336 0.08931666666666663 0.09306666666666667
0 0.5091666666666667 0.4444444444444444 0.08666666666666667 0.1622222222222222
0 0.405 0.4533333333333333 0.09666666666666666 0.1711111111111111
0 0.3016666666666667 0.47888888888888886 0.105 0.18444444444444444
0 0.78775 0.04931111111111111 0.09766666666666671 0.09862222222222222
0 0.17166666666666666 0.5211111111111111 0.13333333333333333 0.17777777777777778
0 0.0525 0.5455555555555556 0.10166666666666667 0.18666666666666668
0 0.69 0.056666666666666664 0.10666666666666667 0.11333333333333333
0 0.5883333333333334 0.06222222222222222 0.10333333333333333 0.12444444444444444
0 0.4725 0.06222222222222222 0.10833333333333334 0.12444444444444444
0 0.36333333333333334 0.06888888888888889 0.09333333333333334 0.12444444444444444
0 0.05591666666666666 0.7632 0.11183333333333333 0.2902888888888889
0 0.25666666666666665 0.07777777777777778 0.11 0.14
0 0.08195000000000001 0.9090222222222222 0.16390000000000002 0.18193333333333334
0 0.9241666666666667 0.20555555555555555 0.10833333333333334 0.13333333333333333
0 0.9758333333333333 0.20777777777777778 0.045 0.1711111111111111
0 0.8158333333333333 0.21555555555555556 0.11166666666666666 0.19777777777777777