0 0.23333333333333334 0.18916666666666668 0.1111111111111111 0.11666666666666667
0 0.3288888888888889 0.20583333333333334 0.08444444444444445 0.10333333333333333
0 0.41444444444444445 0.22166666666666668 0.08 0.10166666666666667
0 0.4911111111111111 0.235 0.06888888888888889 0.1
0 0.5655555555555556 0.23916666666666667 0.06666666666666667 0.09166666666666666
0 0.6311111111111111 0.25 0.05555555555555555 0.07666666666666666
0 0.69 0.25 0.06444444444444444 0.08166666666666667
0 0.23444444444444446 0.2975 0.09777777777777778 0.105
0 0.1688888888888889 0.3025 0.03333333333333333 0.095
0 0.3277777777777778 0.3075 0.08222222222222222 0.1
0 0.4088888888888889 0.32 0.07777777777777778 0.09333333333333334
0 0.48333333333333334 0.3258333333333333 0.07111111111111111 0.09666666666666666
0 0.6877777777777778 0.3333333333333333 0.06444444444444444 0.09
0 0.5588888888888889 0.33416666666666667 0.07111111111111111 0.09166666666666666
0 0.6244444444444445 0.335 0.051111111111111114 0.08666666666666667
0 0.22666666666666666 0.405 0.10222222222222223 0.105
0 0.3188888888888889 0.41 0.08 0.10333333333333333
0 0.4811111111111111 0.4141666666666667 0.07555555555555556 0.09166666666666666
0 0.4033333333333333 0.41583333333333333 0.07777777777777778 0.095
0 0.6833333333333333 0.4191666666666667 0.06888888888888889 0.08333333333333333
0 0.5544444444444444 0.42 0.07333333333333333 0.08333333333333333
0 0.6211111111111111 0.4216666666666667 0.051111111111111114 0.08
0 0.9822222222222222 0.43333333333333335 0.03111111111111111 0.03333333333333333
0 0.9050222222222222 0.4570333333333334 0.058333333333333334 0.046049999999999994
0 0.9490888888888889 0.47248333333333337 0.04244444444444449 0.047683333333333355
0 0.9822222222222222 0.4766666666666667 0.03111111111111111 0.05333333333333334
0 0.9082888888888889 0.5171833333333333 0.05182222222222233 0.07531666666666657
0 0.9844888888888889 0.5264 0.029422222222222242 0.05038333333333336
0 0.9523555555555555 0.5266666666666666 0.03593333333333324 0.04660000000000006
0 0.6211111111111111 0.5333333333333333 0.06 0.08333333333333333
0 0.6866666666666666 0.5333333333333333 0.06666666666666667 0.08333333333333333
0 0.5555555555555556 0.535 0.06666666666666667 0.085
0 0.4866666666666667 0.5383333333333333 0.06888888888888889 0.08833333333333333
0 0.4066666666666667 0.54 0.08 0.09666666666666666
0 0.3277777777777778 0.5441666666666667 0.07777777777777778 0.09666666666666666
0 0.23444444444444446 0.55 0.09555555555555556 0.115
0 0.9566888888888889 0.5976499999999999 0.04460000000000011 0.04876666666666665
0 0.6155555555555555 0.6141666666666666 0.05555555555555555 0.07833333333333334
0 0.68 0.6141666666666666 0.06666666666666667 0.07333333333333333
0 0.5488888888888889 0.6216666666666667 0.06444444444444444 0.085
0 0.9162222222222223 0.6315166666666667 0.046044444444444506 0.07423333333333328
0 0.48 0.6316666666666667 0.06444444444444444 0.08666666666666667
0 0.4011111111111111 0.6366666666666667 0.07777777777777778 0.095
0 0.3211111111111111 0.6416666666666667 0.06888888888888889 0.09666666666666666
0 0.9552444444444445 0.6472166666666667 0.03160000000000006 0.05146666666666666
0 0.2288888888888889 0.6566666666666666 0.10222222222222223 0.11
0 0.6722222222222223 0.6908333333333333 0.06666666666666667 0.07666666666666666
0 0.6111111111111112 0.6925 0.04888888888888889 0.08
0 0.9512666666666667 0.6978833333333334 0.03808888888888886 0.05093333333333324
0 0.9126222222222222 0.7019500000000001 0.04026666666666668 0.06015000000000005
0 0.5488888888888889 0.7066666666666667 0.06666666666666667 0.08
0 0.47444444444444445 0.7158333333333333 0.06 0.085
0 0.3977777777777778 0.7275 0.07777777777777778 0.085
0 0.31777777777777777 0.735 0.07333333333333333 0.09166666666666666
0 0.22555555555555556 0.7583333333333333 0.09555555555555556 0.11
0 0.23444444444444446 0.07666666666666666 0.10444444444444445 0.12
0 0.6666666666666666 0.7666666666666667 0.06444444444444444 0.07666666666666666
0 0.6077777777777778 0.7716666666666666 0.051111111111111114 0.075
0 0.5377777777777778 0.7866666666666666 0.06444444444444444 0.08333333333333333
0 0.4688888888888889 0.8016666666666666 0.06888888888888889 0.08
0 0.39111111111111113 0.815 0.07555555555555556 0.08833333333333333
0 0.3111111111111111 0.8275 0.07333333333333333 0.09333333333333334
0 0.05555555555555555 0.8341666666666666 0.04666666666666667 0.09666666666666666
0 0.11244444444444443 0.8449333333333334 0.07402222222222221 0.11836666666666673
0 0.6655555555555556 0.845 0.06666666666666667 0.07333333333333333
0 0.6022222222222222 0.8491666666666666 0.05555555555555555 0.08
0 0.22444444444444445 0.8633333333333333 0.09111111111111111 0.11166666666666666
0 0.5388888888888889 0.87 0.06666666666666667 0.08
0 0.46555555555555556 0.8825 0.06888888888888889 0.08666666666666667
0 0.3888888888888889 0.9041666666666667 0.07555555555555556 0.08333333333333333
0 0.30666666666666664 0.92 0.07555555555555556 0.09666666666666666
0 0.05 0.9308333333333333 0.03777777777777778 0.09
0 0.09 0.94 0.03333333333333333 0.08
0 0.14333333333333334 0.945 0.08222222222222222 0.10666666666666667
0 0.22666666666666666 0.9483333333333334 0.08444444444444445 0.1
0 0.6177777777777778 0.9616666666666667 0.07111111111111111 0.07333333333333333
0 0.5455555555555556 0.9691666666666666 0.07777777777777778 0.058333333333333334
0 0.33 0.09916666666666667 0.08888888888888889 0.105
0 0.4177777777777778 0.11916666666666667 0.08 0.105
0 0.4988888888888889 0.1375 0.06666666666666667 0.10166666666666667
0 0.5722222222222222 0.14666666666666667 0.07111111111111111 0.09
0 0.6911111111111111 0.16083333333333333 0.07111111111111111 0.09333333333333334