0 0.19413333333333335 0.499406528189911 0.060000000000000026 0.1451038575667655
0 0.2491833333333333 0.5015430267062315 0.05665000000000001 0.1391691394658753
0 0.4816666666666667 0.5059347181008902 0.045 0.10682492581602374
0 0.31233333333333335 0.5070623145400593 0.06475000000000004 0.1332344213649851
0 0.4325 0.5089020771513353 0.05 0.11869436201780416
0 0.06566666666666666 0.5100296735905044 0.0614 0.09166172106824921
0 0.3797666666666667 0.5155489614243324 0.05376666666666665 0.12643916913946593
0 0.5291666666666667 0.516320474777448 0.04666666666666667 0.12759643916913946
0 0.5691666666666667 0.526706231454006 0.028333333333333332 0.09495548961424333
0 0.18675 0.6156676557863501 0.06525000000000002 0.1162611275964392
0 0.24608333333333335 0.6161127596439169 0.0561833333333333 0.10863501483679529
0 0.3047166666666667 0.6186646884272997 0.06380000000000005 0.10353115727002964
0 0.48083333333333333 0.6216617210682492 0.04833333333333333 0.11572700296735905
0 0.43416666666666665 0.6246290801186943 0.05333333333333334 0.10682492581602374
0 0.5316666666666666 0.6275964391691394 0.04833333333333333 0.09495548961424333
0 0.3807333333333333 0.6305341246290801 0.04995000000000004 0.10691394658753701
0 0.585 0.6305637982195845 0.051666666666666666 0.10682492581602374
0 0.9402166666666667 0.8249851632047477 0.11955000000000003 0.35000000000000003
0 0.8308333333333333 0.8397626112759644 0.12833333333333333 0.314540059347181
0 0.7375 0.8620178041543026 0.06833333333333333 0.27002967359050445