0 0.13685 0.27837333333333336 0.08923333333333332 0.1365066666666667
0 0.23383333333333337 0.28424 0.0938833333333333 0.16317333333333334
0 0.31481666666666663 0.33437333333333336 0.09186666666666668 0.16957333333333335
0 0.5275 0.3933333333333333 0.06666666666666667 0.136
0 0.026449999999999998 0.42128 0.052899999999999996 0.17917333333333332
0 0.5944166666666666 0.42928 0.06848333333333338 0.14823999999999993
0 0.11151666666666667 0.43408 0.12923333333333337 0.2133066666666667
0 0.3854666666666667 0.44208000000000003 0.06653333333333336 0.13544000000000006
0 0.20883333333333332 0.46234666666666663 0.11055000000000002 0.20370666666666662
0 0.6644166666666667 0.47834666666666664 0.06979999999999999 0.15464000000000003
0 0.30115 0.4922133333333334 0.10186666666666667 0.19303999999999996
0 0.7274 0.49808 0.0651333333333334 0.13650666666666667
0 0.8599000000000001 0.5305066666666667 0.08490000000000009 0.12818666666666664
0 0.45278333333333337 0.5322133333333333 0.07584999999999999 0.17917333333333332
0 0.53 0.5466666666666666 0.06666666666666667 0.15466666666666667
0 0.9560333333333333 0.5640533333333334 0.08735000000000014 0.12226666666666673
0 0.6033333333333334 0.5666666666666667 0.07 0.14933333333333335
0 0.82415 0.5669866666666666 0.06764999999999996 0.10650666666666667
0 0.3768 0.5722133333333334 0.07186666666666668 0.14184
0 0.07986666666666667 0.6180533333333333 0.13923333333333332 0.2229066666666666
0 0.6760666666666666 0.6185866666666666 0.0798 0.15357333333333326
0 0.7427166666666667 0.63512 0.07845000000000009 0.13544000000000006
0 0.18950000000000003 0.6425866666666666 0.1132166666666667 0.19517333333333334
0 0.28515 0.6644533333333333 0.10586666666666664 0.18557333333333326
0 0.8931666666666667 0.6651199999999999 0.06518333333333316 0.1350933333333334
0 0.8035 0.6661066666666667 0.06334999999999999 0.13706666666666667
0 0.9430833333333334 0.67696 0.06639999999999986 0.13509333333333326
0 0.8494166666666666 0.6784266666666667 0.05901666666666671 0.11634666666666674
0 0.9783333333333334 0.688 0.04 0.12266666666666666
0 0.45145 0.70232 0.08251666666666665 0.16103999999999996
0 0.37146666666666667 0.7039200000000001 0.07053333333333332 0.13224000000000008
0 0.5275 0.708 0.07666666666666666 0.16533333333333333
0 0.605 0.7266666666666667 0.07333333333333333 0.16266666666666665
0 0.6874 0.75672 0.08513333333333341 0.15250666666666673
0 0.75705 0.7748533333333333 0.07511666666666675 0.13970666666666662
0 0.8189166666666667 0.7913333333333333 0.06458333333333334 0.12128000000000005
0 0.9116666666666666 0.79576 0.06639999999999986 0.13410666666666657
0 0.8688333333333332 0.80168 0.06086666666666664 0.1281866666666668
0 0.9609500000000001 0.8081066666666668 0.06269999999999981 0.13311999999999988