0 0.7987666666666666 0.27373333333333333 0.016066666666666642 0.09087999999999996
0 0.6975 0.276 0.02 0.104
0 0.5391666666666667 0.2773333333333333 0.03833333333333333 0.112
0 0.72 0.2826666666666667 0.018333333333333333 0.088
0 0.8177 0.2850933333333333 0.014716666666666735 0.07898666666666668
0 0.5758333333333333 0.29333333333333333 0.035 0.11733333333333333
0 0.8335833333333333 0.30130666666666667 0.015383333333333363 0.08762666666666663
0 0.7383333333333333 0.30266666666666664 0.015 0.08533333333333333
0 0.61 0.31333333333333335 0.03833333333333333 0.104
0 0.8461000000000001 0.31376 0.012000000000000077 0.08872
0 0.7591666666666667 0.31733333333333336 0.016666666666666666 0.08533333333333333
0 0.34833333333333333 0.03333333333333333 0.06333333333333334 0.06666666666666667
0 0.8579333333333333 0.32242666666666664 0.012666666666666609 0.08655999999999998
0 0.24 0.328 0.07833333333333334 0.19733333333333333
0 0.8707666666666667 0.3316266666666667 0.014016666666666804 0.08546666666666662
0 0.6433333333333333 0.33466666666666667 0.02666666666666667 0.10933333333333334
0 0.7788333333333334 0.3418933333333333 0.015400000000000014 0.07789333333333331
0 0.7970833333333334 0.35 0.014049999999999917 0.07898666666666668
0 0.6708333333333333 0.3506666666666667 0.021666666666666667 0.09333333333333334
0 0.31166666666666665 0.35333333333333333 0.06333333333333334 0.18133333333333335
0 0.8139833333333333 0.35650666666666664 0.015383333333333363 0.07898666666666668
0 0.6933333333333334 0.36 0.03 0.09066666666666667
0 0.7183333333333334 0.376 0.016666666666666666 0.08
0 0.82785 0.37650666666666666 0.013349999999999985 0.07357333333333331
0 0.38 0.384 0.06166666666666667 0.17333333333333334
0 0.8454166666666667 0.38464000000000004 0.01605000000000009 0.07032000000000001
0 0.7375 0.3933333333333333 0.015 0.07733333333333334
0 0.8569166666666667 0.39381333333333335 0.012000000000000077 0.0649066666666666
0 0.8684 0.3976 0.013349999999999985 0.06816000000000001
0 0.43666666666666665 0.4013333333333333 0.045 0.152
0 0.7575 0.404 0.021666666666666667 0.08
0 0.485 0.4106666666666667 0.05 0.13866666666666666
0 0.7784833333333333 0.4176266666666667 0.016083333333333297 0.0649066666666666
0 0.7957333333333333 0.42789333333333335 0.014049999999999917 0.06384
0 0.8139833333333333 0.43493333333333334 0.014033333333333266 0.0670933333333334
0 0.5341666666666667 0.43733333333333335 0.03833333333333333 0.13066666666666665
0 0.83055 0.44576 0.013349999999999985 0.06925333333333325
0 0.84575 0.4511733333333333 0.011316666666666607 0.07141333333333326
0 0.5758333333333333 0.452 0.03833333333333333 0.13333333333333333
0 0.5475 0.04666666666666667 0.03833333333333333 0.09333333333333334
0 0.8582666666666667 0.45821333333333336 0.010650000000000073 0.06384
0 0.8690833333333334 0.462 0.010633333333333515 0.06274666666666659
0 0.6258333333333334 0.4706666666666667 0.02666666666666667 0.11733333333333333
0 0.6525 0.48133333333333334 0.03166666666666667 0.10666666666666667
0 0.6816666666666666 0.49333333333333335 0.028333333333333332 0.10933333333333334
0 0.73 0.49866666666666665 0.018333333333333333 0.104
0 0.7091666666666666 0.5053333333333333 0.02 0.104
0 0.7516666666666667 0.5186666666666667 0.021666666666666667 0.09066666666666667
0 0.22666666666666666 0.5253333333333333 0.07333333333333333 0.19466666666666665
0 0.7758333333333334 0.5253333333333333 0.02666666666666667 0.08533333333333333
0 0.40166666666666667 0.05466666666666667 0.05333333333333334 0.10933333333333334
0 0.3016666666666667 0.5346666666666666 0.06333333333333334 0.17866666666666667
0 0.37083333333333335 0.5506666666666666 0.06166666666666667 0.168
0 0.42916666666666664 0.5613333333333334 0.05333333333333334 0.15466666666666667
0 0.4841666666666667 0.5706666666666667 0.04666666666666667 0.15733333333333333
0 0.5283333333333333 0.576 0.03666666666666667 0.14666666666666667
0 0.5716666666666667 0.5813333333333334 0.045 0.12
0 0.6216666666666667 0.5866666666666667 0.028333333333333332 0.11733333333333333
0 0.6525 0.596 0.03 0.11733333333333333
0 0.6791666666666667 0.6066666666666667 0.028333333333333332 0.12
0 0.7066666666666667 0.6093333333333333 0.023333333333333334 0.112
0 0.73 0.6106666666666667 0.018333333333333333 0.112
0 0.5841666666666666 0.06133333333333333 0.028333333333333332 0.10666666666666667
0 0.7533333333333333 0.6146666666666667 0.021666666666666667 0.096
0 0.7741666666666667 0.6146666666666667 0.023333333333333334 0.096
0 0.7691666666666667 0.7373333333333333 0.025 0.09066666666666667
0 0.72 0.7386666666666667 0.03 0.104
0 0.6358333333333334 0.74 0.025 0.112
0 0.665 0.74 0.025 0.10133333333333333
0 0.7441666666666666 0.74 0.021666666666666667 0.104
0 0.56 0.7413333333333333 0.03833333333333333 0.13066666666666665
0 0.6933333333333334 0.7413333333333333 0.028333333333333332 0.09866666666666667
0 0.5225 0.744 0.041666666666666664 0.144
0 0.6156166666666667 0.7444 0.01796666666666662 0.12242666666666659
0 0.20333333333333334 0.07466666666666667 0.08333333333333333 0.14933333333333335
0 0.355 0.7493333333333333 0.06 0.16266666666666665
0 0.4141666666666667 0.7493333333333333 0.058333333333333334 0.15466666666666667
0 0.4708333333333333 0.7493333333333333 0.058333333333333334 0.14933333333333335
0 0.28833333333333333 0.756 0.056666666666666664 0.17866666666666667
0 0.7675 0.832 0.025 0.09066666666666667
0 0.7225 0.8413333333333334 0.021666666666666667 0.10666666666666667
0 0.745 0.8426666666666667 0.021666666666666667 0.10133333333333333
0 0.6625 0.848 0.025 0.11733333333333333
0 0.6933333333333334 0.848 0.035 0.10666666666666667
0 0.6366666666666667 0.8573333333333333 0.025 0.11733333333333333
0 0.6139666666666667 0.8674666666666667 0.01796666666666662 0.12373333333333328
0 0.5591666666666667 0.8786666666666667 0.03333333333333333 0.128
0 0.45666666666666667 0.08933333333333333 0.051666666666666666 0.14133333333333334
0 0.5191666666666667 0.892 0.041666666666666664 0.152
0 0.4675 0.904 0.065 0.16
0 0.3466666666666667 0.912 0.07 0.16
0 0.41 0.9133333333333333 0.055 0.17066666666666666
0 0.2783333333333333 0.9213333333333333 0.06166666666666667 0.14666666666666667
0 0.7658333333333334 0.9306666666666666 0.028333333333333332 0.09333333333333334
0 0.615 0.09333333333333334 0.025 0.10133333333333333
0 0.7441666666666666 0.9386666666666666 0.023333333333333334 0.09866666666666667
0 0.72 0.9453333333333334 0.028333333333333332 0.096
0 0.6941666666666667 0.9493333333333334 0.02666666666666667 0.09866666666666667
0 0.6641666666666667 0.9506666666666667 0.03333333333333333 0.08533333333333333
0 0.635 0.9586666666666667 0.03 0.07733333333333334
0 0.6141666666666666 0.9653333333333334 0.021666666666666667 0.064
0 0.2808333333333333 0.116 0.06666666666666667 0.16
0 0.5025 0.12 0.04 0.128
0 0.3441666666666667 0.148 0.056666666666666664 0.14933333333333335
0 0.6625 0.152 0.043333333333333335 0.10133333333333333
0 0.5433333333333333 0.16 0.03833333333333333 0.13066666666666665
0 0.6983333333333334 0.176 0.021666666666666667 0.09866666666666667
0 0.5816666666666667 0.17866666666666667 0.03666666666666667 0.12266666666666666
0 0.7817833333333333 0.18386666666666668 0.036633333333333365 0.08981333333333336
0 0.4008333333333333 0.18666666666666668 0.051666666666666666 0.136
0 0.72 0.192 0.015 0.08533333333333333
0 0.8095833333333333 0.20448000000000002 0.017416666666666743 0.08656000000000003
0 0.6166666666666667 0.208 0.03 0.11466666666666667
0 0.74 0.21466666666666667 0.02 0.07733333333333334
0 0.8271666666666667 0.21584 0.013349999999999985 0.0833066666666667
0 0.4525 0.22133333333333333 0.04666666666666667 0.12
0 0.6458333333333334 0.228 0.03 0.104
0 0.84305 0.23208 0.015383333333333363 0.08114666666666669
0 0.7608333333333334 0.23733333333333334 0.015 0.08
0 0.49916666666666665 0.252 0.043333333333333335 0.12266666666666666
0 0.6725 0.252 0.025 0.10133333333333333
0 0.86165 0.2537066666666667 0.021466666666666755 0.06816000000000001
0 0.7778166666666667 0.25965333333333335 0.018783333333333305 0.08656000000000003