0 0.9166666666666666 0.2997032640949555 0.056666666666666664 0.1513353115727003
0 0.8416666666666667 0.3115727002967359 0.05333333333333334 0.1394658753709199
0 0.7833333333333333 0.31750741839762614 0.051666666666666666 0.12462908011869436
0 0.725 0.32047477744807124 0.05333333333333334 0.11869436201780416
0 0.665 0.3249258160237389 0.05333333333333334 0.11869436201780416
0 0.41 0.3293768545994065 0.043333333333333335 0.11869436201780416
0 0.4583333333333333 0.33086053412462907 0.045 0.12462908011869436
0 0.5075 0.3323442136498516 0.045 0.12166172106824925
0 0.6116666666666667 0.3323442136498516 0.04666666666666667 0.11869436201780416
0 0.56 0.33382789317507416 0.04666666666666667 0.12462908011869436
0 0.9708333333333333 0.36350148367952523 0.05 0.09792284866468842
0 0.7825 0.45103857566765576 0.05 0.14540059347181009
0 0.8433333333333334 0.45252225519287836 0.055 0.142433234421365
0 0.9141666666666667 0.45252225519287836 0.051666666666666666 0.142433234421365
0 0.6683333333333333 0.456973293768546 0.05333333333333334 0.13353115727002968
0 0.7258333333333333 0.456973293768546 0.05333333333333334 0.13056379821958458
0 0.4091666666666667 0.45845697329376855 0.045 0.11869436201780416
0 0.6116666666666667 0.45845697329376855 0.051666666666666666 0.12462908011869436
0 0.4583333333333333 0.46142433234421365 0.043333333333333335 0.12462908011869436
0 0.5083333333333333 0.46142433234421365 0.051666666666666666 0.12462908011869436
0 0.5608333333333333 0.46142433234421365 0.045 0.12166172106824925
0 0.9725 0.4732937685459941 0.05 0.10385756676557864
0 0.02666666666666667 0.5548961424332344 0.03333333333333333 0.10682492581602374
0 0.059166666666666666 0.5593471810089021 0.03333333333333333 0.10979228486646884
0 0.17 0.5623145400593472 0.028333333333333332 0.10089020771513353
0 0.095 0.5637982195845698 0.03166666666666667 0.10385756676557864
0 0.13333333333333333 0.5637982195845698 0.03166666666666667 0.10385756676557864
0 0.24916666666666668 0.5652818991097923 0.035 0.12462908011869436
0 0.28833333333333333 0.5652818991097923 0.035 0.12759643916913946
0 0.20666666666666667 0.5667655786350149 0.03833333333333333 0.12462908011869436
0 0.42324999999999996 0.5970326409495549 0.052383333333333296 0.08804154302670628
0 0.5094833333333333 0.6625222551928783 0.05115000000000009 0.1073887240356083
0 0.02666666666666667 0.6691394658753709 0.02666666666666667 0.10979228486646884
0 0.0575 0.6691394658753709 0.03833333333333333 0.11572700296735905
0 0.09416666666666666 0.6750741839762612 0.03166666666666667 0.11275964391691394
0 0.56075 0.677566765578635 0.04270000000000001 0.09664688427299702
0 0.1675 0.6780415430267063 0.03 0.11275964391691394
0 0.13166666666666665 0.6780415430267063 0.03166666666666667 0.10979228486646884
0 0.6108 0.6840059347181009 0.04270000000000001 0.09664688427299702
0 0.41511666666666663 0.6861424332344214 0.04816666666666663 0.11166172106824925
0 0.20583333333333334 0.6899109792284867 0.035 0.11275964391691394
0 0.2475 0.6913946587537092 0.04 0.10979228486646884
0 0.2875 0.6913946587537092 0.03333333333333333 0.11572700296735905
0 0.6530166666666667 0.6936795252225519 0.04026666666666661 0.10522255192878333
0 0.4579333333333333 0.7215727002967358 0.045733333333333424 0.05798219584569739
0 0.7039666666666666 0.7296439169139466 0.04206666666666668 0.10415430267062321
0 0.5064666666666666 0.7371513353115726 0.04875 0.048308605341246376
0 0.9264666666666667 0.7374480712166173 0.06611666666666678 0.1544510385756677
0 0.9783333333333334 0.7403560830860534 0.04 0.1572700296735905
0 0.5610499999999999 0.7688427299703264 0.039683333333333244 0.08804154302670619
0 0.6105 0.7747477744807121 0.039683333333333244 0.10415430267062321
0 0.6560333333333334 0.7892284866468844 0.039066666666666756 0.0902077151335311
0 0.0275 0.8189910979228486 0.045 0.10089020771513353
0 0.7039666666666666 0.8477448071216617 0.05533333333333341 0.13637982195845708
0 0.5610499999999999 0.8638575667655787 0.039683333333333244 0.09127596439169136
0 0.6108 0.865994065281899 0.0463166666666666 0.08910979228486639
0 0.13333333333333333 0.870919881305638 0.045 0.09495548961424333
0 0.6554333333333333 0.8821068249258159 0.04148333333333331 0.08697329376854583
0 0.9267 0.8825816023738873 0.06468333333333325 0.14258160237388712
0 0.9803 0.8897922848664689 0.03938333333333351 0.1468249258160238
0 0.019166666666666665 0.9272997032640949 0.03333333333333333 0.10089020771513353
0 0.05416666666666667 0.9272997032640949 0.028333333333333332 0.10385756676557864
0 0.6083333333333333 0.9525222551928784 0.04666666666666667 0.08902077151335312
0 0.5608333333333333 0.9525222551928784 0.041666666666666664 0.08902077151335312
0 0.7066666666666667 0.956973293768546 0.056666666666666664 0.08011869436201781
0 0.6558333333333334 0.9584569732937686 0.041666666666666664 0.0771513353115727
0 0.9283333333333333 0.9703264094955489 0.07 0.05341246290801187
0 0.9158333333333334 0.14836795252225518 0.05333333333333334 0.1394658753709199
0 0.7825 0.17507418397626112 0.056666666666666664 0.1394658753709199
0 0.7241666666666666 0.1795252225519288 0.051666666666666666 0.13056379821958458
0 0.6641666666666667 0.1913946587537092 0.051666666666666666 0.13056379821958458
0 0.6125 0.19732937685459942 0.04666666666666667 0.12759643916913946
0 0.5583333333333333 0.19881305637982197 0.04666666666666667 0.12166172106824925
0 0.5058333333333334 0.20178041543026706 0.04666666666666667 0.13056379821958458
0 0.41 0.2032640949554896 0.045 0.11869436201780416
0 0.4575 0.2032640949554896 0.045 0.12462908011869436
0 0.9725 0.23293768545994065 0.04666666666666667 0.13353115727002968