0 0.8485 0.2980415430267062 0.0822 0.1413353115727003
0 0.18851666666666667 0.3317804154302671 0.12815000000000001 0.31142433234421363
0 0.9508166666666666 0.33181008902077147 0.09533333333333341 0.15106824925816018
0 0.2914333333333334 0.3755192878338279 0.13011666666666666 0.2819584569732938
0 0.3875 0.379406528189911 0.12333333333333334 0.23231454005934715
0 0.97375 0.38035608308605345 0.05248333333333335 0.11329376854599409
0 0.9139666666666667 0.040474777448071216 0.07531666666666675 0.08091988130563797
0 0.4680166666666667 0.41869436201780413 0.13603333333333334 0.25166172106824924
0 0.5471333333333332 0.43590504451038575 0.11928333333333323 0.21124629080118693
0 0.6262666666666666 0.4432640949554896 0.12586666666666663 0.19655786350148371
0 0.68635 0.4739169139465876 0.11936666666666668 0.18270029673590502
0 0.9575499999999999 0.050474777448071224 0.07879999999999995 0.10094955489614245
0 0.6231 0.052611275964391684 0.08148333333333331 0.10519287833827894
0 0.7369 0.5088427299703264 0.10379999999999995 0.18115727002967363
0 0.24946666666666667 0.05632047477744806 0.11178333333333332 0.1126112759643917
0 0.8341666666666666 0.5593471810089021 0.085 0.11572700296735905
0 0.6955333333333333 0.05744807121661721 0.08549999999999992 0.11489614243323441
0 0.885 0.5652818991097923 0.08166666666666667 0.10682492581602374
0 0.9225 0.5786350148367952 0.07666666666666666 0.10385756676557864
0 0.1395 0.5793175074183976 0.11815000000000002 0.19005934718100895
0 0.3325 0.5845697329376854 0.10833333333333334 0.17210682492581603
0 0.9620666666666667 0.596913946587537 0.04788333333333336 0.08860534124629084
0 0.4175 0.599406528189911 0.09666666666666666 0.1632047477744807
0 0.22785000000000002 0.6034718100890207 0.11270000000000001 0.1653709198813057
0 0.34604999999999997 0.06388724035608309 0.10183333333333337 0.12777448071216618
0 0.4775 0.6231454005934718 0.09666666666666666 0.14540059347181009
0 0.56 0.6246290801186943 0.095 0.1513353115727003
0 0.6275 0.6350148367952523 0.09666666666666666 0.13353115727002968
0 0.7621666666666667 0.06712166172106825 0.06799999999999992 0.13421364985163203
0 0.6775 0.6646884272997032 0.09 0.13056379821958458
0 0.7783333333333333 0.6691394658753709 0.07166666666666667 0.13353115727002968
0 0.9207500000000001 0.6772106824925817 0.05233333333333348 0.09418397626112762
0 0.825 0.6780415430267063 0.07333333333333333 0.10682492581602374
0 0.8666666666666667 0.6928783382789317 0.07333333333333333 0.10385756676557864
0 0.285 0.7566765578635015 0.09833333333333333 0.1572700296735905
0 0.8772000000000001 0.7568249258160238 0.05698333333333343 0.07617210682492578
0 0.37166666666666665 0.7581602373887241 0.095 0.142433234421365
0 0.445 0.7596439169139466 0.09833333333333333 0.12759643916913946
0 0.1971 0.7613056379821959 0.10668333333333337 0.1438872403560831
0 0.5183333333333333 0.7640949554896143 0.09666666666666666 0.12462908011869436
0 0.09850000000000002 0.764540059347181 0.09765000000000001 0.16106824925816016
0 0.5733333333333334 0.7655786350148368 0.09666666666666666 0.13056379821958458
0 0.6325 0.7804154302670623 0.09333333333333334 0.12759643916913946
0 0.7683333333333333 0.7804154302670623 0.06333333333333334 0.11572700296735905
0 0.7325 0.787833827893175 0.06833333333333333 0.10089020771513353
0 0.82 0.787833827893175 0.07 0.10682492581602374
0 0.9683333333333334 0.8175074183976261 0.06 0.13353115727002968
0 0.8398666666666668 0.8392284866468842 0.06008333333333335 0.0830860534124629
0 0.6766666666666666 0.884272997032641 0.07333333333333333 0.13649851632047477
0 0.7275 0.8857566765578635 0.07666666666666666 0.12462908011869436
0 0.765 0.8887240356083086 0.07 0.11572700296735905
0 0.5858333333333333 0.8946587537091988 0.07 0.13056379821958458
0 0.5283333333333333 0.8961424332344213 0.09333333333333334 0.13056379821958458
0 0.33 0.9035608308605341 0.09333333333333334 0.1513353115727003
0 0.4683333333333333 0.9035608308605341 0.08666666666666667 0.1513353115727003
0 0.4033333333333333 0.9065281899109793 0.08166666666666667 0.1513353115727003
0 0.93205 0.9092284866468844 0.07953333333333337 0.14275964391691398
0 0.24916666666666668 0.9109792284866469 0.09 0.14540059347181009
0 0.157 0.9143323442136498 0.09401666666666667 0.12133531157270025
0 0.7998166666666666 0.9154005934718101 0.05151666666666661 0.0803264094955491
0 0.4325 0.09495548961424333 0.10833333333333334 0.18991097922848665
0 0.06623333333333332 0.9299109792284866 0.08619999999999998 0.1395845697329376
0 0.8883333333333333 0.9614243323442137 0.06333333333333334 0.0712166172106825
0 0.8104 0.10201780415430267 0.09209999999999999 0.13744807121661723
0 0.5194333333333334 0.11489614243323441 0.10723333333333339 0.15893175074183977
0 0.8616666666666667 0.13474777448071215 0.08606666666666674 0.13851632047477747
0 0.5840333333333334 0.1573887240356083 0.10080000000000003 0.16845697329376855
0 0.9036166666666666 0.17008902077151336 0.08698333333333343 0.12548961424332347
0 0.6489999999999999 0.1922551928783383 0.09979999999999999 0.15548961424332347
0 0.7063833333333333 0.2158160237388724 0.09151666666666661 0.14602373887240358
0 0.7558333333333334 0.2426706231454006 0.08064999999999997 0.12670623145400592
0 0.5466 0.026973293768545993 0.07696666666666659 0.053946587537091986
0 0.8036333333333333 0.2761127596439169 0.09366666666666675 0.13786350148367954