0 0.5637000000000001 0.02967359050445104 0.08396666666666666 0.05934718100890208
0 0.64345 0.04097922848664689 0.06411666666666671 0.08195845697329378
0 0.24333333333333335 0.43768545994065283 0.09833333333333333 0.2195845697329377
0 0.345 0.4391691394658754 0.09 0.2195845697329377
0 0.5191666666666667 0.4629080118694362 0.08833333333333333 0.19584569732937684
0 0.6016666666666667 0.47032640949554894 0.07 0.20474777448071216
0 0.6608333333333334 0.4762611275964392 0.041666666666666664 0.19584569732937684
0 0.15 0.5044510385756676 0.08 0.2166172106824926
0 0.06166666666666667 0.5103857566765578 0.09 0.20771513353115728
0 0.7341666666666666 0.5356083086053413 0.051666666666666666 0.1543026706231454
0 0.8466666666666667 0.5370919881305638 0.058333333333333334 0.1572700296735905
0 0.79 0.5385756676557863 0.058333333333333334 0.1513353115727003
0 0.7509833333333333 0.05724035608308605 0.02558333333333337 0.11445103857566767
0 0.80335 0.06640949554896142 0.0823333333333333 0.13281899109792283
0 0.515 0.6735905044510386 0.08166666666666667 0.21364985163204747
0 0.24166666666666667 0.6765578635014837 0.095 0.2551928783382789
0 0.43083333333333335 0.6765578635014837 0.08166666666666667 0.22551928783382788
0 0.3383333333333333 0.6780415430267063 0.08833333333333333 0.22255192878338279
0 0.5983333333333334 0.6780415430267063 0.07 0.20771513353115728
0 0.6533333333333333 0.6795252225519288 0.041666666666666664 0.20771513353115728
0 0.785 0.6913946587537092 0.05333333333333334 0.1572700296735905
0 0.8441666666666666 0.6913946587537092 0.055 0.1543026706231454
0 0.7308333333333333 0.6958456973293768 0.04833333333333333 0.1543026706231454
0 0.07326666666666667 0.07347181008902078 0.11898333333333333 0.14694362017804155
0 0.14333333333333334 0.7151335311572701 0.085 0.19881305637982197
0 0.05039999999999999 0.7165875370919882 0.10078333333333334 0.18943620178041554
0 0.18594999999999998 0.07982195845697329 0.1110166666666667 0.15964391691394658
0 0.8410833333333333 0.9134718100890207 0.07174999999999992 0.1730267062314542
0 0.42616666666666664 0.9197329376854599 0.06373333333333335 0.1515430267062316
0 0.725 0.9198813056379822 0.06 0.1543026706231454
0 0.355 0.9228486646884273 0.07 0.14836795252225518
0 0.5683333333333334 0.9272997032640949 0.08 0.1394658753709199
0 0.49416666666666664 0.9287833827893175 0.075 0.13649851632047477
0 0.2775 0.9287833827893175 0.075 0.13649851632047477
0 0.6316666666666667 0.93026706231454 0.05333333333333334 0.13353115727002968
0 0.2 0.93026706231454 0.08333333333333333 0.13353115727002968
0 0.034166666666666665 0.9347181008902077 0.06833333333333333 0.12462908011869436
0 0.28673333333333334 0.09537091988130564 0.0999 0.19074183976261128
0 0.8799666666666667 0.10842729970326409 0.045316666666666755 0.13587537091988133
0 0.9825 0.1142433234421365 0.03166666666666667 0.1632047477744807
0 0.9394 0.11495548961424333 0.05558333333333318 0.15415430267062316
0 0.38316666666666666 0.1158753709198813 0.10225 0.19783382789317502
0 0.47323333333333334 0.15824925816023738 0.08716666666666659 0.2147774480712166
0 0.5621166666666666 0.1674480712166172 0.09189999999999998 0.213353115727003
0 0.6386833333333333 0.17804154302670624 0.07521666666666665 0.20347181008902074
0 0.7418833333333333 0.21735905044510387 0.03518333333333336 0.17655786350148367
0 0.8005833333333334 0.22537091988130564 0.06884999999999991 0.18510385756676556
0 0.8913499999999999 0.2508308605341246 0.06806666666666653 0.13848664688427303
0 0.9450666666666666 0.2549554896142433 0.03516666666666651 0.13842729970326412
0 0.9808333333333333 0.2596439169139466 0.035 0.1394658753709199