0 0.4160166666666667 0.24404444444444442 0.023216666666666632 0.056288888888888854
0 0.39055 0.25424444444444444 0.02831666666666668 0.056288888888888854
0 0.8983333333333333 0.2611111111111111 0.03333333333333333 0.1
0 0.36835 0.262 0.018133333333333324 0.058222222222222196
0 0.8566666666666667 0.27111111111111114 0.043333333333333335 0.08666666666666667
0 0.8133333333333334 0.2833333333333333 0.03666666666666667 0.08222222222222222
0 0.7708333333333334 0.29888888888888887 0.041666666666666664 0.08222222222222222
0 0.41365 0.303 0.01776666666666671 0.05482222222222226
0 0.7308333333333333 0.3088888888888889 0.03166666666666667 0.07777777777777778
0 0.3972833333333333 0.31222222222222223 0.012666666666666705 0.053844444444444486
0 0.3829 0.3151333333333333 0.017399999999999995 0.059666666666666715
0 0.6975 0.31666666666666665 0.03 0.06888888888888889
0 0.36579999999999996 0.31826666666666664 0.016683333333333317 0.056288888888888854
0 0.34833333333333333 0.3202222222222222 0.01594999999999999 0.04657777777777773
0 0.6333333333333333 0.33 0.03333333333333333 0.07111111111111111
0 0.665 0.33111111111111113 0.03 0.07333333333333333
0 0.3308666666666667 0.3367111111111111 0.02251666666666665 0.038822222222222154
0 0.3055833333333333 0.3381777777777778 0.022150000000000034 0.042688888888888846
0 0.6041666666666666 0.3388888888888889 0.025 0.08
0 0.5775 0.34555555555555556 0.028333333333333332 0.07555555555555556
0 0.41073333333333334 0.3515111111111111 0.014850000000000042 0.04900000000000002
0 0.5483333333333333 0.3522222222222222 0.023333333333333334 0.06888888888888889
0 0.5216666666666666 0.35555555555555557 0.025 0.057777777777777775
0 0.495 0.3566666666666667 0.021666666666666667 0.05555555555555555
0 0.8566666666666667 0.36 0.03666666666666667 0.1
0 0.39618333333333333 0.36048888888888886 0.014850000000000042 0.03784444444444451
0 0.4725 0.3622222222222222 0.023333333333333334 0.051111111111111114
0 0.8958333333333334 0.3622222222222222 0.03666666666666667 0.09555555555555556
0 0.3796333333333333 0.36364444444444444 0.017399999999999995 0.03346666666666667
0 0.8158333333333333 0.36666666666666664 0.04 0.09111111111111111
0 0.36271666666666663 0.36946666666666667 0.0163166666666667 0.03153333333333333
0 0.3456166666666667 0.37553333333333333 0.018500000000000037 0.03686666666666661
0 0.32815 0.3782 0.018500000000000037 0.03833333333333333
0 0.3077666666666667 0.3811111111111111 0.022883333333333363 0.0392888888888889
0 0.7325 0.38555555555555554 0.03166666666666667 0.08
0 0.7716666666666666 0.38555555555555554 0.04 0.07333333333333333
0 0.6941666666666667 0.39111111111111113 0.03666666666666667 0.08
0 0.6591666666666667 0.3988888888888889 0.03 0.06444444444444444
0 0.6291666666666667 0.4011111111111111 0.03 0.07111111111111111
0 0.6 0.4077777777777778 0.021666666666666667 0.06
0 0.5725 0.4122222222222222 0.028333333333333332 0.06
0 0.5441666666666667 0.41444444444444445 0.023333333333333334 0.057777777777777775
0 0.49333333333333335 0.41555555555555557 0.02 0.06888888888888889
0 0.52 0.4166666666666667 0.023333333333333334 0.06888888888888889
0 0.4058333333333333 0.4213777777777778 0.014483333333333329 0.04608888888888891
0 0.47 0.4222222222222222 0.02666666666666667 0.06222222222222222
0 0.36391666666666667 0.42766666666666664 0.025483333333333368 0.049022222222222224
0 0.40218333333333334 0.46164444444444447 0.01521666666666666 0.02764444444444444
0 0.1025 0.4622222222222222 0.045 0.1
0 0.15333333333333332 0.46444444444444444 0.045 0.10444444444444445
0 0.20333333333333334 0.4722222222222222 0.045 0.09555555555555556
0 0.31166666666666665 0.5011111111111111 0.05333333333333334 0.10888888888888888
0 0.8408333333333333 0.5077777777777778 0.04 0.08666666666666667
0 0.3516666666666667 0.5088888888888888 0.051666666666666666 0.11555555555555555
0 0.7933333333333333 0.5088888888888888 0.043333333333333335 0.08444444444444445
0 0.885 0.5088888888888888 0.043333333333333335 0.10222222222222223
0 0.7125 0.51 0.035 0.08222222222222222
0 0.7508333333333334 0.51 0.03 0.08
0 0.46 0.5111111111111111 0.025 0.05555555555555555
0 0.4816666666666667 0.5111111111111111 0.02 0.05333333333333334
0 0.55 0.5111111111111111 0.02 0.06222222222222222
0 0.6383333333333333 0.5111111111111111 0.035 0.08
0 0.5 0.5122222222222222 0.016666666666666666 0.06444444444444444
0 0.525 0.5122222222222222 0.02666666666666667 0.06666666666666667
0 0.5733333333333334 0.5122222222222222 0.02 0.06666666666666667
0 0.675 0.5122222222222222 0.03166666666666667 0.08444444444444445
0 0.5975 0.5133333333333333 0.018333333333333333 0.06888888888888889
0 0.2525 0.5155555555555555 0.05333333333333334 0.09555555555555556
0 0.40166666666666667 0.5211111111111111 0.043333333333333335 0.08444444444444445
0 0.09333333333333334 0.5622222222222222 0.04666666666666667 0.09111111111111111
0 0.14583333333333334 0.5644444444444444 0.04666666666666667 0.08888888888888889
0 0.195 0.5655555555555556 0.043333333333333335 0.08444444444444445
0 0.45416666666666666 0.5722222222222222 0.021666666666666667 0.06222222222222222
0 0.4775 0.5766666666666667 0.021666666666666667 0.06666666666666667
0 0.5225 0.58 0.023333333333333334 0.057777777777777775
0 0.49833333333333335 0.5811111111111111 0.02 0.06222222222222222
0 0.5475 0.5822222222222222 0.021666666666666667 0.06666666666666667
0 0.5741666666666667 0.5855555555555556 0.02 0.07111111111111111
0 0.595 0.59 0.015 0.07111111111111111
0 0.6366666666666667 0.5911111111111111 0.03333333333333333 0.07333333333333333
0 0.6725 0.5944444444444444 0.03166666666666667 0.07333333333333333
0 0.7483333333333333 0.5955555555555555 0.03333333333333333 0.08222222222222222
0 0.7108333333333333 0.5977777777777777 0.035 0.07555555555555556
0 0.7925 0.6 0.045 0.08666666666666667
0 0.8391666666666666 0.6033333333333334 0.04 0.09555555555555556
0 0.3025 0.6055555555555555 0.04833333333333333 0.10222222222222223
0 0.3491666666666667 0.6133333333333333 0.04666666666666667 0.10666666666666667
0 0.24666666666666667 0.6144444444444445 0.05333333333333334 0.10222222222222223
0 0.3975 0.6155555555555555 0.04666666666666667 0.09555555555555556
0 0.19083333333333333 0.6566666666666666 0.041666666666666664 0.1
0 0.08833333333333333 0.6577777777777778 0.05 0.09333333333333334
0 0.14333333333333334 0.66 0.05333333333333334 0.09555555555555556
0 0.455 0.6655555555555556 0.02 0.06444444444444444
0 0.47833333333333333 0.6666666666666666 0.023333333333333334 0.06444444444444444
0 0.5025 0.67 0.021666666666666667 0.06222222222222222
0 0.6683333333333333 0.6744444444444444 0.0016666666666666668 0.0022222222222222222
0 0.5191666666666667 0.68 0.018333333333333333 0.07111111111111111
0 0.54 0.6811111111111111 0.028333333333333332 0.06444444444444444
0 0.6525 0.6922222222222222 0.03 0.06222222222222222
0 0.5675 0.6944444444444444 0.02666666666666667 0.07111111111111111
0 0.595 0.6944444444444444 0.018333333333333333 0.07555555555555556
0 0.3416666666666667 0.7088888888888889 0.045 0.09111111111111111
0 0.2966666666666667 0.7111111111111111 0.051666666666666666 0.09777777777777778
0 0.39166666666666666 0.7133333333333334 0.04666666666666667 0.09111111111111111
0 0.24083333333333334 0.7166666666666667 0.05333333333333334 0.10888888888888888
0 0.6866666666666666 0.7211111111111111 0.03333333333333333 0.08222222222222222
0 0.7258333333333333 0.7288888888888889 0.03833333333333333 0.09111111111111111
0 0.4508333333333333 0.7311111111111112 0.018333333333333333 0.07111111111111111
0 0.7675 0.7333333333333333 0.04 0.09777777777777778
0 0.47333333333333333 0.7344444444444445 0.02666666666666667 0.06444444444444444
0 0.49833333333333335 0.7388888888888889 0.021666666666666667 0.06666666666666667
0 0.5175 0.7433333333333333 0.016666666666666666 0.06666666666666667
0 0.8091666666666667 0.7466666666666667 0.03833333333333333 0.1
0 0.18583333333333332 0.7544444444444445 0.05333333333333334 0.07555555555555556
0 0.08 0.7555555555555555 0.05333333333333334 0.09555555555555556
0 0.5358333333333334 0.7566666666666667 0.021666666666666667 0.07555555555555556
0 0.8541666666666666 0.7566666666666667 0.045 0.1
0 0.13166666666666665 0.7577777777777778 0.04666666666666667 0.08888888888888889
0 0.6516666666666666 0.7611111111111111 0.028333333333333332 0.06222222222222222
0 0.5641666666666667 0.7655555555555555 0.02666666666666667 0.06888888888888889
0 0.8966666666666666 0.7666666666666667 0.03 0.10444444444444445
0 0.5908333333333333 0.7722222222222223 0.021666666666666667 0.07333333333333333
0 0.4508333333333333 0.7966666666666666 0.023333333333333334 0.06
0 0.475 0.8022222222222222 0.023333333333333334 0.06666666666666667
0 0.6858333333333333 0.8055555555555556 0.03333333333333333 0.08
0 0.49833333333333335 0.8066666666666666 0.025 0.06888888888888889
0 0.3416666666666667 0.8077777777777778 0.05333333333333334 0.10444444444444445
0 0.38666666666666666 0.81 0.04666666666666667 0.08888888888888889
0 0.28833333333333333 0.8144444444444444 0.05 0.10444444444444445
0 0.5158333333333334 0.8177777777777778 0.015 0.07111111111111111
0 0.7225 0.8211111111111111 0.03666666666666667 0.08444444444444445
0 0.2325 0.8222222222222222 0.051666666666666666 0.10666666666666667
0 0.6491666666666667 0.8233333333333334 0.03 0.05333333333333334
0 0.5341666666666667 0.8266666666666667 0.021666666666666667 0.06666666666666667
0 0.7658333333333334 0.8277777777777777 0.041666666666666664 0.08444444444444445
0 0.565 0.8411111111111111 0.03166666666666667 0.06888888888888889
0 0.17833333333333334 0.8422222222222222 0.05 0.09777777777777778
0 0.8091666666666667 0.8455555555555555 0.04 0.08888888888888889
0 0.12833333333333333 0.8477777777777777 0.04833333333333333 0.09333333333333334
0 0.5908333333333333 0.85 0.015 0.06666666666666667
0 0.07666666666666666 0.8522222222222222 0.056666666666666664 0.08666666666666667
0 0.8533333333333334 0.8611111111111112 0.041666666666666664 0.09777777777777778
0 0.8925 0.8711111111111111 0.03166666666666667 0.09777777777777778
0 0.6483333333333333 0.8855555555555555 0.028333333333333332 0.06222222222222222
0 0.6816666666666666 0.8877777777777778 0.03333333333333333 0.07111111111111111
0 0.7208333333333333 0.9077777777777778 0.041666666666666664 0.08222222222222222
0 0.765 0.92 0.04 0.09111111111111111
0 0.81 0.9377777777777778 0.04 0.08666666666666667
0 0.855 0.9566666666666667 0.043333333333333335 0.08
0 0.8941666666666667 0.9611111111111111 0.028333333333333332 0.07555555555555556