0 0.9091666666666667 0.2477777777777778 0.17833333333333334 0.3977777777777778
0 0.7232000000000001 0.30995555555555554 0.04375 0.17233333333333337
0 0.08729999999999999 0.3111111111111111 0.06343333333333333 0.24722222222222223
0 0.03938333333333333 0.3138888888888889 0.0322 0.22777777777777777
0 0.19093333333333334 0.3256888888888889 0.045700000000000025 0.26528888888888885
0 0.14041666666666666 0.3277777777777778 0.05925000000000002 0.2361111111111111
0 0.6036666666666667 0.3509111111111111 0.2189833333333333 0.4181777777777778
0 0.3096666666666667 0.35764444444444443 0.12066666666666663 0.31251111111111113
0 0.7801 0.3684 0.0601666666666667 0.30833333333333335
0 0.4258 0.40624444444444446 0.1362666666666667 0.3291777777777778
0 0.7092833333333334 0.46255555555555555 0.04106666666666665 0.15917777777777778
0 0.03573333333333333 0.5319555555555555 0.03531666666666668 0.2
0 0.08365 0.5451333333333334 0.06030000000000001 0.21806666666666666
0 0.13573333333333332 0.5715333333333333 0.054050000000000015 0.24028888888888889
0 0.18573333333333333 0.5986222222222222 0.045700000000000025 0.26666666666666666
0 0.8960666666666667 0.6201333333333333 0.20179999999999998 0.39584444444444444
0 0.2971666666666667 0.6590222222222222 0.09984999999999995 0.29862222222222223
0 0.7525 0.7066666666666667 0.085 0.3711111111111111
0 0.4112166666666667 0.7125111111111111 0.13003333333333336 0.3277777777777778
0 0.5758333333333333 0.7644444444444445 0.195 0.4088888888888889
0 0.0664 0.7738222222222223 0.08738333333333334 0.13195555555555555
0 0.8908166666666667 0.8979111111111111 0.21213333333333328 0.17915555555555557
0 0.1025 0.9244444444444444 0.095 0.14666666666666667
0 0.3375 0.9544444444444444 0.105 0.08666666666666667