0 0.25416666666666665 0.2222222222222222 0.05 0.08888888888888889
0 0.20083333333333334 0.22333333333333333 0.04666666666666667 0.08444444444444445
0 0.1475 0.22555555555555556 0.051666666666666666 0.08888888888888889
0 0.09166666666666666 0.22666666666666666 0.051666666666666666 0.09111111111111111
0 0.7991666666666667 0.33 0.045 0.08666666666666667
0 0.7466666666666667 0.3322222222222222 0.045 0.08
0 0.91 0.3788888888888889 0.065 0.10222222222222223
0 0.5166666666666667 0.38 0.05 0.10666666666666667
0 0.5766666666666667 0.38333333333333336 0.051666666666666666 0.10222222222222223
0 0.6941666666666667 0.3844444444444444 0.05333333333333334 0.1
0 0.6358333333333334 0.38666666666666666 0.055 0.09777777777777778
0 0.43333333333333335 0.39 0.06166666666666667 0.1
0 0.37916666666666665 0.39222222222222225 0.04833333333333333 0.09555555555555556
0 0.32166666666666666 0.3933333333333333 0.051666666666666666 0.09111111111111111
0 0.265 0.39666666666666667 0.045 0.09111111111111111
0 0.20916666666666667 0.3977777777777778 0.051666666666666666 0.09111111111111111
0 0.14833333333333334 0.3977777777777778 0.06 0.09333333333333334
0 0.8525 0.4077777777777778 0.05 0.08666666666666667
0 0.75 0.4177777777777778 0.045 0.07777777777777778
0 0.7991666666666667 0.41888888888888887 0.045 0.07777777777777778
0 0.9141666666666667 0.4911111111111111 0.06166666666666667 0.11333333333333333
0 0.5175 0.49444444444444446 0.051666666666666666 0.11333333333333333
0 0.5758333333333333 0.4955555555555556 0.051666666666666666 0.10888888888888888
0 0.14916666666666667 0.49666666666666665 0.058333333333333334 0.10444444444444445
0 0.37416666666666665 0.49777777777777776 0.05333333333333334 0.1111111111111111
0 0.635 0.49777777777777776 0.05 0.10666666666666667
0 0.6975 0.49777777777777776 0.055 0.1111111111111111
0 0.32166666666666666 0.4988888888888889 0.055 0.10888888888888888
0 0.435 0.5 0.056666666666666664 0.1111111111111111
0 0.21083333333333334 0.5011111111111111 0.058333333333333334 0.10666666666666667
0 0.26416666666666666 0.5011111111111111 0.045 0.10888888888888888
0 0.855 0.5044444444444445 0.04666666666666667 0.08444444444444445
0 0.8025 0.5066666666666667 0.045 0.08
0 0.7525 0.5077777777777778 0.043333333333333335 0.08666666666666667
0 0.44 0.6644444444444444 0.045 0.09111111111111111
0 0.8225 0.6688888888888889 0.05333333333333334 0.10444444444444445
0 0.87785 0.6708444444444445 0.05078333333333338 0.08888888888888889
0 0.27 0.6855555555555556 0.05 0.10666666666666667
0 0.32666666666666666 0.6866666666666666 0.051666666666666666 0.10888888888888888
0 0.38666666666666666 0.6877777777777778 0.05333333333333334 0.1111111111111111
0 0.5283333333333333 0.6877777777777778 0.05333333333333334 0.10222222222222223
0 0.5808333333333333 0.6877777777777778 0.05 0.12222222222222222
0 0.21666666666666667 0.6888888888888889 0.04666666666666667 0.10444444444444445
0 0.16333333333333333 0.6911111111111111 0.055 0.10666666666666667
0 0.6425 0.6922222222222222 0.051666666666666666 0.12
0 0.7033333333333334 0.6977777777777778 0.06 0.13333333333333333
0 0.7641666666666667 0.7055555555555556 0.04666666666666667 0.07777777777777778
0 0.10085 0.7280000000000001 0.06403333333333333 0.05846666666666655
0 0.9066666666666666 0.07555555555555556 0.06 0.10222222222222223
0 0.44083333333333335 0.7555555555555555 0.045 0.08444444444444445
0 0.8816666666666667 0.7633333333333333 0.056666666666666664 0.08444444444444445
0 0.8241666666666667 0.7666666666666667 0.04666666666666667 0.08
0 0.21666666666666667 0.7977777777777778 0.051666666666666666 0.1
0 0.5233333333333333 0.7977777777777778 0.05333333333333334 0.10888888888888888
0 0.16 0.7977777777777778 0.051666666666666666 0.09333333333333334
0 0.3883333333333333 0.7988888888888889 0.05333333333333334 0.10222222222222223
0 0.27166666666666667 0.8 0.05 0.10666666666666667
0 0.3275 0.8 0.051666666666666666 0.10444444444444445
0 0.09833333333333333 0.8033333333333333 0.06333333333333334 0.09111111111111111
0 0.5808333333333333 0.8066666666666666 0.051666666666666666 0.1111111111111111
0 0.7691666666666667 0.8066666666666666 0.056666666666666664 0.12
0 0.6425 0.8111111111111111 0.05333333333333334 0.10666666666666667
0 0.705 0.8166666666666667 0.06166666666666667 0.1
0 0.8416666666666667 0.08222222222222222 0.055 0.10222222222222223
0 0.44083333333333335 0.8411111111111111 0.04666666666666667 0.07555555555555556
0 0.8283333333333334 0.8511111111111112 0.051666666666666666 0.08222222222222222
0 0.8851333333333334 0.8534666666666667 0.05701666666666673 0.09306666666666666
0 0.7808333333333334 0.08777777777777777 0.056666666666666664 0.10444444444444445
0 0.09833333333333333 0.8977777777777778 0.06333333333333334 0.08666666666666667
0 0.16083333333333333 0.8977777777777778 0.058333333333333334 0.10666666666666667
0 0.5233333333333333 0.9077777777777778 0.056666666666666664 0.09777777777777778
0 0.21666666666666667 0.9088888888888889 0.051666666666666666 0.10222222222222223
0 0.38666666666666666 0.9088888888888889 0.058333333333333334 0.11555555555555555
0 0.7166666666666667 0.09222222222222222 0.056666666666666664 0.10444444444444445
0 0.2708333333333333 0.9111111111111111 0.051666666666666666 0.10444444444444445
0 0.3233333333333333 0.9133333333333333 0.05 0.1111111111111111
0 0.5816666666666667 0.9177777777777778 0.05333333333333334 0.1
0 0.7075 0.9177777777777778 0.06 0.08888888888888889
0 0.6441666666666667 0.9188888888888889 0.05333333333333334 0.09111111111111111
0 0.7716666666666666 0.9277777777777778 0.06 0.10222222222222223
0 0.44 0.9288888888888889 0.04666666666666667 0.08666666666666667
0 0.8291666666666667 0.94 0.04666666666666667 0.08666666666666667
0 0.8887833333333333 0.9465333333333333 0.053899999999999865 0.09584444444444444
0 0.6558333333333334 0.09555555555555556 0.05333333333333334 0.10222222222222223
0 0.5958333333333333 0.09777777777777778 0.055 0.1111111111111111
0 0.5358333333333334 0.10444444444444445 0.04666666666666667 0.10444444444444445
0 0.4766666666666667 0.10555555555555556 0.05 0.1
0 0.425 0.11 0.051666666666666666 0.09777777777777778
0 0.36666666666666664 0.11444444444444445 0.055 0.10666666666666667
0 0.30833333333333335 0.12111111111111111 0.051666666666666666 0.10222222222222223
0 0.25416666666666665 0.12222222222222222 0.04833333333333333 0.09777777777777778
0 0.20083333333333334 0.12444444444444444 0.04833333333333333 0.10222222222222223
0 0.14833333333333334 0.12444444444444444 0.04666666666666667 0.10222222222222223
0 0.09416666666666666 0.12777777777777777 0.051666666666666666 0.09777777777777778
0 0.9083333333333333 0.18666666666666668 0.06166666666666667 0.1
0 0.8433333333333334 0.19444444444444445 0.06 0.10222222222222223
0 0.7808333333333334 0.19555555555555557 0.056666666666666664 0.09555555555555556
0 0.7183333333333334 0.20333333333333334 0.05333333333333334 0.09333333333333334
0 0.5958333333333333 0.20444444444444446 0.06 0.09555555555555556
0 0.5383333333333333 0.20666666666666667 0.05333333333333334 0.09777777777777778
0 0.48083333333333333 0.20777777777777778 0.051666666666666666 0.10444444444444445
0 0.6583333333333333 0.20777777777777778 0.05333333333333334 0.09555555555555556
0 0.42583333333333334 0.21333333333333335 0.055 0.09555555555555556
0 0.3675 0.21888888888888888 0.055 0.09333333333333334
0 0.30916666666666665 0.22111111111111112 0.05333333333333334 0.08888888888888889