0 0.6766666666666666 0.1675 0.04888888888888889 0.09833333333333333
0 0.73 0.17416666666666666 0.05333333333333334 0.085
0 0.042222222222222223 0.1775 0.07777777777777778 0.14666666666666667
0 0.7855555555555556 0.185 0.04666666666666667 0.08
0 0.8322222222222222 0.19583333333333333 0.03777777777777778 0.07333333333333333
0 0.14333333333333334 0.19833333333333333 0.11555555555555555 0.13
0 0.8811111111111111 0.205 0.051111111111111114 0.06666666666666667
0 0.2611111111111111 0.21416666666666667 0.10888888888888888 0.12166666666666667
0 0.37222222222222223 0.22666666666666666 0.10222222222222223 0.115
0 0.46444444444444444 0.2375 0.07111111111111111 0.10666666666666667
0 0.5444444444444444 0.2475 0.07555555555555556 0.105
0 0.6766666666666666 0.265 0.04666666666666667 0.09166666666666666
0 0.7266666666666667 0.2658333333333333 0.051111111111111114 0.09666666666666666
0 0.7855555555555556 0.275 0.04888888888888889 0.09333333333333334
0 0.8344444444444444 0.2808333333333333 0.04 0.085
0 0.8811111111111111 0.2825 0.042222222222222223 0.08333333333333333
0 0.5541555555555555 0.37285 0.06873333333333329 0.06005000000000005
0 0.8055555555555556 0.4175 0.04 0.08333333333333333
0 0.8888888888888888 0.4175 0.03777777777777778 0.07
0 0.7522222222222222 0.4191666666666667 0.04888888888888889 0.08166666666666667
0 0.8455555555555555 0.4191666666666667 0.03333333333333333 0.07166666666666667
0 0.9322222222222222 0.4191666666666667 0.03777777777777778 0.065
0 0.69 0.4216666666666667 0.06888888888888889 0.085
0 0.49444444444444446 0.42333333333333334 0.08444444444444445 0.10333333333333333
0 0.3088888888888889 0.4241666666666667 0.09777777777777778 0.125
0 0.20222222222222222 0.425 0.10888888888888888 0.13
0 0.40555555555555556 0.4266666666666667 0.08666666666666667 0.11833333333333333
0 0.07777777777777778 0.4275 0.12444444444444444 0.135
0 0.5636 0.4529333333333333 0.052066666666666615 0.0800833333333333
0 0.9922222222222222 0.48333333333333334 0.011111111111111112 0.07
0 0.9277777777777778 0.49083333333333334 0.042222222222222223 0.07333333333333333
0 0.8888888888888888 0.49333333333333335 0.03777777777777778 0.06666666666666667
0 0.8477777777777777 0.4975 0.03777777777777778 0.06833333333333333
0 0.03666666666666667 0.050833333333333335 0.07333333333333333 0.10166666666666667
0 0.8033333333333333 0.5008333333333334 0.042222222222222223 0.07666666666666666
0 0.7511111111111111 0.5033333333333333 0.05555555555555555 0.08833333333333333
0 0.6866666666666666 0.5075 0.06888888888888889 0.09
0 0.49777777777777776 0.5325 0.08666666666666667 0.095
0 0.5652888888888888 0.5351 0.046511111111111066 0.0809166666666666
0 0.4077777777777778 0.54 0.08444444444444445 0.09833333333333333
0 0.31333333333333335 0.5483333333333333 0.09333333333333334 0.11166666666666666
0 0.21 0.5558333333333333 0.10888888888888888 0.11666666666666667
0 0.08333333333333333 0.5641666666666667 0.14222222222222222 0.14
0 0.99 0.6466666666666666 0.015555555555555555 0.08
0 0.1411111111111111 0.065 0.12222222222222222 0.13
0 0.9105777777777777 0.6573 0.020844444444444433 0.056716666666666624
0 0.8855555555555555 0.6597999999999999 0.02642222222222219 0.05838333333333329
0 0.8527555555555556 0.6706333333333333 0.03197777777777775 0.06839999999999993
0 0.8138222222222223 0.6798166666666666 0.04533333333333328 0.07339999999999994
0 0.7715777777777777 0.6898333333333333 0.03644444444444439 0.07839999999999994
0 0.7309777777777777 0.6981666666666666 0.05091111111111104 0.08008333333333326
0 0.6831555555555556 0.7086 0.05315555555555546 0.08591666666666659
0 0.9094666666666666 0.7102666666666667 0.02531111111111108 0.049216666666666624
0 0.9911111111111112 0.7183333333333334 0.013333333333333334 0.07
0 0.8822222222222222 0.71985 0.024199999999999968 0.06339999999999994
0 0.8499777777777778 0.7336166666666667 0.033088888888888855 0.0625666666666666
0 0.8116000000000001 0.7482166666666666 0.04311111111111106 0.0650666666666666
0 0.9105777777777777 0.7573833333333333 0.029755555555555525 0.04504999999999995
0 0.7732444444444444 0.7624 0.0375555555555555 0.06339999999999994
0 0.7315333333333334 0.7728166666666667 0.04313333333333326 0.06756666666666661
0 0.8794444444444445 0.7757333333333333 0.02531111111111108 0.04671666666666662
0 0.374 0.7845 0.07544444444444443 0.09258333333333325
0 0.6864888888888889 0.7861666666666667 0.046466666666666594 0.06756666666666661
0 0.8516444444444444 0.7911666666666667 0.029755555555555525 0.05254999999999996
0 0.8121555555555556 0.8045166666666667 0.039777777777777724 0.05088333333333329
0 0.2944888888888889 0.8082666666666666 0.08324444444444443 0.10176666666666677
0 0.7737999999999999 0.8232833333333334 0.040888888888888836 0.050049999999999956
0 0.5241333333333333 0.8241166666666667 0.06653333333333333 0.09676666666666657
0 0.20664444444444444 0.8320500000000001 0.08104444444444445 0.11259999999999991
0 0.7304222222222222 0.8374666666666667 0.04091111111111104 0.05338333333333329
0 0.4540666666666667 0.8420500000000001 0.07097777777777778 0.10093333333333324
0 0.26 0.085 0.10666666666666667 0.13166666666666665
0 0.6881555555555556 0.8524833333333334 0.047577777777777705 0.06339999999999994
0 0.11433333333333334 0.8562333333333334 0.10331111111111113 0.11093333333333324
0 0.379 0.8804166666666666 0.07211111111111108 0.08258333333333326
0 0.29671111111111115 0.9058666666666666 0.08546666666666665 0.09174999999999993
0 0.5235777777777778 0.9058666666666666 0.06319999999999999 0.06673333333333327
0 0.45740000000000003 0.9288 0.06875555555555556 0.07589999999999994
0 0.21053333333333332 0.9367333333333333 0.08437777777777777 0.09174999999999993
0 0.12155555555555556 0.95835 0.09773333333333331 0.08328333333333338
0 0.3845777777777778 0.9616833333333333 0.07211111111111108 0.07661666666666671
0 0.3 0.9741666666666666 0.08 0.04833333333333333
0 0.3711111111111111 0.10416666666666667 0.09777777777777778 0.13
0 0.4633333333333333 0.1225 0.08 0.11666666666666667
0 0.5466666666666666 0.13666666666666666 0.07555555555555556 0.105