0 0.23 0.20833333333333334 0.14666666666666667 0.16333333333333333
0 0.37222222222222223 0.24 0.13111111111111112 0.15166666666666667
0 0.4988888888888889 0.26416666666666666 0.10888888888888888 0.13666666666666666
0 0.6044444444444445 0.2925 0.09333333333333334 0.13333333333333333
0 0.6944444444444444 0.3075 0.09111111111111111 0.12666666666666668
0 0.7777777777777778 0.32083333333333336 0.06888888888888889 0.10833333333333334
0 0.22666666666666666 0.37666666666666665 0.14222222222222222 0.16833333333333333
0 0.36777777777777776 0.3925 0.13111111111111112 0.15
0 0.9774888888888889 0.39829999999999993 0.045 0.07788333333333332
0 0.49444444444444446 0.4066666666666667 0.10666666666666667 0.14166666666666666
0 0.6 0.42333333333333334 0.08666666666666667 0.125
0 0.6944444444444444 0.4325 0.08666666666666667 0.11666666666666667
0 0.7755555555555556 0.4375 0.06222222222222222 0.11666666666666667
0 0.9812444444444445 0.47476666666666667 0.0374888888888889 0.07131666666666661
0 0.9548444444444445 0.61505 0.07726666666666662 0.09665000000000001
0 0.8066666666666666 0.6308333333333334 0.07111111111111111 0.11
0 0.5444444444444444 0.6333333333333333 0.10444444444444445 0.14166666666666666
0 0.7255555555555555 0.6358333333333334 0.07777777777777778 0.11833333333333333
0 0.6422222222222222 0.6375 0.08 0.125
0 0.4255555555555556 0.6416666666666667 0.12222222222222222 0.15333333333333332
0 0.29 0.6516666666666666 0.13777777777777778 0.16333333333333333
0 0.99 0.72295 0.0199777777777778 0.07036666666666672
0 0.9442222222222222 0.7257666666666667 0.0785333333333334 0.10603333333333334
0 0.81 0.7475 0.06666666666666667 0.11166666666666666
0 0.7277777777777777 0.76 0.08222222222222222 0.115
0 0.6433333333333333 0.7683333333333333 0.07555555555555556 0.12333333333333334
0 0.5444444444444444 0.7841666666666667 0.10222222222222223 0.13833333333333334
0 0.42444444444444446 0.8025 0.12666666666666668 0.15666666666666668
0 0.28444444444444444 0.82 0.1288888888888889 0.16833333333333333
0 0.9477777777777778 0.9591666666666666 0.07777777777777778 0.07833333333333334