0 0.27 0.3916913946587537 0.155 0.3857566765578635
0 0.03625 0.4740652818991098 0.0725 0.22465875370919874
0 0.675 0.744807121661721 0.2 0.5044510385756676
0 0.48083333333333333 0.7537091988130564 0.16333333333333333 0.47477744807121663
0 0.8983333333333333 0.7744807121661721 0.2 0.44510385756676557
0 0.029166666666666667 0.7833827893175074 0.058333333333333334 0.42729970326409494
0 0.07393333333333334 0.791513353115727 0.10900000000000001 0.39629080118694354
0 0.2475 0.7922848664688428 0.16666666666666666 0.40059347181008903
0 0.6808333333333333 0.2507418397626113 0.18 0.4807121661721068
0 0.49083333333333334 0.26706231454005935 0.14166666666666666 0.4688427299703264
0 0.8930166666666666 0.27908011869436206 0.1997666666666666 0.5270623145400594