0 0.08353115727002967 0.17153333333333334 0.1306824925816024 0.12361666666666665
0 0.6023738872403561 0.17166666666666666 0.04451038575667656 0.06666666666666667
0 0.3818991097922848 0.17685 0.08163204747774477 0.09713333333333334
0 0.4505637982195846 0.1928 0.07632047477744798 0.06821666666666668
0 0.6513353115727003 0.20333333333333334 0.05637982195845697 0.06666666666666667
0 0.18830860534124627 0.20531666666666668 0.08928783382789317 0.10229999999999999
0 0.5133531157270029 0.21583333333333332 0.050445103857566766 0.08333333333333333
0 0.6988130563798219 0.2175 0.03857566765578635 0.06333333333333334
0 0.5637982195845698 0.23166666666666666 0.04154302670623145 0.08166666666666667
0 0.2927893175074184 0.23246666666666665 0.10673590504451039 0.09713333333333336
0 0.7403560830860534 0.23333333333333334 0.04154302670623145 0.06666666666666667
0 0.612759643916914 0.245 0.04154302670623145 0.075
0 0.3726706231454006 0.025583333333333333 0.0684272997032641 0.051166666666666666
0 0.3799406528189911 0.2625 0.06445103857566761 0.08601666666666669
0 0.18863501483679526 0.027083333333333334 0.07872403560830862 0.05416666666666667
0 0.658753709198813 0.27666666666666667 0.04747774480712166 0.07333333333333333
0 0.4505637982195846 0.27881666666666666 0.07367952522255188 0.09343333333333334
0 0.701780415430267 0.285 0.03857566765578635 0.06666666666666667
0 0.7433234421364985 0.30083333333333334 0.02967359050445104 0.065
0 0.5178041543026706 0.30333333333333334 0.050445103857566766 0.09
0 0.5727002967359051 0.32083333333333336 0.05341246290801187 0.09333333333333334
0 0.6186943620178041 0.3325 0.03857566765578635 0.095
0 0.6661721068249258 0.3491666666666667 0.04747774480712166 0.07333333333333333
0 0.7106824925816023 0.3625 0.03857566765578635 0.08
0 0.744807121661721 0.37166666666666665 0.02967359050445104 0.07166666666666667
0 0.44 0.038933333333333334 0.06839762611275968 0.07786666666666667
0 0.06379821958456973 0.4066666666666667 0.11572700296735905 0.14333333333333334
0 0.17804154302670624 0.42 0.11275964391691394 0.12166666666666667
0 0.28041543026706234 0.43583333333333335 0.09198813056379822 0.11833333333333333
0 0.3664688427299703 0.44666666666666666 0.08605341246290801 0.10333333333333333
0 0.28554896142433234 0.046349999999999995 0.09483679525222555 0.09269999999999999
0 0.4495548961424332 0.45916666666666667 0.06824925816023739 0.095
0 0.5103857566765578 0.4683333333333333 0.05637982195845697 0.09
0 0.5682492581602374 0.4791666666666667 0.04451038575667656 0.09166666666666666
0 0.615727002967359 0.4841666666666667 0.03857566765578635 0.08166666666666667
0 0.6571513353115728 0.49090000000000006 0.05385756676557857 0.07563333333333333
0 0.703353115727003 0.49350000000000005 0.03801186943620179 0.07341666666666659
0 0.739673590504451 0.49794999999999995 0.03403560830860542 0.07193333333333328
0 0.7786053412462908 0.5009166666666667 0.03270029673590499 0.07044999999999997
0 0.8096439169139467 0.5090666666666667 0.028753709198813218 0.07044999999999997
0 0.06231454005934718 0.5491666666666667 0.11869436201780416 0.13666666666666666
0 0.08231454005934717 0.05625 0.11830860534124628 0.1125
0 0.1824925816023739 0.5508333333333333 0.12166172106824925 0.135
0 0.2893175074183976 0.5516666666666666 0.09495548961424333 0.11833333333333333
0 0.37537091988130566 0.5591666666666667 0.08605341246290801 0.115
0 0.45103857566765576 0.5616666666666666 0.0712166172106825 0.105
0 0.5178041543026706 0.5641666666666667 0.05341246290801187 0.095
0 0.7152522255192878 0.5687666666666666 0.04329376854599399 0.08008333333333326
0 0.6729970326409496 0.5691333333333334 0.051216617210682464 0.0763833333333334
0 0.5712166172106825 0.5691666666666667 0.05637982195845697 0.085
0 0.6261127596439169 0.57 0.04747774480712166 0.08166666666666667
0 0.7541839762611275 0.5717333333333333 0.028753709198813048 0.07118333333333339
0 0.7865281899109793 0.57395 0.037982195845697196 0.06970000000000008
0 0.821513353115727 0.5769166666666666 0.0313649851632049 0.05634999999999991
0 0.9356973293768546 0.6911166666666667 0.03795252225519277 0.06228333333333334
0 0.9059940652818991 0.6922333333333333 0.026083086053412356 0.06303333333333341
0 0.8591394658753708 0.6966833333333333 0.024777448071216686 0.06600000000000004
0 0.8822255192878339 0.6981666666666666 0.01816023738872405 0.06303333333333341
0 0.8281008902077152 0.7052 0.0392878338278932 0.06673333333333327
0 0.7951038575667655 0.7155833333333333 0.0366468842729971 0.06524999999999996
0 0.7647477744807123 0.7204 0.03139465875370923 0.07044999999999997
0 0.7244807121661722 0.72115 0.05118694362017804 0.08528333333333327
0 0.6848664688427301 0.7319 0.03272997032640942 0.08156666666666676
0 0.6479228486646884 0.7370833333333333 0.04329376854599399 0.08453333333333338
0 0.6043620178041542 0.7448833333333333 0.05913946587537094 0.0912166666666667
0 0.9383382789317508 0.7474666666666667 0.043234421364985315 0.04598333333333338
0 0.9079821958456974 0.7545166666666666 0.022106824925816157 0.05265000000000005
0 0.5482492581602374 0.7556333333333334 0.0578338278931751 0.09788333333333336
0 0.887507418397626 0.7593333333333334 0.01816023738872405 0.05338333333333329
0 0.48421364985163207 0.7634166666666666 0.06445103857566774 0.10751666666666665
0 0.8644213649851632 0.7671166666666667 0.03005934718100889 0.06451666666666672
0 0.836706231454006 0.7704666666666666 0.03270029673590499 0.06524999999999996
0 0.40896142433234417 0.7752833333333333 0.08029673590504452 0.11938333333333333
0 0.8050148367952523 0.7827000000000001 0.037982195845697196 0.06451666666666672
0 0.32249258160237393 0.7904833333333333 0.09483679525222555 0.12458333333333334
0 0.7720178041543028 0.7927 0.03005934718100889 0.06228333333333334
0 0.2096439169139466 0.8016 0.13578635014836793 0.13941666666666663
0 0.7330563798219585 0.8038333333333334 0.04195845697329373 0.07415000000000002
0 0.6901483679525223 0.8134666666666667 0.04593471810089026 0.07563333333333333
0 0.07169139465875371 0.82125 0.14240356083086053 0.1505333333333332
0 0.6564985163204748 0.8279333333333333 0.05252225519287831 0.08528333333333336
0 0.6083086053412463 0.8412833333333333 0.05649851632047484 0.09269999999999991
0 0.5555192878338279 0.85685 0.06442136498516314 0.09269999999999991
0 0.48818991097922854 0.8731666666666666 0.061810089020771466 0.10158333333333341
0 0.37068249258160235 0.08861666666666666 0.07501483679525223 0.09566666666666668
0 0.8566765578635015 0.8867333333333333 0.03121661721068244 0.05626666666666665
0 0.8316320474777448 0.8945500000000001 0.02937685459940646 0.057316666666666835
0 0.4149258160237389 0.89875 0.08952522255192884 0.1053
0 0.8019584569732937 0.90705 0.03679525222551922 0.0614833333333335
0 0.7772997032640949 0.9195166666666668 0.04590504451038584 0.05783333333333341
0 0.3271216617210682 0.9198833333333333 0.09089020771513352 0.11790000000000002
0 0.7475964391691394 0.93175 0.036676557863501526 0.061550000000000105
0 0.8650148367952522 0.9409166666666666 0.029347181008902035 0.041683333333333315
0 0.20919881305637983 0.9433333333333334 0.1394658753709199 0.11
0 0.08160237388724036 0.95 0.13353115727002968 0.09666666666666666
0 0.7027002967359051 0.9528833333333334 0.055163204747774405 0.07118333333333339
0 0.840919881305638 0.9570666666666667 0.02937685459940646 0.040633333333333514
0 0.6498516320474778 0.9666666666666667 0.0771513353115727 0.06333333333333334
0 0.8158753709198813 0.9711333333333333 0.023827893175074104 0.04793333333333332
0 0.5898219584569733 0.9764333333333334 0.06178041543026704 0.04711666666666663
0 0.7922848664688428 0.9783333333333334 0.03560830860534125 0.04
0 0.7596439169139466 0.9841666666666666 0.04154302670623145 0.028333333333333332
0 0.1923442136498516 0.10903333333333333 0.09605341246290802 0.10138333333333334
0 0.44394658753709204 0.11864999999999999 0.06839762611275968 0.08156666666666666
0 0.5059347181008902 0.13 0.050445103857566766 0.08166666666666667
0 0.29543026706231457 0.14015 0.11727002967359053 0.10084999999999998
0 0.5548961424332344 0.14666666666666667 0.04747774480712166 0.07666666666666666