0 0.9241666666666667 0.43444444444444447 0.07 0.11777777777777777
0 0.06166666666666667 0.43555555555555553 0.065 0.11555555555555555
0 0.855 0.43555555555555553 0.06333333333333334 0.13555555555555557
0 0.7825 0.44 0.07 0.1288888888888889
0 0.20916666666666667 0.44333333333333336 0.058333333333333334 0.12444444444444444
0 0.2841666666666667 0.44333333333333336 0.07 0.1288888888888889
0 0.1425 0.44555555555555554 0.06666666666666667 0.1288888888888889
0 0.4325 0.4477777777777778 0.065 0.11777777777777777
0 0.5033333333333333 0.45222222222222225 0.06833333333333333 0.1288888888888889
0 0.5775 0.45222222222222225 0.06666666666666667 0.12666666666666668
0 0.6475 0.4533333333333333 0.06666666666666667 0.11555555555555555
0 0.7175 0.45444444444444443 0.06666666666666667 0.12666666666666668
0 0.8641666666666666 0.5666666666666667 0.07 0.13555555555555557
0 0.4325 0.5722222222222222 0.06333333333333334 0.12666666666666668
0 0.795 0.5733333333333334 0.07166666666666667 0.13555555555555557
0 0.355 0.5744444444444444 0.07166666666666667 0.13777777777777778
0 0.27666666666666667 0.5755555555555556 0.06666666666666667 0.12444444444444444
0 0.5766666666666667 0.5766666666666667 0.06833333333333333 0.12444444444444444
0 0.20333333333333334 0.58 0.06666666666666667 0.12444444444444444
0 0.5033333333333333 0.58 0.06833333333333333 0.11555555555555555
0 0.7233333333333334 0.58 0.07 0.13111111111111112
0 0.0475 0.5811111111111111 0.065 0.14
0 0.6508333333333334 0.5811111111111111 0.07 0.13333333333333333
0 0.58 0.7088888888888889 0.07333333333333333 0.13111111111111112
0 0.6575 0.7088888888888889 0.07 0.12666666666666668
0 0.7275 0.7088888888888889 0.07333333333333333 0.13777777777777778
0 0.4325 0.71 0.07166666666666667 0.14444444444444443
0 0.27416666666666667 0.7111111111111111 0.07166666666666667 0.14
0 0.5091666666666667 0.7111111111111111 0.065 0.14
0 0.8775 0.7111111111111111 0.075 0.14444444444444443
0 0.9558333333333333 0.7122222222222222 0.07166666666666667 0.14222222222222222
0 0.19916666666666666 0.7144444444444444 0.075 0.13333333333333333
0 0.8033333333333333 0.7144444444444444 0.08 0.13333333333333333
0 0.11583333333333333 0.7144444444444444 0.085 0.14
0 0.35 0.7155555555555555 0.07166666666666667 0.13111111111111112
0 0.03916666666666667 0.7211111111111111 0.06833333333333333 0.1288888888888889
0 0.6241666666666666 0.8688888888888889 0.06333333333333334 0.11333333333333333
0 0.6866666666666666 0.8733333333333333 0.065 0.10888888888888888
0 0.5583333333333333 0.9044444444444445 0.06666666666666667 0.15333333333333332
0 0.3975 0.9055555555555556 0.07333333333333333 0.1511111111111111
0 0.32083333333333336 0.9066666666666666 0.065 0.14222222222222222
0 0.48 0.9066666666666666 0.06833333333333333 0.15333333333333332
0 0.1625 0.91 0.07666666666666666 0.15555555555555556
0 0.0825 0.9122222222222223 0.07 0.15333333333333332
0 0.24083333333333334 0.9144444444444444 0.07166666666666667 0.1511111111111111
0 0.9791666666666666 0.9388888888888889 0.03833333333333333 0.11777777777777777
0 0.8508333333333333 0.9577777777777777 0.058333333333333334 0.08
0 0.9325 0.96 0.065 0.07555555555555556
0 0.6283333333333333 0.9622222222222222 0.06166666666666667 0.06888888888888889
0 0.7825 0.9633333333333334 0.06166666666666667 0.06888888888888889
0 0.6891666666666667 0.9655555555555555 0.055 0.06666666666666667