0 0.19916666666666666 0.36444444444444446 0.17166666666666666 0.3422222222222222
0 0.39916666666666667 0.3888888888888889 0.15166666666666667 0.29777777777777775
0 0.5466666666666666 0.4066666666666667 0.13 0.2777777777777778
0 0.6716666666666666 0.4211111111111111 0.11833333333333333 0.26
0 0.8025 0.4288888888888889 0.11166666666666666 0.24666666666666667
0 0.14726666666666666 0.04533333333333333 0.16920000000000002 0.09066666666666666
0 0.3279 0.06528888888888888 0.1800333333333333 0.13055555555555556
0 0.8041666666666667 0.6855555555555556 0.11833333333333333 0.2644444444444444
0 0.6883333333333334 0.6966666666666667 0.12166666666666667 0.27111111111111114
0 0.5516666666666666 0.7 0.14166666666666666 0.29555555555555557
0 0.39416666666666667 0.7088888888888889 0.165 0.31333333333333335
0 0.1875 0.7211111111111111 0.195 0.36
0 0.4866666666666667 0.07666666666666666 0.15666666666666668 0.15333333333333332
0 0.5825 0.08 0.0016666666666666668 0.0022222222222222222
0 0.6316666666666667 0.10568888888888889 0.13 0.2024888888888889
0 0.7533333333333333 0.11708888888888888 0.10666666666666667 0.23417777777777776