0 0.2841666666666667 0.3798219584569733 0.06166666666666667 0.1632047477744807
0 0.27666666666666667 0.5682492581602374 0.07833333333333334 0.18694362017804153
0 0.3566666666666667 0.3724035608308605 0.075 0.18100890207715134
0 0.3541666666666667 0.5623145400593472 0.08 0.19287833827893175
0 0.44 0.38130563798219586 0.07166666666666667 0.17804154302670624
0 0.43166666666666664 0.5667655786350149 0.07333333333333333 0.17804154302670624
0 0.5183333333333333 0.3768545994065282 0.07 0.18991097922848665
0 0.5125 0.5712166172106825 0.075 0.18694362017804153
0 0.685 0.3664688427299703 0.07666666666666666 0.18397626112759644
0 0.6841666666666667 0.5623145400593472 0.08166666666666667 0.20178041543026706
0 0.775 0.5652818991097923 0.09166666666666666 0.19881305637982197
0 0.6025 0.3649851632047478 0.085 0.19584569732937684
0 0.5983333333333334 0.5637982195845698 0.08166666666666667 0.19584569732937684
0 0.7725 0.3620178041543027 0.08666666666666667 0.18991097922848665