0 0.44166666666666665 0.3026706231454006 0.051666666666666666 0.142433234421365
0 0.38333333333333336 0.32047477744807124 0.055 0.1394658753709199
0 0.6866666666666666 0.4540059347181009 0.07833333333333334 0.18100890207715134
0 0.6125 0.46735905044510384 0.07 0.1632047477744807
0 0.5441666666666667 0.4792284866468843 0.06333333333333334 0.16913946587537093
0 0.4766666666666667 0.4896142433234421 0.058333333333333334 0.16913946587537093
0 0.4125 0.5014836795252225 0.055 0.1572700296735905
0 0.3525 0.5074183976261127 0.058333333333333334 0.1543026706231454
0 0.60655 0.7990801186943621 0.07601666666666669 0.1935905044510386
0 0.5335333333333333 0.8040059347181009 0.06810000000000002 0.20065281899109794
0 0.08478333333333334 0.8068249258160237 0.06263333333333333 0.13848664688427295
0 0.40935000000000005 0.8075370919881305 0.07049999999999997 0.18228486646884268
0 0.7212166666666667 0.811780415430267 0.05456666666666668 0.1935905044510386
0 0.2331666666666667 0.8132047477744807 0.05308333333333335 0.1511869436201781
0 0.3073666666666666 0.8132047477744807 0.05703333333333328 0.17946587537091993
0 0.35856666666666664 0.8195548961424333 0.04195000000000003 0.15824925816023744
0 0.13953333333333334 0.820979228486647 0.05151666666666666 0.13848664688427295
0 0.47363333333333335 0.8223738872403561 0.057799999999999914 0.16391691394658756
0 0.6668666666666667 0.8223738872403561 0.05696666666666658 0.15543026706231453
0 0.18714999999999998 0.8237982195845698 0.05468333333333331 0.13848664688427295
0 0.6966666666666667 0.2507418397626113 0.05333333333333334 0.1632047477744807
0 0.6366666666666667 0.2655786350148368 0.065 0.1513353115727003
0 0.57 0.28041543026706234 0.06166666666666667 0.14540059347181009
0 0.5025 0.2922848664688427 0.06166666666666667 0.1572700296735905