0 0.3275 0.32047477744807124 0.043333333333333335 0.1513353115727003
0 0.705 0.34124629080118696 0.08 0.17507418397626112
0 0.2841666666666667 0.3427299703264095 0.043333333333333335 0.16023738872403562
0 0.6216666666666667 0.3545994065281899 0.08 0.17804154302670624
0 0.2425 0.35756676557863504 0.035 0.14540059347181009
0 0.7683333333333333 0.38130563798219586 0.045 0.1661721068249258
0 0.5466666666666666 0.39020771513353114 0.065 0.17210682492581603
0 0.20333333333333334 0.39465875370919884 0.02666666666666667 0.1394658753709199
0 0.175 0.4020771513353116 0.025 0.12759643916913946
0 0.4766666666666667 0.4094955489614243 0.06166666666666667 0.18100890207715134
0 0.14833333333333334 0.4169139465875371 0.021666666666666667 0.12462908011869436
0 0.8083333333333333 0.41839762611275966 0.028333333333333332 0.1543026706231454
0 0.42083333333333334 0.4258160237388724 0.05 0.18100890207715134
0 0.84 0.4421364985163205 0.04 0.1572700296735905
0 0.37083333333333335 0.44807121661721067 0.045 0.1572700296735905
0 0.325 0.4688427299703264 0.04 0.1394658753709199
0 0.28 0.4940652818991098 0.05 0.13056379821958458
0 0.23666666666666666 0.49851632047477745 0.035 0.13649851632047477
0 0.20333333333333334 0.5192878338278932 0.028333333333333332 0.12166172106824925
0 0.1725 0.5252225519287834 0.03333333333333333 0.11869436201780416
0 0.1425 0.5341246290801187 0.025 0.11572700296735905
0 0.6916666666666667 0.5623145400593472 0.058333333333333334 0.1543026706231454
0 0.755 0.586053412462908 0.028333333333333332 0.14836795252225518
0 0.6325 0.5919881305637982 0.04666666666666667 0.13353115727002968
0 0.5258333333333334 0.6083086053412463 0.04666666666666667 0.13056379821958458
0 0.5775 0.6097922848664689 0.04666666666666667 0.13353115727002968
0 0.47583333333333333 0.6201780415430267 0.041666666666666664 0.11869436201780416
0 0.7925 0.642433234421365 0.041666666666666664 0.19287833827893175
0 0.8191666666666667 0.6498516320474778 0.028333333333333332 0.18100890207715134
0 0.8466666666666667 0.6646884272997032 0.025 0.1572700296735905
0 0.7608333333333334 0.7240356083086054 0.03 0.11572700296735905
0 0.6991666666666667 0.7299703264094956 0.065 0.1572700296735905
0 0.6366666666666667 0.7388724035608308 0.051666666666666666 0.14540059347181009
0 0.38276666666666664 0.7404154302670624 0.03956666666666668 0.14412462908011867
0 0.42333333333333334 0.7418397626112759 0.05 0.13649851632047477
0 0.34268333333333334 0.7446587537091988 0.04671666666666662 0.1469436201780415
0 0.5233333333333333 0.7462908011869436 0.04666666666666667 0.142433234421365
0 0.3002333333333333 0.750326409495549 0.03798333333333337 0.14130563798219586
0 0.5791666666666667 0.7507418397626113 0.051666666666666666 0.13353115727002968
0 0.4741666666666667 0.7522255192878339 0.043333333333333335 0.12759643916913946
0 0.26531666666666665 0.7573887240356083 0.0300666666666667 0.14130563798219586
0 0.23198333333333332 0.7602077151335311 0.03958333333333333 0.13563798219584572
0 0.18993333333333332 0.7694065281899111 0.03483333333333334 0.14272997032640955
0 0.16294999999999998 0.7694065281899111 0.038166666666666675 0.1455489614243323
0 0.13398333333333334 0.7792878338278932 0.037366666666666645 0.13424332344213652
0 0.8658333333333333 0.8456973293768546 0.03166666666666667 0.20178041543026706
0 0.8033333333333333 0.8471810089020771 0.045 0.21364985163204747
0 0.8383333333333334 0.8501483679525222 0.035 0.20474777448071216
0 0.77 0.887240356083086 0.025 0.19287833827893175
0 0.4666666666666667 0.8916913946587537 0.045 0.1513353115727003
0 0.64 0.8916913946587537 0.065 0.1632047477744807
0 0.415 0.8931750741839762 0.04666666666666667 0.1661721068249258
0 0.7033333333333334 0.8946587537091988 0.06833333333333333 0.1661721068249258
0 0.33713333333333334 0.8951632047477746 0.03718333333333334 0.1455489614243322
0 0.18675 0.8958456973293768 0.038166666666666675 0.1356379821958458
0 0.2966666666666667 0.8958456973293768 0.04036666666666671 0.12999999999999984
0 0.22246666666666665 0.8965578635014836 0.03324999999999998 0.13424332344213652
0 0.3776 0.8965578635014836 0.03876666666666665 0.15118694362017818
0 0.5208333333333334 0.8976261127596439 0.051666666666666666 0.14540059347181009
0 0.5775 0.8991097922848664 0.04666666666666667 0.142433234421365
0 0.25856666666666667 0.8994065281899111 0.03403333333333336 0.14272997032640955
0 0.15461666666666665 0.9008011869436201 0.034200000000000015 0.12293768545994051
0 0.12565 0.9043323442136498 0.038166666666666675 0.10456973293768548
0 0.7041666666666667 0.15875370919881307 0.085 0.18397626112759644
0 0.6225 0.18100890207715134 0.07833333333333334 0.17804154302670624
0 0.76 0.2032640949554896 0.04 0.18694362017804153
0 0.55 0.21364985163204747 0.065 0.16913946587537093
0 0.48083333333333333 0.23590504451038577 0.056666666666666664 0.1543026706231454
0 0.7925 0.24629080118694363 0.03833333333333333 0.1661721068249258
0 0.42083333333333334 0.26112759643916916 0.04833333333333333 0.13649851632047477
0 0.8266666666666667 0.2789317507418398 0.03666666666666667 0.1394658753709199
0 0.37333333333333335 0.29080118694362017 0.03833333333333333 0.1394658753709199