0 0.3858333333333333 0.35756676557863504 0.03333333333333333 0.19287833827893175
0 0.43666666666666665 0.37091988130563797 0.07166666666666667 0.18991097922848665
0 0.5166666666666667 0.3827893175074184 0.07 0.19584569732937684
0 0.5875 0.3916913946587537 0.06833333333333333 0.19584569732937684
0 0.6566666666666666 0.39762611275964393 0.058333333333333334 0.18694362017804153
0 0.7183333333333334 0.4035608308605341 0.055 0.18100890207715134
0 0.8458166666666667 0.40908011869436206 0.03391666666666661 0.08338278931750745
0 0.87875 0.41047477744807126 0.029933333333333395 0.07771513353115726
0 0.9097000000000001 0.41118694362017805 0.028349999999999986 0.07347181008902075
0 0.7581166666666667 0.4500593471810089 0.01884999999999991 0.09183976261127592
0 0.7779666666666666 0.4514540059347181 0.020433333333333317 0.10032640949554897
0 0.8053333333333333 0.4549851632047478 0.038683333333333396 0.10456973293768548
0 0.87795 0.4811275964391691 0.029933333333333395 0.06922848664688423
0 0.84225 0.48326409495548966 0.028366666666666637 0.06783382789317512
0 0.9081166666666667 0.4860830860534125 0.026766666666666574 0.07347181008902075
0 0.74845 0.5658456973293768 0.03125 0.07477744807121658
0 0.6589333333333334 0.5687537091988131 0.05696666666666658 0.06922848664688423
0 0.8333 0.5849258160237388 0.042883333333333364 0.0804451038575668
0 0.8716833333333334 0.5849258160237388 0.03361666666666679 0.07655786350148372
0 0.7779666666666666 0.590652818991098 0.022016666666666726 0.07629080118694356
0 0.8013666666666667 0.5934718100890207 0.019633333333333287 0.07347181008902075
0 0.705 0.6305637982195845 0.06 0.1632047477744807
0 0.37998333333333334 0.6485756676557863 0.05463333333333329 0.1695548961424332
0 0.4891666666666667 0.6528189910979229 0.05333333333333334 0.17507418397626112
0 0.7482 0.6570623145400594 0.03273333333333331 0.09890207715133527
0 0.77875 0.6634124629080118 0.025200000000000007 0.07207715133531163
0 0.8021666666666667 0.6655489614243323 0.01488333333333325 0.06783382789317512
0 0.42833333333333334 0.6661721068249258 0.058333333333333334 0.16023738872403562
0 0.6483333333333333 0.6676557863501483 0.055 0.142433234421365
0 0.595 0.6691394658753709 0.051666666666666666 0.1513353115727003
0 0.5458333333333333 0.6706231454005934 0.04666666666666667 0.1543026706231454
0 0.8675999999999999 0.6745697329376855 0.026533333333333454 0.09887240356083084
0 0.8324833333333334 0.6789317507418398 0.045599999999999925 0.10759643916913944
0 0.705 0.798219584569733 0.05 0.1572700296735905
0 0.37006666666666665 0.8068249258160237 0.05385 0.1271810089020772
0 0.6491666666666667 0.8100890207715133 0.051666666666666666 0.142433234421365
0 0.4825 0.814540059347181 0.05333333333333334 0.1513353115727003
0 0.5925 0.814540059347181 0.04666666666666667 0.14540059347181009
0 0.54 0.8160237388724035 0.055 0.1572700296735905
0 0.42 0.8234421364985163 0.051666666666666666 0.14540059347181009
0 0.44333333333333336 0.16023738872403562 0.07 0.2166172106824926
0 0.38916666666666666 0.17062314540059348 0.03333333333333333 0.18100890207715134
0 0.525 0.17804154302670624 0.07333333333333333 0.20771513353115728
0 0.9081 0.18014836795252226 0.04421666666666662 0.10881305637982196
0 0.8676333333333334 0.1808605341246291 0.036283333333333306 0.09326409495548964
0 0.8331166666666667 0.18367952522255193 0.027566666666666607 0.08759643916913945
0 0.80375 0.1858160237388724 0.033916666666666706 0.09750741839762611
0 0.7759833333333332 0.18934718100890208 0.024399999999999977 0.09326409495548964
0 0.5983333333333334 0.1913946587537092 0.06 0.18100890207715134
0 0.665 0.2062314540059347 0.06 0.18991097922848665
0 0.725 0.22255192878338279 0.056666666666666664 0.17804154302670624
0 0.8688333333333332 0.2783679525222552 0.038666666666666745 0.09890207715133527
0 0.8323166666666666 0.2833234421364985 0.0323333333333333 0.10032640949554897
0 0.76685 0.2847181008902077 0.026783333333333416 0.10596439169139468
0 0.9100999999999999 0.2861424332344214 0.040250000000000154 0.11163204747774481
0 0.7962166666666667 0.2882492581602374 0.029950000000000046 0.09890207715133535