0 0.26 0.39762611275964393 0.07166666666666667 0.17507418397626112
0 0.25833333333333336 0.5875370919881305 0.08 0.19881305637982197
0 0.3466666666666667 0.3827893175074184 0.09 0.19287833827893175
0 0.3383333333333333 0.5845697329376854 0.07333333333333333 0.18397626112759644
0 0.42916666666666664 0.39020771513353114 0.075 0.19287833827893175
0 0.42333333333333334 0.586053412462908 0.08166666666666667 0.18991097922848665
0 0.5075 0.37537091988130566 0.075 0.19584569732937684
0 0.5108333333333334 0.5771513353115727 0.08333333333333333 0.19584569732937684
0 0.6841666666666667 0.3545994065281899 0.08166666666666667 0.20474777448071216
0 0.6883333333333334 0.5712166172106825 0.08666666666666667 0.20178041543026706
0 0.5966666666666667 0.3560830860534125 0.09 0.19881305637982197
0 0.5975 0.5637982195845698 0.08666666666666667 0.2166172106824926
0 0.7791666666666667 0.3516320474777448 0.09333333333333334 0.20474777448071216
0 0.785 0.5637982195845698 0.10166666666666667 0.21364985163204747