0 0.75 0.6444444444444445 0.03333333333333333 0.06444444444444444
0 0.7883333333333333 0.6444444444444445 0.03166666666666667 0.06666666666666667
0 0.8658333333333333 0.6444444444444445 0.03333333333333333 0.06444444444444444
0 0.8991666666666667 0.6444444444444445 0.03333333333333333 0.07111111111111111
0 0.9383333333333334 0.6444444444444445 0.03666666666666667 0.06444444444444444
0 0.8275 0.6477777777777778 0.035 0.07111111111111111
0 0.715 0.6488888888888888 0.03333333333333333 0.06222222222222222
0 0.5763166666666667 0.6527777777777778 0.03104999999999999 0.058333333333333334
0 0.5083333333333333 0.6566666666666666 0.03166666666666667 0.06222222222222222
0 0.44 0.6577777777777778 0.03333333333333333 0.06666666666666667
0 0.475 0.6577777777777778 0.03 0.06222222222222222
0 0.5403833333333333 0.6583333333333333 0.03626666666666665 0.06388888888888888
0 0.4025 0.6611111111111111 0.03333333333333333 0.06222222222222222
0 0.36916666666666664 0.6622222222222223 0.03333333333333333 0.06444444444444444
0 0.335 0.6644444444444444 0.03 0.06444444444444444
0 0.08416666666666667 0.6644444444444444 0.028333333333333332 0.06222222222222222
0 0.20333333333333334 0.6655555555555556 0.025 0.06444444444444444
0 0.235 0.6655555555555556 0.028333333333333332 0.06444444444444444
0 0.2683333333333333 0.6666666666666666 0.028333333333333332 0.06
0 0.13833333333333334 0.6666666666666666 0.028333333333333332 0.06666666666666667
0 0.17166666666666666 0.6677777777777778 0.02666666666666667 0.06666666666666667
0 0.3016666666666667 0.6677777777777778 0.028333333333333332 0.06444444444444444
0 0.0175 0.67 0.028333333333333332 0.06222222222222222
0 0.6525 0.6811111111111111 0.028333333333333332 0.06444444444444444
0 0.6858333333333333 0.6844444444444444 0.02666666666666667 0.06
0 0.6233333333333333 0.6855555555555556 0.03 0.05555555555555555
0 0.7933333333333333 0.71 0.035 0.06666666666666667
0 0.9091666666666667 0.7122222222222222 0.04 0.06
0 0.94295 0.7132 0.030966666666666545 0.0625111111111111
0 0.8708333333333333 0.7133333333333334 0.03333333333333333 0.06888888888888889
0 0.755 0.7144444444444444 0.03666666666666667 0.07111111111111111
0 0.8291666666666667 0.7155555555555555 0.041666666666666664 0.07111111111111111
0 0.5810000000000001 0.7159777777777778 0.034166666666666665 0.0625111111111111
0 0.5425 0.72 0.03333333333333333 0.06444444444444444
0 0.7208333333333333 0.72 0.03833333333333333 0.07555555555555556
0 0.43916666666666665 0.7211111111111111 0.03333333333333333 0.06
0 0.4741666666666667 0.7211111111111111 0.03333333333333333 0.06444444444444444
0 0.5083333333333333 0.7211111111111111 0.03166666666666667 0.06444444444444444
0 0.4008333333333333 0.7266666666666667 0.03166666666666667 0.06222222222222222
0 0.9691666666666666 0.7277777777777777 0.03333333333333333 0.044444444444444446
0 0.075 0.7288888888888889 0.03166666666666667 0.057777777777777775
0 0.33166666666666667 0.73 0.035 0.06
0 0.365 0.73 0.02666666666666667 0.06222222222222222
0 0.19666666666666666 0.7311111111111112 0.028333333333333332 0.05555555555555555
0 0.041666666666666664 0.7311111111111112 0.02 0.05333333333333334
0 0.2658333333333333 0.7333333333333333 0.023333333333333334 0.051111111111111114
0 0.2975 0.7333333333333333 0.025 0.057777777777777775
0 0.014166666666666666 0.7333333333333333 0.02666666666666667 0.05555555555555555
0 0.1675 0.7344444444444445 0.03 0.05555555555555555
0 0.2325 0.7344444444444445 0.03 0.05555555555555555
0 0.13166666666666665 0.7344444444444445 0.028333333333333332 0.06
0 0.1025 0.7355555555555555 0.023333333333333334 0.057777777777777775
0 0.6566666666666666 0.7377777777777778 0.025 0.04666666666666667
0 0.6275 0.7388888888888889 0.02666666666666667 0.04888888888888889
0 0.6858333333333333 0.7411111111111112 0.025 0.044444444444444446
0 0.9139666666666667 0.7747111111111111 0.04 0.06222222222222222
0 0.9439833333333333 0.7764 0.020549999999999877 0.06111111111111111
0 0.8766666666666667 0.7822222222222223 0.03833333333333333 0.06888888888888889
0 0.975 0.7822222222222223 0.04 0.06666666666666667
0 0.5804833333333334 0.7826444444444445 0.039383333333333326 0.0625111111111111
0 0.4725 0.7833333333333333 0.03166666666666667 0.057777777777777775
0 0.5066666666666667 0.7833333333333333 0.035 0.057777777777777775
0 0.8391666666666666 0.7833333333333333 0.03333333333333333 0.057777777777777775
0 0.545 0.7844444444444445 0.03166666666666667 0.06222222222222222
0 0.7975 0.7844444444444445 0.035 0.07333333333333333
0 0.4375 0.7866666666666666 0.03333333333333333 0.06444444444444444
0 0.7616666666666667 0.7866666666666666 0.03333333333333333 0.06666666666666667
0 0.725 0.7877777777777778 0.03666666666666667 0.06222222222222222
0 0.07 0.7888888888888889 0.02666666666666667 0.057777777777777775
0 0.0375 0.79 0.028333333333333332 0.06222222222222222
0 0.32916666666666666 0.7911111111111111 0.025 0.057777777777777775
0 0.36333333333333334 0.7911111111111111 0.03333333333333333 0.051111111111111114
0 0.6891666666666667 0.7922222222222223 0.025 0.04888888888888889
0 0.19416666666666665 0.7933333333333333 0.03166666666666667 0.051111111111111114
0 0.295 0.7933333333333333 0.03 0.051111111111111114
0 0.6583333333333333 0.7933333333333333 0.025 0.051111111111111114
0 0.16333333333333333 0.7933333333333333 0.03333333333333333 0.05333333333333334
0 0.26166666666666666 0.7944444444444444 0.028333333333333332 0.05555555555555555
0 0.40166666666666667 0.7944444444444444 0.028333333333333332 0.04888888888888889
0 0.6275 0.7944444444444444 0.028333333333333332 0.051111111111111114
0 0.09666666666666666 0.7944444444444444 0.023333333333333334 0.051111111111111114
0 0.1275 0.7944444444444444 0.02666666666666667 0.04666666666666667
0 0.23 0.7966666666666666 0.028333333333333332 0.051111111111111114
0 0.1925 0.8722222222222222 0.03333333333333333 0.06888888888888889
0 0.2758333333333333 0.8766666666666667 0.028333333333333332 0.06
0 0.15291666666666667 0.8777777777777778 0.032166666666666684 0.07222222222222222
0 0.048233333333333336 0.8784666666666666 0.03531666666666668 0.06806666666666665
0 0.8608333333333333 0.8788888888888889 0.04 0.06444444444444444
0 0.9825 0.8788888888888889 0.03166666666666667 0.07777777777777778
0 0.2375 0.88 0.043333333333333335 0.06666666666666667
0 0.6608333333333334 0.8811111111111111 0.03333333333333333 0.06666666666666667
0 0.7 0.8811111111111111 0.03833333333333333 0.07555555555555556
0 0.9441666666666667 0.8811111111111111 0.04666666666666667 0.07555555555555556
0 0.0899 0.8819555555555555 0.037383333333333345 0.06388888888888888
0 0.31166666666666665 0.8822222222222222 0.03166666666666667 0.06444444444444444
0 0.5408333333333334 0.8822222222222222 0.03666666666666667 0.06888888888888889
0 0.8191666666666667 0.8822222222222222 0.03666666666666667 0.06888888888888889
0 0.42833333333333334 0.8833333333333333 0.03166666666666667 0.07555555555555556
0 0.5041666666666667 0.8833333333333333 0.03 0.07111111111111111
0 0.9008333333333334 0.8833333333333333 0.041666666666666664 0.08222222222222222
0 0.5799666666666667 0.8840222222222223 0.034166666666666665 0.06528888888888888
0 0.016466666666666664 0.8840222222222223 0.028033333333333334 0.07084444444444443
0 0.3908333333333333 0.8844444444444445 0.03166666666666667 0.06888888888888889
0 0.6208333333333333 0.8844444444444445 0.041666666666666664 0.07555555555555556
0 0.74 0.8844444444444445 0.035 0.07111111111111111
0 0.35083333333333333 0.8855555555555555 0.03333333333333333 0.06222222222222222
0 0.78 0.8855555555555555 0.03666666666666667 0.06888888888888889
0 0.4711166666666667 0.8868 0.03939999999999998 0.0764
0 0.11333333333333333 0.8923555555555556 0.03426666666666667 0.05417777777777777
0 0.18666666666666668 0.9511111111111111 0.03666666666666667 0.08
0 0.14916666666666667 0.9511111111111111 0.035 0.07555555555555556
0 0.26666666666666666 0.9555555555555556 0.03833333333333333 0.08222222222222222
0 0.22833333333333333 0.9566666666666667 0.03666666666666667 0.07111111111111111
0 0.5425 0.9566666666666667 0.03666666666666667 0.07555555555555556
0 0.04416666666666667 0.9555555555555556 0.041666666666666664 0.08444444444444445
0 0.5825666666666667 0.9569555555555556 0.03521666666666666 0.08055555555555556
0 0.3475 0.9577777777777777 0.041666666666666664 0.07333333333333333
0 0.6616666666666666 0.9577777777777777 0.03333333333333333 0.06888888888888889
0 0.30666666666666664 0.9588888888888889 0.03166666666666667 0.07777777777777778
0 0.5041666666666667 0.9588888888888889 0.035 0.07111111111111111
0 0.7441666666666666 0.9588888888888889 0.03333333333333333 0.06888888888888889
0 0.9875 0.9588888888888889 0.023333333333333334 0.07777777777777778
0 0.07666666666666666 0.9577777777777777 0.03 0.08
0 0.015 0.9577777777777777 0.03 0.08
0 0.7025 0.96 0.041666666666666664 0.06888888888888889
0 0.825 0.96 0.035 0.07333333333333333
0 0.10833333333333334 0.9588888888888889 0.03666666666666667 0.07777777777777778
0 0.39166666666666666 0.9611111111111111 0.03333333333333333 0.06888888888888889
0 0.6233333333333333 0.9611111111111111 0.035 0.06666666666666667
0 0.7841666666666667 0.9611111111111111 0.03833333333333333 0.07111111111111111
0 0.9533333333333334 0.9611111111111111 0.04833333333333333 0.07333333333333333
0 0.42833333333333334 0.9622222222222222 0.03333333333333333 0.06222222222222222
0 0.46643333333333337 0.9625111111111111 0.03834999999999999 0.07222222222222222
0 0.9141666666666667 0.9622222222222222 0.035 0.07111111111111111