0 0.6825 0.3511111111111111 0.15166666666666667 0.3244444444444444
0 0.8433333333333334 0.3622222222222222 0.15333333333333332 0.31777777777777777
0 0.5283333333333333 0.36777777777777776 0.14666666666666667 0.32
0 0.36583333333333334 0.3711111111111111 0.16833333333333333 0.32
0 0.9566666666666667 0.42333333333333334 0.08333333333333333 0.20222222222222222
0 0.2125 0.43777777777777777 0.12666666666666668 0.27111111111111114
0 0.33253333333333335 0.05348888888888889 0.16583333333333333 0.10695555555555558
0 0.16156666666666666 0.05348888888888889 0.18419999999999997 0.10322222222222223
0 0.4950666666666667 0.057244444444444445 0.17281666666666662 0.11446666666666666
0 0.6765833333333333 0.06193333333333333 0.1614833333333333 0.12384444444444444
0 0.8433333333333334 0.0638 0.17126666666666665 0.1276
0 0.9528333333333334 0.6368 0.07991666666666675 0.22917777777777776
0 0.8333333333333334 0.6733333333333333 0.15 0.3111111111111111
0 0.6791666666666667 0.6755555555555556 0.145 0.31777777777777777
0 0.5275 0.6833333333333333 0.14833333333333334 0.32
0 0.3668666666666667 0.6864222222222222 0.15833333333333333 0.30444444444444446
0 0.21416666666666667 0.7088888888888889 0.135 0.25555555555555554