0 0.7416666666666667 0.3844444444444444 0.056666666666666664 0.1111111111111111
0 0.8877166666666667 0.44055555555555553 0.04958333333333333 0.13666666666666666
0 0.8308333333333333 0.45139999999999997 0.07666666666666666 0.13555555555555557
0 0.6892666666666667 0.48902222222222225 0.060633333333333324 0.1663777777777778
0 0.7416666666666667 0.49777777777777776 0.05333333333333334 0.10888888888888888
0 0.6241666666666666 0.5119333333333334 0.07 0.165
0 0.39 0.5779111111111112 0.095 0.18639999999999998
0 0.29396666666666665 0.6137555555555555 0.10833333333333334 0.21139999999999998
0 0.19083333333333333 0.6355555555555555 0.11333333333333333 0.22666666666666666
0 0.8577166666666667 0.6448666666666667 0.05125 0.1124888888888889
0 0.8071833333333334 0.6612444444444444 0.05728333333333334 0.13304444444444447
0 0.7617666666666667 0.6829111111111111 0.05311666666666667 0.12528888888888887
0 0.71365 0.7116666666666667 0.06770000000000001 0.13444444444444445
0 0.6565666666666666 0.7234666666666667 0.06020000000000001 0.15082222222222222
0 0.6016666666666667 0.7545777777777778 0.05333333333333334 0.1575111111111111
0 0.5365666666666666 0.7845777777777778 0.0752 0.1575111111111111
0 0.4651 0.8204222222222222 0.07478333333333334 0.17695555555555553
0 0.3876 0.8552888888888889 0.08978333333333334 0.185
0 0.30416666666666664 0.8932 0.09666666666666666 0.19362222222222222
0 0.20313333333333333 0.9190222222222222 0.10041666666666667 0.16193333333333335