0 0.185 0.4477777777777778 0.14833333333333334 0.27555555555555555
0 0.016383333333333333 0.45268888888888886 0.032766666666666666 0.2452444444444444
0 0.3925 0.48444444444444446 0.11833333333333333 0.2088888888888889
0 0.5091666666666667 0.5111111111111111 0.09666666666666666 0.17777777777777778
0 0.07688333333333333 0.5152888888888889 0.06551666666666665 0.11944444444444445
0 0.5916666666666667 0.5222222222222223 0.065 0.14666666666666667
0 0.6566666666666666 0.5288888888888889 0.06166666666666667 0.12
0 0.71 0.5377777777777778 0.041666666666666664 0.11555555555555555
0 0.3103666666666667 0.5413777777777777 0.05536666666666662 0.12339999999999994
0 0.7458333333333333 0.5433333333333333 0.028333333333333332 0.09777777777777778
0 0.7791666666666667 0.5466666666666666 0.035 0.09333333333333334
0 0.8158333333333333 0.6455555555555555 0.03 0.09111111111111111
0 0.7866666666666666 0.6477777777777778 0.02666666666666667 0.1
0 0.7566666666666667 0.6511111111111111 0.028333333333333332 0.10222222222222223
0 0.72 0.6566666666666666 0.045 0.12
0 0.6675 0.66 0.058333333333333334 0.14
0 0.6041666666666666 0.6666666666666666 0.07 0.1511111111111111
0 0.3103666666666667 0.6709555555555555 0.05304999999999997 0.13264444444444431
0 0.07268333333333334 0.6886888888888889 0.08204999999999998 0.22055555555555556
0 0.52 0.6922222222222222 0.09333333333333334 0.18
0 0.012333333333333333 0.6948444444444445 0.024666666666666667 0.24215555555555562
0 0.3975 0.7066666666666667 0.11666666666666667 0.22444444444444445
0 0.18833333333333332 0.74 0.15833333333333333 0.3
0 0.8183333333333334 0.7622222222222222 0.025 0.09111111111111111
0 0.7975 0.7677777777777778 0.02 0.1
0 0.7741666666666667 0.7833333333333333 0.03166666666666667 0.10222222222222223
0 0.74 0.7977777777777778 0.04833333333333333 0.10666666666666667
0 0.6291666666666667 0.8488888888888889 0.07 0.13555555555555557
0 0.8041666666666667 0.8677777777777778 0.03 0.09777777777777778
0 0.7791666666666667 0.8866666666666667 0.023333333333333334 0.11555555555555555
0 0.755 0.9155555555555556 0.03333333333333333 0.10888888888888888
0 0.4766666666666667 0.9255555555555556 0.06 0.14444444444444443
0 0.7083333333333334 0.9455555555555556 0.065 0.09777777777777778
0 0.3933333333333333 0.9488888888888889 0.10666666666666667 0.08888888888888889
0 0.6616666666666666 0.9644444444444444 0.03333333333333333 0.06666666666666667