0 0.028833333333333336 0.225 0.05766666666666667 0.15833333333333333
0 0.08053333333333333 0.23333333333333334 0.05198333333333333 0.19722222222222222
0 0.44666666666666666 0.23666666666666666 0.11333333333333333 0.26
0 0.5666666666666667 0.24888888888888888 0.125 0.28444444444444444
0 0.72 0.25 0.15333333333333332 0.3022222222222222
0 0.885 0.31 0.19666666666666666 0.3511111111111111
0 0.03248333333333332 0.37222222222222223 0.06495 0.14166666666666666
0 0.09146666666666665 0.40695555555555557 0.04259999999999999 0.14722222222222223
0 0.19385 0.4162444444444445 0.10938333333333333 0.20306666666666665
0 0.3475 0.45222222222222225 0.09666666666666666 0.22444444444444445
0 0.445 0.48 0.09666666666666666 0.22666666666666666
0 0.5541666666666667 0.5111111111111111 0.11333333333333333 0.2577777777777778
0 0.01945 0.5187555555555555 0.0389 0.14028888888888888
0 0.07063333333333334 0.5229111111111111 0.06760000000000001 0.15417777777777777
0 0.6866666666666666 0.54 0.13666666666666666 0.29333333333333333
0 0.10448333333333333 0.5590222222222222 0.031149999999999997 0.13195555555555555
0 0.18166666666666667 0.6044444444444445 0.08166666666666667 0.16666666666666666
0 0.8408666666666667 0.6090222222222222 0.17681666666666662 0.29862222222222223
0 0.2675 0.6266666666666667 0.085 0.21333333333333335
0 0.3516666666666667 0.6622222222222223 0.08 0.19777777777777777
0 0.0203 0.6723111111111112 0.04058333333333333 0.11277777777777778
0 0.9591666666666666 0.6855555555555556 0.07833333333333334 0.32222222222222224
0 0.44083333333333335 0.7055555555555556 0.09833333333333333 0.2222222222222222
0 0.5475 0.7444444444444445 0.11 0.23555555555555555
0 0.028966666666666665 0.7944444444444444 0.042616666666666664 0.12777777777777777
0 0.6758333333333333 0.8011111111111111 0.13333333333333333 0.2822222222222222
0 0.07948333333333334 0.8138888888888889 0.07281666666666667 0.13055555555555556
0 0.8309666666666665 0.8513999999999999 0.15703333333333327 0.2916666666666667
0 0.9466666666666667 0.8888888888888888 0.10333333333333333 0.20444444444444446