0 0.10583333333333333 0.2388888888888889 0.07 0.17777777777777778
0 0.16583333333333333 0.24666666666666667 0.07833333333333334 0.19333333333333333
0 0.23916666666666667 0.25 0.08333333333333333 0.19111111111111112
0 0.3233333333333333 0.2577777777777778 0.08833333333333333 0.2111111111111111
0 0.5233333333333333 0.2633333333333333 0.12166666666666667 0.24444444444444444
0 0.4125 0.2644444444444444 0.1 0.2288888888888889
0 0.7875 0.28888888888888886 0.145 0.29555555555555557
0 0.12666666666666668 0.4111111111111111 0.075 0.15555555555555556
0 0.1875 0.4211111111111111 0.07 0.1511111111111111
0 0.2575 0.43777777777777777 0.07666666666666666 0.16666666666666666
0 0.335 0.45444444444444443 0.08333333333333333 0.1711111111111111
0 0.42333333333333334 0.4766666666666667 0.09166666666666666 0.19777777777777777
0 0.5158333333333334 0.49 0.09666666666666666 0.2088888888888889
0 0.6391666666666667 0.5070888888888889 0.12833333333333333 0.2591777777777778
0 0.76 0.5533333333333333 0.135 0.26666666666666666
0 0.1475 0.5566666666666666 0.065 0.13555555555555557
0 0.2075 0.5744444444444444 0.06833333333333333 0.14444444444444443
0 0.9125 0.5822222222222222 0.15666666666666668 0.3244444444444444
0 0.27666666666666667 0.6011111111111112 0.07666666666666666 0.15333333333333332
0 0.35 0.6244444444444445 0.08333333333333333 0.16
0 0.42583333333333334 0.6622222222222223 0.085 0.17555555555555555
0 0.5208333333333334 0.6877777777777778 0.09833333333333333 0.18222222222222223
0 0.63 0.73 0.11333333333333333 0.19111111111111112
0 0.7483333333333333 0.7777777777777778 0.13 0.2288888888888889
0 0.8941666666666667 0.8311111111111111 0.14333333333333334 0.27555555555555555