0 0.6275 0.29821958456973297 0.04833333333333333 0.12462908011869436
0 0.6675 0.30415430267062316 0.035 0.11572700296735905
0 0.7533333333333333 0.3056379821958457 0.04 0.12759643916913946
0 0.7875 0.3056379821958457 0.03333333333333333 0.13056379821958458
0 0.8191666666666667 0.3115727002967359 0.03 0.12462908011869436
0 0.8554999999999999 0.42774480712166174 0.042916666666666665 0.1221958456973294
0 0.9097333333333334 0.4297032640949555 0.042883333333333364 0.11827893175074188
0 0.675 0.4317507418397626 0.041666666666666664 0.142433234421365
0 0.7141666666666666 0.4332344213649852 0.03333333333333333 0.12462908011869436
0 0.7508333333333334 0.4332344213649852 0.035 0.12759643916913946
0 0.7875 0.4332344213649852 0.035 0.12759643916913946
0 0.8208333333333333 0.43768545994065283 0.03 0.12462908011869436
0 0.585 0.4406528189910979 0.05 0.1632047477744807
0 0.6308333333333334 0.4421364985163205 0.043333333333333335 0.1513353115727003
0 0.535 0.44510385756676557 0.05 0.18100890207715134
0 0.4741666666666667 0.4495548961424332 0.06166666666666667 0.18694362017804153
0 0.3416666666666667 0.4540059347181009 0.07 0.2166172106824926
0 0.41083333333333333 0.45548961424332346 0.06166666666666667 0.20771513353115728
0 0.17083333333333334 0.456973293768546 0.10833333333333334 0.26112759643916916
0 0.265 0.456973293768546 0.07666666666666666 0.2433234421364985
0 0.9219166666666666 0.5459940652818991 0.02296666666666662 0.11433234421364977
0 0.8216666666666667 0.5563798219584569 0.025 0.12462908011869436
0 0.7875 0.5623145400593472 0.03333333333333333 0.13056379821958458
0 0.75 0.5682492581602374 0.03666666666666667 0.13353115727002968
0 0.7125 0.5727002967359051 0.035 0.14540059347181009
0 0.6766666666666666 0.5771513353115727 0.03833333333333333 0.1661721068249258
0 0.6308333333333334 0.5979228486646885 0.045 0.14836795252225518
0 0.5858333333333333 0.6038575667655787 0.045 0.1632047477744807
0 0.5341666666666667 0.6261127596439169 0.04833333333333333 0.17210682492581603
0 0.4775 0.6364985163204748 0.06333333333333334 0.18397626112759644
0 0.4125 0.6617210682492581 0.06166666666666667 0.20178041543026706
0 0.3441666666666667 0.672106824925816 0.07333333333333333 0.2166172106824926
0 0.9241333333333334 0.6879228486646884 0.01410000000000006 0.10643916913946588
0 0.8241666666666667 0.6928783382789317 0.03166666666666667 0.13353115727002968
0 0.265 0.7032640949554896 0.08166666666666667 0.2403560830860534
0 0.17 0.7210682492581603 0.10833333333333334 0.258160237388724
0 0.7908333333333334 0.728486646884273 0.03833333333333333 0.12462908011869436
0 0.7558333333333334 0.7388724035608308 0.03333333333333333 0.12166172106824925
0 0.72 0.7522255192878339 0.03833333333333333 0.13353115727002968
0 0.6691666666666667 0.7818991097922848 0.06 0.12462908011869436
0 0.9202666666666666 0.8101186943620178 0.017433333333333394 0.12219584569732932
0 0.8233333333333334 0.8249258160237388 0.028333333333333332 0.12166172106824925
0 0.7933333333333333 0.8501483679525222 0.035 0.12166172106824925
0 0.5041666666666667 0.8620178041543026 0.06833333333333333 0.17507418397626112
0 0.7558333333333334 0.8679525222551929 0.03666666666666667 0.13649851632047477
0 0.7183333333333334 0.8946587537091988 0.04 0.13649851632047477
0 0.4125 0.913946587537092 0.07833333333333334 0.16023738872403562
0 0.6675 0.9228486646884273 0.058333333333333334 0.14540059347181009
0 0.31583333333333335 0.9287833827893175 0.085 0.13649851632047477
0 0.5825 0.9421364985163204 0.06166666666666667 0.10385756676557864
0 0.8283333333333334 0.9643916913946587 0.03333333333333333 0.06528189910979229
0 0.17333333333333334 0.22106824925816024 0.08333333333333333 0.20474777448071216
0 0.255 0.2403560830860534 0.07333333333333333 0.17507418397626112
0 0.33 0.2551928783382789 0.06333333333333334 0.17804154302670624
0 0.4058333333333333 0.26706231454005935 0.06166666666666667 0.1661721068249258
0 0.4708333333333333 0.2774480712166172 0.05333333333333334 0.14836795252225518
0 0.5225 0.2774480712166172 0.05333333333333334 0.14540059347181009
0 0.5791666666666667 0.2922848664688427 0.05 0.13056379821958458
0 0.7066666666666667 0.2952522255192878 0.04833333333333333 0.13353115727002968