0 0.165 0.3056379821958457 0.056666666666666664 0.12462908011869436
0 0.38916666666666666 0.3086053412462908 0.07666666666666666 0.1572700296735905
0 0.11916666666666667 0.33382789317507416 0.056666666666666664 0.11572700296735905
0 0.29583333333333334 0.3620178041543027 0.07666666666666666 0.14540059347181009
0 0.9791666666666666 0.37537091988130566 0.03833333333333333 0.34124629080118696
0 0.23666666666666666 0.40059347181008903 0.056666666666666664 0.13056379821958458
0 0.7225 0.4020771513353116 0.07333333333333333 0.2166172106824926
0 0.19 0.4287833827893175 0.05333333333333334 0.11275964391691394
0 0.6508333333333334 0.4287833827893175 0.10166666666666667 0.20474777448071216
0 0.5816666666666667 0.443620178041543 0.085 0.18991097922848665
0 0.14416666666666667 0.45103857566765576 0.056666666666666664 0.11275964391691394
0 0.5116666666666667 0.46735905044510384 0.08666666666666667 0.1572700296735905
0 0.44166666666666665 0.4910979228486647 0.07666666666666666 0.1543026706231454
0 0.29583333333333334 0.5400593471810089 0.065 0.12462908011869436
0 0.245 0.5727002967359051 0.056666666666666664 0.13056379821958458
0 0.20083333333333334 0.5771513353115727 0.04833333333333333 0.12166172106824925
0 0.6891666666666667 0.6172106824925816 0.08833333333333333 0.18100890207715134
0 0.6133333333333333 0.6201780415430267 0.07666666666666666 0.17507418397626112
0 0.54 0.629080118694362 0.08166666666666667 0.1661721068249258
0 0.47333333333333333 0.6320474777448071 0.07333333333333333 0.16023738872403562
0 0.415 0.6498516320474778 0.07333333333333333 0.142433234421365
0 0.9567833333333334 0.0673887240356083 0.08641666666666652 0.1347774480712166
0 0.3675 0.6646884272997032 0.07 0.1513353115727003
0 0.32 0.6706231454005934 0.058333333333333334 0.13649851632047477
0 0.2708333333333333 0.6824925816023739 0.06166666666666667 0.13353115727002968
0 0.195 0.6988130563798219 0.04 0.12759643916913946
0 0.22666666666666666 0.7002967359050445 0.05 0.11869436201780416
0 0.49375 0.07498516320474777 0.0726333333333334 0.14997032640949554
0 0.3375 0.8219584569732937 0.06 0.10089020771513353
0 0.24666666666666667 0.827893175074184 0.04833333333333333 0.08902077151335312
0 0.215 0.8338278931750742 0.03833333333333333 0.08902077151335312
0 0.2941666666666667 0.8338278931750742 0.03666666666666667 0.10979228486646884
0 0.4075 0.844213649851632 0.05 0.142433234421365
0 0.455 0.8471810089020771 0.056666666666666664 0.1572700296735905
0 0.6366666666666667 0.8501483679525222 0.08333333333333333 0.1632047477744807
0 0.5658333333333333 0.8516320474777448 0.07166666666666667 0.1572700296735905
0 0.505 0.8531157270029673 0.065 0.14540059347181009
0 0.7283333333333334 0.8590504451038575 0.09666666666666666 0.17210682492581603
0 0.8083333333333333 0.8694362017804155 0.065 0.18694362017804153
0 0.2625 0.93026706231454 0.03666666666666667 0.10089020771513353
0 0.23 0.9317507418397626 0.03333333333333333 0.10089020771513353
0 0.315 0.9332344213649851 0.043333333333333335 0.12166172106824925
0 0.38916666666666666 0.9332344213649851 0.04666666666666667 0.12462908011869436
0 0.3491666666666667 0.9362017804154302 0.05 0.12166172106824925
0 0.29083333333333333 0.9451038575667656 0.035 0.10385756676557864
0 0.42833333333333334 0.09643916913946587 0.09166666666666666 0.18694362017804153
0 0.4741666666666667 0.9495548961424333 0.03833333333333333 0.08902077151335312
0 0.5225 0.9510385756676558 0.051666666666666666 0.08902077151335312
0 0.5875 0.956973293768546 0.07333333333333333 0.0830860534124629
0 0.435 0.9584569732937686 0.05333333333333334 0.08011869436201781
0 0.6666666666666666 0.9629080118694362 0.07833333333333334 0.0712166172106825
0 0.6608333333333334 0.13501483679525222 0.09333333333333334 0.23738872403560832
0 0.36 0.1513353115727003 0.08166666666666667 0.1513353115727003
0 0.5658333333333333 0.19881305637982197 0.1 0.19584569732937684
0 0.2683333333333333 0.21810089020771514 0.07333333333333333 0.14540059347181009
0 0.5178833333333334 0.2544213649851632 0.06790000000000002 0.18195845697329374
0 0.21083333333333334 0.27002967359050445 0.07 0.12759643916913946
0 0.4583333333333333 0.27002967359050445 0.08666666666666667 0.1572700296735905