0 0.4483333333333333 0.413946587537092 0.06166666666666667 0.1513353115727003
0 0.15539999999999998 0.41824925816023734 0.05944999999999998 0.1695548961424332
0 0.5066666666666667 0.41839762611275966 0.05333333333333334 0.1513353115727003
0 0.32916666666666666 0.4258160237388724 0.05333333333333334 0.14836795252225518
0 0.3875 0.4258160237388724 0.06166666666666667 0.1513353115727003
0 0.09786666666666667 0.4260237388724035 0.05866666666666666 0.17661721068249256
0 0.039933333333333335 0.428160237388724 0.06185 0.17522255192878342
0 0.8228 0.43451038575667655 0.06566666666666662 0.13424332344213652
0 0.26968333333333333 0.4380415430267062 0.05625 0.14412462908011867
0 0.7585166666666667 0.43946587537091986 0.06091666666666659 0.14694362017804152
0 0.88945 0.44014836795252227 0.0672333333333332 0.15685459940652824
0 0.21373333333333336 0.4415727002967359 0.06498333333333335 0.14836795252225518
0 0.6950333333333333 0.44228486646884274 0.06568333333333327 0.1356379821958457
0 0.63115 0.4465281899109792 0.06173333333333327 0.1356379821958457
0 0.1558 0.5574480712166172 0.05071666666666668 0.10032640949554897
0 0.44916666666666666 0.5682492581602374 0.056666666666666664 0.1632047477744807
0 0.51 0.56973293768546 0.056666666666666664 0.14836795252225518
0 0.5725 0.56973293768546 0.058333333333333334 0.14540059347181009
0 0.7597166666666666 0.5751038575667656 0.06488333333333325 0.13281899109792283
0 0.8243833333333334 0.5758160237388724 0.06566666666666672 0.15685459940652824
0 0.32916666666666666 0.5771513353115727 0.055 0.1513353115727003
0 0.39 0.5771513353115727 0.056666666666666664 0.1394658753709199
0 0.6946333333333333 0.5772106824925817 0.06330000000000004 0.13424332344213652
0 0.2125333333333333 0.5779228486646883 0.056249999999999974 0.1271810089020772
0 0.89105 0.5786350148367952 0.06881666666666661 0.14272997032640955
0 0.03518333333333333 0.5800593471810088 0.06185 0.14836795252225518
0 0.6339333333333333 0.5800593471810088 0.06093333333333324 0.13988130563798215
0 0.27325 0.5828783382789318 0.05544999999999997 0.14272997032640955
0 0.09866666666666667 0.5871216617210683 0.06341666666666665 0.14554896142433238
0 0.5300499999999999 0.8043026706231454 0.06649999999999996 0.162433234421365
0 0.34348333333333336 0.8110682492581602 0.06258333333333335 0.1695548961424332
0 0.40458333333333335 0.8132047477744807 0.06575000000000003 0.16531157270029675
0 0.4699666666666667 0.8144510385756677 0.060366666666666714 0.1546290801186944
0 0.6563666666666667 0.8152522255192879 0.06296666666666662 0.1592878338278931
0 0.59365 0.8175964391691394 0.06209999999999998 0.15774480712166164
0 0.9300166666666666 0.8175964391691394 0.06291666666666666 0.1546290801186944
0 0.7208333333333333 0.8207121661721067 0.0673333333333333 0.1764688427299704
0 0.97695 0.8222848664688428 0.03394999999999982 0.14210682492581597
0 0.8646666666666666 0.8245994065281899 0.06379999999999995 0.1405637982195846
0 0.5325 0.9421364985163204 0.06166666666666667 0.10979228486646884
0 0.3425 0.9436201780415431 0.058333333333333334 0.10682492581602374
0 0.9287000000000001 0.9458753709198813 0.06028333333333345 0.10821958456973302
0 0.66 0.9451038575667656 0.06 0.10385756676557864
0 0.8675 0.9451038575667656 0.06166666666666667 0.10385756676557864
0 0.9783333333333334 0.9465875370919882 0.04 0.10089020771513353
0 0.40375 0.9495548961424333 0.06828333333333338 0.09994065281899095
0 0.4691666666666667 0.9480712166172107 0.065 0.09792284866468842
0 0.5991666666666666 0.9480712166172107 0.06833333333333333 0.09792284866468842
0 0.7941666666666667 0.9480712166172107 0.065 0.09792284866468842
0 0.7266666666666667 0.9510385756676558 0.07 0.09198813056379822